<shapes type=list>
	<ruler.pixel type=vector names=FALSE length=1 as.numeric=TRUE >805.009937826857</ruler.pixel>
	<ruler.interval type=vector names=FALSE length=1 as.numeric=TRUE >10</ruler.interval>
	<scaling.units type=vector names=FALSE length=1 as.numeric=FALSE >mm</scaling.units>
	<scaling type=vector names=FALSE length=1 as.numeric=TRUE >0.0124222068947313</scaling>
	<landmarks.pixel type=matrix rownames=TRUE colnames=FALSE nrow=4 ncol=2 as.numeric=TRUE >
		Labial	2409	1365
		Posterior	2317	1308
		Lingual	2381	1222
		Anterior	2471	1279
	</landmarks.pixel>
	<landmarks.scaled type=matrix rownames=TRUE colnames=FALSE nrow=4 ncol=2 as.numeric=TRUE >
		Labial	29.9250964094077	-16.9563124113082
		Posterior	28.7822533750924	-16.2482466183085
		Lingual	29.5772746163552	-15.1799368253617
		Anterior	30.6952732368811	-15.8880026183613
	</landmarks.scaled>
	<curves.control type=list>
		<Outline1 type=matrix rownames=FALSE colnames=FALSE nrow=23 ncol=2 as.numeric=TRUE >
			2409	1365
			2403	1366
			2397	1369
			2388	1373
			2382	1375
			2377	1377
			2370	1378
			2364	1378
			2358	1378
			2352	1376
			2348	1374
			2344	1372
			2340	1369
			2337	1365
			2333	1361
			2331	1357
			2328	1353
			2325	1349
			2322	1344
			2319	1338
			2318	1332
			2317	1326
			2317	1308
		</Outline1>
		<Outline2 type=matrix rownames=FALSE colnames=FALSE nrow=13 ncol=2 as.numeric=TRUE >
			2317	1308
			2320	1279
			2322	1270
			2324	1263
			2328	1254
			2334	1245
			2338	1239
			2342	1236
			2350	1232
			2356	1230
			2363	1227
			2370	1225
			2381	1222
		</Outline2>
		<Outline3 type=matrix rownames=FALSE colnames=FALSE nrow=19 ncol=2 as.numeric=TRUE >
			2381	1222
			2390	1220
			2402	1219
			2416	1219
			2423	1219
			2430	1219
			2438	1220
			2444	1222
			2451	1225
			2455	1228
			2460	1232
			2463	1236
			2465	1240
			2466	1245
			2466	1252
			2466	1256
			2467	1263
			2469	1268
			2471	1279
		</Outline3>
		<Outline4 type=matrix rownames=FALSE colnames=FALSE nrow=21 ncol=2 as.numeric=TRUE >
			2471	1279
			2471	1284
			2471	1287
			2471	1292
			2471	1298
			2470	1304
			2469	1311
			2468	1317
			2466	1323
			2463	1329
			2460	1336
			2455	1342
			2449	1347
			2445	1350
			2439	1355
			2435	1357
			2429	1360
			2424	1363
			2418	1364
			2413	1365
			2409	1365
		</Outline4>
	</curves.control>
	<curves.pixel type=list>
		<Outline1 type=matrix rownames=FALSE colnames=FALSE nrow=132 ncol=2 as.numeric=TRUE >
			2409	1365
			2408	1365
			2407	1365
			2406	1366
			2405	1366
			2404	1366
			2403	1366
			2402	1367
			2401	1367
			2400	1368
			2399	1368
			2398	1369
			2397	1369
			2396	1369
			2395	1370
			2394	1370
			2393	1371
			2392	1371
			2391	1372
			2390	1372
			2389	1372
			2388	1373
			2387	1373
			2386	1374
			2385	1374
			2384	1374
			2383	1375
			2382	1375
			2381	1375
			2380	1376
			2379	1376
			2378	1376
			2377	1377
			2376	1377
			2375	1377
			2374	1377
			2373	1378
			2372	1378
			2371	1378
			2370	1378
			2369	1378
			2368	1378
			2367	1378
			2366	1378
			2365	1378
			2364	1378
			2363	1378
			2362	1378
			2361	1378
			2360	1378
			2359	1378
			2358	1378
			2357	1378
			2356	1377
			2355	1377
			2354	1377
			2353	1376
			2352	1376
			2351	1375
			2350	1375
			2349	1374
			2348	1374
			2347	1373
			2346	1373
			2345	1372
			2344	1372
			2343	1371
			2342	1370
			2341	1369
			2340	1369
			2339	1368
			2338	1367
			2337	1366
			2336	1365
			2336	1364
			2335	1363
			2334	1362
			2333	1361
			2332	1360
			2332	1359
			2331	1358
			2331	1357
			2330	1356
			2329	1355
			2328	1354
			2328	1353
			2327	1352
			2326	1351
			2326	1350
			2325	1349
			2324	1348
			2324	1347
			2323	1346
			2322	1345
			2322	1344
			2321	1343
			2321	1342
			2320	1341
			2320	1340
			2320	1339
			2320	1338
			2319	1338
			2319	1337
			2319	1336
			2319	1335
			2318	1334
			2318	1333
			2318	1332
			2318	1331
			2318	1330
			2318	1329
			2318	1328
			2317	1327
			2317	1326
			2317	1325
			2317	1324
			2317	1323
			2317	1322
			2317	1321
			2317	1320
			2317	1319
			2317	1318
			2317	1317
			2317	1316
			2317	1315
			2317	1314
			2317	1313
			2317	1312
			2317	1311
			2317	1310
			2317	1309
			2317	1308
		</Outline1>
		<Outline2 type=matrix rownames=FALSE colnames=FALSE nrow=114 ncol=2 as.numeric=TRUE >
			2317	1308
			2317	1307
			2317	1306
			2317	1305
			2317	1304
			2318	1303
			2318	1302
			2318	1301
			2318	1300
			2318	1299
			2318	1298
			2318	1297
			2318	1296
			2318	1295
			2319	1294
			2319	1293
			2319	1292
			2319	1291
			2319	1290
			2319	1289
			2319	1288
			2319	1287
			2319	1286
			2320	1285
			2320	1284
			2320	1283
			2320	1282
			2320	1281
			2320	1280
			2320	1279
			2321	1278
			2321	1277
			2321	1276
			2321	1275
			2321	1274
			2321	1273
			2322	1272
			2322	1271
			2322	1270
			2322	1269
			2323	1268
			2323	1267
			2323	1266
			2324	1265
			2324	1264
			2324	1263
			2325	1262
			2325	1261
			2325	1260
			2326	1259
			2326	1258
			2327	1257
			2327	1256
			2328	1255
			2328	1254
			2329	1253
			2329	1252
			2330	1251
			2331	1250
			2331	1249
			2332	1248
			2333	1247
			2333	1246
			2334	1246
			2334	1245
			2335	1244
			2335	1243
			2336	1242
			2337	1241
			2337	1240
			2338	1239
			2339	1238
			2340	1238
			2341	1237
			2342	1236
			2343	1236
			2344	1235
			2345	1235
			2346	1234
			2347	1234
			2348	1233
			2349	1233
			2350	1232
			2351	1232
			2352	1231
			2353	1231
			2354	1231
			2355	1230
			2356	1230
			2357	1229
			2358	1229
			2359	1229
			2360	1228
			2361	1228
			2362	1227
			2363	1227
			2364	1227
			2365	1226
			2366	1226
			2367	1226
			2368	1226
			2369	1225
			2370	1225
			2371	1225
			2372	1225
			2373	1224
			2374	1224
			2375	1224
			2376	1223
			2377	1223
			2378	1223
			2379	1222
			2380	1222
			2381	1222
		</Outline2>
		<Outline3 type=matrix rownames=FALSE colnames=FALSE nrow=128 ncol=2 as.numeric=TRUE >
			2381	1222
			2382	1222
			2383	1222
			2384	1221
			2385	1221
			2386	1221
			2387	1221
			2388	1221
			2389	1220
			2390	1220
			2391	1220
			2392	1220
			2393	1220
			2394	1220
			2395	1220
			2396	1220
			2397	1219
			2398	1219
			2399	1219
			2400	1219
			2401	1219
			2402	1219
			2403	1219
			2404	1219
			2405	1219
			2406	1219
			2407	1219
			2408	1219
			2409	1219
			2410	1219
			2411	1219
			2412	1219
			2413	1219
			2414	1219
			2415	1219
			2416	1219
			2417	1219
			2418	1219
			2419	1219
			2420	1219
			2421	1219
			2422	1219
			2423	1219
			2424	1219
			2425	1219
			2426	1219
			2427	1219
			2428	1219
			2429	1219
			2430	1219
			2431	1219
			2432	1219
			2433	1220
			2434	1220
			2435	1220
			2436	1220
			2437	1220
			2438	1220
			2439	1220
			2440	1221
			2441	1221
			2442	1221
			2443	1222
			2444	1222
			2445	1223
			2446	1223
			2447	1223
			2448	1224
			2449	1224
			2450	1225
			2451	1225
			2452	1226
			2453	1227
			2454	1228
			2455	1228
			2456	1229
			2457	1230
			2458	1230
			2459	1231
			2460	1232
			2461	1233
			2461	1234
			2462	1235
			2463	1236
			2463	1237
			2464	1237
			2464	1238
			2465	1239
			2465	1240
			2465	1241
			2465	1242
			2466	1243
			2466	1244
			2466	1245
			2466	1246
			2466	1247
			2466	1248
			2466	1249
			2466	1250
			2466	1251
			2466	1252
			2466	1253
			2466	1254
			2466	1255
			2466	1256
			2466	1257
			2466	1258
			2467	1259
			2467	1260
			2467	1261
			2467	1262
			2467	1263
			2468	1264
			2468	1265
			2468	1266
			2468	1267
			2469	1268
			2469	1269
			2469	1270
			2469	1271
			2470	1272
			2470	1273
			2470	1274
			2470	1275
			2470	1276
			2471	1277
			2471	1278
			2471	1279
		</Outline3>
		<Outline4 type=matrix rownames=FALSE colnames=FALSE nrow=112 ncol=2 as.numeric=TRUE >
			2471	1279
			2471	1280
			2471	1281
			2471	1282
			2471	1283
			2471	1284
			2471	1285
			2471	1286
			2471	1287
			2471	1288
			2471	1289
			2471	1290
			2471	1291
			2471	1292
			2471	1293
			2471	1294
			2471	1295
			2471	1296
			2471	1297
			2471	1298
			2471	1299
			2471	1300
			2470	1301
			2470	1302
			2470	1303
			2470	1304
			2470	1305
			2470	1306
			2470	1307
			2469	1308
			2469	1309
			2469	1310
			2469	1311
			2469	1312
			2469	1313
			2468	1314
			2468	1315
			2468	1316
			2468	1317
			2468	1318
			2467	1319
			2467	1320
			2466	1321
			2466	1322
			2466	1323
			2465	1324
			2465	1325
			2464	1326
			2464	1327
			2464	1328
			2463	1329
			2463	1330
			2462	1330
			2462	1331
			2462	1332
			2461	1333
			2461	1334
			2461	1335
			2460	1336
			2459	1337
			2458	1338
			2457	1339
			2457	1340
			2456	1341
			2455	1342
			2454	1343
			2453	1343
			2452	1344
			2451	1345
			2450	1346
			2449	1347
			2448	1348
			2447	1349
			2446	1349
			2445	1350
			2444	1351
			2443	1352
			2442	1353
			2441	1353
			2440	1354
			2439	1355
			2438	1355
			2437	1356
			2436	1356
			2436	1357
			2435	1357
			2434	1358
			2433	1358
			2432	1359
			2431	1359
			2430	1360
			2429	1360
			2428	1361
			2427	1361
			2426	1362
			2425	1362
			2424	1363
			2423	1363
			2422	1363
			2421	1363
			2420	1364
			2419	1364
			2418	1364
			2417	1364
			2416	1364
			2415	1365
			2414	1365
			2413	1365
			2412	1365
			2411	1365
			2410	1365
			2409	1365
		</Outline4>
	</curves.pixel>
	<curves.scaled type=list>
		<Outline1 type=matrix rownames=FALSE colnames=FALSE nrow=132 ncol=2 as.numeric=TRUE >
			29.9250964094077	-16.9563124113082
			29.912674202513	-16.9563124113082
			29.9002519956182	-16.9563124113082
			29.8878297887235	-16.968734618203
			29.8754075818288	-16.968734618203
			29.8629853749341	-16.968734618203
			29.8505631680393	-16.968734618203
			29.8381409611446	-16.9811568250977
			29.8257187542499	-16.9811568250977
			29.8132965473551	-16.9935790319924
			29.8008743404604	-16.9935790319924
			29.7884521335657	-17.0060012388872
			29.7760299266709	-17.0060012388872
			29.7636077197762	-17.0060012388872
			29.7511855128815	-17.0184234457819
			29.7387633059867	-17.0184234457819
			29.726341099092	-17.0308456526766
			29.7139188921973	-17.0308456526766
			29.7014966853025	-17.0432678595713
			29.6890744784078	-17.0432678595713
			29.6766522715131	-17.0432678595713
			29.6642300646184	-17.0556900664661
			29.6518078577236	-17.0556900664661
			29.6393856508289	-17.0681122733608
			29.6269634439342	-17.0681122733608
			29.6145412370394	-17.0681122733608
			29.6021190301447	-17.0805344802555
			29.58969682325	-17.0805344802555
			29.5772746163552	-17.0805344802555
			29.5648524094605	-17.0929566871503
			29.5524302025658	-17.0929566871503
			29.540007995671	-17.0929566871503
			29.5275857887763	-17.105378894045
			29.5151635818816	-17.105378894045
			29.5027413749868	-17.105378894045
			29.4903191680921	-17.105378894045
			29.4778969611974	-17.1178011009397
			29.4654747543027	-17.1178011009397
			29.4530525474079	-17.1178011009397
			29.4406303405132	-17.1178011009397
			29.4282081336185	-17.1178011009397
			29.4157859267237	-17.1178011009397
			29.403363719829	-17.1178011009397
			29.3909415129343	-17.1178011009397
			29.3785193060395	-17.1178011009397
			29.3660970991448	-17.1178011009397
			29.3536748922501	-17.1178011009397
			29.3412526853553	-17.1178011009397
			29.3288304784606	-17.1178011009397
			29.3164082715659	-17.1178011009397
			29.3039860646711	-17.1178011009397
			29.2915638577764	-17.1178011009397
			29.2791416508817	-17.1178011009397
			29.266719443987	-17.105378894045
			29.2542972370922	-17.105378894045
			29.2418750301975	-17.105378894045
			29.2294528233028	-17.0929566871503
			29.217030616408	-17.0929566871503
			29.2046084095133	-17.0805344802555
			29.1921862026186	-17.0805344802555
			29.1797639957238	-17.0681122733608
			29.1673417888291	-17.0681122733608
			29.1549195819344	-17.0556900664661
			29.1424973750396	-17.0556900664661
			29.1300751681449	-17.0432678595713
			29.1176529612502	-17.0432678595713
			29.1052307543554	-17.0308456526766
			29.0928085474607	-17.0184234457819
			29.080386340566	-17.0060012388872
			29.0679641336712	-17.0060012388872
			29.0555419267765	-16.9935790319924
			29.0431197198818	-16.9811568250977
			29.0306975129871	-16.968734618203
			29.0182753060923	-16.9563124113082
			29.0182753060923	-16.9438902044135
			29.0058530991976	-16.9314679975188
			28.9934308923029	-16.919045790624
			28.9810086854081	-16.9066235837293
			28.9685864785134	-16.8942013768346
			28.9685864785134	-16.8817791699398
			28.9561642716187	-16.8693569630451
			28.9561642716187	-16.8569347561504
			28.9437420647239	-16.8445125492556
			28.9313198578292	-16.8320903423609
			28.9188976509345	-16.8196681354662
			28.9188976509345	-16.8072459285715
			28.9064754440397	-16.7948237216767
			28.894053237145	-16.782401514782
			28.894053237145	-16.7699793078873
			28.8816310302503	-16.7575571009925
			28.8692088233555	-16.7451348940978
			28.8692088233555	-16.7327126872031
			28.8567866164608	-16.7202904803083
			28.8443644095661	-16.7078682734136
			28.8443644095661	-16.6954460665189
			28.8319422026714	-16.6830238596241
			28.8319422026714	-16.6706016527294
			28.8195199957766	-16.6581794458347
			28.8195199957766	-16.6457572389399
			28.8195199957766	-16.6333350320452
			28.8195199957766	-16.6209128251505
			28.8070977888819	-16.6209128251505
			28.8070977888819	-16.6084906182558
			28.8070977888819	-16.596068411361
			28.8070977888819	-16.5836462044663
			28.7946755819872	-16.5712239975716
			28.7946755819872	-16.5588017906768
			28.7946755819872	-16.5463795837821
			28.7946755819872	-16.5339573768874
			28.7946755819872	-16.5215351699926
			28.7946755819872	-16.5091129630979
			28.7946755819872	-16.4966907562032
			28.7822533750924	-16.4842685493084
			28.7822533750924	-16.4718463424137
			28.7822533750924	-16.459424135519
			28.7822533750924	-16.4470019286242
			28.7822533750924	-16.4345797217295
			28.7822533750924	-16.4221575148348
			28.7822533750924	-16.40973530794
			28.7822533750924	-16.3973131010453
			28.7822533750924	-16.3848908941506
			28.7822533750924	-16.3724686872559
			28.7822533750924	-16.3600464803611
			28.7822533750924	-16.3476242734664
			28.7822533750924	-16.3352020665717
			28.7822533750924	-16.3227798596769
			28.7822533750924	-16.3103576527822
			28.7822533750924	-16.2979354458875
			28.7822533750924	-16.2855132389927
			28.7822533750924	-16.273091032098
			28.7822533750924	-16.2606688252033
			28.7822533750924	-16.2482466183085
		</Outline1>
		<Outline2 type=matrix rownames=FALSE colnames=FALSE nrow=114 ncol=2 as.numeric=TRUE >
			28.7822533750924	-16.2482466183085
			28.7822533750924	-16.2358244114138
			28.7822533750924	-16.2234022045191
			28.7822533750924	-16.2109799976243
			28.7822533750924	-16.1985577907296
			28.7946755819872	-16.1861355838349
			28.7946755819872	-16.1737133769402
			28.7946755819872	-16.1612911700454
			28.7946755819872	-16.1488689631507
			28.7946755819872	-16.136446756256
			28.7946755819872	-16.1240245493612
			28.7946755819872	-16.1116023424665
			28.7946755819872	-16.0991801355718
			28.7946755819872	-16.086757928677
			28.8070977888819	-16.0743357217823
			28.8070977888819	-16.0619135148876
			28.8070977888819	-16.0494913079928
			28.8070977888819	-16.0370691010981
			28.8070977888819	-16.0246468942034
			28.8070977888819	-16.0122246873086
			28.8070977888819	-15.9998024804139
			28.8070977888819	-15.9873802735192
			28.8070977888819	-15.9749580666245
			28.8195199957766	-15.9625358597297
			28.8195199957766	-15.950113652835
			28.8195199957766	-15.9376914459403
			28.8195199957766	-15.9252692390455
			28.8195199957766	-15.9128470321508
			28.8195199957766	-15.9004248252561
			28.8195199957766	-15.8880026183613
			28.8319422026714	-15.8755804114666
			28.8319422026714	-15.8631582045719
			28.8319422026714	-15.8507359976771
			28.8319422026714	-15.8383137907824
			28.8319422026714	-15.8258915838877
			28.8319422026714	-15.8134693769929
			28.8443644095661	-15.8010471700982
			28.8443644095661	-15.7886249632035
			28.8443644095661	-15.7762027563088
			28.8443644095661	-15.763780549414
			28.8567866164608	-15.7513583425193
			28.8567866164608	-15.7389361356246
			28.8567866164608	-15.7265139287298
			28.8692088233555	-15.7140917218351
			28.8692088233555	-15.7016695149404
			28.8692088233555	-15.6892473080456
			28.8816310302503	-15.6768251011509
			28.8816310302503	-15.6644028942562
			28.8816310302503	-15.6519806873614
			28.894053237145	-15.6395584804667
			28.894053237145	-15.627136273572
			28.9064754440397	-15.6147140666772
			28.9064754440397	-15.6022918597825
			28.9188976509345	-15.5898696528878
			28.9188976509345	-15.5774474459931
			28.9313198578292	-15.5650252390983
			28.9313198578292	-15.5526030322036
			28.9437420647239	-15.5401808253089
			28.9561642716187	-15.5277586184141
			28.9561642716187	-15.5153364115194
			28.9685864785134	-15.5029142046247
			28.9810086854081	-15.4904919977299
			28.9810086854081	-15.4780697908352
			28.9934308923029	-15.4780697908352
			28.9934308923029	-15.4656475839405
			29.0058530991976	-15.4532253770457
			29.0058530991976	-15.440803170151
			29.0182753060923	-15.4283809632563
			29.0306975129871	-15.4159587563615
			29.0306975129871	-15.4035365494668
			29.0431197198818	-15.3911143425721
			29.0555419267765	-15.3786921356774
			29.0679641336712	-15.3786921356774
			29.080386340566	-15.3662699287826
			29.0928085474607	-15.3538477218879
			29.1052307543554	-15.3538477218879
			29.1176529612502	-15.3414255149932
			29.1300751681449	-15.3414255149932
			29.1424973750396	-15.3290033080984
			29.1549195819344	-15.3290033080984
			29.1673417888291	-15.3165811012037
			29.1797639957238	-15.3165811012037
			29.1921862026186	-15.304158894309
			29.2046084095133	-15.304158894309
			29.217030616408	-15.2917366874142
			29.2294528233028	-15.2917366874142
			29.2418750301975	-15.2917366874142
			29.2542972370922	-15.2793144805195
			29.266719443987	-15.2793144805195
			29.2791416508817	-15.2668922736248
			29.2915638577764	-15.2668922736248
			29.3039860646711	-15.2668922736248
			29.3164082715659	-15.25447006673
			29.3288304784606	-15.25447006673
			29.3412526853553	-15.2420478598353
			29.3536748922501	-15.2420478598353
			29.3660970991448	-15.2420478598353
			29.3785193060395	-15.2296256529406
			29.3909415129343	-15.2296256529406
			29.403363719829	-15.2296256529406
			29.4157859267237	-15.2296256529406
			29.4282081336185	-15.2172034460458
			29.4406303405132	-15.2172034460458
			29.4530525474079	-15.2172034460458
			29.4654747543027	-15.2172034460458
			29.4778969611974	-15.2047812391511
			29.4903191680921	-15.2047812391511
			29.5027413749868	-15.2047812391511
			29.5151635818816	-15.1923590322564
			29.5275857887763	-15.1923590322564
			29.540007995671	-15.1923590322564
			29.5524302025658	-15.1799368253617
			29.5648524094605	-15.1799368253617
			29.5772746163552	-15.1799368253617
		</Outline2>
		<Outline3 type=matrix rownames=FALSE colnames=FALSE nrow=128 ncol=2 as.numeric=TRUE >
			29.5772746163552	-15.1799368253617
			29.58969682325	-15.1799368253617
			29.6021190301447	-15.1799368253617
			29.6145412370394	-15.1675146184669
			29.6269634439342	-15.1675146184669
			29.6393856508289	-15.1675146184669
			29.6518078577236	-15.1675146184669
			29.6642300646184	-15.1675146184669
			29.6766522715131	-15.1550924115722
			29.6890744784078	-15.1550924115722
			29.7014966853025	-15.1550924115722
			29.7139188921973	-15.1550924115722
			29.726341099092	-15.1550924115722
			29.7387633059867	-15.1550924115722
			29.7511855128815	-15.1550924115722
			29.7636077197762	-15.1550924115722
			29.7760299266709	-15.1426702046775
			29.7884521335657	-15.1426702046775
			29.8008743404604	-15.1426702046775
			29.8132965473551	-15.1426702046775
			29.8257187542499	-15.1426702046775
			29.8381409611446	-15.1426702046775
			29.8505631680393	-15.1426702046775
			29.8629853749341	-15.1426702046775
			29.8754075818288	-15.1426702046775
			29.8878297887235	-15.1426702046775
			29.9002519956182	-15.1426702046775
			29.912674202513	-15.1426702046775
			29.9250964094077	-15.1426702046775
			29.9375186163024	-15.1426702046775
			29.9499408231972	-15.1426702046775
			29.9623630300919	-15.1426702046775
			29.9747852369866	-15.1426702046775
			29.9872074438814	-15.1426702046775
			29.9996296507761	-15.1426702046775
			30.0120518576708	-15.1426702046775
			30.0244740645656	-15.1426702046775
			30.0368962714603	-15.1426702046775
			30.049318478355	-15.1426702046775
			30.0617406852498	-15.1426702046775
			30.0741628921445	-15.1426702046775
			30.0865850990392	-15.1426702046775
			30.0990073059339	-15.1426702046775
			30.1114295128287	-15.1426702046775
			30.1238517197234	-15.1426702046775
			30.1362739266181	-15.1426702046775
			30.1486961335129	-15.1426702046775
			30.1611183404076	-15.1426702046775
			30.1735405473023	-15.1426702046775
			30.1859627541971	-15.1426702046775
			30.1983849610918	-15.1426702046775
			30.2108071679865	-15.1426702046775
			30.2232293748813	-15.1550924115722
			30.235651581776	-15.1550924115722
			30.2480737886707	-15.1550924115722
			30.2604959955655	-15.1550924115722
			30.2729182024602	-15.1550924115722
			30.2853404093549	-15.1550924115722
			30.2977626162496	-15.1550924115722
			30.3101848231444	-15.1675146184669
			30.3226070300391	-15.1675146184669
			30.3350292369338	-15.1675146184669
			30.3474514438286	-15.1799368253617
			30.3598736507233	-15.1799368253617
			30.372295857618	-15.1923590322564
			30.3847180645128	-15.1923590322564
			30.3971402714075	-15.1923590322564
			30.4095624783022	-15.2047812391511
			30.421984685197	-15.2047812391511
			30.4344068920917	-15.2172034460458
			30.4468290989864	-15.2172034460458
			30.4592513058812	-15.2296256529406
			30.4716735127759	-15.2420478598353
			30.4840957196706	-15.25447006673
			30.4965179265653	-15.25447006673
			30.5089401334601	-15.2668922736248
			30.5213623403548	-15.2793144805195
			30.5337845472495	-15.2793144805195
			30.5462067541443	-15.2917366874142
			30.558628961039	-15.304158894309
			30.5710511679337	-15.3165811012037
			30.5710511679337	-15.3290033080984
			30.5834733748285	-15.3414255149932
			30.5958955817232	-15.3538477218879
			30.5958955817232	-15.3662699287826
			30.6083177886179	-15.3662699287826
			30.6083177886179	-15.3786921356774
			30.6207399955127	-15.3911143425721
			30.6207399955127	-15.4035365494668
			30.6207399955127	-15.4159587563615
			30.6207399955127	-15.4283809632563
			30.6331622024074	-15.440803170151
			30.6331622024074	-15.4532253770457
			30.6331622024074	-15.4656475839405
			30.6331622024074	-15.4780697908352
			30.6331622024074	-15.4904919977299
			30.6331622024074	-15.5029142046247
			30.6331622024074	-15.5153364115194
			30.6331622024074	-15.5277586184141
			30.6331622024074	-15.5401808253089
			30.6331622024074	-15.5526030322036
			30.6331622024074	-15.5650252390983
			30.6331622024074	-15.5774474459931
			30.6331622024074	-15.5898696528878
			30.6331622024074	-15.6022918597825
			30.6331622024074	-15.6147140666772
			30.6331622024074	-15.627136273572
			30.6455844093021	-15.6395584804667
			30.6455844093021	-15.6519806873614
			30.6455844093021	-15.6644028942562
			30.6455844093021	-15.6768251011509
			30.6455844093021	-15.6892473080456
			30.6580066161969	-15.7016695149404
			30.6580066161969	-15.7140917218351
			30.6580066161969	-15.7265139287298
			30.6580066161969	-15.7389361356246
			30.6704288230916	-15.7513583425193
			30.6704288230916	-15.763780549414
			30.6704288230916	-15.7762027563088
			30.6704288230916	-15.7886249632035
			30.6828510299863	-15.8010471700982
			30.6828510299863	-15.8134693769929
			30.6828510299863	-15.8258915838877
			30.6828510299863	-15.8383137907824
			30.6828510299863	-15.8507359976771
			30.6952732368811	-15.8631582045719
			30.6952732368811	-15.8755804114666
			30.6952732368811	-15.8880026183613
		</Outline3>
		<Outline4 type=matrix rownames=FALSE colnames=FALSE nrow=112 ncol=2 as.numeric=TRUE >
			30.6952732368811	-15.8880026183613
			30.6952732368811	-15.9004248252561
			30.6952732368811	-15.9128470321508
			30.6952732368811	-15.9252692390455
			30.6952732368811	-15.9376914459403
			30.6952732368811	-15.950113652835
			30.6952732368811	-15.9625358597297
			30.6952732368811	-15.9749580666245
			30.6952732368811	-15.9873802735192
			30.6952732368811	-15.9998024804139
			30.6952732368811	-16.0122246873086
			30.6952732368811	-16.0246468942034
			30.6952732368811	-16.0370691010981
			30.6952732368811	-16.0494913079928
			30.6952732368811	-16.0619135148876
			30.6952732368811	-16.0743357217823
			30.6952732368811	-16.086757928677
			30.6952732368811	-16.0991801355718
			30.6952732368811	-16.1116023424665
			30.6952732368811	-16.1240245493612
			30.6952732368811	-16.136446756256
			30.6952732368811	-16.1488689631507
			30.6828510299863	-16.1612911700454
			30.6828510299863	-16.1737133769402
			30.6828510299863	-16.1861355838349
			30.6828510299863	-16.1985577907296
			30.6828510299863	-16.2109799976243
			30.6828510299863	-16.2234022045191
			30.6828510299863	-16.2358244114138
			30.6704288230916	-16.2482466183085
			30.6704288230916	-16.2606688252033
			30.6704288230916	-16.273091032098
			30.6704288230916	-16.2855132389927
			30.6704288230916	-16.2979354458875
			30.6704288230916	-16.3103576527822
			30.6580066161969	-16.3227798596769
			30.6580066161969	-16.3352020665717
			30.6580066161969	-16.3476242734664
			30.6580066161969	-16.3600464803611
			30.6580066161969	-16.3724686872559
			30.6455844093021	-16.3848908941506
			30.6455844093021	-16.3973131010453
			30.6331622024074	-16.40973530794
			30.6331622024074	-16.4221575148348
			30.6331622024074	-16.4345797217295
			30.6207399955127	-16.4470019286242
			30.6207399955127	-16.459424135519
			30.6083177886179	-16.4718463424137
			30.6083177886179	-16.4842685493084
			30.6083177886179	-16.4966907562032
			30.5958955817232	-16.5091129630979
			30.5958955817232	-16.5215351699926
			30.5834733748285	-16.5215351699926
			30.5834733748285	-16.5339573768874
			30.5834733748285	-16.5463795837821
			30.5710511679337	-16.5588017906768
			30.5710511679337	-16.5712239975716
			30.5710511679337	-16.5836462044663
			30.558628961039	-16.596068411361
			30.5462067541443	-16.6084906182558
			30.5337845472495	-16.6209128251505
			30.5213623403548	-16.6333350320452
			30.5213623403548	-16.6457572389399
			30.5089401334601	-16.6581794458347
			30.4965179265653	-16.6706016527294
			30.4840957196706	-16.6830238596241
			30.4716735127759	-16.6830238596241
			30.4592513058812	-16.6954460665189
			30.4468290989864	-16.7078682734136
			30.4344068920917	-16.7202904803083
			30.421984685197	-16.7327126872031
			30.4095624783022	-16.7451348940978
			30.3971402714075	-16.7575571009925
			30.3847180645128	-16.7575571009925
			30.372295857618	-16.7699793078873
			30.3598736507233	-16.782401514782
			30.3474514438286	-16.7948237216767
			30.3350292369338	-16.8072459285715
			30.3226070300391	-16.8072459285715
			30.3101848231444	-16.8196681354662
			30.2977626162496	-16.8320903423609
			30.2853404093549	-16.8320903423609
			30.2729182024602	-16.8445125492556
			30.2604959955655	-16.8445125492556
			30.2604959955655	-16.8569347561504
			30.2480737886707	-16.8569347561504
			30.235651581776	-16.8693569630451
			30.2232293748813	-16.8693569630451
			30.2108071679865	-16.8817791699398
			30.1983849610918	-16.8817791699398
			30.1859627541971	-16.8942013768346
			30.1735405473023	-16.8942013768346
			30.1611183404076	-16.9066235837293
			30.1486961335129	-16.9066235837293
			30.1362739266181	-16.919045790624
			30.1238517197234	-16.919045790624
			30.1114295128287	-16.9314679975188
			30.0990073059339	-16.9314679975188
			30.0865850990392	-16.9314679975188
			30.0741628921445	-16.9314679975188
			30.0617406852498	-16.9438902044135
			30.049318478355	-16.9438902044135
			30.0368962714603	-16.9438902044135
			30.0244740645656	-16.9438902044135
			30.0120518576708	-16.9438902044135
			29.9996296507761	-16.9563124113082
			29.9872074438814	-16.9563124113082
			29.9747852369866	-16.9563124113082
			29.9623630300919	-16.9563124113082
			29.9499408231972	-16.9563124113082
			29.9375186163024	-16.9563124113082
			29.9250964094077	-16.9563124113082
		</Outline4>
	</curves.scaled>
	<ruler.points type=matrix rownames=TRUE colnames=FALSE nrow=2 ncol=2 as.numeric=TRUE >
		Ruler point 1	3038	2455
		Ruler point 2	2233	2459
	</ruler.points>
</shapes>

