<shapes type=list>
	<ruler.pixel type=vector names=FALSE length=1 as.numeric=TRUE >709.070518354839</ruler.pixel>
	<ruler.interval type=vector names=FALSE length=1 as.numeric=TRUE >10</ruler.interval>
	<scaling.units type=vector names=FALSE length=1 as.numeric=FALSE >mm</scaling.units>
	<scaling type=vector names=FALSE length=1 as.numeric=TRUE >0.014102969649904</scaling>
	<landmarks.pixel type=matrix rownames=TRUE colnames=FALSE nrow=4 ncol=2 as.numeric=TRUE >
		Labial	2631	1249
		Posterior	2469	1118
		Lingual	2623	980
		Anterior	2789	1111
	</landmarks.pixel>
	<landmarks.scaled type=matrix rownames=TRUE colnames=FALSE nrow=4 ncol=2 as.numeric=TRUE >
		Labial	37.1049131488975	-17.6146090927301
		Posterior	34.820232065613	-15.7671200685927
		Lingual	36.9920893916982	-13.8209102569059
		Anterior	39.3331823535823	-15.6683992810434
	</landmarks.scaled>
	<curves.control type=list>
		<Outline1 type=matrix rownames=FALSE colnames=FALSE nrow=29 ncol=2 as.numeric=TRUE >
			2631	1249
			2616	1244
			2600	1241
			2588	1243
			2584	1249
			2577	1260
			2564	1269
			2554	1274
			2543	1276
			2534	1278
			2526	1278
			2516	1277
			2507	1274
			2497	1271
			2488	1264
			2483	1255
			2477	1245
			2472	1236
			2466	1227
			2462	1216
			2459	1203
			2459	1190
			2460	1177
			2461	1166
			2463	1155
			2464	1144
			2466	1133
			2468	1126
			2469	1118
		</Outline1>
		<Outline2 type=matrix rownames=FALSE colnames=FALSE nrow=19 ncol=2 as.numeric=TRUE >
			2469	1118
			2472	1106
			2474	1093
			2475	1083
			2479	1071
			2484	1056
			2490	1042
			2495	1030
			2501	1018
			2509	1009
			2521	1001
			2531	995
			2541	989
			2553	984
			2567	982
			2578	980
			2591	979
			2604	978
			2623	980
		</Outline2>
		<Outline3 type=matrix rownames=FALSE colnames=FALSE nrow=23 ncol=2 as.numeric=TRUE >
			2623	980
			2641	982
			2659	987
			2673	991
			2692	996
			2707	999
			2719	1000
			2731	1001
			2743	1004
			2753	1007
			2762	1014
			2770	1022
			2775	1030
			2778	1037
			2780	1045
			2782	1056
			2784	1064
			2785	1072
			2786	1081
			2787	1091
			2787	1099
			2788	1106
			2789	1111
		</Outline3>
		<Outline4 type=matrix rownames=FALSE colnames=FALSE nrow=29 ncol=2 as.numeric=TRUE >
			2789	1111
			2791	1120
			2792	1129
			2793	1139
			2794	1152
			2793	1164
			2792	1173
			2788	1181
			2784	1188
			2778	1196
			2772	1201
			2765	1206
			2758	1211
			2751	1214
			2742	1216
			2734	1218
			2727	1220
			2719	1223
			2714	1224
			2707	1230
			2701	1235
			2693	1241
			2687	1245
			2678	1249
			2668	1251
			2659	1252
			2648	1252
			2639	1251
			2631	1249
		</Outline4>
	</curves.control>
	<curves.pixel type=list>
		<Outline1 type=matrix rownames=FALSE colnames=FALSE nrow=299 ncol=2 as.numeric=TRUE >
			2631	1249
			2630	1249
			2629	1248
			2628	1248
			2627	1248
			2626	1248
			2626	1247
			2625	1247
			2624	1247
			2623	1247
			2622	1246
			2621	1246
			2620	1246
			2619	1245
			2618	1245
			2617	1245
			2616	1244
			2615	1244
			2614	1244
			2613	1244
			2612	1243
			2611	1243
			2610	1243
			2609	1243
			2608	1243
			2607	1242
			2606	1242
			2605	1242
			2604	1242
			2603	1241
			2602	1241
			2601	1241
			2600	1241
			2599	1241
			2598	1241
			2597	1242
			2596	1242
			2595	1242
			2594	1242
			2593	1243
			2592	1243
			2591	1243
			2590	1244
			2589	1245
			2588	1245
			2587	1246
			2586	1247
			2585	1248
			2584	1249
			2583	1250
			2583	1251
			2582	1252
			2581	1253
			2580	1254
			2580	1255
			2579	1256
			2578	1257
			2577	1258
			2576	1259
			2575	1260
			2574	1261
			2573	1262
			2572	1263
			2571	1263
			2570	1264
			2569	1265
			2568	1266
			2567	1267
			2566	1268
			2565	1269
			2564	1269
			2563	1269
			2563	1270
			2562	1270
			2561	1270
			2560	1271
			2559	1271
			2558	1272
			2557	1272
			2556	1272
			2556	1273
			2555	1273
			2554	1273
			2553	1273
			2553	1274
			2552	1274
			2551	1274
			2550	1274
			2549	1275
			2548	1275
			2547	1275
			2546	1275
			2545	1276
			2544	1276
			2543	1276
			2542	1276
			2541	1276
			2540	1277
			2539	1277
			2538	1277
			2537	1277
			2536	1277
			2535	1277
			2534	1278
			2533	1278
			2532	1278
			2531	1278
			2530	1278
			2529	1278
			2528	1278
			2527	1278
			2526	1278
			2525	1278
			2524	1278
			2523	1278
			2522	1277
			2521	1277
			2520	1277
			2519	1277
			2518	1277
			2517	1277
			2516	1276
			2515	1276
			2514	1276
			2513	1276
			2512	1275
			2511	1275
			2510	1275
			2509	1275
			2508	1274
			2507	1274
			2506	1274
			2505	1273
			2504	1273
			2503	1273
			2502	1272
			2501	1272
			2500	1272
			2500	1271
			2499	1271
			2498	1270
			2497	1270
			2496	1269
			2495	1269
			2494	1268
			2493	1267
			2492	1267
			2491	1266
			2490	1266
			2489	1265
			2488	1264
			2488	1263
			2487	1263
			2487	1262
			2486	1261
			2486	1260
			2485	1259
			2485	1258
			2484	1257
			2484	1256
			2483	1255
			2482	1254
			2482	1253
			2481	1252
			2481	1251
			2480	1250
			2480	1249
			2479	1248
			2478	1247
			2478	1246
			2477	1245
			2476	1244
			2476	1243
			2475	1242
			2475	1241
			2474	1240
			2474	1239
			2473	1238
			2472	1237
			2472	1236
			2471	1235
			2470	1234
			2470	1233
			2469	1232
			2469	1231
			2468	1230
			2467	1229
			2467	1228
			2466	1227
			2466	1226
			2465	1225
			2465	1224
			2464	1223
			2464	1222
			2464	1221
			2464	1220
			2463	1219
			2463	1218
			2463	1217
			2462	1216
			2462	1215
			2462	1214
			2461	1213
			2461	1212
			2461	1211
			2461	1210
			2460	1209
			2460	1208
			2460	1207
			2460	1206
			2460	1205
			2459	1204
			2459	1203
			2459	1202
			2459	1201
			2459	1200
			2459	1199
			2459	1198
			2459	1197
			2459	1196
			2459	1195
			2459	1194
			2459	1193
			2459	1192
			2459	1191
			2459	1190
			2459	1189
			2459	1188
			2459	1187
			2459	1186
			2459	1185
			2460	1184
			2460	1183
			2460	1182
			2460	1181
			2460	1180
			2460	1179
			2460	1178
			2460	1177
			2460	1176
			2460	1175
			2460	1174
			2460	1173
			2461	1172
			2461	1171
			2461	1170
			2461	1169
			2461	1168
			2461	1167
			2461	1166
			2461	1165
			2462	1164
			2462	1163
			2462	1162
			2462	1161
			2462	1160
			2462	1159
			2463	1158
			2463	1157
			2463	1156
			2463	1155
			2463	1154
			2463	1153
			2463	1152
			2463	1151
			2463	1150
			2464	1150
			2464	1149
			2464	1148
			2464	1147
			2464	1146
			2464	1145
			2464	1144
			2464	1143
			2465	1142
			2465	1141
			2465	1140
			2465	1139
			2465	1138
			2465	1137
			2466	1136
			2466	1135
			2466	1134
			2466	1133
			2466	1132
			2466	1131
			2467	1130
			2467	1129
			2467	1128
			2467	1127
			2468	1126
			2468	1125
			2468	1124
			2468	1123
			2468	1122
			2469	1121
			2469	1120
			2469	1119
			2469	1118
		</Outline1>
		<Outline2 type=matrix rownames=FALSE colnames=FALSE nrow=234 ncol=2 as.numeric=TRUE >
			2469	1118
			2469	1117
			2469	1116
			2470	1115
			2470	1114
			2470	1113
			2471	1112
			2471	1111
			2471	1110
			2471	1109
			2471	1108
			2472	1107
			2472	1106
			2472	1105
			2472	1104
			2472	1103
			2473	1102
			2473	1101
			2473	1100
			2473	1099
			2473	1098
			2473	1097
			2474	1096
			2474	1095
			2474	1094
			2474	1093
			2474	1092
			2474	1091
			2474	1090
			2475	1089
			2475	1088
			2475	1087
			2475	1086
			2475	1085
			2475	1084
			2476	1083
			2476	1082
			2476	1081
			2476	1080
			2477	1079
			2477	1078
			2477	1077
			2477	1076
			2478	1076
			2478	1075
			2478	1074
			2478	1073
			2479	1072
			2479	1071
			2479	1070
			2480	1069
			2480	1068
			2480	1067
			2481	1066
			2481	1065
			2482	1064
			2482	1063
			2482	1062
			2483	1061
			2483	1060
			2483	1059
			2484	1058
			2484	1057
			2484	1056
			2485	1055
			2485	1054
			2486	1053
			2486	1052
			2486	1051
			2487	1050
			2487	1049
			2487	1048
			2488	1047
			2488	1046
			2489	1045
			2489	1044
			2489	1043
			2490	1042
			2490	1041
			2491	1041
			2491	1040
			2491	1039
			2492	1038
			2492	1037
			2493	1036
			2493	1035
			2494	1034
			2494	1033
			2494	1032
			2495	1031
			2495	1030
			2496	1029
			2496	1028
			2497	1027
			2497	1026
			2498	1025
			2498	1024
			2498	1023
			2499	1022
			2499	1021
			2500	1020
			2500	1019
			2501	1018
			2501	1017
			2502	1017
			2503	1016
			2504	1015
			2505	1014
			2506	1013
			2507	1012
			2508	1011
			2509	1010
			2510	1010
			2510	1009
			2511	1008
			2512	1007
			2513	1007
			2514	1006
			2515	1005
			2516	1004
			2517	1004
			2518	1003
			2519	1003
			2520	1002
			2520	1001
			2521	1001
			2522	1000
			2523	1000
			2524	999
			2525	998
			2526	998
			2527	997
			2528	997
			2529	996
			2530	996
			2530	995
			2531	995
			2532	994
			2533	994
			2534	993
			2535	993
			2535	992
			2536	992
			2537	991
			2538	991
			2539	990
			2540	990
			2541	989
			2542	988
			2543	988
			2544	988
			2545	988
			2545	987
			2546	987
			2547	987
			2548	987
			2548	986
			2549	986
			2550	986
			2551	986
			2551	985
			2552	985
			2553	985
			2554	985
			2555	984
			2556	984
			2557	984
			2558	984
			2559	983
			2560	983
			2561	983
			2562	983
			2563	983
			2564	982
			2565	982
			2566	982
			2567	982
			2568	982
			2569	982
			2570	982
			2570	981
			2571	981
			2572	981
			2573	981
			2574	981
			2575	981
			2576	981
			2577	980
			2578	980
			2579	980
			2580	980
			2581	980
			2582	980
			2583	980
			2584	980
			2585	979
			2586	979
			2587	979
			2588	979
			2589	979
			2590	979
			2591	979
			2592	979
			2593	979
			2594	979
			2595	979
			2596	979
			2597	979
			2598	979
			2599	979
			2600	979
			2601	979
			2602	979
			2603	979
			2604	979
			2605	979
			2606	979
			2607	979
			2608	979
			2609	979
			2610	979
			2611	979
			2612	979
			2613	979
			2614	979
			2615	979
			2616	979
			2617	979
			2618	980
			2619	980
			2620	980
			2621	980
			2622	980
			2623	980
		</Outline2>
		<Outline3 type=matrix rownames=FALSE colnames=FALSE nrow=242 ncol=2 as.numeric=TRUE >
			2623	980
			2624	980
			2625	980
			2626	980
			2627	980
			2628	981
			2629	981
			2630	981
			2631	981
			2632	981
			2633	981
			2634	981
			2635	982
			2636	982
			2637	982
			2638	982
			2639	982
			2640	983
			2641	983
			2642	983
			2643	983
			2644	983
			2645	983
			2645	984
			2646	984
			2647	984
			2648	984
			2649	984
			2650	985
			2651	985
			2652	985
			2653	985
			2654	986
			2655	986
			2656	986
			2657	987
			2658	987
			2659	987
			2660	987
			2661	987
			2662	988
			2663	988
			2664	988
			2665	989
			2666	989
			2667	989
			2668	990
			2669	990
			2670	990
			2671	990
			2672	991
			2673	991
			2674	991
			2675	991
			2675	992
			2676	992
			2677	992
			2678	992
			2679	993
			2680	993
			2681	993
			2682	993
			2683	994
			2684	994
			2685	994
			2686	994
			2687	995
			2688	995
			2689	995
			2690	995
			2691	996
			2692	996
			2693	996
			2694	996
			2695	997
			2696	997
			2697	997
			2698	997
			2699	997
			2700	998
			2701	998
			2702	998
			2703	998
			2704	998
			2705	998
			2706	998
			2707	999
			2708	999
			2709	999
			2710	999
			2711	999
			2712	999
			2713	999
			2714	999
			2714	1000
			2715	1000
			2716	1000
			2717	1000
			2718	1000
			2719	1000
			2720	1000
			2721	1000
			2722	1000
			2723	1000
			2724	1001
			2725	1001
			2726	1001
			2727	1001
			2728	1001
			2729	1001
			2730	1001
			2731	1001
			2731	1002
			2732	1002
			2733	1002
			2734	1002
			2735	1002
			2736	1002
			2737	1003
			2738	1003
			2739	1003
			2740	1003
			2741	1004
			2742	1004
			2743	1004
			2744	1004
			2745	1005
			2746	1005
			2747	1005
			2748	1006
			2749	1006
			2750	1007
			2751	1007
			2752	1008
			2753	1008
			2754	1009
			2755	1009
			2756	1010
			2757	1010
			2758	1011
			2759	1012
			2760	1012
			2761	1013
			2762	1014
			2763	1015
			2764	1016
			2765	1017
			2766	1018
			2767	1019
			2768	1020
			2769	1021
			2769	1022
			2770	1023
			2771	1024
			2772	1025
			2772	1026
			2773	1027
			2774	1028
			2774	1029
			2775	1030
			2775	1031
			2776	1032
			2776	1033
			2776	1034
			2777	1034
			2777	1035
			2777	1036
			2778	1037
			2778	1038
			2778	1039
			2779	1040
			2779	1041
			2779	1042
			2779	1043
			2780	1044
			2780	1045
			2780	1046
			2780	1047
			2781	1048
			2781	1049
			2781	1050
			2781	1051
			2781	1052
			2782	1053
			2782	1054
			2782	1055
			2782	1056
			2782	1057
			2783	1058
			2783	1059
			2783	1060
			2783	1061
			2784	1062
			2784	1063
			2784	1064
			2784	1065
			2784	1066
			2784	1067
			2785	1068
			2785	1069
			2785	1070
			2785	1071
			2785	1072
			2785	1073
			2785	1074
			2785	1075
			2785	1076
			2786	1077
			2786	1078
			2786	1079
			2786	1080
			2786	1081
			2786	1082
			2786	1083
			2786	1084
			2786	1085
			2786	1086
			2787	1087
			2787	1088
			2787	1089
			2787	1090
			2787	1091
			2787	1092
			2787	1093
			2787	1094
			2787	1095
			2787	1096
			2787	1097
			2787	1098
			2787	1099
			2787	1100
			2787	1101
			2787	1102
			2788	1103
			2788	1104
			2788	1105
			2788	1106
			2788	1107
			2788	1108
			2789	1109
			2789	1110
			2789	1111
		</Outline3>
		<Outline4 type=matrix rownames=FALSE colnames=FALSE nrow=239 ncol=2 as.numeric=TRUE >
			2789	1111
			2789	1112
			2789	1113
			2790	1114
			2790	1115
			2790	1116
			2790	1117
			2790	1118
			2791	1119
			2791	1120
			2791	1121
			2791	1122
			2791	1123
			2791	1124
			2792	1125
			2792	1126
			2792	1127
			2792	1128
			2792	1129
			2792	1130
			2792	1131
			2792	1132
			2792	1133
			2792	1134
			2793	1135
			2793	1136
			2793	1137
			2793	1138
			2793	1139
			2793	1140
			2793	1141
			2793	1142
			2793	1143
			2793	1144
			2793	1145
			2794	1146
			2794	1147
			2794	1148
			2794	1149
			2794	1150
			2794	1151
			2794	1152
			2794	1153
			2794	1154
			2794	1155
			2794	1156
			2794	1157
			2793	1158
			2793	1159
			2793	1160
			2793	1161
			2793	1162
			2793	1163
			2793	1164
			2793	1165
			2793	1166
			2793	1167
			2792	1168
			2792	1169
			2792	1170
			2792	1171
			2792	1172
			2792	1173
			2792	1174
			2791	1175
			2790	1176
			2790	1177
			2789	1178
			2789	1179
			2788	1180
			2788	1181
			2788	1182
			2787	1182
			2787	1183
			2786	1184
			2786	1185
			2785	1186
			2785	1187
			2784	1188
			2784	1189
			2783	1189
			2782	1190
			2781	1191
			2781	1192
			2780	1193
			2779	1194
			2779	1195
			2778	1195
			2777	1196
			2776	1197
			2776	1198
			2775	1198
			2774	1199
			2774	1200
			2773	1200
			2772	1201
			2771	1202
			2770	1202
			2770	1203
			2769	1203
			2768	1204
			2767	1205
			2766	1205
			2765	1206
			2764	1207
			2763	1208
			2762	1208
			2761	1209
			2760	1210
			2759	1210
			2758	1211
			2757	1212
			2756	1212
			2755	1212
			2754	1213
			2753	1213
			2752	1213
			2751	1214
			2750	1214
			2749	1214
			2748	1214
			2747	1215
			2746	1215
			2745	1215
			2744	1216
			2743	1216
			2742	1216
			2741	1216
			2740	1217
			2739	1217
			2738	1217
			2737	1217
			2736	1217
			2735	1218
			2734	1218
			2733	1218
			2732	1219
			2731	1219
			2730	1219
			2729	1219
			2728	1220
			2727	1220
			2726	1220
			2725	1221
			2724	1221
			2723	1221
			2722	1222
			2721	1222
			2720	1223
			2719	1223
			2718	1223
			2717	1223
			2716	1224
			2715	1224
			2714	1224
			2713	1225
			2712	1225
			2711	1226
			2710	1227
			2709	1228
			2708	1229
			2707	1230
			2706	1231
			2705	1232
			2704	1232
			2703	1233
			2702	1234
			2701	1235
			2700	1236
			2699	1236
			2698	1237
			2697	1238
			2696	1239
			2695	1240
			2694	1240
			2693	1241
			2692	1242
			2691	1242
			2690	1243
			2689	1243
			2689	1244
			2688	1244
			2687	1245
			2686	1246
			2685	1246
			2684	1246
			2683	1247
			2682	1247
			2681	1247
			2680	1248
			2679	1248
			2678	1248
			2677	1249
			2676	1249
			2675	1249
			2674	1250
			2673	1250
			2672	1250
			2671	1250
			2670	1251
			2669	1251
			2668	1251
			2667	1251
			2666	1251
			2665	1251
			2664	1251
			2663	1251
			2662	1252
			2661	1252
			2660	1252
			2659	1252
			2658	1252
			2657	1252
			2656	1252
			2655	1252
			2654	1252
			2653	1252
			2652	1252
			2651	1252
			2650	1252
			2649	1252
			2648	1252
			2647	1252
			2646	1252
			2645	1252
			2644	1252
			2643	1251
			2642	1251
			2641	1251
			2640	1251
			2639	1251
			2638	1250
			2637	1250
			2636	1250
			2635	1250
			2634	1250
			2633	1249
			2632	1249
			2631	1249
		</Outline4>
	</curves.pixel>
	<curves.scaled type=list>
		<Outline1 type=matrix rownames=FALSE colnames=FALSE nrow=299 ncol=2 as.numeric=TRUE >
			37.1049131488975	-17.6146090927301
			37.0908101792476	-17.6146090927301
			37.0767072095977	-17.6005061230802
			37.0626042399478	-17.6005061230802
			37.0485012702978	-17.6005061230802
			37.0343983006479	-17.6005061230802
			37.0343983006479	-17.5864031534303
			37.020295330998	-17.5864031534303
			37.0061923613481	-17.5864031534303
			36.9920893916982	-17.5864031534303
			36.9779864220483	-17.5723001837804
			36.9638834523984	-17.5723001837804
			36.9497804827485	-17.5723001837804
			36.9356775130986	-17.5581972141305
			36.9215745434487	-17.5581972141305
			36.9074715737988	-17.5581972141305
			36.8933686041489	-17.5440942444806
			36.879265634499	-17.5440942444806
			36.8651626648491	-17.5440942444806
			36.8510596951992	-17.5440942444806
			36.8369567255493	-17.5299912748307
			36.8228537558994	-17.5299912748307
			36.8087507862495	-17.5299912748307
			36.7946478165996	-17.5299912748307
			36.7805448469497	-17.5299912748307
			36.7664418772998	-17.5158883051808
			36.7523389076499	-17.5158883051808
			36.738235938	-17.5158883051808
			36.7241329683501	-17.5158883051808
			36.7100299987002	-17.5017853355309
			36.6959270290502	-17.5017853355309
			36.6818240594003	-17.5017853355309
			36.6677210897504	-17.5017853355309
			36.6536181201005	-17.5017853355309
			36.6395151504506	-17.5017853355309
			36.6254121808007	-17.5158883051808
			36.6113092111508	-17.5158883051808
			36.5972062415009	-17.5158883051808
			36.583103271851	-17.5158883051808
			36.5690003022011	-17.5299912748307
			36.5548973325512	-17.5299912748307
			36.5407943629013	-17.5299912748307
			36.5266913932514	-17.5440942444806
			36.5125884236015	-17.5581972141305
			36.4984854539516	-17.5581972141305
			36.4843824843017	-17.5723001837804
			36.4702795146518	-17.5864031534303
			36.4561765450019	-17.6005061230802
			36.442073575352	-17.6146090927301
			36.4279706057021	-17.62871206238
			36.4279706057021	-17.6428150320299
			36.4138676360522	-17.6569180016798
			36.3997646664023	-17.6710209713297
			36.3856616967524	-17.6851239409796
			36.3856616967524	-17.6992269106295
			36.3715587271025	-17.7133298802794
			36.3574557574525	-17.7274328499293
			36.3433527878026	-17.7415358195793
			36.3292498181527	-17.7556387892292
			36.3151468485028	-17.7697417588791
			36.3010438788529	-17.783844728529
			36.286940909203	-17.7979476981789
			36.2728379395531	-17.8120506678288
			36.2587349699032	-17.8120506678288
			36.2446320002533	-17.8261536374787
			36.2305290306034	-17.8402566071286
			36.2164260609535	-17.8543595767785
			36.2023230913036	-17.8684625464284
			36.1882201216537	-17.8825655160783
			36.1741171520038	-17.8966684857282
			36.1600141823539	-17.8966684857282
			36.145911212704	-17.8966684857282
			36.145911212704	-17.9107714553781
			36.1318082430541	-17.9107714553781
			36.1177052734042	-17.9107714553781
			36.1036023037543	-17.924874425028
			36.0894993341044	-17.924874425028
			36.0753963644545	-17.9389773946779
			36.0612933948046	-17.9389773946779
			36.0471904251547	-17.9389773946779
			36.0471904251547	-17.9530803643278
			36.0330874555048	-17.9530803643278
			36.0189844858549	-17.9530803643278
			36.0048815162049	-17.9530803643278
			36.0048815162049	-17.9671833339777
			35.990778546555	-17.9671833339777
			35.9766755769051	-17.9671833339777
			35.9625726072552	-17.9671833339777
			35.9484696376053	-17.9812863036276
			35.9343666679554	-17.9812863036276
			35.9202636983055	-17.9812863036276
			35.9061607286556	-17.9812863036276
			35.8920577590057	-17.9953892732775
			35.8779547893558	-17.9953892732775
			35.8638518197059	-17.9953892732775
			35.849748850056	-17.9953892732775
			35.8356458804061	-17.9953892732775
			35.8215429107562	-18.0094922429274
			35.8074399411063	-18.0094922429274
			35.7933369714564	-18.0094922429274
			35.7792340018065	-18.0094922429274
			35.7651310321566	-18.0094922429274
			35.7510280625067	-18.0094922429274
			35.7369250928568	-18.0235952125773
			35.7228221232069	-18.0235952125773
			35.708719153557	-18.0235952125773
			35.6946161839071	-18.0235952125773
			35.6805132142572	-18.0235952125773
			35.6664102446072	-18.0235952125773
			35.6523072749573	-18.0235952125773
			35.6382043053074	-18.0235952125773
			35.6241013356575	-18.0235952125773
			35.6099983660076	-18.0235952125773
			35.5958953963577	-18.0235952125773
			35.5817924267078	-18.0235952125773
			35.5676894570579	-18.0094922429274
			35.553586487408	-18.0094922429274
			35.5394835177581	-18.0094922429274
			35.5253805481082	-18.0094922429274
			35.5112775784583	-18.0094922429274
			35.4971746088084	-18.0094922429274
			35.4830716391585	-17.9953892732775
			35.4689686695086	-17.9953892732775
			35.4548656998587	-17.9953892732775
			35.4407627302088	-17.9953892732775
			35.4266597605589	-17.9812863036276
			35.412556790909	-17.9812863036276
			35.3984538212591	-17.9812863036276
			35.3843508516092	-17.9812863036276
			35.3702478819593	-17.9671833339777
			35.3561449123094	-17.9671833339777
			35.3420419426595	-17.9671833339777
			35.3279389730096	-17.9530803643278
			35.3138360033597	-17.9530803643278
			35.2997330337097	-17.9530803643278
			35.2856300640598	-17.9389773946779
			35.2715270944099	-17.9389773946779
			35.25742412476	-17.9389773946779
			35.25742412476	-17.924874425028
			35.2433211551101	-17.924874425028
			35.2292181854602	-17.9107714553781
			35.2151152158103	-17.9107714553781
			35.2010122461604	-17.8966684857282
			35.1869092765105	-17.8966684857282
			35.1728063068606	-17.8825655160783
			35.1587033372107	-17.8684625464284
			35.1446003675608	-17.8684625464284
			35.1304973979109	-17.8543595767785
			35.116394428261	-17.8543595767785
			35.1022914586111	-17.8402566071286
			35.0881884889612	-17.8261536374787
			35.0881884889612	-17.8120506678288
			35.0740855193113	-17.8120506678288
			35.0740855193113	-17.7979476981789
			35.0599825496614	-17.783844728529
			35.0599825496614	-17.7697417588791
			35.0458795800115	-17.7556387892292
			35.0458795800115	-17.7415358195793
			35.0317766103616	-17.7274328499293
			35.0317766103616	-17.7133298802794
			35.0176736407117	-17.6992269106295
			35.0035706710618	-17.6851239409796
			35.0035706710618	-17.6710209713297
			34.9894677014119	-17.6569180016798
			34.9894677014119	-17.6428150320299
			34.975364731762	-17.62871206238
			34.975364731762	-17.6146090927301
			34.9612617621121	-17.6005061230802
			34.9471587924621	-17.5864031534303
			34.9471587924621	-17.5723001837804
			34.9330558228122	-17.5581972141305
			34.9189528531623	-17.5440942444806
			34.9189528531623	-17.5299912748307
			34.9048498835124	-17.5158883051808
			34.9048498835124	-17.5017853355309
			34.8907469138625	-17.487682365881
			34.8907469138625	-17.4735793962311
			34.8766439442126	-17.4594764265812
			34.8625409745627	-17.4453734569313
			34.8625409745627	-17.4312704872814
			34.8484380049128	-17.4171675176315
			34.8343350352629	-17.4030645479816
			34.8343350352629	-17.3889615783316
			34.820232065613	-17.3748586086817
			34.820232065613	-17.3607556390318
			34.8061290959631	-17.3466526693819
			34.7920261263132	-17.332549699732
			34.7920261263132	-17.3184467300821
			34.7779231566633	-17.3043437604322
			34.7779231566633	-17.2902407907823
			34.7638201870134	-17.2761378211324
			34.7638201870134	-17.2620348514825
			34.7497172173635	-17.2479318818326
			34.7497172173635	-17.2338289121827
			34.7497172173635	-17.2197259425328
			34.7497172173635	-17.2056229728829
			34.7356142477136	-17.191520003233
			34.7356142477136	-17.1774170335831
			34.7356142477136	-17.1633140639332
			34.7215112780637	-17.1492110942833
			34.7215112780637	-17.1351081246334
			34.7215112780637	-17.1210051549835
			34.7074083084138	-17.1069021853336
			34.7074083084138	-17.0927992156837
			34.7074083084138	-17.0786962460338
			34.7074083084138	-17.0645932763839
			34.6933053387639	-17.050490306734
			34.6933053387639	-17.0363873370841
			34.6933053387639	-17.0222843674341
			34.6933053387639	-17.0081813977842
			34.6933053387639	-16.9940784281343
			34.679202369114	-16.9799754584844
			34.679202369114	-16.9658724888345
			34.679202369114	-16.9517695191846
			34.679202369114	-16.9376665495347
			34.679202369114	-16.9235635798848
			34.679202369114	-16.9094606102349
			34.679202369114	-16.895357640585
			34.679202369114	-16.8812546709351
			34.679202369114	-16.8671517012852
			34.679202369114	-16.8530487316353
			34.679202369114	-16.8389457619854
			34.679202369114	-16.8248427923355
			34.679202369114	-16.8107398226856
			34.679202369114	-16.7966368530357
			34.679202369114	-16.7825338833858
			34.679202369114	-16.7684309137359
			34.679202369114	-16.754327944086
			34.679202369114	-16.7402249744361
			34.679202369114	-16.7261220047862
			34.679202369114	-16.7120190351363
			34.6933053387639	-16.6979160654864
			34.6933053387639	-16.6838130958364
			34.6933053387639	-16.6697101261865
			34.6933053387639	-16.6556071565366
			34.6933053387639	-16.6415041868867
			34.6933053387639	-16.6274012172368
			34.6933053387639	-16.6132982475869
			34.6933053387639	-16.599195277937
			34.6933053387639	-16.5850923082871
			34.6933053387639	-16.5709893386372
			34.6933053387639	-16.5568863689873
			34.6933053387639	-16.5427833993374
			34.7074083084138	-16.5286804296875
			34.7074083084138	-16.5145774600376
			34.7074083084138	-16.5004744903877
			34.7074083084138	-16.4863715207378
			34.7074083084138	-16.4722685510879
			34.7074083084138	-16.458165581438
			34.7074083084138	-16.4440626117881
			34.7074083084138	-16.4299596421382
			34.7215112780637	-16.4158566724883
			34.7215112780637	-16.4017537028384
			34.7215112780637	-16.3876507331885
			34.7215112780637	-16.3735477635386
			34.7215112780637	-16.3594447938887
			34.7215112780637	-16.3453418242388
			34.7356142477136	-16.3312388545888
			34.7356142477136	-16.3171358849389
			34.7356142477136	-16.303032915289
			34.7356142477136	-16.2889299456391
			34.7356142477136	-16.2748269759892
			34.7356142477136	-16.2607240063393
			34.7356142477136	-16.2466210366894
			34.7356142477136	-16.2325180670395
			34.7356142477136	-16.2184150973896
			34.7497172173635	-16.2184150973896
			34.7497172173635	-16.2043121277397
			34.7497172173635	-16.1902091580898
			34.7497172173635	-16.1761061884399
			34.7497172173635	-16.16200321879
			34.7497172173635	-16.1479002491401
			34.7497172173635	-16.1337972794902
			34.7497172173635	-16.1196943098403
			34.7638201870134	-16.1055913401904
			34.7638201870134	-16.0914883705405
			34.7638201870134	-16.0773854008906
			34.7638201870134	-16.0632824312407
			34.7638201870134	-16.0491794615908
			34.7638201870134	-16.0350764919409
			34.7779231566633	-16.020973522291
			34.7779231566633	-16.0068705526411
			34.7779231566633	-15.9927675829912
			34.7779231566633	-15.9786646133412
			34.7779231566633	-15.9645616436913
			34.7779231566633	-15.9504586740414
			34.7920261263132	-15.9363557043915
			34.7920261263132	-15.9222527347416
			34.7920261263132	-15.9081497650917
			34.7920261263132	-15.8940467954418
			34.8061290959631	-15.8799438257919
			34.8061290959631	-15.865840856142
			34.8061290959631	-15.8517378864921
			34.8061290959631	-15.8376349168422
			34.8061290959631	-15.8235319471923
			34.820232065613	-15.8094289775424
			34.820232065613	-15.7953260078925
			34.820232065613	-15.7812230382426
			34.820232065613	-15.7671200685927
		</Outline1>
		<Outline2 type=matrix rownames=FALSE colnames=FALSE nrow=234 ncol=2 as.numeric=TRUE >
			34.820232065613	-15.7671200685927
			34.820232065613	-15.7530170989428
			34.820232065613	-15.7389141292929
			34.8343350352629	-15.724811159643
			34.8343350352629	-15.7107081899931
			34.8343350352629	-15.6966052203432
			34.8484380049128	-15.6825022506933
			34.8484380049128	-15.6683992810434
			34.8484380049128	-15.6542963113935
			34.8484380049128	-15.6401933417436
			34.8484380049128	-15.6260903720936
			34.8625409745627	-15.6119874024437
			34.8625409745627	-15.5978844327938
			34.8625409745627	-15.5837814631439
			34.8625409745627	-15.569678493494
			34.8625409745627	-15.5555755238441
			34.8766439442126	-15.5414725541942
			34.8766439442126	-15.5273695845443
			34.8766439442126	-15.5132666148944
			34.8766439442126	-15.4991636452445
			34.8766439442126	-15.4850606755946
			34.8766439442126	-15.4709577059447
			34.8907469138625	-15.4568547362948
			34.8907469138625	-15.4427517666449
			34.8907469138625	-15.428648796995
			34.8907469138625	-15.4145458273451
			34.8907469138625	-15.4004428576952
			34.8907469138625	-15.3863398880453
			34.8907469138625	-15.3722369183954
			34.9048498835124	-15.3581339487455
			34.9048498835124	-15.3440309790956
			34.9048498835124	-15.3299280094457
			34.9048498835124	-15.3158250397958
			34.9048498835124	-15.3017220701459
			34.9048498835124	-15.287619100496
			34.9189528531623	-15.273516130846
			34.9189528531623	-15.2594131611961
			34.9189528531623	-15.2453101915462
			34.9189528531623	-15.2312072218963
			34.9330558228122	-15.2171042522464
			34.9330558228122	-15.2030012825965
			34.9330558228122	-15.1888983129466
			34.9330558228122	-15.1747953432967
			34.9471587924621	-15.1747953432967
			34.9471587924621	-15.1606923736468
			34.9471587924621	-15.1465894039969
			34.9471587924621	-15.132486434347
			34.9612617621121	-15.1183834646971
			34.9612617621121	-15.1042804950472
			34.9612617621121	-15.0901775253973
			34.975364731762	-15.0760745557474
			34.975364731762	-15.0619715860975
			34.975364731762	-15.0478686164476
			34.9894677014119	-15.0337656467977
			34.9894677014119	-15.0196626771478
			35.0035706710618	-15.0055597074979
			35.0035706710618	-14.991456737848
			35.0035706710618	-14.9773537681981
			35.0176736407117	-14.9632507985482
			35.0176736407117	-14.9491478288983
			35.0176736407117	-14.9350448592484
			35.0317766103616	-14.9209418895984
			35.0317766103616	-14.9068389199485
			35.0317766103616	-14.8927359502986
			35.0458795800115	-14.8786329806487
			35.0458795800115	-14.8645300109988
			35.0599825496614	-14.8504270413489
			35.0599825496614	-14.836324071699
			35.0599825496614	-14.8222211020491
			35.0740855193113	-14.8081181323992
			35.0740855193113	-14.7940151627493
			35.0740855193113	-14.7799121930994
			35.0881884889612	-14.7658092234495
			35.0881884889612	-14.7517062537996
			35.1022914586111	-14.7376032841497
			35.1022914586111	-14.7235003144998
			35.1022914586111	-14.7093973448499
			35.116394428261	-14.6952943752
			35.116394428261	-14.6811914055501
			35.1304973979109	-14.6811914055501
			35.1304973979109	-14.6670884359002
			35.1304973979109	-14.6529854662503
			35.1446003675608	-14.6388824966004
			35.1446003675608	-14.6247795269505
			35.1587033372107	-14.6106765573006
			35.1587033372107	-14.5965735876507
			35.1728063068606	-14.5824706180007
			35.1728063068606	-14.5683676483508
			35.1728063068606	-14.5542646787009
			35.1869092765105	-14.540161709051
			35.1869092765105	-14.5260587394011
			35.2010122461604	-14.5119557697512
			35.2010122461604	-14.4978528001013
			35.2151152158103	-14.4837498304514
			35.2151152158103	-14.4696468608015
			35.2292181854602	-14.4555438911516
			35.2292181854602	-14.4414409215017
			35.2292181854602	-14.4273379518518
			35.2433211551101	-14.4132349822019
			35.2433211551101	-14.399132012552
			35.25742412476	-14.3850290429021
			35.25742412476	-14.3709260732522
			35.2715270944099	-14.3568231036023
			35.2715270944099	-14.3427201339524
			35.2856300640598	-14.3427201339524
			35.2997330337097	-14.3286171643025
			35.3138360033597	-14.3145141946526
			35.3279389730096	-14.3004112250027
			35.3420419426595	-14.2863082553528
			35.3561449123094	-14.2722052857029
			35.3702478819593	-14.258102316053
			35.3843508516092	-14.2439993464031
			35.3984538212591	-14.2439993464031
			35.3984538212591	-14.2298963767531
			35.412556790909	-14.2157934071032
			35.4266597605589	-14.2016904374533
			35.4407627302088	-14.2016904374533
			35.4548656998587	-14.1875874678034
			35.4689686695086	-14.1734844981535
			35.4830716391585	-14.1593815285036
			35.4971746088084	-14.1593815285036
			35.5112775784583	-14.1452785588537
			35.5253805481082	-14.1452785588537
			35.5394835177581	-14.1311755892038
			35.5394835177581	-14.1170726195539
			35.553586487408	-14.1170726195539
			35.5676894570579	-14.102969649904
			35.5817924267078	-14.102969649904
			35.5958953963577	-14.0888666802541
			35.6099983660076	-14.0747637106042
			35.6241013356575	-14.0747637106042
			35.6382043053074	-14.0606607409543
			35.6523072749573	-14.0606607409543
			35.6664102446072	-14.0465577713044
			35.6805132142572	-14.0465577713044
			35.6805132142572	-14.0324548016545
			35.6946161839071	-14.0324548016545
			35.708719153557	-14.0183518320046
			35.7228221232069	-14.0183518320046
			35.7369250928568	-14.0042488623547
			35.7510280625067	-14.0042488623547
			35.7510280625067	-13.9901458927048
			35.7651310321566	-13.9901458927048
			35.7792340018065	-13.9760429230549
			35.7933369714564	-13.9760429230549
			35.8074399411063	-13.961939953405
			35.8215429107562	-13.961939953405
			35.8356458804061	-13.9478369837551
			35.849748850056	-13.9337340141052
			35.8638518197059	-13.9337340141052
			35.8779547893558	-13.9337340141052
			35.8920577590057	-13.9337340141052
			35.8920577590057	-13.9196310444553
			35.9061607286556	-13.9196310444553
			35.9202636983055	-13.9196310444553
			35.9343666679554	-13.9196310444553
			35.9343666679554	-13.9055280748054
			35.9484696376053	-13.9055280748054
			35.9625726072552	-13.9055280748054
			35.9766755769051	-13.9055280748054
			35.9766755769051	-13.8914251051555
			35.990778546555	-13.8914251051555
			36.0048815162049	-13.8914251051555
			36.0189844858549	-13.8914251051555
			36.0330874555048	-13.8773221355055
			36.0471904251547	-13.8773221355055
			36.0612933948046	-13.8773221355055
			36.0753963644545	-13.8773221355055
			36.0894993341044	-13.8632191658556
			36.1036023037543	-13.8632191658556
			36.1177052734042	-13.8632191658556
			36.1318082430541	-13.8632191658556
			36.145911212704	-13.8632191658556
			36.1600141823539	-13.8491161962057
			36.1741171520038	-13.8491161962057
			36.1882201216537	-13.8491161962057
			36.2023230913036	-13.8491161962057
			36.2164260609535	-13.8491161962057
			36.2305290306034	-13.8491161962057
			36.2446320002533	-13.8491161962057
			36.2446320002533	-13.8350132265558
			36.2587349699032	-13.8350132265558
			36.2728379395531	-13.8350132265558
			36.286940909203	-13.8350132265558
			36.3010438788529	-13.8350132265558
			36.3151468485028	-13.8350132265558
			36.3292498181527	-13.8350132265558
			36.3433527878026	-13.8209102569059
			36.3574557574525	-13.8209102569059
			36.3715587271025	-13.8209102569059
			36.3856616967524	-13.8209102569059
			36.3997646664023	-13.8209102569059
			36.4138676360522	-13.8209102569059
			36.4279706057021	-13.8209102569059
			36.442073575352	-13.8209102569059
			36.4561765450019	-13.806807287256
			36.4702795146518	-13.806807287256
			36.4843824843017	-13.806807287256
			36.4984854539516	-13.806807287256
			36.5125884236015	-13.806807287256
			36.5266913932514	-13.806807287256
			36.5407943629013	-13.806807287256
			36.5548973325512	-13.806807287256
			36.5690003022011	-13.806807287256
			36.583103271851	-13.806807287256
			36.5972062415009	-13.806807287256
			36.6113092111508	-13.806807287256
			36.6254121808007	-13.806807287256
			36.6395151504506	-13.806807287256
			36.6536181201005	-13.806807287256
			36.6677210897504	-13.806807287256
			36.6818240594003	-13.806807287256
			36.6959270290502	-13.806807287256
			36.7100299987002	-13.806807287256
			36.7241329683501	-13.806807287256
			36.738235938	-13.806807287256
			36.7523389076499	-13.806807287256
			36.7664418772998	-13.806807287256
			36.7805448469497	-13.806807287256
			36.7946478165996	-13.806807287256
			36.8087507862495	-13.806807287256
			36.8228537558994	-13.806807287256
			36.8369567255493	-13.806807287256
			36.8510596951992	-13.806807287256
			36.8651626648491	-13.806807287256
			36.879265634499	-13.806807287256
			36.8933686041489	-13.806807287256
			36.9074715737988	-13.806807287256
			36.9215745434487	-13.8209102569059
			36.9356775130986	-13.8209102569059
			36.9497804827485	-13.8209102569059
			36.9638834523984	-13.8209102569059
			36.9779864220483	-13.8209102569059
			36.9920893916982	-13.8209102569059
		</Outline2>
		<Outline3 type=matrix rownames=FALSE colnames=FALSE nrow=242 ncol=2 as.numeric=TRUE >
			36.9920893916982	-13.8209102569059
			37.0061923613481	-13.8209102569059
			37.020295330998	-13.8209102569059
			37.0343983006479	-13.8209102569059
			37.0485012702978	-13.8209102569059
			37.0626042399478	-13.8350132265558
			37.0767072095977	-13.8350132265558
			37.0908101792476	-13.8350132265558
			37.1049131488975	-13.8350132265558
			37.1190161185474	-13.8350132265558
			37.1331190881973	-13.8350132265558
			37.1472220578472	-13.8350132265558
			37.1613250274971	-13.8491161962057
			37.175427997147	-13.8491161962057
			37.1895309667969	-13.8491161962057
			37.2036339364468	-13.8491161962057
			37.2177369060967	-13.8491161962057
			37.2318398757466	-13.8632191658556
			37.2459428453965	-13.8632191658556
			37.2600458150464	-13.8632191658556
			37.2741487846963	-13.8632191658556
			37.2882517543462	-13.8632191658556
			37.3023547239961	-13.8632191658556
			37.3023547239961	-13.8773221355055
			37.316457693646	-13.8773221355055
			37.3305606632959	-13.8773221355055
			37.3446636329458	-13.8773221355055
			37.3587666025957	-13.8773221355055
			37.3728695722456	-13.8914251051555
			37.3869725418955	-13.8914251051555
			37.4010755115454	-13.8914251051555
			37.4151784811953	-13.8914251051555
			37.4292814508453	-13.9055280748054
			37.4433844204952	-13.9055280748054
			37.4574873901451	-13.9055280748054
			37.471590359795	-13.9196310444553
			37.4856933294449	-13.9196310444553
			37.4997962990948	-13.9196310444553
			37.5138992687447	-13.9196310444553
			37.5280022383946	-13.9196310444553
			37.5421052080445	-13.9337340141052
			37.5562081776944	-13.9337340141052
			37.5703111473443	-13.9337340141052
			37.5844141169942	-13.9478369837551
			37.5985170866441	-13.9478369837551
			37.612620056294	-13.9478369837551
			37.6267230259439	-13.961939953405
			37.6408259955938	-13.961939953405
			37.6549289652437	-13.961939953405
			37.6690319348936	-13.961939953405
			37.6831349045435	-13.9760429230549
			37.6972378741934	-13.9760429230549
			37.7113408438433	-13.9760429230549
			37.7254438134932	-13.9760429230549
			37.7254438134932	-13.9901458927048
			37.7395467831431	-13.9901458927048
			37.753649752793	-13.9901458927048
			37.7677527224429	-13.9901458927048
			37.7818556920929	-14.0042488623547
			37.7959586617428	-14.0042488623547
			37.8100616313927	-14.0042488623547
			37.8241646010426	-14.0042488623547
			37.8382675706925	-14.0183518320046
			37.8523705403424	-14.0183518320046
			37.8664735099923	-14.0183518320046
			37.8805764796422	-14.0183518320046
			37.8946794492921	-14.0324548016545
			37.908782418942	-14.0324548016545
			37.9228853885919	-14.0324548016545
			37.9369883582418	-14.0324548016545
			37.9510913278917	-14.0465577713044
			37.9651942975416	-14.0465577713044
			37.9792972671915	-14.0465577713044
			37.9934002368414	-14.0465577713044
			38.0075032064913	-14.0606607409543
			38.0216061761412	-14.0606607409543
			38.0357091457911	-14.0606607409543
			38.049812115441	-14.0606607409543
			38.0639150850909	-14.0606607409543
			38.0780180547408	-14.0747637106042
			38.0921210243907	-14.0747637106042
			38.1062239940406	-14.0747637106042
			38.1203269636906	-14.0747637106042
			38.1344299333405	-14.0747637106042
			38.1485329029904	-14.0747637106042
			38.1626358726403	-14.0747637106042
			38.1767388422902	-14.0888666802541
			38.1908418119401	-14.0888666802541
			38.20494478159	-14.0888666802541
			38.2190477512399	-14.0888666802541
			38.2331507208898	-14.0888666802541
			38.2472536905397	-14.0888666802541
			38.2613566601896	-14.0888666802541
			38.2754596298395	-14.0888666802541
			38.2754596298395	-14.102969649904
			38.2895625994894	-14.102969649904
			38.3036655691393	-14.102969649904
			38.3177685387892	-14.102969649904
			38.3318715084391	-14.102969649904
			38.345974478089	-14.102969649904
			38.3600774477389	-14.102969649904
			38.3741804173888	-14.102969649904
			38.3882833870387	-14.102969649904
			38.4023863566886	-14.102969649904
			38.4164893263385	-14.1170726195539
			38.4305922959884	-14.1170726195539
			38.4446952656383	-14.1170726195539
			38.4587982352882	-14.1170726195539
			38.4729012049382	-14.1170726195539
			38.4870041745881	-14.1170726195539
			38.501107144238	-14.1170726195539
			38.5152101138879	-14.1170726195539
			38.5152101138879	-14.1311755892038
			38.5293130835378	-14.1311755892038
			38.5434160531877	-14.1311755892038
			38.5575190228376	-14.1311755892038
			38.5716219924875	-14.1311755892038
			38.5857249621374	-14.1311755892038
			38.5998279317873	-14.1452785588537
			38.6139309014372	-14.1452785588537
			38.6280338710871	-14.1452785588537
			38.642136840737	-14.1452785588537
			38.6562398103869	-14.1593815285036
			38.6703427800368	-14.1593815285036
			38.6844457496867	-14.1593815285036
			38.6985487193366	-14.1593815285036
			38.7126516889865	-14.1734844981535
			38.7267546586364	-14.1734844981535
			38.7408576282863	-14.1734844981535
			38.7549605979362	-14.1875874678034
			38.7690635675861	-14.1875874678034
			38.783166537236	-14.2016904374533
			38.7972695068859	-14.2016904374533
			38.8113724765358	-14.2157934071032
			38.8254754461857	-14.2157934071032
			38.8395784158357	-14.2298963767531
			38.8536813854856	-14.2298963767531
			38.8677843551355	-14.2439993464031
			38.8818873247854	-14.2439993464031
			38.8959902944353	-14.258102316053
			38.9100932640852	-14.2722052857029
			38.9241962337351	-14.2722052857029
			38.938299203385	-14.2863082553528
			38.9524021730349	-14.3004112250027
			38.9665051426848	-14.3145141946526
			38.9806081123347	-14.3286171643025
			38.9947110819846	-14.3427201339524
			39.0088140516345	-14.3568231036023
			39.0229170212844	-14.3709260732522
			39.0370199909343	-14.3850290429021
			39.0511229605842	-14.399132012552
			39.0511229605842	-14.4132349822019
			39.0652259302341	-14.4273379518518
			39.079328899884	-14.4414409215017
			39.0934318695339	-14.4555438911516
			39.0934318695339	-14.4696468608015
			39.1075348391838	-14.4837498304514
			39.1216378088337	-14.4978528001013
			39.1216378088337	-14.5119557697512
			39.1357407784836	-14.5260587394011
			39.1357407784836	-14.540161709051
			39.1498437481335	-14.5542646787009
			39.1498437481335	-14.5683676483508
			39.1498437481335	-14.5824706180007
			39.1639467177834	-14.5824706180007
			39.1639467177834	-14.5965735876507
			39.1639467177834	-14.6106765573006
			39.1780496874334	-14.6247795269505
			39.1780496874334	-14.6388824966004
			39.1780496874334	-14.6529854662503
			39.1921526570833	-14.6670884359002
			39.1921526570833	-14.6811914055501
			39.1921526570833	-14.6952943752
			39.1921526570833	-14.7093973448499
			39.2062556267332	-14.7235003144998
			39.2062556267332	-14.7376032841497
			39.2062556267332	-14.7517062537996
			39.2062556267332	-14.7658092234495
			39.2203585963831	-14.7799121930994
			39.2203585963831	-14.7940151627493
			39.2203585963831	-14.8081181323992
			39.2203585963831	-14.8222211020491
			39.2203585963831	-14.836324071699
			39.234461566033	-14.8504270413489
			39.234461566033	-14.8645300109988
			39.234461566033	-14.8786329806487
			39.234461566033	-14.8927359502986
			39.234461566033	-14.9068389199485
			39.2485645356829	-14.9209418895984
			39.2485645356829	-14.9350448592484
			39.2485645356829	-14.9491478288983
			39.2485645356829	-14.9632507985482
			39.2626675053328	-14.9773537681981
			39.2626675053328	-14.991456737848
			39.2626675053328	-15.0055597074979
			39.2626675053328	-15.0196626771478
			39.2626675053328	-15.0337656467977
			39.2626675053328	-15.0478686164476
			39.2767704749827	-15.0619715860975
			39.2767704749827	-15.0760745557474
			39.2767704749827	-15.0901775253973
			39.2767704749827	-15.1042804950472
			39.2767704749827	-15.1183834646971
			39.2767704749827	-15.132486434347
			39.2767704749827	-15.1465894039969
			39.2767704749827	-15.1606923736468
			39.2767704749827	-15.1747953432967
			39.2908734446326	-15.1888983129466
			39.2908734446326	-15.2030012825965
			39.2908734446326	-15.2171042522464
			39.2908734446326	-15.2312072218963
			39.2908734446326	-15.2453101915462
			39.2908734446326	-15.2594131611961
			39.2908734446326	-15.273516130846
			39.2908734446326	-15.287619100496
			39.2908734446326	-15.3017220701459
			39.2908734446326	-15.3158250397958
			39.3049764142825	-15.3299280094457
			39.3049764142825	-15.3440309790956
			39.3049764142825	-15.3581339487455
			39.3049764142825	-15.3722369183954
			39.3049764142825	-15.3863398880453
			39.3049764142825	-15.4004428576952
			39.3049764142825	-15.4145458273451
			39.3049764142825	-15.428648796995
			39.3049764142825	-15.4427517666449
			39.3049764142825	-15.4568547362948
			39.3049764142825	-15.4709577059447
			39.3049764142825	-15.4850606755946
			39.3049764142825	-15.4991636452445
			39.3049764142825	-15.5132666148944
			39.3049764142825	-15.5273695845443
			39.3049764142825	-15.5414725541942
			39.3190793839324	-15.5555755238441
			39.3190793839324	-15.569678493494
			39.3190793839324	-15.5837814631439
			39.3190793839324	-15.5978844327938
			39.3190793839324	-15.6119874024437
			39.3190793839324	-15.6260903720936
			39.3331823535823	-15.6401933417436
			39.3331823535823	-15.6542963113935
			39.3331823535823	-15.6683992810434
		</Outline3>
		<Outline4 type=matrix rownames=FALSE colnames=FALSE nrow=239 ncol=2 as.numeric=TRUE >
			39.3331823535823	-15.6683992810434
			39.3331823535823	-15.6825022506933
			39.3331823535823	-15.6966052203432
			39.3472853232322	-15.7107081899931
			39.3472853232322	-15.724811159643
			39.3472853232322	-15.7389141292929
			39.3472853232322	-15.7530170989428
			39.3472853232322	-15.7671200685927
			39.3613882928821	-15.7812230382426
			39.3613882928821	-15.7953260078925
			39.3613882928821	-15.8094289775424
			39.3613882928821	-15.8235319471923
			39.3613882928821	-15.8376349168422
			39.3613882928821	-15.8517378864921
			39.375491262532	-15.865840856142
			39.375491262532	-15.8799438257919
			39.375491262532	-15.8940467954418
			39.375491262532	-15.9081497650917
			39.375491262532	-15.9222527347416
			39.375491262532	-15.9363557043915
			39.375491262532	-15.9504586740414
			39.375491262532	-15.9645616436913
			39.375491262532	-15.9786646133412
			39.375491262532	-15.9927675829912
			39.3895942321819	-16.0068705526411
			39.3895942321819	-16.020973522291
			39.3895942321819	-16.0350764919409
			39.3895942321819	-16.0491794615908
			39.3895942321819	-16.0632824312407
			39.3895942321819	-16.0773854008906
			39.3895942321819	-16.0914883705405
			39.3895942321819	-16.1055913401904
			39.3895942321819	-16.1196943098403
			39.3895942321819	-16.1337972794902
			39.3895942321819	-16.1479002491401
			39.4036972018318	-16.16200321879
			39.4036972018318	-16.1761061884399
			39.4036972018318	-16.1902091580898
			39.4036972018318	-16.2043121277397
			39.4036972018318	-16.2184150973896
			39.4036972018318	-16.2325180670395
			39.4036972018318	-16.2466210366894
			39.4036972018318	-16.2607240063393
			39.4036972018318	-16.2748269759892
			39.4036972018318	-16.2889299456391
			39.4036972018318	-16.303032915289
			39.4036972018318	-16.3171358849389
			39.3895942321819	-16.3312388545888
			39.3895942321819	-16.3453418242388
			39.3895942321819	-16.3594447938887
			39.3895942321819	-16.3735477635386
			39.3895942321819	-16.3876507331885
			39.3895942321819	-16.4017537028384
			39.3895942321819	-16.4158566724883
			39.3895942321819	-16.4299596421382
			39.3895942321819	-16.4440626117881
			39.3895942321819	-16.458165581438
			39.375491262532	-16.4722685510879
			39.375491262532	-16.4863715207378
			39.375491262532	-16.5004744903877
			39.375491262532	-16.5145774600376
			39.375491262532	-16.5286804296875
			39.375491262532	-16.5427833993374
			39.375491262532	-16.5568863689873
			39.3613882928821	-16.5709893386372
			39.3472853232322	-16.5850923082871
			39.3472853232322	-16.599195277937
			39.3331823535823	-16.6132982475869
			39.3331823535823	-16.6274012172368
			39.3190793839324	-16.6415041868867
			39.3190793839324	-16.6556071565366
			39.3190793839324	-16.6697101261865
			39.3049764142825	-16.6697101261865
			39.3049764142825	-16.6838130958364
			39.2908734446326	-16.6979160654864
			39.2908734446326	-16.7120190351363
			39.2767704749827	-16.7261220047862
			39.2767704749827	-16.7402249744361
			39.2626675053328	-16.754327944086
			39.2626675053328	-16.7684309137359
			39.2485645356829	-16.7684309137359
			39.234461566033	-16.7825338833858
			39.2203585963831	-16.7966368530357
			39.2203585963831	-16.8107398226856
			39.2062556267332	-16.8248427923355
			39.1921526570833	-16.8389457619854
			39.1921526570833	-16.8530487316353
			39.1780496874334	-16.8530487316353
			39.1639467177834	-16.8671517012852
			39.1498437481335	-16.8812546709351
			39.1498437481335	-16.895357640585
			39.1357407784836	-16.895357640585
			39.1216378088337	-16.9094606102349
			39.1216378088337	-16.9235635798848
			39.1075348391838	-16.9235635798848
			39.0934318695339	-16.9376665495347
			39.079328899884	-16.9517695191846
			39.0652259302341	-16.9517695191846
			39.0652259302341	-16.9658724888345
			39.0511229605842	-16.9658724888345
			39.0370199909343	-16.9799754584844
			39.0229170212844	-16.9940784281343
			39.0088140516345	-16.9940784281343
			38.9947110819846	-17.0081813977842
			38.9806081123347	-17.0222843674341
			38.9665051426848	-17.0363873370841
			38.9524021730349	-17.0363873370841
			38.938299203385	-17.050490306734
			38.9241962337351	-17.0645932763839
			38.9100932640852	-17.0645932763839
			38.8959902944353	-17.0786962460338
			38.8818873247854	-17.0927992156837
			38.8677843551355	-17.0927992156837
			38.8536813854856	-17.0927992156837
			38.8395784158357	-17.1069021853336
			38.8254754461857	-17.1069021853336
			38.8113724765358	-17.1069021853336
			38.7972695068859	-17.1210051549835
			38.783166537236	-17.1210051549835
			38.7690635675861	-17.1210051549835
			38.7549605979362	-17.1210051549835
			38.7408576282863	-17.1351081246334
			38.7267546586364	-17.1351081246334
			38.7126516889865	-17.1351081246334
			38.6985487193366	-17.1492110942833
			38.6844457496867	-17.1492110942833
			38.6703427800368	-17.1492110942833
			38.6562398103869	-17.1492110942833
			38.642136840737	-17.1633140639332
			38.6280338710871	-17.1633140639332
			38.6139309014372	-17.1633140639332
			38.5998279317873	-17.1633140639332
			38.5857249621374	-17.1633140639332
			38.5716219924875	-17.1774170335831
			38.5575190228376	-17.1774170335831
			38.5434160531877	-17.1774170335831
			38.5293130835378	-17.191520003233
			38.5152101138879	-17.191520003233
			38.501107144238	-17.191520003233
			38.4870041745881	-17.191520003233
			38.4729012049382	-17.2056229728829
			38.4587982352882	-17.2056229728829
			38.4446952656383	-17.2056229728829
			38.4305922959884	-17.2197259425328
			38.4164893263385	-17.2197259425328
			38.4023863566886	-17.2197259425328
			38.3882833870387	-17.2338289121827
			38.3741804173888	-17.2338289121827
			38.3600774477389	-17.2479318818326
			38.345974478089	-17.2479318818326
			38.3318715084391	-17.2479318818326
			38.3177685387892	-17.2479318818326
			38.3036655691393	-17.2620348514825
			38.2895625994894	-17.2620348514825
			38.2754596298395	-17.2620348514825
			38.2613566601896	-17.2761378211324
			38.2472536905397	-17.2761378211324
			38.2331507208898	-17.2902407907823
			38.2190477512399	-17.3043437604322
			38.20494478159	-17.3184467300821
			38.1908418119401	-17.332549699732
			38.1767388422902	-17.3466526693819
			38.1626358726403	-17.3607556390318
			38.1485329029904	-17.3748586086817
			38.1344299333405	-17.3748586086817
			38.1203269636906	-17.3889615783316
			38.1062239940406	-17.4030645479816
			38.0921210243907	-17.4171675176315
			38.0780180547408	-17.4312704872814
			38.0639150850909	-17.4312704872814
			38.049812115441	-17.4453734569313
			38.0357091457911	-17.4594764265812
			38.0216061761412	-17.4735793962311
			38.0075032064913	-17.487682365881
			37.9934002368414	-17.487682365881
			37.9792972671915	-17.5017853355309
			37.9651942975416	-17.5158883051808
			37.9510913278917	-17.5158883051808
			37.9369883582418	-17.5299912748307
			37.9228853885919	-17.5299912748307
			37.9228853885919	-17.5440942444806
			37.908782418942	-17.5440942444806
			37.8946794492921	-17.5581972141305
			37.8805764796422	-17.5723001837804
			37.8664735099923	-17.5723001837804
			37.8523705403424	-17.5723001837804
			37.8382675706925	-17.5864031534303
			37.8241646010426	-17.5864031534303
			37.8100616313927	-17.5864031534303
			37.7959586617428	-17.6005061230802
			37.7818556920929	-17.6005061230802
			37.7677527224429	-17.6005061230802
			37.753649752793	-17.6146090927301
			37.7395467831431	-17.6146090927301
			37.7254438134932	-17.6146090927301
			37.7113408438433	-17.62871206238
			37.6972378741934	-17.62871206238
			37.6831349045435	-17.62871206238
			37.6690319348936	-17.62871206238
			37.6549289652437	-17.6428150320299
			37.6408259955938	-17.6428150320299
			37.6267230259439	-17.6428150320299
			37.612620056294	-17.6428150320299
			37.5985170866441	-17.6428150320299
			37.5844141169942	-17.6428150320299
			37.5703111473443	-17.6428150320299
			37.5562081776944	-17.6428150320299
			37.5421052080445	-17.6569180016798
			37.5280022383946	-17.6569180016798
			37.5138992687447	-17.6569180016798
			37.4997962990948	-17.6569180016798
			37.4856933294449	-17.6569180016798
			37.471590359795	-17.6569180016798
			37.4574873901451	-17.6569180016798
			37.4433844204952	-17.6569180016798
			37.4292814508453	-17.6569180016798
			37.4151784811953	-17.6569180016798
			37.4010755115454	-17.6569180016798
			37.3869725418955	-17.6569180016798
			37.3728695722456	-17.6569180016798
			37.3587666025957	-17.6569180016798
			37.3446636329458	-17.6569180016798
			37.3305606632959	-17.6569180016798
			37.316457693646	-17.6569180016798
			37.3023547239961	-17.6569180016798
			37.2882517543462	-17.6569180016798
			37.2741487846963	-17.6428150320299
			37.2600458150464	-17.6428150320299
			37.2459428453965	-17.6428150320299
			37.2318398757466	-17.6428150320299
			37.2177369060967	-17.6428150320299
			37.2036339364468	-17.62871206238
			37.1895309667969	-17.62871206238
			37.175427997147	-17.62871206238
			37.1613250274971	-17.62871206238
			37.1472220578472	-17.62871206238
			37.1331190881973	-17.6146090927301
			37.1190161185474	-17.6146090927301
			37.1049131488975	-17.6146090927301
		</Outline4>
	</curves.scaled>
	<ruler.points type=matrix rownames=TRUE colnames=FALSE nrow=2 ncol=2 as.numeric=TRUE >
		Ruler point 1	3221	2356
		Ruler point 2	2512	2366
	</ruler.points>
</shapes>

