<shapes type=list>
	<ruler.pixel type=vector names=FALSE length=1 as.numeric=TRUE >664.19274311001</ruler.pixel>
	<ruler.interval type=vector names=FALSE length=1 as.numeric=TRUE >10</ruler.interval>
	<scaling.units type=vector names=FALSE length=1 as.numeric=FALSE >mm</scaling.units>
	<scaling type=vector names=FALSE length=1 as.numeric=TRUE >0.01505587060945</scaling>
	<landmarks.pixel type=matrix rownames=TRUE colnames=FALSE nrow=4 ncol=2 as.numeric=TRUE >
		Labial	2636	1616
		Posterior	2544	1583
		Lingual	2586	1483
		Anterior	2691	1528
	</landmarks.pixel>
	<landmarks.scaled type=matrix rownames=TRUE colnames=FALSE nrow=4 ncol=2 as.numeric=TRUE >
		Labial	39.6872749265103	-24.3302869048713
		Posterior	38.3021348304409	-23.8334431747594
		Lingual	38.9344813960378	-22.3278561138144
		Anterior	40.5153478100301	-23.0053702912397
	</landmarks.scaled>
	<curves.control type=list>
		<Outline1 type=matrix rownames=FALSE colnames=FALSE nrow=13 ncol=2 as.numeric=TRUE >
			2636	1616
			2631	1623
			2626	1631
			2619	1638
			2609	1643
			2598	1645
			2585	1643
			2575	1639
			2566	1633
			2558	1624
			2553	1615
			2549	1604
			2544	1583
		</Outline1>
		<Outline2 type=matrix rownames=FALSE colnames=FALSE nrow=13 ncol=2 as.numeric=TRUE >
			2544	1583
			2541	1571
			2540	1558
			2540	1543
			2540	1530
			2540	1516
			2543	1506
			2548	1498
			2554	1491
			2562	1486
			2572	1484
			2579	1484
			2586	1483
		</Outline2>
		<Outline3 type=matrix rownames=FALSE colnames=FALSE nrow=15 ncol=2 as.numeric=TRUE >
			2586	1483
			2596	1484
			2605	1484
			2616	1483
			2626	1482
			2636	1481
			2646	1481
			2657	1484
			2664	1488
			2671	1494
			2677	1502
			2681	1509
			2685	1516
			2689	1521
			2691	1528
		</Outline3>
		<Outline4 type=matrix rownames=FALSE colnames=FALSE nrow=15 ncol=2 as.numeric=TRUE >
			2691	1528
			2692	1537
			2693	1546
			2692	1553
			2691	1563
			2687	1572
			2682	1580
			2677	1588
			2670	1594
			2661	1597
			2653	1599
			2645	1600
			2641	1607
			2638	1612
			2636	1616
		</Outline4>
	</curves.control>
	<curves.pixel type=list>
		<Outline1 type=matrix rownames=FALSE colnames=FALSE nrow=134 ncol=2 as.numeric=TRUE >
			2636	1616
			2636	1617
			2635	1617
			2635	1618
			2634	1618
			2634	1619
			2633	1620
			2633	1621
			2632	1622
			2631	1623
			2630	1624
			2630	1625
			2629	1626
			2629	1627
			2628	1627
			2628	1628
			2627	1629
			2627	1630
			2626	1631
			2625	1632
			2624	1633
			2623	1634
			2622	1635
			2621	1635
			2620	1636
			2619	1637
			2618	1638
			2617	1638
			2616	1639
			2615	1640
			2614	1640
			2613	1641
			2612	1642
			2611	1642
			2610	1642
			2610	1643
			2609	1643
			2608	1643
			2607	1643
			2606	1643
			2606	1644
			2605	1644
			2604	1644
			2603	1644
			2602	1644
			2601	1644
			2600	1644
			2599	1644
			2598	1644
			2597	1644
			2596	1644
			2595	1644
			2594	1644
			2593	1644
			2592	1644
			2591	1644
			2590	1644
			2589	1644
			2588	1643
			2587	1643
			2586	1643
			2585	1643
			2584	1643
			2583	1642
			2582	1642
			2581	1641
			2580	1641
			2579	1640
			2578	1640
			2577	1640
			2577	1639
			2576	1639
			2575	1638
			2574	1638
			2573	1637
			2572	1637
			2571	1636
			2570	1636
			2570	1635
			2569	1635
			2568	1634
			2567	1634
			2566	1633
			2565	1632
			2564	1631
			2563	1630
			2562	1629
			2562	1628
			2561	1627
			2560	1626
			2559	1625
			2559	1624
			2558	1623
			2557	1622
			2557	1621
			2556	1620
			2555	1619
			2555	1618
			2554	1617
			2553	1616
			2553	1615
			2552	1614
			2552	1613
			2552	1612
			2552	1611
			2551	1610
			2551	1609
			2551	1608
			2550	1607
			2550	1606
			2550	1605
			2550	1604
			2549	1604
			2549	1603
			2549	1602
			2549	1601
			2548	1600
			2548	1599
			2548	1598
			2548	1597
			2547	1596
			2547	1595
			2547	1594
			2546	1593
			2546	1592
			2546	1591
			2546	1590
			2545	1589
			2545	1588
			2545	1587
			2545	1586
			2544	1585
			2544	1584
			2544	1583
		</Outline1>
		<Outline2 type=matrix rownames=FALSE colnames=FALSE nrow=128 ncol=2 as.numeric=TRUE >
			2544	1583
			2544	1582
			2543	1581
			2543	1580
			2543	1579
			2543	1578
			2543	1577
			2543	1576
			2542	1576
			2542	1575
			2542	1574
			2542	1573
			2542	1572
			2542	1571
			2541	1570
			2541	1569
			2541	1568
			2541	1567
			2541	1566
			2541	1565
			2541	1564
			2540	1563
			2540	1562
			2540	1561
			2540	1560
			2540	1559
			2540	1558
			2540	1557
			2540	1556
			2540	1555
			2540	1554
			2540	1553
			2540	1552
			2540	1551
			2540	1550
			2540	1549
			2540	1548
			2540	1547
			2540	1546
			2540	1545
			2540	1544
			2540	1543
			2540	1542
			2540	1541
			2540	1540
			2540	1539
			2540	1538
			2540	1537
			2540	1536
			2540	1535
			2540	1534
			2540	1533
			2540	1532
			2540	1531
			2540	1530
			2540	1529
			2540	1528
			2540	1527
			2540	1526
			2540	1525
			2540	1524
			2540	1523
			2540	1522
			2540	1521
			2540	1520
			2541	1519
			2541	1518
			2541	1517
			2541	1516
			2541	1515
			2541	1514
			2541	1513
			2542	1512
			2542	1511
			2542	1510
			2542	1509
			2542	1508
			2543	1507
			2543	1506
			2544	1505
			2545	1504
			2545	1503
			2546	1502
			2546	1501
			2547	1500
			2548	1499
			2549	1498
			2549	1497
			2550	1496
			2551	1495
			2551	1494
			2552	1493
			2553	1492
			2554	1492
			2554	1491
			2555	1490
			2556	1490
			2557	1489
			2558	1489
			2559	1488
			2560	1488
			2561	1487
			2562	1487
			2563	1487
			2564	1486
			2565	1486
			2566	1486
			2566	1485
			2567	1485
			2568	1485
			2569	1485
			2570	1484
			2571	1484
			2572	1484
			2573	1484
			2574	1484
			2575	1484
			2576	1484
			2577	1484
			2578	1484
			2579	1484
			2580	1484
			2581	1484
			2582	1483
			2583	1483
			2584	1483
			2585	1483
			2586	1483
		</Outline2>
		<Outline3 type=matrix rownames=FALSE colnames=FALSE nrow=126 ncol=2 as.numeric=TRUE >
			2586	1483
			2587	1483
			2588	1483
			2589	1483
			2590	1483
			2591	1483
			2592	1484
			2593	1484
			2594	1484
			2595	1484
			2596	1484
			2597	1484
			2598	1484
			2599	1484
			2600	1484
			2601	1484
			2602	1484
			2603	1484
			2604	1484
			2605	1484
			2606	1484
			2607	1484
			2608	1484
			2609	1484
			2610	1484
			2611	1483
			2612	1483
			2613	1483
			2614	1483
			2615	1483
			2616	1483
			2617	1483
			2618	1483
			2619	1483
			2620	1483
			2621	1483
			2622	1482
			2623	1482
			2624	1482
			2625	1482
			2626	1482
			2627	1482
			2628	1482
			2629	1482
			2630	1482
			2631	1482
			2632	1481
			2633	1481
			2634	1481
			2635	1481
			2636	1481
			2637	1481
			2638	1481
			2639	1481
			2640	1481
			2641	1481
			2642	1481
			2643	1481
			2644	1481
			2645	1481
			2646	1481
			2647	1481
			2648	1482
			2649	1482
			2650	1482
			2651	1482
			2652	1483
			2653	1483
			2654	1483
			2655	1484
			2656	1484
			2657	1484
			2657	1485
			2658	1485
			2659	1486
			2660	1486
			2661	1486
			2661	1487
			2662	1487
			2663	1487
			2664	1488
			2665	1489
			2666	1490
			2667	1491
			2668	1492
			2669	1492
			2669	1493
			2670	1494
			2671	1495
			2672	1496
			2673	1496
			2673	1497
			2674	1498
			2675	1499
			2675	1500
			2676	1501
			2677	1502
			2677	1503
			2678	1503
			2678	1504
			2679	1505
			2679	1506
			2680	1507
			2680	1508
			2681	1508
			2681	1509
			2682	1510
			2682	1511
			2683	1512
			2683	1513
			2684	1514
			2685	1515
			2685	1516
			2686	1517
			2686	1518
			2687	1518
			2687	1519
			2688	1520
			2688	1521
			2689	1522
			2689	1523
			2690	1524
			2690	1525
			2690	1526
			2691	1527
			2691	1528
		</Outline3>
		<Outline4 type=matrix rownames=FALSE colnames=FALSE nrow=110 ncol=2 as.numeric=TRUE >
			2691	1528
			2691	1529
			2691	1530
			2691	1531
			2691	1532
			2692	1533
			2692	1534
			2692	1535
			2692	1536
			2692	1537
			2692	1538
			2692	1539
			2692	1540
			2692	1541
			2693	1542
			2693	1543
			2693	1544
			2693	1545
			2693	1546
			2693	1547
			2693	1548
			2693	1549
			2692	1550
			2692	1551
			2692	1552
			2692	1553
			2692	1554
			2692	1555
			2692	1556
			2692	1557
			2692	1558
			2691	1558
			2691	1559
			2691	1560
			2691	1561
			2691	1562
			2691	1563
			2691	1564
			2690	1565
			2690	1566
			2689	1567
			2689	1568
			2688	1569
			2688	1570
			2687	1571
			2687	1572
			2686	1573
			2686	1574
			2685	1575
			2684	1576
			2684	1577
			2683	1578
			2682	1579
			2682	1580
			2682	1581
			2681	1581
			2681	1582
			2680	1583
			2679	1584
			2679	1585
			2678	1586
			2677	1587
			2676	1588
			2675	1589
			2674	1590
			2673	1591
			2672	1592
			2671	1593
			2670	1594
			2669	1594
			2668	1595
			2667	1595
			2666	1595
			2665	1596
			2664	1596
			2663	1596
			2662	1597
			2661	1597
			2660	1597
			2659	1597
			2658	1598
			2657	1598
			2656	1598
			2655	1598
			2654	1599
			2653	1599
			2652	1599
			2651	1599
			2650	1600
			2649	1600
			2648	1600
			2647	1601
			2646	1601
			2645	1602
			2645	1603
			2644	1603
			2643	1604
			2643	1605
			2642	1606
			2641	1606
			2641	1607
			2640	1608
			2640	1609
			2639	1610
			2639	1611
			2638	1612
			2637	1613
			2637	1614
			2637	1615
			2636	1616
		</Outline4>
	</curves.pixel>
	<curves.scaled type=list>
		<Outline1 type=matrix rownames=FALSE colnames=FALSE nrow=134 ncol=2 as.numeric=TRUE >
			39.6872749265103	-24.3302869048713
			39.6872749265103	-24.3453427754807
			39.6722190559008	-24.3453427754807
			39.6722190559008	-24.3603986460902
			39.6571631852914	-24.3603986460902
			39.6571631852914	-24.3754545166996
			39.6421073146819	-24.3905103873091
			39.6421073146819	-24.4055662579185
			39.6270514440725	-24.420622128528
			39.611995573463	-24.4356779991374
			39.5969397028536	-24.4507338697469
			39.5969397028536	-24.4657897403563
			39.5818838322441	-24.4808456109658
			39.5818838322441	-24.4959014815752
			39.5668279616347	-24.4959014815752
			39.5668279616347	-24.5109573521847
			39.5517720910252	-24.5260132227941
			39.5517720910252	-24.5410690934036
			39.5367162204158	-24.556124964013
			39.5216603498063	-24.5711808346225
			39.5066044791969	-24.5862367052319
			39.4915486085874	-24.6012925758414
			39.476492737978	-24.6163484464508
			39.4614368673685	-24.6163484464508
			39.4463809967591	-24.6314043170603
			39.4313251261496	-24.6464601876697
			39.4162692555402	-24.6615160582792
			39.4012133849307	-24.6615160582792
			39.3861575143213	-24.6765719288886
			39.3711016437118	-24.6916277994981
			39.3560457731024	-24.6916277994981
			39.3409899024929	-24.7066836701075
			39.3259340318835	-24.721739540717
			39.310878161274	-24.721739540717
			39.2958222906646	-24.721739540717
			39.2958222906646	-24.7367954113264
			39.2807664200551	-24.7367954113264
			39.2657105494457	-24.7367954113264
			39.2506546788362	-24.7367954113264
			39.2355988082268	-24.7367954113264
			39.2355988082268	-24.7518512819359
			39.2205429376173	-24.7518512819359
			39.2054870670079	-24.7518512819359
			39.1904311963984	-24.7518512819359
			39.175375325789	-24.7518512819359
			39.1603194551795	-24.7518512819359
			39.1452635845701	-24.7518512819359
			39.1302077139606	-24.7518512819359
			39.1151518433512	-24.7518512819359
			39.1000959727417	-24.7518512819359
			39.0850401021323	-24.7518512819359
			39.0699842315228	-24.7518512819359
			39.0549283609134	-24.7518512819359
			39.0398724903039	-24.7518512819359
			39.0248166196945	-24.7518512819359
			39.009760749085	-24.7518512819359
			38.9947048784756	-24.7518512819359
			38.9796490078661	-24.7518512819359
			38.9645931372567	-24.7367954113264
			38.9495372666472	-24.7367954113264
			38.9344813960378	-24.7367954113264
			38.9194255254283	-24.7367954113264
			38.9043696548189	-24.7367954113264
			38.8893137842094	-24.721739540717
			38.8742579136	-24.721739540717
			38.8592020429905	-24.7066836701075
			38.8441461723811	-24.7066836701075
			38.8290903017716	-24.6916277994981
			38.8140344311622	-24.6916277994981
			38.7989785605527	-24.6916277994981
			38.7989785605527	-24.6765719288886
			38.7839226899433	-24.6765719288886
			38.7688668193338	-24.6615160582792
			38.7538109487244	-24.6615160582792
			38.7387550781149	-24.6464601876697
			38.7236992075055	-24.6464601876697
			38.708643336896	-24.6314043170603
			38.6935874662866	-24.6314043170603
			38.6935874662866	-24.6163484464508
			38.6785315956771	-24.6163484464508
			38.6634757250677	-24.6012925758414
			38.6484198544582	-24.6012925758414
			38.6333639838488	-24.5862367052319
			38.6183081132393	-24.5711808346225
			38.6032522426299	-24.556124964013
			38.5881963720204	-24.5410690934036
			38.573140501411	-24.5260132227941
			38.573140501411	-24.5109573521847
			38.5580846308015	-24.4959014815752
			38.5430287601921	-24.4808456109658
			38.5279728895826	-24.4657897403563
			38.5279728895826	-24.4507338697469
			38.5129170189732	-24.4356779991374
			38.4978611483637	-24.420622128528
			38.4978611483637	-24.4055662579185
			38.4828052777543	-24.3905103873091
			38.4677494071448	-24.3754545166996
			38.4677494071448	-24.3603986460902
			38.4526935365354	-24.3453427754807
			38.4376376659259	-24.3302869048713
			38.4376376659259	-24.3152310342618
			38.4225817953165	-24.3001751636524
			38.4225817953165	-24.2851192930429
			38.4225817953165	-24.2700634224335
			38.4225817953165	-24.255007551824
			38.407525924707	-24.2399516812146
			38.407525924707	-24.2248958106051
			38.407525924707	-24.2098399399957
			38.3924700540976	-24.1947840693862
			38.3924700540976	-24.1797281987768
			38.3924700540976	-24.1646723281673
			38.3924700540976	-24.1496164575579
			38.3774141834881	-24.1496164575579
			38.3774141834881	-24.1345605869484
			38.3774141834881	-24.119504716339
			38.3774141834881	-24.1044488457295
			38.3623583128787	-24.0893929751201
			38.3623583128787	-24.0743371045106
			38.3623583128787	-24.0592812339012
			38.3623583128787	-24.0442253632917
			38.3473024422692	-24.0291694926823
			38.3473024422692	-24.0141136220728
			38.3473024422692	-23.9990577514634
			38.3322465716598	-23.9840018808539
			38.3322465716598	-23.9689460102445
			38.3322465716598	-23.953890139635
			38.3322465716598	-23.9388342690256
			38.3171907010503	-23.9237783984161
			38.3171907010503	-23.9087225278067
			38.3171907010503	-23.8936666571972
			38.3171907010503	-23.8786107865878
			38.3021348304409	-23.8635549159783
			38.3021348304409	-23.8484990453689
			38.3021348304409	-23.8334431747594
		</Outline1>
		<Outline2 type=matrix rownames=FALSE colnames=FALSE nrow=128 ncol=2 as.numeric=TRUE >
			38.3021348304409	-23.8334431747594
			38.3021348304409	-23.81838730415
			38.2870789598314	-23.8033314335405
			38.2870789598314	-23.7882755629311
			38.2870789598314	-23.7732196923216
			38.2870789598314	-23.7581638217122
			38.2870789598314	-23.7431079511027
			38.2870789598314	-23.7280520804933
			38.272023089222	-23.7280520804933
			38.272023089222	-23.7129962098838
			38.272023089222	-23.6979403392744
			38.272023089222	-23.6828844686649
			38.272023089222	-23.6678285980555
			38.272023089222	-23.652772727446
			38.2569672186125	-23.6377168568366
			38.2569672186125	-23.6226609862271
			38.2569672186125	-23.6076051156177
			38.2569672186125	-23.5925492450082
			38.2569672186125	-23.5774933743988
			38.2569672186125	-23.5624375037893
			38.2569672186125	-23.5473816331799
			38.2419113480031	-23.5323257625704
			38.2419113480031	-23.517269891961
			38.2419113480031	-23.5022140213515
			38.2419113480031	-23.4871581507421
			38.2419113480031	-23.4721022801326
			38.2419113480031	-23.4570464095232
			38.2419113480031	-23.4419905389137
			38.2419113480031	-23.4269346683043
			38.2419113480031	-23.4118787976948
			38.2419113480031	-23.3968229270854
			38.2419113480031	-23.3817670564759
			38.2419113480031	-23.3667111858665
			38.2419113480031	-23.351655315257
			38.2419113480031	-23.3365994446476
			38.2419113480031	-23.3215435740381
			38.2419113480031	-23.3064877034287
			38.2419113480031	-23.2914318328192
			38.2419113480031	-23.2763759622098
			38.2419113480031	-23.2613200916003
			38.2419113480031	-23.2462642209909
			38.2419113480031	-23.2312083503814
			38.2419113480031	-23.216152479772
			38.2419113480031	-23.2010966091625
			38.2419113480031	-23.1860407385531
			38.2419113480031	-23.1709848679436
			38.2419113480031	-23.1559289973342
			38.2419113480031	-23.1408731267247
			38.2419113480031	-23.1258172561153
			38.2419113480031	-23.1107613855058
			38.2419113480031	-23.0957055148964
			38.2419113480031	-23.0806496442869
			38.2419113480031	-23.0655937736775
			38.2419113480031	-23.050537903068
			38.2419113480031	-23.0354820324586
			38.2419113480031	-23.0204261618491
			38.2419113480031	-23.0053702912397
			38.2419113480031	-22.9903144206302
			38.2419113480031	-22.9752585500208
			38.2419113480031	-22.9602026794113
			38.2419113480031	-22.9451468088019
			38.2419113480031	-22.9300909381924
			38.2419113480031	-22.915035067583
			38.2419113480031	-22.8999791969735
			38.2419113480031	-22.8849233263641
			38.2569672186125	-22.8698674557546
			38.2569672186125	-22.8548115851452
			38.2569672186125	-22.8397557145357
			38.2569672186125	-22.8246998439263
			38.2569672186125	-22.8096439733168
			38.2569672186125	-22.7945881027074
			38.2569672186125	-22.7795322320979
			38.272023089222	-22.7644763614885
			38.272023089222	-22.749420490879
			38.272023089222	-22.7343646202696
			38.272023089222	-22.7193087496601
			38.272023089222	-22.7042528790507
			38.2870789598314	-22.6891970084412
			38.2870789598314	-22.6741411378318
			38.3021348304409	-22.6590852672223
			38.3171907010503	-22.6440293966129
			38.3171907010503	-22.6289735260034
			38.3322465716598	-22.613917655394
			38.3322465716598	-22.5988617847845
			38.3473024422692	-22.5838059141751
			38.3623583128787	-22.5687500435656
			38.3774141834881	-22.5536941729562
			38.3774141834881	-22.5386383023467
			38.3924700540976	-22.5235824317373
			38.407525924707	-22.5085265611278
			38.407525924707	-22.4934706905184
			38.4225817953165	-22.4784148199089
			38.4376376659259	-22.4633589492995
			38.4526935365354	-22.4633589492995
			38.4526935365354	-22.44830307869
			38.4677494071448	-22.4332472080806
			38.4828052777543	-22.4332472080806
			38.4978611483637	-22.4181913374711
			38.5129170189732	-22.4181913374711
			38.5279728895826	-22.4031354668617
			38.5430287601921	-22.4031354668617
			38.5580846308015	-22.3880795962522
			38.573140501411	-22.3880795962522
			38.5881963720204	-22.3880795962522
			38.6032522426299	-22.3730237256428
			38.6183081132393	-22.3730237256428
			38.6333639838488	-22.3730237256428
			38.6333639838488	-22.3579678550333
			38.6484198544582	-22.3579678550333
			38.6634757250677	-22.3579678550333
			38.6785315956771	-22.3579678550333
			38.6935874662866	-22.3429119844239
			38.708643336896	-22.3429119844239
			38.7236992075055	-22.3429119844239
			38.7387550781149	-22.3429119844239
			38.7538109487244	-22.3429119844239
			38.7688668193338	-22.3429119844239
			38.7839226899433	-22.3429119844239
			38.7989785605527	-22.3429119844239
			38.8140344311622	-22.3429119844239
			38.8290903017716	-22.3429119844239
			38.8441461723811	-22.3429119844239
			38.8592020429905	-22.3429119844239
			38.8742579136	-22.3278561138144
			38.8893137842094	-22.3278561138144
			38.9043696548189	-22.3278561138144
			38.9194255254283	-22.3278561138144
			38.9344813960378	-22.3278561138144
		</Outline2>
		<Outline3 type=matrix rownames=FALSE colnames=FALSE nrow=126 ncol=2 as.numeric=TRUE >
			38.9344813960378	-22.3278561138144
			38.9495372666472	-22.3278561138144
			38.9645931372567	-22.3278561138144
			38.9796490078661	-22.3278561138144
			38.9947048784756	-22.3278561138144
			39.009760749085	-22.3278561138144
			39.0248166196945	-22.3429119844239
			39.0398724903039	-22.3429119844239
			39.0549283609134	-22.3429119844239
			39.0699842315228	-22.3429119844239
			39.0850401021323	-22.3429119844239
			39.1000959727417	-22.3429119844239
			39.1151518433512	-22.3429119844239
			39.1302077139606	-22.3429119844239
			39.1452635845701	-22.3429119844239
			39.1603194551795	-22.3429119844239
			39.175375325789	-22.3429119844239
			39.1904311963984	-22.3429119844239
			39.2054870670079	-22.3429119844239
			39.2205429376173	-22.3429119844239
			39.2355988082268	-22.3429119844239
			39.2506546788362	-22.3429119844239
			39.2657105494457	-22.3429119844239
			39.2807664200551	-22.3429119844239
			39.2958222906646	-22.3429119844239
			39.310878161274	-22.3278561138144
			39.3259340318835	-22.3278561138144
			39.3409899024929	-22.3278561138144
			39.3560457731024	-22.3278561138144
			39.3711016437118	-22.3278561138144
			39.3861575143213	-22.3278561138144
			39.4012133849307	-22.3278561138144
			39.4162692555402	-22.3278561138144
			39.4313251261496	-22.3278561138144
			39.4463809967591	-22.3278561138144
			39.4614368673685	-22.3278561138144
			39.476492737978	-22.312800243205
			39.4915486085874	-22.312800243205
			39.5066044791969	-22.312800243205
			39.5216603498063	-22.312800243205
			39.5367162204158	-22.312800243205
			39.5517720910252	-22.312800243205
			39.5668279616347	-22.312800243205
			39.5818838322441	-22.312800243205
			39.5969397028536	-22.312800243205
			39.611995573463	-22.312800243205
			39.6270514440725	-22.2977443725955
			39.6421073146819	-22.2977443725955
			39.6571631852914	-22.2977443725955
			39.6722190559008	-22.2977443725955
			39.6872749265103	-22.2977443725955
			39.7023307971197	-22.2977443725955
			39.7173866677292	-22.2977443725955
			39.7324425383386	-22.2977443725955
			39.7474984089481	-22.2977443725955
			39.7625542795575	-22.2977443725955
			39.777610150167	-22.2977443725955
			39.7926660207764	-22.2977443725955
			39.8077218913859	-22.2977443725955
			39.8227777619953	-22.2977443725955
			39.8378336326048	-22.2977443725955
			39.8528895032142	-22.2977443725955
			39.8679453738237	-22.312800243205
			39.8830012444331	-22.312800243205
			39.8980571150426	-22.312800243205
			39.913112985652	-22.312800243205
			39.9281688562615	-22.3278561138144
			39.9432247268709	-22.3278561138144
			39.9582805974804	-22.3278561138144
			39.9733364680898	-22.3429119844239
			39.9883923386993	-22.3429119844239
			40.0034482093087	-22.3429119844239
			40.0034482093087	-22.3579678550333
			40.0185040799182	-22.3579678550333
			40.0335599505276	-22.3730237256428
			40.0486158211371	-22.3730237256428
			40.0636716917465	-22.3730237256428
			40.0636716917465	-22.3880795962522
			40.078727562356	-22.3880795962522
			40.0937834329654	-22.3880795962522
			40.1088393035749	-22.4031354668617
			40.1238951741843	-22.4181913374711
			40.1389510447938	-22.4332472080806
			40.1540069154032	-22.44830307869
			40.1690627860127	-22.4633589492995
			40.1841186566221	-22.4633589492995
			40.1841186566221	-22.4784148199089
			40.1991745272316	-22.4934706905184
			40.214230397841	-22.5085265611278
			40.2292862684505	-22.5235824317373
			40.2443421390599	-22.5235824317373
			40.2443421390599	-22.5386383023467
			40.2593980096694	-22.5536941729562
			40.2744538802788	-22.5687500435656
			40.2744538802788	-22.5838059141751
			40.2895097508883	-22.5988617847845
			40.3045656214977	-22.613917655394
			40.3045656214977	-22.6289735260034
			40.3196214921072	-22.6289735260034
			40.3196214921072	-22.6440293966129
			40.3346773627166	-22.6590852672223
			40.3346773627166	-22.6741411378318
			40.3497332333261	-22.6891970084412
			40.3497332333261	-22.7042528790507
			40.3647891039355	-22.7042528790507
			40.3647891039355	-22.7193087496601
			40.379844974545	-22.7343646202696
			40.379844974545	-22.749420490879
			40.3949008451544	-22.7644763614885
			40.3949008451544	-22.7795322320979
			40.4099567157639	-22.7945881027074
			40.4250125863733	-22.8096439733168
			40.4250125863733	-22.8246998439263
			40.4400684569828	-22.8397557145357
			40.4400684569828	-22.8548115851452
			40.4551243275922	-22.8548115851452
			40.4551243275922	-22.8698674557546
			40.4701801982017	-22.8849233263641
			40.4701801982017	-22.8999791969735
			40.4852360688111	-22.915035067583
			40.4852360688111	-22.9300909381924
			40.5002919394206	-22.9451468088019
			40.5002919394206	-22.9602026794113
			40.5002919394206	-22.9752585500208
			40.5153478100301	-22.9903144206302
			40.5153478100301	-23.0053702912397
		</Outline3>
		<Outline4 type=matrix rownames=FALSE colnames=FALSE nrow=110 ncol=2 as.numeric=TRUE >
			40.5153478100301	-23.0053702912397
			40.5153478100301	-23.0204261618491
			40.5153478100301	-23.0354820324586
			40.5153478100301	-23.050537903068
			40.5153478100301	-23.0655937736775
			40.5304036806395	-23.0806496442869
			40.5304036806395	-23.0957055148964
			40.5304036806395	-23.1107613855058
			40.5304036806395	-23.1258172561153
			40.5304036806395	-23.1408731267247
			40.5304036806395	-23.1559289973342
			40.5304036806395	-23.1709848679436
			40.5304036806395	-23.1860407385531
			40.5304036806395	-23.2010966091625
			40.5454595512489	-23.216152479772
			40.5454595512489	-23.2312083503814
			40.5454595512489	-23.2462642209909
			40.5454595512489	-23.2613200916003
			40.5454595512489	-23.2763759622098
			40.5454595512489	-23.2914318328192
			40.5454595512489	-23.3064877034287
			40.5454595512489	-23.3215435740381
			40.5304036806395	-23.3365994446476
			40.5304036806395	-23.351655315257
			40.5304036806395	-23.3667111858665
			40.5304036806395	-23.3817670564759
			40.5304036806395	-23.3968229270854
			40.5304036806395	-23.4118787976948
			40.5304036806395	-23.4269346683043
			40.5304036806395	-23.4419905389137
			40.5304036806395	-23.4570464095232
			40.5153478100301	-23.4570464095232
			40.5153478100301	-23.4721022801326
			40.5153478100301	-23.4871581507421
			40.5153478100301	-23.5022140213515
			40.5153478100301	-23.517269891961
			40.5153478100301	-23.5323257625704
			40.5153478100301	-23.5473816331799
			40.5002919394206	-23.5624375037893
			40.5002919394206	-23.5774933743988
			40.4852360688111	-23.5925492450082
			40.4852360688111	-23.6076051156177
			40.4701801982017	-23.6226609862271
			40.4701801982017	-23.6377168568366
			40.4551243275922	-23.652772727446
			40.4551243275922	-23.6678285980555
			40.4400684569828	-23.6828844686649
			40.4400684569828	-23.6979403392744
			40.4250125863733	-23.7129962098838
			40.4099567157639	-23.7280520804933
			40.4099567157639	-23.7431079511027
			40.3949008451544	-23.7581638217122
			40.379844974545	-23.7732196923216
			40.379844974545	-23.7882755629311
			40.379844974545	-23.8033314335405
			40.3647891039355	-23.8033314335405
			40.3647891039355	-23.81838730415
			40.3497332333261	-23.8334431747594
			40.3346773627166	-23.8484990453689
			40.3346773627166	-23.8635549159783
			40.3196214921072	-23.8786107865878
			40.3045656214977	-23.8936666571972
			40.2895097508883	-23.9087225278067
			40.2744538802788	-23.9237783984161
			40.2593980096694	-23.9388342690256
			40.2443421390599	-23.953890139635
			40.2292862684505	-23.9689460102445
			40.214230397841	-23.9840018808539
			40.1991745272316	-23.9990577514634
			40.1841186566221	-23.9990577514634
			40.1690627860127	-24.0141136220728
			40.1540069154032	-24.0141136220728
			40.1389510447938	-24.0141136220728
			40.1238951741843	-24.0291694926823
			40.1088393035749	-24.0291694926823
			40.0937834329654	-24.0291694926823
			40.078727562356	-24.0442253632917
			40.0636716917465	-24.0442253632917
			40.0486158211371	-24.0442253632917
			40.0335599505276	-24.0442253632917
			40.0185040799182	-24.0592812339012
			40.0034482093087	-24.0592812339012
			39.9883923386993	-24.0592812339012
			39.9733364680898	-24.0592812339012
			39.9582805974804	-24.0743371045106
			39.9432247268709	-24.0743371045106
			39.9281688562615	-24.0743371045106
			39.913112985652	-24.0743371045106
			39.8980571150426	-24.0893929751201
			39.8830012444331	-24.0893929751201
			39.8679453738237	-24.0893929751201
			39.8528895032142	-24.1044488457295
			39.8378336326048	-24.1044488457295
			39.8227777619953	-24.119504716339
			39.8227777619953	-24.1345605869484
			39.8077218913859	-24.1345605869484
			39.7926660207764	-24.1496164575579
			39.7926660207764	-24.1646723281673
			39.777610150167	-24.1797281987768
			39.7625542795575	-24.1797281987768
			39.7625542795575	-24.1947840693862
			39.7474984089481	-24.2098399399957
			39.7474984089481	-24.2248958106051
			39.7324425383386	-24.2399516812146
			39.7324425383386	-24.255007551824
			39.7173866677292	-24.2700634224335
			39.7023307971197	-24.2851192930429
			39.7023307971197	-24.3001751636524
			39.7023307971197	-24.3152310342618
			39.6872749265103	-24.3302869048713
		</Outline4>
	</curves.scaled>
	<ruler.points type=matrix rownames=TRUE colnames=FALSE nrow=2 ncol=2 as.numeric=TRUE >
		Ruler point 1	3907	2565
		Ruler point 2	3243	2581
	</ruler.points>
</shapes>

