<shapes type=list>
	<ruler.pixel type=vector names=FALSE length=1 as.numeric=TRUE >660.193910908</ruler.pixel>
	<ruler.interval type=vector names=FALSE length=1 as.numeric=TRUE >10</ruler.interval>
	<scaling.units type=vector names=FALSE length=1 as.numeric=FALSE >mm</scaling.units>
	<scaling type=vector names=FALSE length=1 as.numeric=TRUE >0.0151470648771154</scaling>
	<landmarks.pixel type=matrix rownames=TRUE colnames=FALSE nrow=4 ncol=2 as.numeric=TRUE >
		Labial	2183	1713
		Posterior	2115	1640
		Lingual	2181	1560
		Anterior	2248	1637
	</landmarks.pixel>
	<landmarks.scaled type=matrix rownames=TRUE colnames=FALSE nrow=4 ncol=2 as.numeric=TRUE >
		Labial	33.0660426267429	-25.9469221344986
		Posterior	32.036042215099	-24.8411863984692
		Lingual	33.0357484969886	-23.6294212083
		Anterior	34.0506018437554	-24.7957452038379
	</landmarks.scaled>
	<curves.control type=list>
		<Outline1 type=matrix rownames=FALSE colnames=FALSE nrow=19 ncol=2 as.numeric=TRUE >
			2183	1713
			2177	1715
			2170	1716
			2163	1716
			2155	1716
			2149	1716
			2144	1714
			2139	1711
			2134	1708
			2130	1704
			2126	1699
			2123	1695
			2120	1689
			2117	1683
			2116	1675
			2116	1669
			2116	1661
			2115	1652
			2115	1640
		</Outline1>
		<Outline2 type=matrix rownames=FALSE colnames=FALSE nrow=19 ncol=2 as.numeric=TRUE >
			2115	1640
			2116	1632
			2118	1623
			2119	1613
			2121	1604
			2122	1596
			2123	1590
			2125	1584
			2131	1578
			2136	1575
			2142	1571
			2147	1569
			2152	1568
			2157	1567
			2161	1567
			2167	1566
			2172	1563
			2177	1561
			2181	1560
		</Outline2>
		<Outline3 type=matrix rownames=FALSE colnames=FALSE nrow=21 ncol=2 as.numeric=TRUE >
			2181	1560
			2188	1559
			2195	1559
			2202	1559
			2209	1559
			2215	1561
			2222	1564
			2227	1569
			2231	1575
			2234	1580
			2237	1585
			2239	1590
			2242	1596
			2244	1601
			2246	1606
			2247	1612
			2247	1619
			2249	1624
			2249	1628
			2249	1632
			2248	1637
		</Outline3>
		<Outline4 type=matrix rownames=FALSE colnames=FALSE nrow=23 ncol=2 as.numeric=TRUE >
			2248	1637
			2246	1643
			2244	1650
			2243	1657
			2241	1662
			2240	1668
			2239	1674
			2237	1680
			2236	1685
			2234	1690
			2233	1695
			2231	1700
			2229	1705
			2226	1708
			2222	1711
			2217	1713
			2211	1715
			2207	1716
			2202	1716
			2197	1715
			2193	1713
			2188	1712
			2183	1713
		</Outline4>
	</curves.control>
	<curves.pixel type=list>
		<Outline1 type=matrix rownames=FALSE colnames=FALSE nrow=120 ncol=2 as.numeric=TRUE >
			2183	1713
			2182	1713
			2181	1714
			2180	1714
			2179	1714
			2178	1715
			2177	1715
			2176	1715
			2175	1715
			2174	1715
			2173	1716
			2172	1716
			2171	1716
			2170	1716
			2169	1716
			2168	1716
			2167	1716
			2166	1716
			2165	1716
			2164	1716
			2163	1716
			2162	1716
			2161	1716
			2160	1716
			2159	1716
			2158	1716
			2157	1716
			2156	1716
			2155	1716
			2154	1716
			2153	1716
			2152	1716
			2151	1716
			2150	1716
			2149	1715
			2148	1715
			2147	1715
			2146	1715
			2145	1715
			2145	1714
			2144	1714
			2143	1713
			2142	1713
			2141	1712
			2140	1712
			2139	1711
			2138	1710
			2137	1710
			2136	1709
			2135	1709
			2134	1708
			2133	1707
			2132	1706
			2131	1705
			2130	1704
			2129	1703
			2128	1702
			2127	1701
			2127	1700
			2126	1699
			2125	1698
			2124	1697
			2124	1696
			2123	1695
			2123	1694
			2122	1693
			2122	1692
			2121	1692
			2121	1691
			2121	1690
			2120	1689
			2119	1688
			2119	1687
			2119	1686
			2118	1685
			2118	1684
			2118	1683
			2117	1682
			2117	1681
			2117	1680
			2117	1679
			2117	1678
			2116	1677
			2116	1676
			2116	1675
			2116	1674
			2116	1673
			2116	1672
			2116	1671
			2116	1670
			2116	1669
			2116	1668
			2116	1667
			2116	1666
			2116	1665
			2116	1664
			2116	1663
			2116	1662
			2116	1661
			2116	1660
			2116	1659
			2116	1658
			2116	1657
			2116	1656
			2115	1655
			2115	1654
			2115	1653
			2115	1652
			2115	1651
			2115	1650
			2115	1649
			2115	1648
			2115	1647
			2115	1646
			2115	1645
			2115	1644
			2115	1643
			2115	1642
			2115	1641
			2115	1640
		</Outline1>
		<Outline2 type=matrix rownames=FALSE colnames=FALSE nrow=117 ncol=2 as.numeric=TRUE >
			2115	1640
			2115	1639
			2115	1638
			2115	1637
			2116	1636
			2116	1635
			2116	1634
			2116	1633
			2116	1632
			2116	1631
			2117	1630
			2117	1629
			2117	1628
			2117	1627
			2117	1626
			2117	1625
			2118	1624
			2118	1623
			2118	1622
			2118	1621
			2118	1620
			2118	1619
			2119	1618
			2119	1617
			2119	1616
			2119	1615
			2119	1614
			2119	1613
			2119	1612
			2120	1611
			2120	1610
			2120	1609
			2120	1608
			2120	1607
			2121	1606
			2121	1605
			2121	1604
			2121	1603
			2121	1602
			2121	1601
			2121	1600
			2122	1600
			2122	1599
			2122	1598
			2122	1597
			2122	1596
			2122	1595
			2122	1594
			2123	1593
			2123	1592
			2123	1591
			2123	1590
			2123	1589
			2124	1588
			2124	1587
			2125	1586
			2125	1585
			2126	1584
			2127	1583
			2127	1582
			2128	1581
			2129	1580
			2130	1579
			2131	1578
			2132	1577
			2133	1577
			2134	1576
			2135	1575
			2136	1575
			2137	1574
			2138	1573
			2139	1573
			2140	1572
			2141	1572
			2142	1571
			2143	1571
			2144	1570
			2145	1570
			2146	1569
			2147	1569
			2148	1569
			2149	1569
			2150	1568
			2151	1568
			2152	1568
			2153	1568
			2154	1568
			2155	1567
			2156	1567
			2157	1567
			2158	1567
			2159	1567
			2160	1567
			2161	1567
			2162	1567
			2163	1567
			2164	1566
			2165	1566
			2166	1566
			2167	1565
			2168	1565
			2169	1565
			2170	1564
			2171	1564
			2171	1563
			2172	1563
			2173	1563
			2174	1562
			2175	1562
			2176	1562
			2176	1561
			2177	1561
			2178	1561
			2179	1561
			2179	1560
			2180	1560
			2181	1560
		</Outline2>
		<Outline3 type=matrix rownames=FALSE colnames=FALSE nrow=118 ncol=2 as.numeric=TRUE >
			2181	1560
			2182	1560
			2183	1560
			2184	1560
			2185	1559
			2186	1559
			2187	1559
			2188	1559
			2189	1559
			2190	1559
			2191	1559
			2192	1559
			2193	1559
			2194	1559
			2195	1559
			2196	1559
			2197	1559
			2198	1559
			2199	1559
			2200	1559
			2201	1559
			2202	1559
			2203	1559
			2204	1559
			2205	1559
			2206	1559
			2207	1559
			2208	1559
			2209	1559
			2210	1559
			2211	1560
			2212	1560
			2213	1560
			2213	1561
			2214	1561
			2215	1561
			2216	1562
			2217	1562
			2218	1562
			2219	1563
			2220	1563
			2221	1564
			2222	1564
			2223	1565
			2224	1566
			2225	1567
			2226	1568
			2226	1569
			2227	1570
			2228	1571
			2229	1572
			2229	1573
			2230	1574
			2231	1575
			2231	1576
			2232	1576
			2232	1577
			2233	1578
			2233	1579
			2234	1580
			2234	1581
			2235	1582
			2236	1583
			2237	1584
			2237	1585
			2238	1586
			2238	1587
			2238	1588
			2239	1589
			2239	1590
			2240	1591
			2240	1592
			2240	1593
			2241	1594
			2242	1595
			2242	1596
			2242	1597
			2243	1598
			2243	1599
			2244	1600
			2244	1601
			2244	1602
			2245	1603
			2245	1604
			2246	1605
			2246	1606
			2246	1607
			2246	1608
			2246	1609
			2247	1610
			2247	1611
			2247	1612
			2247	1613
			2247	1614
			2247	1615
			2247	1616
			2247	1617
			2247	1618
			2247	1619
			2247	1620
			2248	1620
			2248	1621
			2248	1622
			2248	1623
			2249	1624
			2249	1625
			2249	1626
			2249	1627
			2249	1628
			2249	1629
			2249	1630
			2249	1631
			2249	1632
			2249	1633
			2249	1634
			2248	1635
			2248	1636
			2248	1637
		</Outline3>
		<Outline4 type=matrix rownames=FALSE colnames=FALSE nrow=117 ncol=2 as.numeric=TRUE >
			2248	1637
			2248	1638
			2247	1639
			2247	1640
			2247	1641
			2246	1642
			2246	1643
			2246	1644
			2246	1645
			2245	1646
			2245	1647
			2245	1648
			2244	1648
			2244	1649
			2244	1650
			2244	1651
			2244	1652
			2244	1653
			2243	1654
			2243	1655
			2243	1656
			2243	1657
			2242	1658
			2242	1659
			2242	1660
			2241	1661
			2241	1662
			2241	1663
			2241	1664
			2240	1665
			2240	1666
			2240	1667
			2240	1668
			2240	1669
			2240	1670
			2240	1671
			2239	1672
			2239	1673
			2239	1674
			2239	1675
			2238	1676
			2238	1677
			2238	1678
			2237	1679
			2237	1680
			2237	1681
			2237	1682
			2236	1683
			2236	1684
			2236	1685
			2236	1686
			2235	1687
			2235	1688
			2234	1689
			2234	1690
			2234	1691
			2234	1692
			2233	1693
			2233	1694
			2233	1695
			2233	1696
			2232	1697
			2232	1698
			2231	1699
			2231	1700
			2231	1701
			2230	1702
			2230	1703
			2229	1704
			2229	1705
			2228	1706
			2227	1707
			2226	1708
			2225	1709
			2224	1709
			2223	1710
			2222	1711
			2221	1711
			2220	1712
			2219	1712
			2218	1713
			2217	1713
			2216	1713
			2215	1714
			2214	1714
			2213	1714
			2212	1715
			2211	1715
			2210	1715
			2209	1715
			2208	1716
			2207	1716
			2206	1716
			2205	1716
			2204	1716
			2203	1716
			2202	1716
			2201	1716
			2200	1716
			2199	1715
			2198	1715
			2197	1715
			2197	1714
			2196	1714
			2195	1714
			2194	1713
			2193	1713
			2192	1713
			2191	1713
			2190	1713
			2189	1713
			2188	1713
			2187	1713
			2186	1713
			2185	1713
			2184	1713
			2183	1713
		</Outline4>
	</curves.pixel>
	<curves.scaled type=list>
		<Outline1 type=matrix rownames=FALSE colnames=FALSE nrow=120 ncol=2 as.numeric=TRUE >
			33.0660426267429	-25.9469221344986
			33.0508955618657	-25.9469221344986
			33.0357484969886	-25.9620691993758
			33.0206014321115	-25.9620691993758
			33.0054543672344	-25.9620691993758
			32.9903073023573	-25.9772162642529
			32.9751602374802	-25.9772162642529
			32.9600131726031	-25.9772162642529
			32.9448661077259	-25.9772162642529
			32.9297190428488	-25.9772162642529
			32.9145719779717	-25.99236332913
			32.8994249130946	-25.99236332913
			32.8842778482175	-25.99236332913
			32.8691307833404	-25.99236332913
			32.8539837184632	-25.99236332913
			32.8388366535861	-25.99236332913
			32.823689588709	-25.99236332913
			32.8085425238319	-25.99236332913
			32.7933954589548	-25.99236332913
			32.7782483940777	-25.99236332913
			32.7631013292006	-25.99236332913
			32.7479542643234	-25.99236332913
			32.7328071994463	-25.99236332913
			32.7176601345692	-25.99236332913
			32.7025130696921	-25.99236332913
			32.687366004815	-25.99236332913
			32.6722189399379	-25.99236332913
			32.6570718750607	-25.99236332913
			32.6419248101836	-25.99236332913
			32.6267777453065	-25.99236332913
			32.6116306804294	-25.99236332913
			32.5964836155523	-25.99236332913
			32.5813365506752	-25.99236332913
			32.5661894857981	-25.99236332913
			32.5510424209209	-25.9772162642529
			32.5358953560438	-25.9772162642529
			32.5207482911667	-25.9772162642529
			32.5056012262896	-25.9772162642529
			32.4904541614125	-25.9772162642529
			32.4904541614125	-25.9620691993758
			32.4753070965354	-25.9620691993758
			32.4601600316582	-25.9469221344986
			32.4450129667811	-25.9469221344986
			32.429865901904	-25.9317750696215
			32.4147188370269	-25.9317750696215
			32.3995717721498	-25.9166280047444
			32.3844247072727	-25.9014809398673
			32.3692776423956	-25.9014809398673
			32.3541305775184	-25.8863338749902
			32.3389835126413	-25.8863338749902
			32.3238364477642	-25.8711868101131
			32.3086893828871	-25.8560397452359
			32.29354231801	-25.8408926803588
			32.2783952531329	-25.8257456154817
			32.2632481882557	-25.8105985506046
			32.2481011233786	-25.7954514857275
			32.2329540585015	-25.7803044208504
			32.2178069936244	-25.7651573559733
			32.2178069936244	-25.7500102910961
			32.2026599287473	-25.734863226219
			32.1875128638702	-25.7197161613419
			32.1723657989931	-25.7045690964648
			32.1723657989931	-25.6894220315877
			32.1572187341159	-25.6742749667106
			32.1572187341159	-25.6591279018334
			32.1420716692388	-25.6439808369563
			32.1420716692388	-25.6288337720792
			32.1269246043617	-25.6288337720792
			32.1269246043617	-25.6136867072021
			32.1269246043617	-25.598539642325
			32.1117775394846	-25.5833925774479
			32.0966304746075	-25.5682455125708
			32.0966304746075	-25.5530984476936
			32.0966304746075	-25.5379513828165
			32.0814834097304	-25.5228043179394
			32.0814834097304	-25.5076572530623
			32.0814834097304	-25.4925101881852
			32.0663363448532	-25.4773631233081
			32.0663363448532	-25.4622160584309
			32.0663363448532	-25.4470689935538
			32.0663363448532	-25.4319219286767
			32.0663363448532	-25.4167748637996
			32.0511892799761	-25.4016277989225
			32.0511892799761	-25.3864807340454
			32.0511892799761	-25.3713336691683
			32.0511892799761	-25.3561866042911
			32.0511892799761	-25.341039539414
			32.0511892799761	-25.3258924745369
			32.0511892799761	-25.3107454096598
			32.0511892799761	-25.2955983447827
			32.0511892799761	-25.2804512799056
			32.0511892799761	-25.2653042150284
			32.0511892799761	-25.2501571501513
			32.0511892799761	-25.2350100852742
			32.0511892799761	-25.2198630203971
			32.0511892799761	-25.20471595552
			32.0511892799761	-25.1895688906429
			32.0511892799761	-25.1744218257658
			32.0511892799761	-25.1592747608886
			32.0511892799761	-25.1441276960115
			32.0511892799761	-25.1289806311344
			32.0511892799761	-25.1138335662573
			32.0511892799761	-25.0986865013802
			32.0511892799761	-25.0835394365031
			32.036042215099	-25.0683923716259
			32.036042215099	-25.0532453067488
			32.036042215099	-25.0380982418717
			32.036042215099	-25.0229511769946
			32.036042215099	-25.0078041121175
			32.036042215099	-24.9926570472404
			32.036042215099	-24.9775099823633
			32.036042215099	-24.9623629174861
			32.036042215099	-24.947215852609
			32.036042215099	-24.9320687877319
			32.036042215099	-24.9169217228548
			32.036042215099	-24.9017746579777
			32.036042215099	-24.8866275931006
			32.036042215099	-24.8714805282234
			32.036042215099	-24.8563334633463
			32.036042215099	-24.8411863984692
		</Outline1>
		<Outline2 type=matrix rownames=FALSE colnames=FALSE nrow=117 ncol=2 as.numeric=TRUE >
			32.036042215099	-24.8411863984692
			32.036042215099	-24.8260393335921
			32.036042215099	-24.810892268715
			32.036042215099	-24.7957452038379
			32.0511892799761	-24.7805981389608
			32.0511892799761	-24.7654510740836
			32.0511892799761	-24.7503040092065
			32.0511892799761	-24.7351569443294
			32.0511892799761	-24.7200098794523
			32.0511892799761	-24.7048628145752
			32.0663363448532	-24.6897157496981
			32.0663363448532	-24.6745686848209
			32.0663363448532	-24.6594216199438
			32.0663363448532	-24.6442745550667
			32.0663363448532	-24.6291274901896
			32.0663363448532	-24.6139804253125
			32.0814834097304	-24.5988333604354
			32.0814834097304	-24.5836862955583
			32.0814834097304	-24.5685392306811
			32.0814834097304	-24.553392165804
			32.0814834097304	-24.5382451009269
			32.0814834097304	-24.5230980360498
			32.0966304746075	-24.5079509711727
			32.0966304746075	-24.4928039062956
			32.0966304746075	-24.4776568414184
			32.0966304746075	-24.4625097765413
			32.0966304746075	-24.4473627116642
			32.0966304746075	-24.4322156467871
			32.0966304746075	-24.41706858191
			32.1117775394846	-24.4019215170329
			32.1117775394846	-24.3867744521558
			32.1117775394846	-24.3716273872786
			32.1117775394846	-24.3564803224015
			32.1117775394846	-24.3413332575244
			32.1269246043617	-24.3261861926473
			32.1269246043617	-24.3110391277702
			32.1269246043617	-24.2958920628931
			32.1269246043617	-24.2807449980159
			32.1269246043617	-24.2655979331388
			32.1269246043617	-24.2504508682617
			32.1269246043617	-24.2353038033846
			32.1420716692388	-24.2353038033846
			32.1420716692388	-24.2201567385075
			32.1420716692388	-24.2050096736304
			32.1420716692388	-24.1898626087533
			32.1420716692388	-24.1747155438761
			32.1420716692388	-24.159568478999
			32.1420716692388	-24.1444214141219
			32.1572187341159	-24.1292743492448
			32.1572187341159	-24.1141272843677
			32.1572187341159	-24.0989802194906
			32.1572187341159	-24.0838331546134
			32.1572187341159	-24.0686860897363
			32.1723657989931	-24.0535390248592
			32.1723657989931	-24.0383919599821
			32.1875128638702	-24.023244895105
			32.1875128638702	-24.0080978302279
			32.2026599287473	-23.9929507653508
			32.2178069936244	-23.9778037004736
			32.2178069936244	-23.9626566355965
			32.2329540585015	-23.9475095707194
			32.2481011233786	-23.9323625058423
			32.2632481882557	-23.9172154409652
			32.2783952531329	-23.9020683760881
			32.29354231801	-23.8869213112109
			32.3086893828871	-23.8869213112109
			32.3238364477642	-23.8717742463338
			32.3389835126413	-23.8566271814567
			32.3541305775184	-23.8566271814567
			32.3692776423956	-23.8414801165796
			32.3844247072727	-23.8263330517025
			32.3995717721498	-23.8263330517025
			32.4147188370269	-23.8111859868254
			32.429865901904	-23.8111859868254
			32.4450129667811	-23.7960389219483
			32.4601600316582	-23.7960389219483
			32.4753070965354	-23.7808918570711
			32.4904541614125	-23.7808918570711
			32.5056012262896	-23.765744792194
			32.5207482911667	-23.765744792194
			32.5358953560438	-23.765744792194
			32.5510424209209	-23.765744792194
			32.5661894857981	-23.7505977273169
			32.5813365506752	-23.7505977273169
			32.5964836155523	-23.7505977273169
			32.6116306804294	-23.7505977273169
			32.6267777453065	-23.7505977273169
			32.6419248101836	-23.7354506624398
			32.6570718750607	-23.7354506624398
			32.6722189399379	-23.7354506624398
			32.687366004815	-23.7354506624398
			32.7025130696921	-23.7354506624398
			32.7176601345692	-23.7354506624398
			32.7328071994463	-23.7354506624398
			32.7479542643234	-23.7354506624398
			32.7631013292006	-23.7354506624398
			32.7782483940777	-23.7203035975627
			32.7933954589548	-23.7203035975627
			32.8085425238319	-23.7203035975627
			32.823689588709	-23.7051565326856
			32.8388366535861	-23.7051565326856
			32.8539837184632	-23.7051565326856
			32.8691307833404	-23.6900094678084
			32.8842778482175	-23.6900094678084
			32.8842778482175	-23.6748624029313
			32.8994249130946	-23.6748624029313
			32.9145719779717	-23.6748624029313
			32.9297190428488	-23.6597153380542
			32.9448661077259	-23.6597153380542
			32.9600131726031	-23.6597153380542
			32.9600131726031	-23.6445682731771
			32.9751602374802	-23.6445682731771
			32.9903073023573	-23.6445682731771
			33.0054543672344	-23.6445682731771
			33.0054543672344	-23.6294212083
			33.0206014321115	-23.6294212083
			33.0357484969886	-23.6294212083
		</Outline2>
		<Outline3 type=matrix rownames=FALSE colnames=FALSE nrow=118 ncol=2 as.numeric=TRUE >
			33.0357484969886	-23.6294212083
			33.0508955618657	-23.6294212083
			33.0660426267429	-23.6294212083
			33.08118969162	-23.6294212083
			33.0963367564971	-23.6142741434229
			33.1114838213742	-23.6142741434229
			33.1266308862513	-23.6142741434229
			33.1417779511284	-23.6142741434229
			33.1569250160056	-23.6142741434229
			33.1720720808827	-23.6142741434229
			33.1872191457598	-23.6142741434229
			33.2023662106369	-23.6142741434229
			33.217513275514	-23.6142741434229
			33.2326603403911	-23.6142741434229
			33.2478074052682	-23.6142741434229
			33.2629544701454	-23.6142741434229
			33.2781015350225	-23.6142741434229
			33.2932485998996	-23.6142741434229
			33.3083956647767	-23.6142741434229
			33.3235427296538	-23.6142741434229
			33.3386897945309	-23.6142741434229
			33.3538368594081	-23.6142741434229
			33.3689839242852	-23.6142741434229
			33.3841309891623	-23.6142741434229
			33.3992780540394	-23.6142741434229
			33.4144251189165	-23.6142741434229
			33.4295721837936	-23.6142741434229
			33.4447192486707	-23.6142741434229
			33.4598663135479	-23.6142741434229
			33.475013378425	-23.6142741434229
			33.4901604433021	-23.6294212083
			33.5053075081792	-23.6294212083
			33.5204545730563	-23.6294212083
			33.5204545730563	-23.6445682731771
			33.5356016379334	-23.6445682731771
			33.5507487028106	-23.6445682731771
			33.5658957676877	-23.6597153380542
			33.5810428325648	-23.6597153380542
			33.5961898974419	-23.6597153380542
			33.611336962319	-23.6748624029313
			33.6264840271961	-23.6748624029313
			33.6416310920732	-23.6900094678084
			33.6567781569504	-23.6900094678084
			33.6719252218275	-23.7051565326856
			33.6870722867046	-23.7203035975627
			33.7022193515817	-23.7354506624398
			33.7173664164588	-23.7505977273169
			33.7173664164588	-23.765744792194
			33.7325134813359	-23.7808918570711
			33.7476605462131	-23.7960389219483
			33.7628076110902	-23.8111859868254
			33.7628076110902	-23.8263330517025
			33.7779546759673	-23.8414801165796
			33.7931017408444	-23.8566271814567
			33.7931017408444	-23.8717742463338
			33.8082488057215	-23.8717742463338
			33.8082488057215	-23.8869213112109
			33.8233958705986	-23.9020683760881
			33.8233958705986	-23.9172154409652
			33.8385429354757	-23.9323625058423
			33.8385429354757	-23.9475095707194
			33.8536900003529	-23.9626566355965
			33.86883706523	-23.9778037004736
			33.8839841301071	-23.9929507653508
			33.8839841301071	-24.0080978302279
			33.8991311949842	-24.023244895105
			33.8991311949842	-24.0383919599821
			33.8991311949842	-24.0535390248592
			33.9142782598613	-24.0686860897363
			33.9142782598613	-24.0838331546134
			33.9294253247384	-24.0989802194906
			33.9294253247384	-24.1141272843677
			33.9294253247384	-24.1292743492448
			33.9445723896156	-24.1444214141219
			33.9597194544927	-24.159568478999
			33.9597194544927	-24.1747155438761
			33.9597194544927	-24.1898626087533
			33.9748665193698	-24.2050096736304
			33.9748665193698	-24.2201567385075
			33.9900135842469	-24.2353038033846
			33.9900135842469	-24.2504508682617
			33.9900135842469	-24.2655979331388
			34.005160649124	-24.2807449980159
			34.005160649124	-24.2958920628931
			34.0203077140011	-24.3110391277702
			34.0203077140011	-24.3261861926473
			34.0203077140011	-24.3413332575244
			34.0203077140011	-24.3564803224015
			34.0203077140011	-24.3716273872786
			34.0354547788782	-24.3867744521558
			34.0354547788782	-24.4019215170329
			34.0354547788782	-24.41706858191
			34.0354547788782	-24.4322156467871
			34.0354547788782	-24.4473627116642
			34.0354547788782	-24.4625097765413
			34.0354547788782	-24.4776568414184
			34.0354547788782	-24.4928039062956
			34.0354547788782	-24.5079509711727
			34.0354547788782	-24.5230980360498
			34.0354547788782	-24.5382451009269
			34.0506018437554	-24.5382451009269
			34.0506018437554	-24.553392165804
			34.0506018437554	-24.5685392306811
			34.0506018437554	-24.5836862955583
			34.0657489086325	-24.5988333604354
			34.0657489086325	-24.6139804253125
			34.0657489086325	-24.6291274901896
			34.0657489086325	-24.6442745550667
			34.0657489086325	-24.6594216199438
			34.0657489086325	-24.6745686848209
			34.0657489086325	-24.6897157496981
			34.0657489086325	-24.7048628145752
			34.0657489086325	-24.7200098794523
			34.0657489086325	-24.7351569443294
			34.0657489086325	-24.7503040092065
			34.0506018437554	-24.7654510740836
			34.0506018437554	-24.7805981389608
			34.0506018437554	-24.7957452038379
		</Outline3>
		<Outline4 type=matrix rownames=FALSE colnames=FALSE nrow=117 ncol=2 as.numeric=TRUE >
			34.0506018437554	-24.7957452038379
			34.0506018437554	-24.810892268715
			34.0354547788782	-24.8260393335921
			34.0354547788782	-24.8411863984692
			34.0354547788782	-24.8563334633463
			34.0203077140011	-24.8714805282234
			34.0203077140011	-24.8866275931006
			34.0203077140011	-24.9017746579777
			34.0203077140011	-24.9169217228548
			34.005160649124	-24.9320687877319
			34.005160649124	-24.947215852609
			34.005160649124	-24.9623629174861
			33.9900135842469	-24.9623629174861
			33.9900135842469	-24.9775099823633
			33.9900135842469	-24.9926570472404
			33.9900135842469	-25.0078041121175
			33.9900135842469	-25.0229511769946
			33.9900135842469	-25.0380982418717
			33.9748665193698	-25.0532453067488
			33.9748665193698	-25.0683923716259
			33.9748665193698	-25.0835394365031
			33.9748665193698	-25.0986865013802
			33.9597194544927	-25.1138335662573
			33.9597194544927	-25.1289806311344
			33.9597194544927	-25.1441276960115
			33.9445723896156	-25.1592747608886
			33.9445723896156	-25.1744218257658
			33.9445723896156	-25.1895688906429
			33.9445723896156	-25.20471595552
			33.9294253247384	-25.2198630203971
			33.9294253247384	-25.2350100852742
			33.9294253247384	-25.2501571501513
			33.9294253247384	-25.2653042150284
			33.9294253247384	-25.2804512799056
			33.9294253247384	-25.2955983447827
			33.9294253247384	-25.3107454096598
			33.9142782598613	-25.3258924745369
			33.9142782598613	-25.341039539414
			33.9142782598613	-25.3561866042911
			33.9142782598613	-25.3713336691683
			33.8991311949842	-25.3864807340454
			33.8991311949842	-25.4016277989225
			33.8991311949842	-25.4167748637996
			33.8839841301071	-25.4319219286767
			33.8839841301071	-25.4470689935538
			33.8839841301071	-25.4622160584309
			33.8839841301071	-25.4773631233081
			33.86883706523	-25.4925101881852
			33.86883706523	-25.5076572530623
			33.86883706523	-25.5228043179394
			33.86883706523	-25.5379513828165
			33.8536900003529	-25.5530984476936
			33.8536900003529	-25.5682455125708
			33.8385429354757	-25.5833925774479
			33.8385429354757	-25.598539642325
			33.8385429354757	-25.6136867072021
			33.8385429354757	-25.6288337720792
			33.8233958705986	-25.6439808369563
			33.8233958705986	-25.6591279018334
			33.8233958705986	-25.6742749667106
			33.8233958705986	-25.6894220315877
			33.8082488057215	-25.7045690964648
			33.8082488057215	-25.7197161613419
			33.7931017408444	-25.734863226219
			33.7931017408444	-25.7500102910961
			33.7931017408444	-25.7651573559733
			33.7779546759673	-25.7803044208504
			33.7779546759673	-25.7954514857275
			33.7628076110902	-25.8105985506046
			33.7628076110902	-25.8257456154817
			33.7476605462131	-25.8408926803588
			33.7325134813359	-25.8560397452359
			33.7173664164588	-25.8711868101131
			33.7022193515817	-25.8863338749902
			33.6870722867046	-25.8863338749902
			33.6719252218275	-25.9014809398673
			33.6567781569504	-25.9166280047444
			33.6416310920732	-25.9166280047444
			33.6264840271961	-25.9317750696215
			33.611336962319	-25.9317750696215
			33.5961898974419	-25.9469221344986
			33.5810428325648	-25.9469221344986
			33.5658957676877	-25.9469221344986
			33.5507487028106	-25.9620691993758
			33.5356016379334	-25.9620691993758
			33.5204545730563	-25.9620691993758
			33.5053075081792	-25.9772162642529
			33.4901604433021	-25.9772162642529
			33.475013378425	-25.9772162642529
			33.4598663135479	-25.9772162642529
			33.4447192486707	-25.99236332913
			33.4295721837936	-25.99236332913
			33.4144251189165	-25.99236332913
			33.3992780540394	-25.99236332913
			33.3841309891623	-25.99236332913
			33.3689839242852	-25.99236332913
			33.3538368594081	-25.99236332913
			33.3386897945309	-25.99236332913
			33.3235427296538	-25.99236332913
			33.3083956647767	-25.9772162642529
			33.2932485998996	-25.9772162642529
			33.2781015350225	-25.9772162642529
			33.2781015350225	-25.9620691993758
			33.2629544701454	-25.9620691993758
			33.2478074052682	-25.9620691993758
			33.2326603403911	-25.9469221344986
			33.217513275514	-25.9469221344986
			33.2023662106369	-25.9469221344986
			33.1872191457598	-25.9469221344986
			33.1720720808827	-25.9469221344986
			33.1569250160056	-25.9469221344986
			33.1417779511284	-25.9469221344986
			33.1266308862513	-25.9469221344986
			33.1114838213742	-25.9469221344986
			33.0963367564971	-25.9469221344986
			33.08118969162	-25.9469221344986
			33.0660426267429	-25.9469221344986
		</Outline4>
	</curves.scaled>
	<ruler.points type=matrix rownames=TRUE colnames=FALSE nrow=2 ncol=2 as.numeric=TRUE >
		Ruler point 1	3546	2571
		Ruler point 2	2886	2587
	</ruler.points>
</shapes>

