<shapes type=list>
	<ruler.pixel type=vector names=FALSE length=1 as.numeric=TRUE >571.042905568399</ruler.pixel>
	<ruler.interval type=vector names=FALSE length=1 as.numeric=TRUE >10</ruler.interval>
	<scaling.units type=vector names=FALSE length=1 as.numeric=FALSE >mm</scaling.units>
	<scaling type=vector names=FALSE length=1 as.numeric=TRUE >0.017511818993787</scaling>
	<landmarks.pixel type=matrix rownames=TRUE colnames=FALSE nrow=4 ncol=2 as.numeric=TRUE >
		Labial	2437	1779
		Posterior	2294	1726
		Lingual	2364	1590
		Anterior	2514	1643
	</landmarks.pixel>
	<landmarks.scaled type=matrix rownames=TRUE colnames=FALSE nrow=4 ncol=2 as.numeric=TRUE >
		Labial	42.6763028878589	-31.153525989947
		Posterior	40.1721127717473	-30.2253995832763
		Lingual	41.3979401013124	-27.8437922001213
		Anterior	44.0247129503805	-28.771918606792
	</landmarks.scaled>
	<curves.control type=list>
		<Outline1 type=matrix rownames=FALSE colnames=FALSE nrow=15 ncol=2 as.numeric=TRUE >
			2437	1779
			2429	1783
			2422	1789
			2414	1796
			2406	1805
			2397	1812
			2386	1818
			2374	1821
			2363	1824
			2350	1824
			2337	1820
			2325	1813
			2316	1804
			2309	1794
			2294	1726
		</Outline1>
		<Outline2 type=matrix rownames=FALSE colnames=FALSE nrow=17 ncol=2 as.numeric=TRUE >
			2294	1726
			2290	1702
			2287	1685
			2285	1671
			2285	1658
			2287	1642
			2293	1627
			2301	1617
			2309	1608
			2317	1603
			2324	1599
			2333	1595
			2344	1594
			2351	1593
			2357	1593
			2360	1591
			2364	1590
		</Outline2>
		<Outline3 type=matrix rownames=FALSE colnames=FALSE nrow=25 ncol=2 as.numeric=TRUE >
			2364	1590
			2370	1589
			2382	1589
			2389	1587
			2396	1585
			2403	1584
			2411	1583
			2418	1583
			2427	1583
			2435	1585
			2444	1586
			2454	1588
			2462	1589
			2471	1592
			2481	1599
			2486	1604
			2489	1609
			2494	1614
			2500	1619
			2503	1623
			2506	1628
			2509	1633
			2512	1638
			2513	1640
			2514	1643
		</Outline3>
		<Outline4 type=matrix rownames=FALSE colnames=FALSE nrow=25 ncol=2 as.numeric=TRUE >
			2514	1643
			2515	1647
			2518	1652
			2520	1659
			2522	1666
			2522	1671
			2522	1678
			2522	1683
			2520	1692
			2518	1700
			2516	1709
			2513	1717
			2511	1724
			2507	1729
			2503	1735
			2499	1739
			2494	1745
			2489	1750
			2482	1756
			2475	1760
			2468	1763
			2461	1767
			2454	1769
			2447	1772
			2437	1779
		</Outline4>
	</curves.control>
	<curves.pixel type=list>
		<Outline1 type=matrix rownames=FALSE colnames=FALSE nrow=211 ncol=2 as.numeric=TRUE >
			2437	1779
			2436	1779
			2436	1780
			2435	1780
			2434	1781
			2433	1781
			2432	1782
			2431	1782
			2431	1783
			2430	1783
			2429	1783
			2429	1784
			2428	1784
			2427	1785
			2426	1786
			2425	1787
			2424	1787
			2423	1788
			2422	1789
			2421	1790
			2420	1791
			2419	1792
			2418	1793
			2417	1794
			2416	1795
			2415	1795
			2415	1796
			2414	1796
			2413	1797
			2413	1798
			2412	1798
			2412	1799
			2411	1800
			2410	1800
			2410	1801
			2409	1802
			2408	1802
			2408	1803
			2407	1804
			2406	1805
			2405	1806
			2404	1806
			2403	1807
			2402	1808
			2401	1809
			2400	1810
			2399	1810
			2398	1811
			2397	1812
			2396	1812
			2395	1813
			2394	1813
			2393	1814
			2392	1814
			2391	1815
			2390	1815
			2390	1816
			2389	1816
			2388	1817
			2387	1817
			2386	1818
			2385	1818
			2384	1818
			2383	1819
			2382	1819
			2381	1819
			2380	1819
			2379	1820
			2378	1820
			2377	1820
			2376	1821
			2375	1821
			2374	1821
			2373	1821
			2372	1822
			2371	1822
			2370	1822
			2369	1822
			2368	1823
			2367	1823
			2366	1823
			2365	1823
			2364	1824
			2363	1824
			2362	1824
			2361	1824
			2360	1824
			2359	1824
			2358	1824
			2357	1824
			2356	1824
			2355	1824
			2354	1824
			2353	1823
			2352	1823
			2351	1823
			2350	1823
			2349	1823
			2348	1823
			2347	1822
			2346	1822
			2345	1822
			2344	1822
			2343	1822
			2342	1821
			2341	1821
			2340	1821
			2339	1821
			2338	1820
			2337	1820
			2336	1819
			2335	1819
			2334	1818
			2333	1817
			2332	1817
			2331	1816
			2330	1815
			2329	1815
			2328	1814
			2327	1813
			2326	1813
			2325	1812
			2324	1811
			2323	1811
			2322	1810
			2322	1809
			2321	1808
			2320	1808
			2319	1807
			2318	1806
			2317	1805
			2316	1804
			2315	1803
			2315	1802
			2314	1801
			2314	1800
			2313	1799
			2313	1798
			2313	1797
			2312	1796
			2312	1795
			2311	1794
			2311	1793
			2311	1792
			2310	1791
			2310	1790
			2310	1789
			2309	1788
			2309	1787
			2309	1786
			2309	1785
			2308	1784
			2308	1783
			2308	1782
			2307	1781
			2307	1780
			2307	1779
			2306	1778
			2306	1777
			2306	1776
			2306	1775
			2306	1774
			2305	1774
			2305	1773
			2305	1772
			2305	1771
			2304	1770
			2304	1769
			2304	1768
			2304	1767
			2303	1766
			2303	1765
			2303	1764
			2303	1763
			2302	1762
			2302	1761
			2302	1760
			2302	1759
			2301	1758
			2301	1757
			2301	1756
			2301	1755
			2300	1754
			2300	1753
			2300	1752
			2300	1751
			2300	1750
			2299	1749
			2299	1748
			2299	1747
			2299	1746
			2298	1745
			2298	1744
			2298	1743
			2298	1742
			2297	1741
			2297	1740
			2297	1739
			2297	1738
			2296	1737
			2296	1736
			2296	1735
			2296	1734
			2296	1733
			2295	1732
			2295	1731
			2295	1730
			2295	1729
			2294	1728
			2294	1727
			2294	1726
		</Outline1>
		<Outline2 type=matrix rownames=FALSE colnames=FALSE nrow=180 ncol=2 as.numeric=TRUE >
			2294	1726
			2294	1725
			2294	1724
			2293	1723
			2293	1722
			2293	1721
			2293	1720
			2293	1719
			2293	1718
			2293	1717
			2292	1716
			2292	1715
			2292	1714
			2292	1713
			2292	1712
			2291	1711
			2291	1710
			2291	1709
			2291	1708
			2291	1707
			2291	1706
			2290	1705
			2290	1704
			2290	1703
			2290	1702
			2290	1701
			2290	1700
			2289	1699
			2289	1698
			2289	1697
			2289	1696
			2289	1695
			2289	1694
			2288	1693
			2288	1692
			2288	1691
			2288	1690
			2288	1689
			2287	1688
			2287	1687
			2287	1686
			2287	1685
			2287	1684
			2287	1683
			2287	1682
			2286	1681
			2286	1680
			2286	1679
			2286	1678
			2286	1677
			2286	1676
			2286	1675
			2286	1674
			2286	1673
			2286	1672
			2286	1671
			2285	1671
			2285	1670
			2285	1669
			2285	1668
			2285	1667
			2285	1666
			2285	1665
			2285	1664
			2285	1663
			2285	1662
			2285	1661
			2285	1660
			2285	1659
			2285	1658
			2285	1657
			2285	1656
			2285	1655
			2286	1654
			2286	1653
			2286	1652
			2286	1651
			2286	1650
			2286	1649
			2287	1649
			2287	1648
			2287	1647
			2287	1646
			2287	1645
			2288	1644
			2288	1643
			2288	1642
			2288	1641
			2288	1640
			2289	1639
			2289	1638
			2290	1637
			2290	1636
			2290	1635
			2290	1634
			2291	1633
			2291	1632
			2292	1631
			2292	1630
			2292	1629
			2292	1628
			2293	1628
			2293	1627
			2293	1626
			2294	1626
			2294	1625
			2295	1625
			2295	1624
			2296	1623
			2297	1623
			2297	1622
			2298	1621
			2299	1620
			2300	1619
			2301	1618
			2301	1617
			2302	1616
			2303	1615
			2304	1614
			2305	1613
			2305	1612
			2306	1611
			2307	1610
			2308	1609
			2309	1608
			2310	1607
			2311	1607
			2312	1606
			2313	1605
			2314	1605
			2315	1604
			2316	1604
			2317	1603
			2318	1603
			2319	1602
			2320	1601
			2321	1601
			2322	1600
			2323	1599
			2324	1599
			2325	1599
			2326	1598
			2327	1598
			2328	1597
			2329	1597
			2330	1597
			2331	1596
			2332	1596
			2333	1596
			2334	1596
			2335	1595
			2336	1595
			2337	1595
			2338	1595
			2339	1595
			2340	1594
			2341	1594
			2342	1594
			2343	1594
			2344	1594
			2345	1594
			2346	1594
			2347	1594
			2348	1594
			2349	1593
			2350	1593
			2351	1593
			2352	1593
			2353	1593
			2354	1593
			2355	1593
			2356	1593
			2357	1593
			2358	1593
			2359	1592
			2360	1592
			2361	1591
			2362	1591
			2363	1590
			2364	1590
		</Outline2>
		<Outline3 type=matrix rownames=FALSE colnames=FALSE nrow=171 ncol=2 as.numeric=TRUE >
			2364	1590
			2365	1590
			2366	1590
			2367	1590
			2368	1590
			2369	1589
			2370	1589
			2371	1589
			2372	1589
			2373	1589
			2374	1589
			2375	1589
			2376	1589
			2377	1589
			2378	1589
			2379	1589
			2380	1589
			2381	1589
			2382	1589
			2383	1589
			2384	1588
			2385	1588
			2386	1588
			2387	1587
			2388	1587
			2389	1587
			2390	1587
			2391	1586
			2392	1586
			2393	1586
			2394	1586
			2395	1585
			2396	1585
			2397	1585
			2398	1585
			2399	1585
			2400	1584
			2401	1584
			2402	1584
			2403	1584
			2404	1584
			2405	1584
			2406	1584
			2407	1584
			2407	1583
			2408	1583
			2409	1583
			2410	1583
			2411	1583
			2412	1583
			2413	1583
			2414	1583
			2415	1583
			2416	1583
			2417	1583
			2418	1583
			2419	1583
			2420	1583
			2421	1583
			2422	1583
			2423	1583
			2424	1583
			2425	1583
			2426	1583
			2427	1583
			2428	1583
			2429	1584
			2430	1584
			2431	1584
			2432	1584
			2433	1584
			2434	1585
			2435	1585
			2436	1585
			2437	1585
			2438	1585
			2439	1585
			2440	1586
			2441	1586
			2442	1586
			2443	1586
			2444	1586
			2445	1586
			2446	1586
			2447	1587
			2448	1587
			2449	1587
			2450	1587
			2451	1587
			2452	1588
			2453	1588
			2454	1588
			2455	1588
			2456	1588
			2457	1588
			2458	1588
			2459	1589
			2460	1589
			2461	1589
			2462	1589
			2463	1590
			2464	1590
			2465	1590
			2466	1590
			2466	1591
			2467	1591
			2468	1591
			2468	1592
			2469	1592
			2470	1592
			2470	1593
			2471	1593
			2472	1593
			2473	1594
			2474	1595
			2475	1595
			2476	1596
			2477	1596
			2478	1597
			2479	1597
			2479	1598
			2480	1599
			2481	1599
			2482	1600
			2483	1601
			2484	1602
			2485	1603
			2485	1604
			2486	1604
			2486	1605
			2487	1606
			2488	1607
			2489	1608
			2489	1609
			2490	1610
			2491	1611
			2492	1612
			2493	1613
			2494	1614
			2495	1615
			2496	1616
			2497	1617
			2498	1617
			2499	1618
			2499	1619
			2500	1619
			2500	1620
			2501	1620
			2501	1621
			2502	1622
			2503	1623
			2503	1624
			2504	1625
			2505	1626
			2506	1627
			2506	1628
			2507	1629
			2507	1630
			2508	1631
			2509	1632
			2509	1633
			2509	1634
			2510	1635
			2511	1636
			2512	1637
			2512	1638
			2512	1639
			2513	1640
			2513	1641
			2514	1642
			2514	1643
		</Outline3>
		<Outline4 type=matrix rownames=FALSE colnames=FALSE nrow=165 ncol=2 as.numeric=TRUE >
			2514	1643
			2514	1644
			2514	1645
			2515	1646
			2515	1647
			2516	1648
			2517	1649
			2517	1650
			2517	1651
			2518	1652
			2518	1653
			2519	1654
			2519	1655
			2519	1656
			2520	1657
			2520	1658
			2520	1659
			2520	1660
			2521	1661
			2521	1662
			2521	1663
			2521	1664
			2522	1665
			2522	1666
			2522	1667
			2522	1668
			2522	1669
			2522	1670
			2522	1671
			2522	1672
			2522	1673
			2522	1674
			2522	1675
			2522	1676
			2522	1677
			2522	1678
			2522	1679
			2522	1680
			2522	1681
			2522	1682
			2522	1683
			2521	1684
			2521	1685
			2521	1686
			2521	1687
			2521	1688
			2521	1689
			2520	1690
			2520	1691
			2520	1692
			2520	1693
			2520	1694
			2519	1695
			2519	1696
			2519	1697
			2519	1698
			2518	1699
			2518	1700
			2518	1701
			2518	1702
			2517	1703
			2517	1704
			2517	1705
			2517	1706
			2516	1707
			2516	1708
			2516	1709
			2516	1710
			2515	1711
			2515	1712
			2515	1713
			2514	1714
			2514	1715
			2514	1716
			2513	1717
			2513	1718
			2513	1719
			2512	1719
			2512	1720
			2512	1721
			2512	1722
			2511	1723
			2511	1724
			2510	1725
			2509	1726
			2509	1727
			2508	1728
			2507	1729
			2506	1730
			2506	1731
			2505	1732
			2504	1733
			2504	1734
			2503	1735
			2502	1736
			2501	1737
			2500	1738
			2499	1739
			2498	1740
			2497	1741
			2496	1742
			2496	1743
			2495	1743
			2495	1744
			2494	1745
			2493	1746
			2492	1747
			2491	1748
			2490	1749
			2489	1750
			2488	1751
			2487	1751
			2486	1752
			2485	1753
			2484	1754
			2483	1755
			2482	1756
			2481	1756
			2480	1757
			2479	1758
			2478	1758
			2477	1759
			2476	1759
			2475	1760
			2474	1760
			2473	1761
			2472	1761
			2471	1762
			2470	1762
			2469	1763
			2468	1763
			2467	1763
			2467	1764
			2466	1764
			2465	1764
			2465	1765
			2464	1765
			2463	1765
			2463	1766
			2462	1766
			2461	1767
			2460	1767
			2459	1767
			2458	1768
			2457	1768
			2456	1768
			2455	1769
			2454	1769
			2453	1769
			2452	1770
			2451	1770
			2450	1771
			2449	1771
			2448	1772
			2447	1773
			2446	1773
			2445	1774
			2444	1775
			2443	1775
			2442	1776
			2441	1776
			2440	1777
			2439	1778
			2438	1778
			2437	1779
		</Outline4>
	</curves.pixel>
	<curves.scaled type=list>
		<Outline1 type=matrix rownames=FALSE colnames=FALSE nrow=211 ncol=2 as.numeric=TRUE >
			42.6763028878589	-31.153525989947
			42.6587910688651	-31.153525989947
			42.6587910688651	-31.1710378089408
			42.6412792498713	-31.1710378089408
			42.6237674308775	-31.1885496279346
			42.6062556118837	-31.1885496279346
			42.5887437928899	-31.2060614469284
			42.5712319738961	-31.2060614469284
			42.5712319738961	-31.2235732659222
			42.5537201549024	-31.2235732659222
			42.5362083359086	-31.2235732659222
			42.5362083359086	-31.241085084916
			42.5186965169148	-31.241085084916
			42.501184697921	-31.2585969039098
			42.4836728789272	-31.2761087229035
			42.4661610599334	-31.2936205418973
			42.4486492409396	-31.2936205418973
			42.4311374219458	-31.3111323608911
			42.4136256029521	-31.3286441798849
			42.3961137839583	-31.3461559988787
			42.3786019649645	-31.3636678178725
			42.3610901459707	-31.3811796368663
			42.3435783269769	-31.3986914558601
			42.3260665079831	-31.4162032748538
			42.3085546889893	-31.4337150938476
			42.2910428699956	-31.4337150938476
			42.2910428699956	-31.4512269128414
			42.2735310510018	-31.4512269128414
			42.256019232008	-31.4687387318352
			42.256019232008	-31.486250550829
			42.2385074130142	-31.486250550829
			42.2385074130142	-31.5037623698228
			42.2209955940204	-31.5212741888166
			42.2034837750266	-31.5212741888166
			42.2034837750266	-31.5387860078103
			42.1859719560328	-31.5562978268041
			42.168460137039	-31.5562978268041
			42.168460137039	-31.5738096457979
			42.1509483180453	-31.5913214647917
			42.1334364990515	-31.6088332837855
			42.1159246800577	-31.6263451027793
			42.0984128610639	-31.6263451027793
			42.0809010420701	-31.6438569217731
			42.0633892230763	-31.6613687407669
			42.0458774040825	-31.6788805597606
			42.0283655850887	-31.6963923787544
			42.010853766095	-31.6963923787544
			41.9933419471012	-31.7139041977482
			41.9758301281074	-31.731416016742
			41.9583183091136	-31.731416016742
			41.9408064901198	-31.7489278357358
			41.923294671126	-31.7489278357358
			41.9057828521322	-31.7664396547296
			41.8882710331385	-31.7664396547296
			41.8707592141447	-31.7839514737234
			41.8532473951509	-31.7839514737234
			41.8532473951509	-31.8014632927172
			41.8357355761571	-31.8014632927172
			41.8182237571633	-31.8189751117109
			41.8007119381695	-31.8189751117109
			41.7832001191757	-31.8364869307047
			41.7656883001819	-31.8364869307047
			41.7481764811882	-31.8364869307047
			41.7306646621944	-31.8539987496985
			41.7131528432006	-31.8539987496985
			41.6956410242068	-31.8539987496985
			41.678129205213	-31.8539987496985
			41.6606173862192	-31.8715105686923
			41.6431055672254	-31.8715105686923
			41.6255937482316	-31.8715105686923
			41.6080819292379	-31.8890223876861
			41.5905701102441	-31.8890223876861
			41.5730582912503	-31.8890223876861
			41.5555464722565	-31.8890223876861
			41.5380346532627	-31.9065342066799
			41.5205228342689	-31.9065342066799
			41.5030110152751	-31.9065342066799
			41.4854991962814	-31.9065342066799
			41.4679873772876	-31.9240460256737
			41.4504755582938	-31.9240460256737
			41.4329637393	-31.9240460256737
			41.4154519203062	-31.9240460256737
			41.3979401013124	-31.9415578446674
			41.3804282823186	-31.9415578446674
			41.3629164633248	-31.9415578446674
			41.3454046443311	-31.9415578446674
			41.3278928253373	-31.9415578446674
			41.3103810063435	-31.9415578446674
			41.2928691873497	-31.9415578446674
			41.2753573683559	-31.9415578446674
			41.2578455493621	-31.9415578446674
			41.2403337303683	-31.9415578446674
			41.2228219113745	-31.9415578446674
			41.2053100923808	-31.9240460256737
			41.187798273387	-31.9240460256737
			41.1702864543932	-31.9240460256737
			41.1527746353994	-31.9240460256737
			41.1352628164056	-31.9240460256737
			41.1177509974118	-31.9240460256737
			41.100239178418	-31.9065342066799
			41.0827273594243	-31.9065342066799
			41.0652155404305	-31.9065342066799
			41.0477037214367	-31.9065342066799
			41.0301919024429	-31.9065342066799
			41.0126800834491	-31.8890223876861
			40.9951682644553	-31.8890223876861
			40.9776564454615	-31.8890223876861
			40.9601446264677	-31.8890223876861
			40.942632807474	-31.8715105686923
			40.9251209884802	-31.8715105686923
			40.9076091694864	-31.8539987496985
			40.8900973504926	-31.8539987496985
			40.8725855314988	-31.8364869307047
			40.855073712505	-31.8189751117109
			40.8375618935112	-31.8189751117109
			40.8200500745174	-31.8014632927172
			40.8025382555237	-31.7839514737234
			40.7850264365299	-31.7839514737234
			40.7675146175361	-31.7664396547296
			40.7500027985423	-31.7489278357358
			40.7324909795485	-31.7489278357358
			40.7149791605547	-31.731416016742
			40.6974673415609	-31.7139041977482
			40.6799555225671	-31.7139041977482
			40.6624437035734	-31.6963923787544
			40.6624437035734	-31.6788805597606
			40.6449318845796	-31.6613687407669
			40.6274200655858	-31.6613687407669
			40.609908246592	-31.6438569217731
			40.5923964275982	-31.6263451027793
			40.5748846086044	-31.6088332837855
			40.5573727896106	-31.5913214647917
			40.5398609706169	-31.5738096457979
			40.5398609706169	-31.5562978268041
			40.5223491516231	-31.5387860078103
			40.5223491516231	-31.5212741888166
			40.5048373326293	-31.5037623698228
			40.5048373326293	-31.486250550829
			40.5048373326293	-31.4687387318352
			40.4873255136355	-31.4512269128414
			40.4873255136355	-31.4337150938476
			40.4698136946417	-31.4162032748538
			40.4698136946417	-31.3986914558601
			40.4698136946417	-31.3811796368663
			40.4523018756479	-31.3636678178725
			40.4523018756479	-31.3461559988787
			40.4523018756479	-31.3286441798849
			40.4347900566541	-31.3111323608911
			40.4347900566541	-31.2936205418973
			40.4347900566541	-31.2761087229035
			40.4347900566541	-31.2585969039098
			40.4172782376603	-31.241085084916
			40.4172782376603	-31.2235732659222
			40.4172782376603	-31.2060614469284
			40.3997664186666	-31.1885496279346
			40.3997664186666	-31.1710378089408
			40.3997664186666	-31.153525989947
			40.3822545996728	-31.1360141709532
			40.3822545996728	-31.1185023519595
			40.3822545996728	-31.1009905329657
			40.3822545996728	-31.0834787139719
			40.3822545996728	-31.0659668949781
			40.364742780679	-31.0659668949781
			40.364742780679	-31.0484550759843
			40.364742780679	-31.0309432569905
			40.364742780679	-31.0134314379967
			40.3472309616852	-30.995919619003
			40.3472309616852	-30.9784078000092
			40.3472309616852	-30.9608959810154
			40.3472309616852	-30.9433841620216
			40.3297191426914	-30.9258723430278
			40.3297191426914	-30.908360524034
			40.3297191426914	-30.8908487050402
			40.3297191426914	-30.8733368860464
			40.3122073236976	-30.8558250670527
			40.3122073236976	-30.8383132480589
			40.3122073236976	-30.8208014290651
			40.3122073236976	-30.8032896100713
			40.2946955047038	-30.7857777910775
			40.2946955047038	-30.7682659720837
			40.2946955047038	-30.7507541530899
			40.2946955047038	-30.7332423340961
			40.27718368571	-30.7157305151024
			40.27718368571	-30.6982186961086
			40.27718368571	-30.6807068771148
			40.27718368571	-30.663195058121
			40.27718368571	-30.6456832391272
			40.2596718667163	-30.6281714201334
			40.2596718667163	-30.6106596011396
			40.2596718667163	-30.5931477821459
			40.2596718667163	-30.5756359631521
			40.2421600477225	-30.5581241441583
			40.2421600477225	-30.5406123251645
			40.2421600477225	-30.5231005061707
			40.2421600477225	-30.5055886871769
			40.2246482287287	-30.4880768681831
			40.2246482287287	-30.4705650491893
			40.2246482287287	-30.4530532301956
			40.2246482287287	-30.4355414112018
			40.2071364097349	-30.418029592208
			40.2071364097349	-30.4005177732142
			40.2071364097349	-30.3830059542204
			40.2071364097349	-30.3654941352266
			40.2071364097349	-30.3479823162328
			40.1896245907411	-30.330470497239
			40.1896245907411	-30.3129586782453
			40.1896245907411	-30.2954468592515
			40.1896245907411	-30.2779350402577
			40.1721127717473	-30.2604232212639
			40.1721127717473	-30.2429114022701
			40.1721127717473	-30.2253995832763
		</Outline1>
		<Outline2 type=matrix rownames=FALSE colnames=FALSE nrow=180 ncol=2 as.numeric=TRUE >
			40.1721127717473	-30.2253995832763
			40.1721127717473	-30.2078877642825
			40.1721127717473	-30.1903759452887
			40.1546009527535	-30.172864126295
			40.1546009527535	-30.1553523073012
			40.1546009527535	-30.1378404883074
			40.1546009527535	-30.1203286693136
			40.1546009527535	-30.1028168503198
			40.1546009527535	-30.085305031326
			40.1546009527535	-30.0677932123322
			40.1370891337598	-30.0502813933385
			40.1370891337598	-30.0327695743447
			40.1370891337598	-30.0152577553509
			40.1370891337598	-29.9977459363571
			40.1370891337598	-29.9802341173633
			40.119577314766	-29.9627222983695
			40.119577314766	-29.9452104793757
			40.119577314766	-29.9276986603819
			40.119577314766	-29.9101868413882
			40.119577314766	-29.8926750223944
			40.119577314766	-29.8751632034006
			40.1020654957722	-29.8576513844068
			40.1020654957722	-29.840139565413
			40.1020654957722	-29.8226277464192
			40.1020654957722	-29.8051159274254
			40.1020654957722	-29.7876041084317
			40.1020654957722	-29.7700922894379
			40.0845536767784	-29.7525804704441
			40.0845536767784	-29.7350686514503
			40.0845536767784	-29.7175568324565
			40.0845536767784	-29.7000450134627
			40.0845536767784	-29.6825331944689
			40.0845536767784	-29.6650213754751
			40.0670418577846	-29.6475095564814
			40.0670418577846	-29.6299977374876
			40.0670418577846	-29.6124859184938
			40.0670418577846	-29.5949740995
			40.0670418577846	-29.5774622805062
			40.0495300387908	-29.5599504615124
			40.0495300387908	-29.5424386425186
			40.0495300387908	-29.5249268235248
			40.0495300387908	-29.5074150045311
			40.0495300387908	-29.4899031855373
			40.0495300387908	-29.4723913665435
			40.0495300387908	-29.4548795475497
			40.032018219797	-29.4373677285559
			40.032018219797	-29.4198559095621
			40.032018219797	-29.4023440905683
			40.032018219797	-29.3848322715745
			40.032018219797	-29.3673204525808
			40.032018219797	-29.349808633587
			40.032018219797	-29.3322968145932
			40.032018219797	-29.3147849955994
			40.032018219797	-29.2972731766056
			40.032018219797	-29.2797613576118
			40.032018219797	-29.262249538618
			40.0145064008032	-29.262249538618
			40.0145064008032	-29.2447377196243
			40.0145064008032	-29.2272259006305
			40.0145064008032	-29.2097140816367
			40.0145064008032	-29.1922022626429
			40.0145064008032	-29.1746904436491
			40.0145064008032	-29.1571786246553
			40.0145064008032	-29.1396668056615
			40.0145064008032	-29.1221549866677
			40.0145064008032	-29.104643167674
			40.0145064008032	-29.0871313486802
			40.0145064008032	-29.0696195296864
			40.0145064008032	-29.0521077106926
			40.0145064008032	-29.0345958916988
			40.0145064008032	-29.017084072705
			40.0145064008032	-28.9995722537112
			40.0145064008032	-28.9820604347175
			40.032018219797	-28.9645486157237
			40.032018219797	-28.9470367967299
			40.032018219797	-28.9295249777361
			40.032018219797	-28.9120131587423
			40.032018219797	-28.8945013397485
			40.032018219797	-28.8769895207547
			40.0495300387908	-28.8769895207547
			40.0495300387908	-28.8594777017609
			40.0495300387908	-28.8419658827672
			40.0495300387908	-28.8244540637734
			40.0495300387908	-28.8069422447796
			40.0670418577846	-28.7894304257858
			40.0670418577846	-28.771918606792
			40.0670418577846	-28.7544067877982
			40.0670418577846	-28.7368949688044
			40.0670418577846	-28.7193831498106
			40.0845536767784	-28.7018713308169
			40.0845536767784	-28.6843595118231
			40.1020654957722	-28.6668476928293
			40.1020654957722	-28.6493358738355
			40.1020654957722	-28.6318240548417
			40.1020654957722	-28.6143122358479
			40.119577314766	-28.5968004168541
			40.119577314766	-28.5792885978603
			40.1370891337598	-28.5617767788666
			40.1370891337598	-28.5442649598728
			40.1370891337598	-28.526753140879
			40.1370891337598	-28.5092413218852
			40.1546009527535	-28.5092413218852
			40.1546009527535	-28.4917295028914
			40.1546009527535	-28.4742176838976
			40.1721127717473	-28.4742176838976
			40.1721127717473	-28.4567058649038
			40.1896245907411	-28.4567058649038
			40.1896245907411	-28.4391940459101
			40.2071364097349	-28.4216822269163
			40.2246482287287	-28.4216822269163
			40.2246482287287	-28.4041704079225
			40.2421600477225	-28.3866585889287
			40.2596718667163	-28.3691467699349
			40.27718368571	-28.3516349509411
			40.2946955047038	-28.3341231319473
			40.2946955047038	-28.3166113129535
			40.3122073236976	-28.2990994939598
			40.3297191426914	-28.281587674966
			40.3472309616852	-28.2640758559722
			40.364742780679	-28.2465640369784
			40.364742780679	-28.2290522179846
			40.3822545996728	-28.2115403989908
			40.3997664186666	-28.194028579997
			40.4172782376603	-28.1765167610032
			40.4347900566541	-28.1590049420095
			40.4523018756479	-28.1414931230157
			40.4698136946417	-28.1414931230157
			40.4873255136355	-28.1239813040219
			40.5048373326293	-28.1064694850281
			40.5223491516231	-28.1064694850281
			40.5398609706169	-28.0889576660343
			40.5573727896106	-28.0889576660343
			40.5748846086044	-28.0714458470405
			40.5923964275982	-28.0714458470405
			40.609908246592	-28.0539340280467
			40.6274200655858	-28.036422209053
			40.6449318845796	-28.036422209053
			40.6624437035734	-28.0189103900592
			40.6799555225671	-28.0013985710654
			40.6974673415609	-28.0013985710654
			40.7149791605547	-28.0013985710654
			40.7324909795485	-27.9838867520716
			40.7500027985423	-27.9838867520716
			40.7675146175361	-27.9663749330778
			40.7850264365299	-27.9663749330778
			40.8025382555237	-27.9663749330778
			40.8200500745174	-27.948863114084
			40.8375618935112	-27.948863114084
			40.855073712505	-27.948863114084
			40.8725855314988	-27.948863114084
			40.8900973504926	-27.9313512950902
			40.9076091694864	-27.9313512950902
			40.9251209884802	-27.9313512950902
			40.942632807474	-27.9313512950902
			40.9601446264677	-27.9313512950902
			40.9776564454615	-27.9138394760964
			40.9951682644553	-27.9138394760964
			41.0126800834491	-27.9138394760964
			41.0301919024429	-27.9138394760964
			41.0477037214367	-27.9138394760964
			41.0652155404305	-27.9138394760964
			41.0827273594243	-27.9138394760964
			41.100239178418	-27.9138394760964
			41.1177509974118	-27.9138394760964
			41.1352628164056	-27.8963276571027
			41.1527746353994	-27.8963276571027
			41.1702864543932	-27.8963276571027
			41.187798273387	-27.8963276571027
			41.2053100923808	-27.8963276571027
			41.2228219113745	-27.8963276571027
			41.2403337303683	-27.8963276571027
			41.2578455493621	-27.8963276571027
			41.2753573683559	-27.8963276571027
			41.2928691873497	-27.8963276571027
			41.3103810063435	-27.8788158381089
			41.3278928253373	-27.8788158381089
			41.3454046443311	-27.8613040191151
			41.3629164633248	-27.8613040191151
			41.3804282823186	-27.8437922001213
			41.3979401013124	-27.8437922001213
		</Outline2>
		<Outline3 type=matrix rownames=FALSE colnames=FALSE nrow=171 ncol=2 as.numeric=TRUE >
			41.3979401013124	-27.8437922001213
			41.4154519203062	-27.8437922001213
			41.4329637393	-27.8437922001213
			41.4504755582938	-27.8437922001213
			41.4679873772876	-27.8437922001213
			41.4854991962814	-27.8262803811275
			41.5030110152751	-27.8262803811275
			41.5205228342689	-27.8262803811275
			41.5380346532627	-27.8262803811275
			41.5555464722565	-27.8262803811275
			41.5730582912503	-27.8262803811275
			41.5905701102441	-27.8262803811275
			41.6080819292379	-27.8262803811275
			41.6255937482316	-27.8262803811275
			41.6431055672254	-27.8262803811275
			41.6606173862192	-27.8262803811275
			41.678129205213	-27.8262803811275
			41.6956410242068	-27.8262803811275
			41.7131528432006	-27.8262803811275
			41.7306646621944	-27.8262803811275
			41.7481764811882	-27.8087685621337
			41.7656883001819	-27.8087685621337
			41.7832001191757	-27.8087685621337
			41.8007119381695	-27.7912567431399
			41.8182237571633	-27.7912567431399
			41.8357355761571	-27.7912567431399
			41.8532473951509	-27.7912567431399
			41.8707592141447	-27.7737449241461
			41.8882710331385	-27.7737449241461
			41.9057828521322	-27.7737449241461
			41.923294671126	-27.7737449241461
			41.9408064901198	-27.7562331051524
			41.9583183091136	-27.7562331051524
			41.9758301281074	-27.7562331051524
			41.9933419471012	-27.7562331051524
			42.010853766095	-27.7562331051524
			42.0283655850887	-27.7387212861586
			42.0458774040825	-27.7387212861586
			42.0633892230763	-27.7387212861586
			42.0809010420701	-27.7387212861586
			42.0984128610639	-27.7387212861586
			42.1159246800577	-27.7387212861586
			42.1334364990515	-27.7387212861586
			42.1509483180453	-27.7387212861586
			42.1509483180453	-27.7212094671648
			42.168460137039	-27.7212094671648
			42.1859719560328	-27.7212094671648
			42.2034837750266	-27.7212094671648
			42.2209955940204	-27.7212094671648
			42.2385074130142	-27.7212094671648
			42.256019232008	-27.7212094671648
			42.2735310510018	-27.7212094671648
			42.2910428699956	-27.7212094671648
			42.3085546889893	-27.7212094671648
			42.3260665079831	-27.7212094671648
			42.3435783269769	-27.7212094671648
			42.3610901459707	-27.7212094671648
			42.3786019649645	-27.7212094671648
			42.3961137839583	-27.7212094671648
			42.4136256029521	-27.7212094671648
			42.4311374219458	-27.7212094671648
			42.4486492409396	-27.7212094671648
			42.4661610599334	-27.7212094671648
			42.4836728789272	-27.7212094671648
			42.501184697921	-27.7212094671648
			42.5186965169148	-27.7212094671648
			42.5362083359086	-27.7387212861586
			42.5537201549024	-27.7387212861586
			42.5712319738961	-27.7387212861586
			42.5887437928899	-27.7387212861586
			42.6062556118837	-27.7387212861586
			42.6237674308775	-27.7562331051524
			42.6412792498713	-27.7562331051524
			42.6587910688651	-27.7562331051524
			42.6763028878589	-27.7562331051524
			42.6938147068527	-27.7562331051524
			42.7113265258464	-27.7562331051524
			42.7288383448402	-27.7737449241461
			42.746350163834	-27.7737449241461
			42.7638619828278	-27.7737449241461
			42.7813738018216	-27.7737449241461
			42.7988856208154	-27.7737449241461
			42.8163974398092	-27.7737449241461
			42.8339092588029	-27.7737449241461
			42.8514210777967	-27.7912567431399
			42.8689328967905	-27.7912567431399
			42.8864447157843	-27.7912567431399
			42.9039565347781	-27.7912567431399
			42.9214683537719	-27.7912567431399
			42.9389801727657	-27.8087685621337
			42.9564919917595	-27.8087685621337
			42.9740038107532	-27.8087685621337
			42.991515629747	-27.8087685621337
			43.0090274487408	-27.8087685621337
			43.0265392677346	-27.8087685621337
			43.0440510867284	-27.8087685621337
			43.0615629057222	-27.8262803811275
			43.079074724716	-27.8262803811275
			43.0965865437098	-27.8262803811275
			43.1140983627035	-27.8262803811275
			43.1316101816973	-27.8437922001213
			43.1491220006911	-27.8437922001213
			43.1666338196849	-27.8437922001213
			43.1841456386787	-27.8437922001213
			43.1841456386787	-27.8613040191151
			43.2016574576725	-27.8613040191151
			43.2191692766663	-27.8613040191151
			43.2191692766663	-27.8788158381089
			43.23668109566	-27.8788158381089
			43.2541929146538	-27.8788158381089
			43.2541929146538	-27.8963276571027
			43.2717047336476	-27.8963276571027
			43.2892165526414	-27.8963276571027
			43.3067283716352	-27.9138394760964
			43.324240190629	-27.9313512950902
			43.3417520096228	-27.9313512950902
			43.3592638286166	-27.948863114084
			43.3767756476103	-27.948863114084
			43.3942874666041	-27.9663749330778
			43.4117992855979	-27.9663749330778
			43.4117992855979	-27.9838867520716
			43.4293111045917	-28.0013985710654
			43.4468229235855	-28.0013985710654
			43.4643347425793	-28.0189103900592
			43.4818465615731	-28.036422209053
			43.4993583805669	-28.0539340280467
			43.5168701995606	-28.0714458470405
			43.5168701995606	-28.0889576660343
			43.5343820185544	-28.0889576660343
			43.5343820185544	-28.1064694850281
			43.5518938375482	-28.1239813040219
			43.569405656542	-28.1414931230157
			43.5869174755358	-28.1590049420095
			43.5869174755358	-28.1765167610032
			43.6044292945296	-28.194028579997
			43.6219411135234	-28.2115403989908
			43.6394529325172	-28.2290522179846
			43.6569647515109	-28.2465640369784
			43.6744765705047	-28.2640758559722
			43.6919883894985	-28.281587674966
			43.7095002084923	-28.2990994939598
			43.7270120274861	-28.3166113129535
			43.7445238464799	-28.3166113129535
			43.7620356654737	-28.3341231319473
			43.7620356654737	-28.3516349509411
			43.7795474844674	-28.3516349509411
			43.7795474844674	-28.3691467699349
			43.7970593034612	-28.3691467699349
			43.7970593034612	-28.3866585889287
			43.814571122455	-28.4041704079225
			43.8320829414488	-28.4216822269163
			43.8320829414488	-28.4391940459101
			43.8495947604426	-28.4567058649038
			43.8671065794364	-28.4742176838976
			43.8846183984302	-28.4917295028914
			43.8846183984302	-28.5092413218852
			43.902130217424	-28.526753140879
			43.902130217424	-28.5442649598728
			43.9196420364177	-28.5617767788666
			43.9371538554115	-28.5792885978603
			43.9371538554115	-28.5968004168541
			43.9371538554115	-28.6143122358479
			43.9546656744053	-28.6318240548417
			43.9721774933991	-28.6493358738355
			43.9896893123929	-28.6668476928293
			43.9896893123929	-28.6843595118231
			43.9896893123929	-28.7018713308169
			44.0072011313867	-28.7193831498106
			44.0072011313867	-28.7368949688044
			44.0247129503805	-28.7544067877982
			44.0247129503805	-28.771918606792
		</Outline3>
		<Outline4 type=matrix rownames=FALSE colnames=FALSE nrow=165 ncol=2 as.numeric=TRUE >
			44.0247129503805	-28.771918606792
			44.0247129503805	-28.7894304257858
			44.0247129503805	-28.8069422447796
			44.0422247693743	-28.8244540637734
			44.0422247693743	-28.8419658827672
			44.059736588368	-28.8594777017609
			44.0772484073618	-28.8769895207547
			44.0772484073618	-28.8945013397485
			44.0772484073618	-28.9120131587423
			44.0947602263556	-28.9295249777361
			44.0947602263556	-28.9470367967299
			44.1122720453494	-28.9645486157237
			44.1122720453494	-28.9820604347175
			44.1122720453494	-28.9995722537112
			44.1297838643432	-29.017084072705
			44.1297838643432	-29.0345958916988
			44.1297838643432	-29.0521077106926
			44.1297838643432	-29.0696195296864
			44.147295683337	-29.0871313486802
			44.147295683337	-29.104643167674
			44.147295683337	-29.1221549866677
			44.147295683337	-29.1396668056615
			44.1648075023308	-29.1571786246553
			44.1648075023308	-29.1746904436491
			44.1648075023308	-29.1922022626429
			44.1648075023308	-29.2097140816367
			44.1648075023308	-29.2272259006305
			44.1648075023308	-29.2447377196243
			44.1648075023308	-29.262249538618
			44.1648075023308	-29.2797613576118
			44.1648075023308	-29.2972731766056
			44.1648075023308	-29.3147849955994
			44.1648075023308	-29.3322968145932
			44.1648075023308	-29.349808633587
			44.1648075023308	-29.3673204525808
			44.1648075023308	-29.3848322715745
			44.1648075023308	-29.4023440905683
			44.1648075023308	-29.4198559095621
			44.1648075023308	-29.4373677285559
			44.1648075023308	-29.4548795475497
			44.1648075023308	-29.4723913665435
			44.147295683337	-29.4899031855373
			44.147295683337	-29.5074150045311
			44.147295683337	-29.5249268235248
			44.147295683337	-29.5424386425186
			44.147295683337	-29.5599504615124
			44.147295683337	-29.5774622805062
			44.1297838643432	-29.5949740995
			44.1297838643432	-29.6124859184938
			44.1297838643432	-29.6299977374876
			44.1297838643432	-29.6475095564814
			44.1297838643432	-29.6650213754751
			44.1122720453494	-29.6825331944689
			44.1122720453494	-29.7000450134627
			44.1122720453494	-29.7175568324565
			44.1122720453494	-29.7350686514503
			44.0947602263556	-29.7525804704441
			44.0947602263556	-29.7700922894379
			44.0947602263556	-29.7876041084317
			44.0947602263556	-29.8051159274254
			44.0772484073618	-29.8226277464192
			44.0772484073618	-29.840139565413
			44.0772484073618	-29.8576513844068
			44.0772484073618	-29.8751632034006
			44.059736588368	-29.8926750223944
			44.059736588368	-29.9101868413882
			44.059736588368	-29.9276986603819
			44.059736588368	-29.9452104793757
			44.0422247693743	-29.9627222983695
			44.0422247693743	-29.9802341173633
			44.0422247693743	-29.9977459363571
			44.0247129503805	-30.0152577553509
			44.0247129503805	-30.0327695743447
			44.0247129503805	-30.0502813933385
			44.0072011313867	-30.0677932123322
			44.0072011313867	-30.085305031326
			44.0072011313867	-30.1028168503198
			43.9896893123929	-30.1028168503198
			43.9896893123929	-30.1203286693136
			43.9896893123929	-30.1378404883074
			43.9896893123929	-30.1553523073012
			43.9721774933991	-30.172864126295
			43.9721774933991	-30.1903759452887
			43.9546656744053	-30.2078877642825
			43.9371538554115	-30.2253995832763
			43.9371538554115	-30.2429114022701
			43.9196420364177	-30.2604232212639
			43.902130217424	-30.2779350402577
			43.8846183984302	-30.2954468592515
			43.8846183984302	-30.3129586782453
			43.8671065794364	-30.330470497239
			43.8495947604426	-30.3479823162328
			43.8495947604426	-30.3654941352266
			43.8320829414488	-30.3830059542204
			43.814571122455	-30.4005177732142
			43.7970593034612	-30.418029592208
			43.7795474844674	-30.4355414112018
			43.7620356654737	-30.4530532301956
			43.7445238464799	-30.4705650491893
			43.7270120274861	-30.4880768681831
			43.7095002084923	-30.5055886871769
			43.7095002084923	-30.5231005061707
			43.6919883894985	-30.5231005061707
			43.6919883894985	-30.5406123251645
			43.6744765705047	-30.5581241441583
			43.6569647515109	-30.5756359631521
			43.6394529325172	-30.5931477821459
			43.6219411135234	-30.6106596011396
			43.6044292945296	-30.6281714201334
			43.5869174755358	-30.6456832391272
			43.569405656542	-30.663195058121
			43.5518938375482	-30.663195058121
			43.5343820185544	-30.6807068771148
			43.5168701995606	-30.6982186961086
			43.4993583805669	-30.7157305151024
			43.4818465615731	-30.7332423340961
			43.4643347425793	-30.7507541530899
			43.4468229235855	-30.7507541530899
			43.4293111045917	-30.7682659720837
			43.4117992855979	-30.7857777910775
			43.3942874666041	-30.7857777910775
			43.3767756476103	-30.8032896100713
			43.3592638286166	-30.8032896100713
			43.3417520096228	-30.8208014290651
			43.324240190629	-30.8208014290651
			43.3067283716352	-30.8383132480589
			43.2892165526414	-30.8383132480589
			43.2717047336476	-30.8558250670527
			43.2541929146538	-30.8558250670527
			43.23668109566	-30.8733368860464
			43.2191692766663	-30.8733368860464
			43.2016574576725	-30.8733368860464
			43.2016574576725	-30.8908487050402
			43.1841456386787	-30.8908487050402
			43.1666338196849	-30.8908487050402
			43.1666338196849	-30.908360524034
			43.1491220006911	-30.908360524034
			43.1316101816973	-30.908360524034
			43.1316101816973	-30.9258723430278
			43.1140983627035	-30.9258723430278
			43.0965865437098	-30.9433841620216
			43.079074724716	-30.9433841620216
			43.0615629057222	-30.9433841620216
			43.0440510867284	-30.9608959810154
			43.0265392677346	-30.9608959810154
			43.0090274487408	-30.9608959810154
			42.991515629747	-30.9784078000092
			42.9740038107532	-30.9784078000092
			42.9564919917595	-30.9784078000092
			42.9389801727657	-30.995919619003
			42.9214683537719	-30.995919619003
			42.9039565347781	-31.0134314379967
			42.8864447157843	-31.0134314379967
			42.8689328967905	-31.0309432569905
			42.8514210777967	-31.0484550759843
			42.8339092588029	-31.0484550759843
			42.8163974398092	-31.0659668949781
			42.7988856208154	-31.0834787139719
			42.7813738018216	-31.0834787139719
			42.7638619828278	-31.1009905329657
			42.746350163834	-31.1009905329657
			42.7288383448402	-31.1185023519595
			42.7113265258464	-31.1360141709532
			42.6938147068527	-31.1360141709532
			42.6763028878589	-31.153525989947
		</Outline4>
	</curves.scaled>
	<ruler.points type=matrix rownames=TRUE colnames=FALSE nrow=2 ncol=2 as.numeric=TRUE >
		Ruler point 1	3742	2617
		Ruler point 2	3171	2624
	</ruler.points>
</shapes>

