<shapes type=list>
	<ruler.pixel type=vector names=FALSE length=1 as.numeric=TRUE >721.083906352097</ruler.pixel>
	<ruler.interval type=vector names=FALSE length=1 as.numeric=TRUE >10</ruler.interval>
	<scaling.units type=vector names=FALSE length=1 as.numeric=FALSE >mm</scaling.units>
	<scaling type=vector names=FALSE length=1 as.numeric=TRUE >0.013868011630698</scaling>
	<landmarks.pixel type=matrix rownames=TRUE colnames=FALSE nrow=4 ncol=2 as.numeric=TRUE >
		Labial	2469	1839
		Posterior	2369	1792
		Lingual	2428	1699
		Anterior	2532	1746
	</landmarks.pixel>
	<landmarks.scaled type=matrix rownames=TRUE colnames=FALSE nrow=4 ncol=2 as.numeric=TRUE >
		Labial	34.2401207161933	-25.5032733888535
		Posterior	32.8533195531235	-24.8514768422107
		Lingual	33.6715322393346	-23.5617517605558
		Anterior	35.1138054489272	-24.2135483071986
	</landmarks.scaled>
	<curves.control type=list>
		<Outline1 type=matrix rownames=FALSE colnames=FALSE nrow=15 ncol=2 as.numeric=TRUE >
			2469	1839
			2464	1845
			2457	1850
			2448	1854
			2442	1860
			2433	1866
			2423	1868
			2408	1870
			2391	1867
			2382	1864
			2375	1857
			2368	1848
			2367	1818
			2368	1800
			2369	1792
		</Outline1>
		<Outline2 type=matrix rownames=FALSE colnames=FALSE nrow=13 ncol=2 as.numeric=TRUE >
			2369	1792
			2370	1767
			2372	1752
			2374	1740
			2376	1730
			2378	1719
			2382	1711
			2388	1706
			2394	1703
			2403	1700
			2411	1699
			2418	1698
			2428	1699
		</Outline2>
		<Outline3 type=matrix rownames=FALSE colnames=FALSE nrow=19 ncol=2 as.numeric=TRUE >
			2428	1699
			2438	1698
			2449	1698
			2461	1696
			2469	1696
			2477	1696
			2485	1697
			2493	1699
			2500	1701
			2507	1704
			2513	1709
			2518	1715
			2522	1720
			2525	1726
			2527	1731
			2529	1735
			2530	1739
			2531	1742
			2532	1746
		</Outline3>
		<Outline4 type=matrix rownames=FALSE colnames=FALSE nrow=21 ncol=2 as.numeric=TRUE >
			2532	1746
			2533	1750
			2533	1755
			2533	1760
			2532	1765
			2531	1772
			2530	1778
			2529	1783
			2526	1789
			2524	1796
			2521	1801
			2519	1806
			2515	1811
			2511	1815
			2506	1819
			2500	1823
			2494	1827
			2488	1830
			2482	1832
			2476	1832
			2469	1839
		</Outline4>
	</curves.control>
	<curves.pixel type=list>
		<Outline1 type=matrix rownames=FALSE colnames=FALSE nrow=171 ncol=2 as.numeric=TRUE >
			2469	1839
			2468	1840
			2467	1841
			2466	1842
			2466	1843
			2465	1844
			2464	1845
			2463	1845
			2462	1846
			2461	1847
			2460	1848
			2459	1849
			2458	1849
			2458	1850
			2457	1850
			2456	1850
			2455	1851
			2454	1851
			2454	1852
			2453	1852
			2452	1853
			2451	1853
			2450	1853
			2450	1854
			2449	1854
			2448	1855
			2447	1855
			2447	1856
			2446	1856
			2445	1857
			2444	1858
			2443	1859
			2442	1860
			2441	1861
			2440	1861
			2440	1862
			2439	1862
			2438	1862
			2438	1863
			2437	1863
			2436	1863
			2436	1864
			2435	1864
			2434	1864
			2434	1865
			2433	1865
			2432	1865
			2431	1866
			2430	1866
			2429	1866
			2428	1867
			2427	1867
			2426	1867
			2425	1868
			2424	1868
			2423	1868
			2422	1868
			2421	1868
			2420	1868
			2419	1868
			2418	1869
			2417	1869
			2416	1869
			2415	1869
			2414	1869
			2413	1869
			2412	1869
			2411	1869
			2410	1869
			2409	1869
			2408	1869
			2407	1869
			2406	1869
			2405	1869
			2404	1869
			2403	1868
			2402	1868
			2401	1868
			2400	1868
			2399	1868
			2398	1868
			2397	1868
			2396	1868
			2395	1868
			2394	1867
			2393	1867
			2392	1867
			2391	1867
			2390	1867
			2390	1866
			2389	1866
			2388	1866
			2387	1865
			2386	1865
			2385	1864
			2384	1864
			2383	1863
			2382	1863
			2381	1862
			2380	1861
			2379	1860
			2378	1860
			2377	1859
			2376	1858
			2375	1857
			2374	1856
			2374	1855
			2373	1854
			2373	1853
			2372	1852
			2372	1851
			2371	1850
			2371	1849
			2371	1848
			2371	1847
			2370	1847
			2370	1846
			2370	1845
			2370	1844
			2370	1843
			2369	1842
			2369	1841
			2369	1840
			2369	1839
			2369	1838
			2369	1837
			2368	1836
			2368	1835
			2368	1834
			2368	1833
			2368	1832
			2368	1831
			2368	1830
			2368	1829
			2368	1828
			2367	1827
			2367	1826
			2367	1825
			2367	1824
			2367	1823
			2367	1822
			2367	1821
			2367	1820
			2367	1819
			2367	1818
			2367	1817
			2367	1816
			2367	1815
			2367	1814
			2367	1813
			2367	1812
			2367	1811
			2368	1810
			2368	1809
			2368	1808
			2368	1807
			2368	1806
			2368	1805
			2368	1804
			2368	1803
			2368	1802
			2368	1801
			2368	1800
			2368	1799
			2368	1798
			2368	1797
			2369	1796
			2369	1795
			2369	1794
			2369	1793
			2369	1792
		</Outline1>
		<Outline2 type=matrix rownames=FALSE colnames=FALSE nrow=131 ncol=2 as.numeric=TRUE >
			2369	1792
			2369	1791
			2369	1790
			2369	1789
			2369	1788
			2369	1787
			2369	1786
			2369	1785
			2369	1784
			2369	1783
			2369	1782
			2369	1781
			2370	1780
			2370	1779
			2370	1778
			2370	1777
			2370	1776
			2370	1775
			2370	1774
			2370	1773
			2370	1772
			2370	1771
			2370	1770
			2370	1769
			2370	1768
			2370	1767
			2371	1766
			2371	1765
			2371	1764
			2371	1763
			2371	1762
			2371	1761
			2371	1760
			2371	1759
			2371	1758
			2371	1757
			2372	1756
			2372	1755
			2372	1754
			2372	1753
			2372	1752
			2372	1751
			2372	1750
			2373	1749
			2373	1748
			2373	1747
			2373	1746
			2373	1745
			2373	1744
			2374	1743
			2374	1742
			2374	1741
			2374	1740
			2374	1739
			2374	1738
			2375	1738
			2375	1737
			2375	1736
			2375	1735
			2375	1734
			2375	1733
			2376	1732
			2376	1731
			2376	1730
			2376	1729
			2376	1728
			2377	1727
			2377	1726
			2377	1725
			2377	1724
			2378	1723
			2378	1722
			2378	1721
			2379	1720
			2379	1719
			2379	1718
			2379	1717
			2380	1716
			2380	1715
			2380	1714
			2381	1714
			2381	1713
			2382	1712
			2382	1711
			2383	1710
			2384	1709
			2385	1708
			2386	1708
			2387	1707
			2388	1707
			2388	1706
			2389	1706
			2390	1705
			2391	1705
			2392	1704
			2393	1704
			2394	1703
			2395	1703
			2396	1702
			2397	1702
			2398	1702
			2399	1701
			2400	1701
			2401	1701
			2402	1701
			2403	1700
			2404	1700
			2405	1700
			2406	1700
			2407	1700
			2408	1699
			2409	1699
			2410	1699
			2411	1699
			2412	1699
			2413	1699
			2414	1699
			2415	1699
			2416	1699
			2417	1699
			2418	1699
			2419	1699
			2420	1699
			2421	1699
			2422	1699
			2423	1699
			2424	1699
			2425	1699
			2426	1699
			2427	1699
			2428	1699
		</Outline2>
		<Outline3 type=matrix rownames=FALSE colnames=FALSE nrow=130 ncol=2 as.numeric=TRUE >
			2428	1699
			2429	1699
			2430	1699
			2431	1699
			2432	1699
			2433	1699
			2434	1699
			2434	1698
			2435	1698
			2436	1698
			2437	1698
			2438	1698
			2439	1698
			2440	1698
			2441	1698
			2442	1698
			2443	1698
			2444	1698
			2445	1698
			2446	1698
			2447	1698
			2448	1698
			2449	1698
			2450	1698
			2451	1698
			2452	1698
			2452	1697
			2453	1697
			2454	1697
			2455	1697
			2456	1697
			2457	1697
			2458	1697
			2459	1697
			2460	1697
			2461	1696
			2462	1696
			2463	1696
			2464	1696
			2465	1696
			2466	1696
			2467	1696
			2468	1696
			2469	1696
			2470	1696
			2471	1696
			2472	1696
			2473	1696
			2474	1696
			2475	1696
			2476	1696
			2477	1696
			2478	1696
			2479	1696
			2480	1696
			2481	1697
			2482	1697
			2483	1697
			2484	1697
			2485	1697
			2486	1697
			2487	1698
			2488	1698
			2489	1698
			2490	1698
			2491	1699
			2492	1699
			2493	1699
			2494	1699
			2495	1700
			2496	1700
			2497	1700
			2498	1701
			2499	1701
			2500	1701
			2501	1701
			2502	1702
			2503	1702
			2504	1703
			2505	1704
			2506	1704
			2507	1704
			2507	1705
			2508	1705
			2509	1706
			2510	1707
			2511	1708
			2512	1708
			2513	1709
			2514	1710
			2514	1711
			2515	1711
			2516	1712
			2516	1713
			2517	1713
			2517	1714
			2518	1715
			2518	1716
			2519	1716
			2520	1717
			2520	1718
			2521	1718
			2521	1719
			2522	1720
			2523	1721
			2523	1722
			2523	1723
			2524	1724
			2524	1725
			2525	1726
			2525	1727
			2526	1728
			2526	1729
			2527	1730
			2527	1731
			2527	1732
			2528	1733
			2528	1734
			2529	1735
			2529	1736
			2530	1737
			2530	1738
			2530	1739
			2530	1740
			2531	1741
			2531	1742
			2531	1743
			2531	1744
			2532	1745
			2532	1746
		</Outline3>
		<Outline4 type=matrix rownames=FALSE colnames=FALSE nrow=120 ncol=2 as.numeric=TRUE >
			2532	1746
			2532	1747
			2532	1748
			2533	1749
			2533	1750
			2533	1751
			2533	1752
			2533	1753
			2533	1754
			2533	1755
			2533	1756
			2533	1757
			2533	1758
			2533	1759
			2533	1760
			2533	1761
			2533	1762
			2532	1763
			2532	1764
			2532	1765
			2532	1766
			2532	1767
			2531	1768
			2531	1769
			2531	1770
			2531	1771
			2531	1772
			2531	1773
			2531	1774
			2531	1775
			2530	1776
			2530	1777
			2530	1778
			2530	1779
			2530	1780
			2529	1781
			2529	1782
			2529	1783
			2528	1784
			2528	1785
			2527	1786
			2527	1787
			2527	1788
			2526	1788
			2526	1789
			2526	1790
			2526	1791
			2525	1791
			2525	1792
			2525	1793
			2524	1794
			2524	1795
			2524	1796
			2523	1797
			2523	1798
			2522	1799
			2522	1800
			2521	1801
			2521	1802
			2520	1803
			2519	1804
			2519	1805
			2518	1806
			2518	1807
			2517	1808
			2517	1809
			2516	1810
			2515	1810
			2515	1811
			2514	1812
			2513	1813
			2512	1814
			2511	1815
			2510	1816
			2509	1817
			2508	1817
			2507	1818
			2506	1819
			2505	1820
			2504	1820
			2503	1821
			2502	1821
			2502	1822
			2501	1822
			2500	1823
			2499	1823
			2499	1824
			2498	1824
			2497	1825
			2496	1825
			2496	1826
			2495	1826
			2494	1827
			2493	1827
			2493	1828
			2492	1828
			2491	1828
			2490	1829
			2489	1829
			2488	1830
			2487	1830
			2486	1830
			2485	1831
			2484	1831
			2483	1831
			2483	1832
			2482	1832
			2481	1832
			2480	1832
			2479	1832
			2478	1833
			2477	1833
			2476	1834
			2475	1834
			2474	1835
			2473	1835
			2472	1836
			2471	1837
			2470	1838
			2469	1839
		</Outline4>
	</curves.pixel>
	<curves.scaled type=list>
		<Outline1 type=matrix rownames=FALSE colnames=FALSE nrow=171 ncol=2 as.numeric=TRUE >
			34.2401207161933	-25.5032733888535
			34.2262527045626	-25.5171414004842
			34.2123846929319	-25.5310094121149
			34.1985166813012	-25.5448774237456
			34.1985166813012	-25.5587454353763
			34.1846486696705	-25.572613447007
			34.1707806580398	-25.5864814586377
			34.1569126464091	-25.5864814586377
			34.1430446347784	-25.6003494702684
			34.1291766231477	-25.6142174818991
			34.115308611517	-25.6280854935298
			34.1014405998863	-25.6419535051605
			34.0875725882556	-25.6419535051605
			34.0875725882556	-25.6558215167912
			34.0737045766249	-25.6558215167912
			34.0598365649942	-25.6558215167912
			34.0459685533635	-25.6696895284219
			34.0321005417328	-25.6696895284219
			34.0321005417328	-25.6835575400526
			34.0182325301021	-25.6835575400526
			34.0043645184714	-25.6974255516833
			33.9904965068407	-25.6974255516833
			33.97662849521	-25.6974255516833
			33.97662849521	-25.711293563314
			33.9627604835793	-25.711293563314
			33.9488924719486	-25.7251615749447
			33.9350244603179	-25.7251615749447
			33.9350244603179	-25.7390295865754
			33.9211564486872	-25.7390295865754
			33.9072884370565	-25.7528975982061
			33.8934204254258	-25.7667656098368
			33.8795524137951	-25.7806336214675
			33.8656844021644	-25.7945016330982
			33.8518163905337	-25.8083696447289
			33.837948378903	-25.8083696447289
			33.837948378903	-25.8222376563596
			33.8240803672723	-25.8222376563596
			33.8102123556416	-25.8222376563596
			33.8102123556416	-25.8361056679903
			33.7963443440109	-25.8361056679903
			33.7824763323802	-25.8361056679903
			33.7824763323802	-25.849973679621
			33.7686083207495	-25.849973679621
			33.7547403091188	-25.849973679621
			33.7547403091188	-25.8638416912517
			33.7408722974881	-25.8638416912517
			33.7270042858574	-25.8638416912517
			33.7131362742267	-25.8777097028824
			33.699268262596	-25.8777097028824
			33.6854002509653	-25.8777097028824
			33.6715322393346	-25.8915777145131
			33.6576642277039	-25.8915777145131
			33.6437962160732	-25.8915777145131
			33.6299282044425	-25.9054457261438
			33.6160601928119	-25.9054457261438
			33.6021921811812	-25.9054457261438
			33.5883241695505	-25.9054457261438
			33.5744561579198	-25.9054457261438
			33.5605881462891	-25.9054457261438
			33.5467201346584	-25.9054457261438
			33.5328521230277	-25.9193137377745
			33.518984111397	-25.9193137377745
			33.5051160997663	-25.9193137377745
			33.4912480881356	-25.9193137377745
			33.4773800765049	-25.9193137377745
			33.4635120648742	-25.9193137377745
			33.4496440532435	-25.9193137377745
			33.4357760416128	-25.9193137377745
			33.4219080299821	-25.9193137377745
			33.4080400183514	-25.9193137377745
			33.3941720067207	-25.9193137377745
			33.38030399509	-25.9193137377745
			33.3664359834593	-25.9193137377745
			33.3525679718286	-25.9193137377745
			33.3386999601979	-25.9193137377745
			33.3248319485672	-25.9054457261438
			33.3109639369365	-25.9054457261438
			33.2970959253058	-25.9054457261438
			33.2832279136751	-25.9054457261438
			33.2693599020444	-25.9054457261438
			33.2554918904137	-25.9054457261438
			33.241623878783	-25.9054457261438
			33.2277558671523	-25.9054457261438
			33.2138878555216	-25.9054457261438
			33.2000198438909	-25.8915777145131
			33.1861518322602	-25.8915777145131
			33.1722838206295	-25.8915777145131
			33.1584158089988	-25.8915777145131
			33.1445477973681	-25.8915777145131
			33.1445477973681	-25.8777097028824
			33.1306797857374	-25.8777097028824
			33.1168117741067	-25.8777097028824
			33.102943762476	-25.8638416912517
			33.0890757508453	-25.8638416912517
			33.0752077392146	-25.849973679621
			33.0613397275839	-25.849973679621
			33.0474717159532	-25.8361056679903
			33.0336037043225	-25.8361056679903
			33.0197356926918	-25.8222376563596
			33.0058676810611	-25.8083696447289
			32.9919996694304	-25.7945016330982
			32.9781316577997	-25.7945016330982
			32.964263646169	-25.7806336214675
			32.9503956345383	-25.7667656098368
			32.9365276229076	-25.7528975982061
			32.9226596112769	-25.7390295865754
			32.9226596112769	-25.7251615749447
			32.9087915996462	-25.711293563314
			32.9087915996462	-25.6974255516833
			32.8949235880156	-25.6835575400526
			32.8949235880156	-25.6696895284219
			32.8810555763849	-25.6558215167912
			32.8810555763849	-25.6419535051605
			32.8810555763849	-25.6280854935298
			32.8810555763849	-25.6142174818991
			32.8671875647542	-25.6142174818991
			32.8671875647542	-25.6003494702684
			32.8671875647542	-25.5864814586377
			32.8671875647542	-25.572613447007
			32.8671875647542	-25.5587454353763
			32.8533195531235	-25.5448774237456
			32.8533195531235	-25.5310094121149
			32.8533195531235	-25.5171414004842
			32.8533195531235	-25.5032733888535
			32.8533195531235	-25.4894053772228
			32.8533195531235	-25.4755373655921
			32.8394515414928	-25.4616693539614
			32.8394515414928	-25.4478013423308
			32.8394515414928	-25.4339333307001
			32.8394515414928	-25.4200653190694
			32.8394515414928	-25.4061973074387
			32.8394515414928	-25.392329295808
			32.8394515414928	-25.3784612841773
			32.8394515414928	-25.3645932725466
			32.8394515414928	-25.3507252609159
			32.8255835298621	-25.3368572492852
			32.8255835298621	-25.3229892376545
			32.8255835298621	-25.3091212260238
			32.8255835298621	-25.2952532143931
			32.8255835298621	-25.2813852027624
			32.8255835298621	-25.2675171911317
			32.8255835298621	-25.253649179501
			32.8255835298621	-25.2397811678703
			32.8255835298621	-25.2259131562396
			32.8255835298621	-25.2120451446089
			32.8255835298621	-25.1981771329782
			32.8255835298621	-25.1843091213475
			32.8255835298621	-25.1704411097168
			32.8255835298621	-25.1565730980861
			32.8255835298621	-25.1427050864554
			32.8255835298621	-25.1288370748247
			32.8255835298621	-25.114969063194
			32.8394515414928	-25.1011010515633
			32.8394515414928	-25.0872330399326
			32.8394515414928	-25.0733650283019
			32.8394515414928	-25.0594970166712
			32.8394515414928	-25.0456290050405
			32.8394515414928	-25.0317609934098
			32.8394515414928	-25.0178929817791
			32.8394515414928	-25.0040249701484
			32.8394515414928	-24.9901569585177
			32.8394515414928	-24.976288946887
			32.8394515414928	-24.9624209352563
			32.8394515414928	-24.9485529236256
			32.8394515414928	-24.9346849119949
			32.8394515414928	-24.9208169003642
			32.8533195531235	-24.9069488887335
			32.8533195531235	-24.8930808771028
			32.8533195531235	-24.8792128654721
			32.8533195531235	-24.8653448538414
			32.8533195531235	-24.8514768422107
		</Outline1>
		<Outline2 type=matrix rownames=FALSE colnames=FALSE nrow=131 ncol=2 as.numeric=TRUE >
			32.8533195531235	-24.8514768422107
			32.8533195531235	-24.83760883058
			32.8533195531235	-24.8237408189493
			32.8533195531235	-24.8098728073186
			32.8533195531235	-24.7960047956879
			32.8533195531235	-24.7821367840573
			32.8533195531235	-24.7682687724266
			32.8533195531235	-24.7544007607959
			32.8533195531235	-24.7405327491652
			32.8533195531235	-24.7266647375345
			32.8533195531235	-24.7127967259038
			32.8533195531235	-24.6989287142731
			32.8671875647542	-24.6850607026424
			32.8671875647542	-24.6711926910117
			32.8671875647542	-24.657324679381
			32.8671875647542	-24.6434566677503
			32.8671875647542	-24.6295886561196
			32.8671875647542	-24.6157206444889
			32.8671875647542	-24.6018526328582
			32.8671875647542	-24.5879846212275
			32.8671875647542	-24.5741166095968
			32.8671875647542	-24.5602485979661
			32.8671875647542	-24.5463805863354
			32.8671875647542	-24.5325125747047
			32.8671875647542	-24.518644563074
			32.8671875647542	-24.5047765514433
			32.8810555763849	-24.4909085398126
			32.8810555763849	-24.4770405281819
			32.8810555763849	-24.4631725165512
			32.8810555763849	-24.4493045049205
			32.8810555763849	-24.4354364932898
			32.8810555763849	-24.4215684816591
			32.8810555763849	-24.4077004700284
			32.8810555763849	-24.3938324583977
			32.8810555763849	-24.379964446767
			32.8810555763849	-24.3660964351363
			32.8949235880156	-24.3522284235056
			32.8949235880156	-24.3383604118749
			32.8949235880156	-24.3244924002442
			32.8949235880156	-24.3106243886135
			32.8949235880156	-24.2967563769828
			32.8949235880156	-24.2828883653521
			32.8949235880156	-24.2690203537214
			32.9087915996462	-24.2551523420907
			32.9087915996462	-24.24128433046
			32.9087915996462	-24.2274163188293
			32.9087915996462	-24.2135483071986
			32.9087915996462	-24.1996802955679
			32.9087915996462	-24.1858122839372
			32.9226596112769	-24.1719442723065
			32.9226596112769	-24.1580762606758
			32.9226596112769	-24.1442082490451
			32.9226596112769	-24.1303402374144
			32.9226596112769	-24.1164722257837
			32.9226596112769	-24.1026042141531
			32.9365276229076	-24.1026042141531
			32.9365276229076	-24.0887362025224
			32.9365276229076	-24.0748681908917
			32.9365276229076	-24.061000179261
			32.9365276229076	-24.0471321676303
			32.9365276229076	-24.0332641559996
			32.9503956345383	-24.0193961443689
			32.9503956345383	-24.0055281327382
			32.9503956345383	-23.9916601211075
			32.9503956345383	-23.9777921094768
			32.9503956345383	-23.9639240978461
			32.964263646169	-23.9500560862154
			32.964263646169	-23.9361880745847
			32.964263646169	-23.922320062954
			32.964263646169	-23.9084520513233
			32.9781316577997	-23.8945840396926
			32.9781316577997	-23.8807160280619
			32.9781316577997	-23.8668480164312
			32.9919996694304	-23.8529800048005
			32.9919996694304	-23.8391119931698
			32.9919996694304	-23.8252439815391
			32.9919996694304	-23.8113759699084
			33.0058676810611	-23.7975079582777
			33.0058676810611	-23.783639946647
			33.0058676810611	-23.7697719350163
			33.0197356926918	-23.7697719350163
			33.0197356926918	-23.7559039233856
			33.0336037043225	-23.7420359117549
			33.0336037043225	-23.7281679001242
			33.0474717159532	-23.7142998884935
			33.0613397275839	-23.7004318768628
			33.0752077392146	-23.6865638652321
			33.0890757508453	-23.6865638652321
			33.102943762476	-23.6726958536014
			33.1168117741067	-23.6726958536014
			33.1168117741067	-23.6588278419707
			33.1306797857374	-23.6588278419707
			33.1445477973681	-23.64495983034
			33.1584158089988	-23.64495983034
			33.1722838206295	-23.6310918187093
			33.1861518322602	-23.6310918187093
			33.2000198438909	-23.6172238070786
			33.2138878555216	-23.6172238070786
			33.2277558671523	-23.6033557954479
			33.241623878783	-23.6033557954479
			33.2554918904137	-23.6033557954479
			33.2693599020444	-23.5894877838172
			33.2832279136751	-23.5894877838172
			33.2970959253058	-23.5894877838172
			33.3109639369365	-23.5894877838172
			33.3248319485672	-23.5756197721865
			33.3386999601979	-23.5756197721865
			33.3525679718286	-23.5756197721865
			33.3664359834593	-23.5756197721865
			33.38030399509	-23.5756197721865
			33.3941720067207	-23.5617517605558
			33.4080400183514	-23.5617517605558
			33.4219080299821	-23.5617517605558
			33.4357760416128	-23.5617517605558
			33.4496440532435	-23.5617517605558
			33.4635120648742	-23.5617517605558
			33.4773800765049	-23.5617517605558
			33.4912480881356	-23.5617517605558
			33.5051160997663	-23.5617517605558
			33.518984111397	-23.5617517605558
			33.5328521230277	-23.5617517605558
			33.5467201346584	-23.5617517605558
			33.5605881462891	-23.5617517605558
			33.5744561579198	-23.5617517605558
			33.5883241695505	-23.5617517605558
			33.6021921811812	-23.5617517605558
			33.6160601928119	-23.5617517605558
			33.6299282044425	-23.5617517605558
			33.6437962160732	-23.5617517605558
			33.6576642277039	-23.5617517605558
			33.6715322393346	-23.5617517605558
		</Outline2>
		<Outline3 type=matrix rownames=FALSE colnames=FALSE nrow=130 ncol=2 as.numeric=TRUE >
			33.6715322393346	-23.5617517605558
			33.6854002509653	-23.5617517605558
			33.699268262596	-23.5617517605558
			33.7131362742267	-23.5617517605558
			33.7270042858574	-23.5617517605558
			33.7408722974881	-23.5617517605558
			33.7547403091188	-23.5617517605558
			33.7547403091188	-23.5478837489251
			33.7686083207495	-23.5478837489251
			33.7824763323802	-23.5478837489251
			33.7963443440109	-23.5478837489251
			33.8102123556416	-23.5478837489251
			33.8240803672723	-23.5478837489251
			33.837948378903	-23.5478837489251
			33.8518163905337	-23.5478837489251
			33.8656844021644	-23.5478837489251
			33.8795524137951	-23.5478837489251
			33.8934204254258	-23.5478837489251
			33.9072884370565	-23.5478837489251
			33.9211564486872	-23.5478837489251
			33.9350244603179	-23.5478837489251
			33.9488924719486	-23.5478837489251
			33.9627604835793	-23.5478837489251
			33.97662849521	-23.5478837489251
			33.9904965068407	-23.5478837489251
			34.0043645184714	-23.5478837489251
			34.0043645184714	-23.5340157372944
			34.0182325301021	-23.5340157372944
			34.0321005417328	-23.5340157372944
			34.0459685533635	-23.5340157372944
			34.0598365649942	-23.5340157372944
			34.0737045766249	-23.5340157372944
			34.0875725882556	-23.5340157372944
			34.1014405998863	-23.5340157372944
			34.115308611517	-23.5340157372944
			34.1291766231477	-23.5201477256637
			34.1430446347784	-23.5201477256637
			34.1569126464091	-23.5201477256637
			34.1707806580398	-23.5201477256637
			34.1846486696705	-23.5201477256637
			34.1985166813012	-23.5201477256637
			34.2123846929319	-23.5201477256637
			34.2262527045626	-23.5201477256637
			34.2401207161933	-23.5201477256637
			34.253988727824	-23.5201477256637
			34.2678567394547	-23.5201477256637
			34.2817247510853	-23.5201477256637
			34.295592762716	-23.5201477256637
			34.3094607743467	-23.5201477256637
			34.3233287859774	-23.5201477256637
			34.3371967976081	-23.5201477256637
			34.3510648092388	-23.5201477256637
			34.3649328208695	-23.5201477256637
			34.3788008325002	-23.5201477256637
			34.3926688441309	-23.5201477256637
			34.4065368557616	-23.5340157372944
			34.4204048673923	-23.5340157372944
			34.434272879023	-23.5340157372944
			34.4481408906537	-23.5340157372944
			34.4620089022844	-23.5340157372944
			34.4758769139151	-23.5340157372944
			34.4897449255458	-23.5478837489251
			34.5036129371765	-23.5478837489251
			34.5174809488072	-23.5478837489251
			34.5313489604379	-23.5478837489251
			34.5452169720686	-23.5617517605558
			34.5590849836993	-23.5617517605558
			34.57295299533	-23.5617517605558
			34.5868210069607	-23.5617517605558
			34.6006890185914	-23.5756197721865
			34.6145570302221	-23.5756197721865
			34.6284250418528	-23.5756197721865
			34.6422930534835	-23.5894877838172
			34.6561610651142	-23.5894877838172
			34.6700290767449	-23.5894877838172
			34.6838970883756	-23.5894877838172
			34.6977651000063	-23.6033557954479
			34.711633111637	-23.6033557954479
			34.7255011232677	-23.6172238070786
			34.7393691348984	-23.6310918187093
			34.7532371465291	-23.6310918187093
			34.7671051581598	-23.6310918187093
			34.7671051581598	-23.64495983034
			34.7809731697905	-23.64495983034
			34.7948411814212	-23.6588278419707
			34.8087091930519	-23.6726958536014
			34.8225772046826	-23.6865638652321
			34.8364452163133	-23.6865638652321
			34.850313227944	-23.7004318768628
			34.8641812395747	-23.7142998884935
			34.8641812395747	-23.7281679001242
			34.8780492512054	-23.7281679001242
			34.8919172628361	-23.7420359117549
			34.8919172628361	-23.7559039233856
			34.9057852744668	-23.7559039233856
			34.9057852744668	-23.7697719350163
			34.9196532860975	-23.783639946647
			34.9196532860975	-23.7975079582777
			34.9335212977282	-23.7975079582777
			34.9473893093589	-23.8113759699084
			34.9473893093589	-23.8252439815391
			34.9612573209896	-23.8252439815391
			34.9612573209896	-23.8391119931698
			34.9751253326202	-23.8529800048005
			34.9889933442509	-23.8668480164312
			34.9889933442509	-23.8807160280619
			34.9889933442509	-23.8945840396926
			35.0028613558816	-23.9084520513233
			35.0028613558816	-23.922320062954
			35.0167293675123	-23.9361880745847
			35.0167293675123	-23.9500560862154
			35.030597379143	-23.9639240978461
			35.030597379143	-23.9777921094768
			35.0444653907737	-23.9916601211075
			35.0444653907737	-24.0055281327382
			35.0444653907737	-24.0193961443689
			35.0583334024044	-24.0332641559996
			35.0583334024044	-24.0471321676303
			35.0722014140351	-24.061000179261
			35.0722014140351	-24.0748681908917
			35.0860694256658	-24.0887362025224
			35.0860694256658	-24.1026042141531
			35.0860694256658	-24.1164722257837
			35.0860694256658	-24.1303402374144
			35.0999374372965	-24.1442082490451
			35.0999374372965	-24.1580762606758
			35.0999374372965	-24.1719442723065
			35.0999374372965	-24.1858122839372
			35.1138054489272	-24.1996802955679
			35.1138054489272	-24.2135483071986
		</Outline3>
		<Outline4 type=matrix rownames=FALSE colnames=FALSE nrow=120 ncol=2 as.numeric=TRUE >
			35.1138054489272	-24.2135483071986
			35.1138054489272	-24.2274163188293
			35.1138054489272	-24.24128433046
			35.1276734605579	-24.2551523420907
			35.1276734605579	-24.2690203537214
			35.1276734605579	-24.2828883653521
			35.1276734605579	-24.2967563769828
			35.1276734605579	-24.3106243886135
			35.1276734605579	-24.3244924002442
			35.1276734605579	-24.3383604118749
			35.1276734605579	-24.3522284235056
			35.1276734605579	-24.3660964351363
			35.1276734605579	-24.379964446767
			35.1276734605579	-24.3938324583977
			35.1276734605579	-24.4077004700284
			35.1276734605579	-24.4215684816591
			35.1276734605579	-24.4354364932898
			35.1138054489272	-24.4493045049205
			35.1138054489272	-24.4631725165512
			35.1138054489272	-24.4770405281819
			35.1138054489272	-24.4909085398126
			35.1138054489272	-24.5047765514433
			35.0999374372965	-24.518644563074
			35.0999374372965	-24.5325125747047
			35.0999374372965	-24.5463805863354
			35.0999374372965	-24.5602485979661
			35.0999374372965	-24.5741166095968
			35.0999374372965	-24.5879846212275
			35.0999374372965	-24.6018526328582
			35.0999374372965	-24.6157206444889
			35.0860694256658	-24.6295886561196
			35.0860694256658	-24.6434566677503
			35.0860694256658	-24.657324679381
			35.0860694256658	-24.6711926910117
			35.0860694256658	-24.6850607026424
			35.0722014140351	-24.6989287142731
			35.0722014140351	-24.7127967259038
			35.0722014140351	-24.7266647375345
			35.0583334024044	-24.7405327491652
			35.0583334024044	-24.7544007607959
			35.0444653907737	-24.7682687724266
			35.0444653907737	-24.7821367840573
			35.0444653907737	-24.7960047956879
			35.030597379143	-24.7960047956879
			35.030597379143	-24.8098728073186
			35.030597379143	-24.8237408189493
			35.030597379143	-24.83760883058
			35.0167293675123	-24.83760883058
			35.0167293675123	-24.8514768422107
			35.0167293675123	-24.8653448538414
			35.0028613558816	-24.8792128654721
			35.0028613558816	-24.8930808771028
			35.0028613558816	-24.9069488887335
			34.9889933442509	-24.9208169003642
			34.9889933442509	-24.9346849119949
			34.9751253326202	-24.9485529236256
			34.9751253326202	-24.9624209352563
			34.9612573209896	-24.976288946887
			34.9612573209896	-24.9901569585177
			34.9473893093589	-25.0040249701484
			34.9335212977282	-25.0178929817791
			34.9335212977282	-25.0317609934098
			34.9196532860975	-25.0456290050405
			34.9196532860975	-25.0594970166712
			34.9057852744668	-25.0733650283019
			34.9057852744668	-25.0872330399326
			34.8919172628361	-25.1011010515633
			34.8780492512054	-25.1011010515633
			34.8780492512054	-25.114969063194
			34.8641812395747	-25.1288370748247
			34.850313227944	-25.1427050864554
			34.8364452163133	-25.1565730980861
			34.8225772046826	-25.1704411097168
			34.8087091930519	-25.1843091213475
			34.7948411814212	-25.1981771329782
			34.7809731697905	-25.1981771329782
			34.7671051581598	-25.2120451446089
			34.7532371465291	-25.2259131562396
			34.7393691348984	-25.2397811678703
			34.7255011232677	-25.2397811678703
			34.711633111637	-25.253649179501
			34.6977651000063	-25.253649179501
			34.6977651000063	-25.2675171911317
			34.6838970883756	-25.2675171911317
			34.6700290767449	-25.2813852027624
			34.6561610651142	-25.2813852027624
			34.6561610651142	-25.2952532143931
			34.6422930534835	-25.2952532143931
			34.6284250418528	-25.3091212260238
			34.6145570302221	-25.3091212260238
			34.6145570302221	-25.3229892376545
			34.6006890185914	-25.3229892376545
			34.5868210069607	-25.3368572492852
			34.57295299533	-25.3368572492852
			34.57295299533	-25.3507252609159
			34.5590849836993	-25.3507252609159
			34.5452169720686	-25.3507252609159
			34.5313489604379	-25.3645932725466
			34.5174809488072	-25.3645932725466
			34.5036129371765	-25.3784612841773
			34.4897449255458	-25.3784612841773
			34.4758769139151	-25.3784612841773
			34.4620089022844	-25.392329295808
			34.4481408906537	-25.392329295808
			34.434272879023	-25.392329295808
			34.434272879023	-25.4061973074387
			34.4204048673923	-25.4061973074387
			34.4065368557616	-25.4061973074387
			34.3926688441309	-25.4061973074387
			34.3788008325002	-25.4061973074387
			34.3649328208695	-25.4200653190694
			34.3510648092388	-25.4200653190694
			34.3371967976081	-25.4339333307001
			34.3233287859774	-25.4339333307001
			34.3094607743467	-25.4478013423308
			34.295592762716	-25.4478013423308
			34.2817247510853	-25.4616693539614
			34.2678567394547	-25.4755373655921
			34.253988727824	-25.4894053772228
			34.2401207161933	-25.5032733888535
		</Outline4>
	</curves.scaled>
	<ruler.points type=matrix rownames=TRUE colnames=FALSE nrow=2 ncol=2 as.numeric=TRUE >
		Ruler point 1	3887	2616
		Ruler point 2	3166	2627
	</ruler.points>
</shapes>

