<shapes type=list>
	<ruler.pixel type=vector names=FALSE length=1 as.numeric=TRUE >783.031289285428</ruler.pixel>
	<ruler.interval type=vector names=FALSE length=1 as.numeric=TRUE >10</ruler.interval>
	<scaling.units type=vector names=FALSE length=1 as.numeric=FALSE >mm</scaling.units>
	<scaling type=vector names=FALSE length=1 as.numeric=TRUE >0.0127708817474276</scaling>
	<landmarks.pixel type=matrix rownames=TRUE colnames=FALSE nrow=4 ncol=2 as.numeric=TRUE >
		Labial	2302	1326
		Posterior	2218	1239
		Lingual	2309	1161
		Anterior	2400	1247
	</landmarks.pixel>
	<landmarks.scaled type=matrix rownames=TRUE colnames=FALSE nrow=4 ncol=2 as.numeric=TRUE >
		Labial	29.3985697825784	-16.934189197089
		Posterior	28.3258157157945	-15.8231224850628
		Lingual	29.4879659548104	-14.8269937087635
		Anterior	30.6501161938263	-15.9252895390423
	</landmarks.scaled>
	<curves.control type=list>
		<Outline1 type=matrix rownames=FALSE colnames=FALSE nrow=15 ncol=2 as.numeric=TRUE >
			2302	1326
			2296	1329
			2288	1334
			2279	1339
			2267	1342
			2257	1342
			2248	1340
			2239	1338
			2230	1334
			2224	1329
			2218	1323
			2212	1313
			2210	1302
			2209	1292
			2218	1239
		</Outline1>
		<Outline2 type=matrix rownames=FALSE colnames=FALSE nrow=17 ncol=2 as.numeric=TRUE >
			2218	1239
			2221	1227
			2224	1213
			2227	1201
			2231	1191
			2236	1183
			2241	1176
			2247	1170
			2253	1165
			2259	1161
			2265	1159
			2272	1156
			2281	1155
			2287	1155
			2294	1157
			2301	1160
			2309	1161
		</Outline2>
		<Outline3 type=matrix rownames=FALSE colnames=FALSE nrow=21 ncol=2 as.numeric=TRUE >
			2309	1161
			2316	1161
			2325	1161
			2332	1162
			2340	1164
			2348	1166
			2356	1168
			2363	1170
			2370	1174
			2378	1178
			2384	1183
			2389	1189
			2392	1194
			2396	1200
			2398	1206
			2399	1213
			2400	1220
			2400	1227
			2400	1234
			2400	1240
			2400	1247
		</Outline3>
		<Outline4 type=matrix rownames=FALSE colnames=FALSE nrow=19 ncol=2 as.numeric=TRUE >
			2400	1247
			2399	1253
			2396	1262
			2393	1268
			2389	1276
			2384	1283
			2378	1290
			2373	1296
			2368	1302
			2362	1306
			2357	1309
			2350	1310
			2343	1310
			2334	1310
			2327	1312
			2321	1315
			2315	1320
			2309	1323
			2302	1326
		</Outline4>
	</curves.control>
	<curves.pixel type=list>
		<Outline1 type=matrix rownames=FALSE colnames=FALSE nrow=175 ncol=2 as.numeric=TRUE >
			2302	1326
			2301	1326
			2300	1327
			2299	1328
			2298	1328
			2297	1329
			2296	1329
			2295	1330
			2294	1331
			2293	1331
			2292	1332
			2291	1332
			2290	1332
			2290	1333
			2289	1333
			2288	1334
			2287	1334
			2287	1335
			2286	1335
			2285	1336
			2284	1336
			2283	1337
			2282	1337
			2281	1337
			2280	1338
			2279	1338
			2278	1338
			2277	1339
			2276	1339
			2275	1340
			2274	1340
			2273	1340
			2272	1341
			2271	1341
			2270	1341
			2269	1342
			2268	1342
			2267	1342
			2266	1342
			2265	1342
			2264	1342
			2263	1342
			2262	1342
			2261	1342
			2260	1342
			2259	1342
			2258	1342
			2257	1341
			2256	1341
			2255	1341
			2254	1341
			2253	1341
			2252	1341
			2251	1341
			2250	1340
			2249	1340
			2248	1340
			2247	1340
			2246	1340
			2246	1339
			2245	1339
			2244	1339
			2243	1339
			2242	1338
			2241	1338
			2240	1338
			2239	1337
			2238	1337
			2237	1337
			2236	1337
			2235	1336
			2234	1336
			2233	1335
			2232	1335
			2231	1334
			2230	1334
			2229	1333
			2228	1333
			2228	1332
			2227	1331
			2226	1331
			2225	1330
			2225	1329
			2224	1329
			2223	1328
			2222	1327
			2221	1326
			2220	1325
			2219	1324
			2218	1323
			2217	1322
			2217	1321
			2216	1320
			2216	1319
			2215	1318
			2215	1317
			2214	1316
			2214	1315
			2213	1314
			2213	1313
			2213	1312
			2212	1311
			2212	1310
			2212	1309
			2211	1308
			2211	1307
			2211	1306
			2211	1305
			2210	1304
			2210	1303
			2210	1302
			2210	1301
			2210	1300
			2210	1299
			2210	1298
			2210	1297
			2210	1296
			2210	1295
			2210	1294
			2210	1293
			2210	1292
			2210	1291
			2211	1290
			2211	1289
			2211	1288
			2211	1287
			2211	1286
			2211	1285
			2211	1284
			2211	1283
			2211	1282
			2211	1281
			2212	1281
			2212	1280
			2212	1279
			2212	1278
			2212	1277
			2212	1276
			2212	1275
			2212	1274
			2213	1273
			2213	1272
			2213	1271
			2213	1270
			2213	1269
			2213	1268
			2214	1267
			2214	1266
			2214	1265
			2214	1264
			2214	1263
			2214	1262
			2214	1261
			2215	1260
			2215	1259
			2215	1258
			2215	1257
			2215	1256
			2215	1255
			2216	1254
			2216	1253
			2216	1252
			2216	1251
			2216	1250
			2216	1249
			2216	1248
			2217	1247
			2217	1246
			2217	1245
			2217	1244
			2217	1243
			2218	1242
			2218	1241
			2218	1240
			2218	1239
		</Outline1>
		<Outline2 type=matrix rownames=FALSE colnames=FALSE nrow=139 ncol=2 as.numeric=TRUE >
			2218	1239
			2218	1238
			2219	1237
			2219	1236
			2219	1235
			2219	1234
			2220	1233
			2220	1232
			2220	1231
			2220	1230
			2221	1229
			2221	1228
			2221	1227
			2221	1226
			2221	1225
			2222	1224
			2222	1223
			2222	1222
			2222	1221
			2222	1220
			2223	1220
			2223	1219
			2223	1218
			2223	1217
			2223	1216
			2224	1215
			2224	1214
			2224	1213
			2224	1212
			2224	1211
			2225	1210
			2225	1209
			2225	1208
			2226	1207
			2226	1206
			2226	1205
			2226	1204
			2227	1203
			2227	1202
			2227	1201
			2228	1200
			2228	1199
			2228	1198
			2229	1198
			2229	1197
			2229	1196
			2229	1195
			2230	1194
			2230	1193
			2230	1192
			2231	1192
			2231	1191
			2232	1190
			2232	1189
			2233	1188
			2234	1187
			2234	1186
			2235	1185
			2235	1184
			2236	1183
			2237	1182
			2238	1181
			2238	1180
			2239	1179
			2239	1178
			2240	1177
			2241	1177
			2241	1176
			2242	1175
			2243	1174
			2244	1173
			2245	1172
			2246	1171
			2247	1170
			2248	1170
			2248	1169
			2249	1168
			2250	1167
			2251	1167
			2252	1166
			2253	1165
			2254	1165
			2255	1164
			2255	1163
			2256	1163
			2257	1162
			2258	1162
			2259	1162
			2260	1161
			2261	1161
			2261	1160
			2262	1160
			2263	1160
			2264	1159
			2265	1159
			2266	1159
			2267	1158
			2268	1158
			2269	1157
			2270	1157
			2271	1157
			2272	1157
			2273	1156
			2274	1156
			2275	1156
			2276	1156
			2277	1156
			2278	1155
			2279	1155
			2280	1155
			2281	1155
			2282	1155
			2283	1155
			2284	1155
			2285	1155
			2286	1155
			2287	1155
			2288	1156
			2289	1156
			2290	1156
			2291	1156
			2292	1156
			2293	1157
			2294	1157
			2295	1158
			2296	1158
			2297	1158
			2298	1159
			2299	1159
			2300	1159
			2301	1159
			2302	1160
			2303	1160
			2304	1160
			2305	1160
			2306	1161
			2307	1161
			2308	1161
			2309	1161
		</Outline2>
		<Outline3 type=matrix rownames=FALSE colnames=FALSE nrow=143 ncol=2 as.numeric=TRUE >
			2309	1161
			2310	1161
			2311	1161
			2312	1161
			2313	1161
			2314	1161
			2315	1161
			2316	1161
			2317	1161
			2318	1161
			2319	1161
			2320	1161
			2321	1161
			2322	1161
			2323	1161
			2324	1161
			2325	1161
			2326	1161
			2327	1161
			2328	1161
			2329	1162
			2330	1162
			2331	1162
			2332	1162
			2333	1162
			2334	1163
			2335	1163
			2336	1163
			2337	1163
			2338	1164
			2339	1164
			2340	1164
			2341	1164
			2342	1164
			2343	1165
			2344	1165
			2345	1165
			2346	1166
			2347	1166
			2348	1166
			2349	1166
			2350	1167
			2351	1167
			2352	1167
			2353	1167
			2354	1167
			2355	1168
			2356	1168
			2357	1168
			2358	1168
			2358	1169
			2359	1169
			2360	1169
			2361	1170
			2362	1170
			2363	1170
			2364	1171
			2365	1172
			2366	1172
			2367	1173
			2368	1173
			2369	1174
			2370	1174
			2371	1175
			2372	1175
			2373	1176
			2374	1176
			2375	1177
			2376	1177
			2377	1178
			2378	1179
			2379	1179
			2380	1180
			2381	1180
			2381	1181
			2382	1182
			2383	1182
			2384	1183
			2384	1184
			2385	1184
			2386	1185
			2386	1186
			2387	1187
			2388	1188
			2389	1189
			2389	1190
			2390	1191
			2391	1192
			2392	1193
			2392	1194
			2393	1195
			2394	1196
			2394	1197
			2395	1198
			2395	1199
			2396	1200
			2396	1201
			2397	1202
			2397	1203
			2397	1204
			2398	1205
			2398	1206
			2398	1207
			2398	1208
			2398	1209
			2399	1210
			2399	1211
			2399	1212
			2399	1213
			2399	1214
			2399	1215
			2399	1216
			2400	1217
			2400	1218
			2400	1219
			2400	1220
			2400	1221
			2400	1222
			2400	1223
			2400	1224
			2400	1225
			2400	1226
			2400	1227
			2400	1228
			2400	1229
			2400	1230
			2400	1231
			2400	1232
			2400	1233
			2400	1234
			2400	1235
			2400	1236
			2400	1237
			2400	1238
			2400	1239
			2400	1240
			2400	1241
			2400	1242
			2400	1243
			2400	1244
			2400	1245
			2400	1246
			2400	1247
		</Outline3>
		<Outline4 type=matrix rownames=FALSE colnames=FALSE nrow=129 ncol=2 as.numeric=TRUE >
			2400	1247
			2400	1248
			2400	1249
			2399	1250
			2399	1251
			2399	1252
			2399	1253
			2399	1254
			2398	1254
			2398	1255
			2398	1256
			2398	1257
			2397	1258
			2397	1259
			2397	1260
			2396	1261
			2396	1262
			2396	1263
			2395	1263
			2395	1264
			2395	1265
			2394	1266
			2393	1267
			2393	1268
			2392	1269
			2392	1270
			2391	1271
			2391	1272
			2390	1273
			2390	1274
			2389	1275
			2389	1276
			2388	1277
			2387	1278
			2387	1279
			2386	1280
			2385	1281
			2385	1282
			2384	1283
			2383	1284
			2382	1285
			2381	1286
			2381	1287
			2380	1288
			2379	1289
			2378	1290
			2378	1291
			2377	1291
			2376	1292
			2376	1293
			2375	1294
			2374	1295
			2373	1295
			2373	1296
			2372	1297
			2371	1298
			2371	1299
			2370	1300
			2369	1300
			2369	1301
			2368	1302
			2367	1303
			2366	1303
			2366	1304
			2365	1304
			2364	1305
			2363	1305
			2363	1306
			2362	1306
			2361	1307
			2360	1307
			2359	1308
			2358	1308
			2357	1309
			2356	1309
			2355	1309
			2354	1309
			2353	1310
			2352	1310
			2351	1310
			2350	1310
			2349	1310
			2348	1310
			2347	1310
			2346	1310
			2345	1310
			2344	1310
			2343	1310
			2342	1310
			2341	1310
			2340	1310
			2339	1310
			2338	1310
			2337	1310
			2336	1310
			2335	1310
			2334	1311
			2333	1311
			2332	1311
			2331	1311
			2330	1311
			2329	1311
			2328	1312
			2327	1312
			2326	1313
			2325	1313
			2324	1314
			2323	1315
			2322	1315
			2321	1316
			2320	1316
			2319	1317
			2318	1318
			2317	1319
			2316	1319
			2315	1320
			2314	1320
			2313	1321
			2312	1322
			2311	1322
			2310	1322
			2309	1323
			2308	1323
			2307	1324
			2306	1324
			2305	1325
			2304	1325
			2303	1325
			2302	1326
		</Outline4>
	</curves.pixel>
	<curves.scaled type=list>
		<Outline1 type=matrix rownames=FALSE colnames=FALSE nrow=175 ncol=2 as.numeric=TRUE >
			29.3985697825784	-16.934189197089
			29.385798900831	-16.934189197089
			29.3730280190835	-16.9469600788365
			29.3602571373361	-16.9597309605839
			29.3474862555887	-16.9597309605839
			29.3347153738413	-16.9725018423313
			29.3219444920938	-16.9725018423313
			29.3091736103464	-16.9852727240787
			29.296402728599	-16.9980436058262
			29.2836318468516	-16.9980436058262
			29.2708609651041	-17.0108144875736
			29.2580900833567	-17.0108144875736
			29.2453192016093	-17.0108144875736
			29.2453192016093	-17.023585369321
			29.2325483198618	-17.023585369321
			29.2197774381144	-17.0363562510685
			29.207006556367	-17.0363562510685
			29.207006556367	-17.0491271328159
			29.1942356746196	-17.0491271328159
			29.1814647928721	-17.0618980145633
			29.1686939111247	-17.0618980145633
			29.1559230293773	-17.0746688963107
			29.1431521476299	-17.0746688963107
			29.1303812658824	-17.0746688963107
			29.117610384135	-17.0874397780582
			29.1048395023876	-17.0874397780582
			29.0920686206401	-17.0874397780582
			29.0792977388927	-17.1002106598056
			29.0665268571453	-17.1002106598056
			29.0537559753979	-17.112981541553
			29.0409850936504	-17.112981541553
			29.028214211903	-17.112981541553
			29.0154433301556	-17.1257524233005
			29.0026724484081	-17.1257524233005
			28.9899015666607	-17.1257524233005
			28.9771306849133	-17.1385233050479
			28.9643598031659	-17.1385233050479
			28.9515889214184	-17.1385233050479
			28.938818039671	-17.1385233050479
			28.9260471579236	-17.1385233050479
			28.9132762761762	-17.1385233050479
			28.9005053944287	-17.1385233050479
			28.8877345126813	-17.1385233050479
			28.8749636309339	-17.1385233050479
			28.8621927491864	-17.1385233050479
			28.849421867439	-17.1385233050479
			28.8366509856916	-17.1385233050479
			28.8238801039442	-17.1257524233005
			28.8111092221967	-17.1257524233005
			28.7983383404493	-17.1257524233005
			28.7855674587019	-17.1257524233005
			28.7727965769544	-17.1257524233005
			28.760025695207	-17.1257524233005
			28.7472548134596	-17.1257524233005
			28.7344839317122	-17.112981541553
			28.7217130499647	-17.112981541553
			28.7089421682173	-17.112981541553
			28.6961712864699	-17.112981541553
			28.6834004047225	-17.112981541553
			28.6834004047225	-17.1002106598056
			28.670629522975	-17.1002106598056
			28.6578586412276	-17.1002106598056
			28.6450877594802	-17.1002106598056
			28.6323168777327	-17.0874397780582
			28.6195459959853	-17.0874397780582
			28.6067751142379	-17.0874397780582
			28.5940042324905	-17.0746688963107
			28.581233350743	-17.0746688963107
			28.5684624689956	-17.0746688963107
			28.5556915872482	-17.0746688963107
			28.5429207055008	-17.0618980145633
			28.5301498237533	-17.0618980145633
			28.5173789420059	-17.0491271328159
			28.5046080602585	-17.0491271328159
			28.491837178511	-17.0363562510685
			28.4790662967636	-17.0363562510685
			28.4662954150162	-17.023585369321
			28.4535245332688	-17.023585369321
			28.4535245332688	-17.0108144875736
			28.4407536515213	-16.9980436058262
			28.4279827697739	-16.9980436058262
			28.4152118880265	-16.9852727240787
			28.4152118880265	-16.9725018423313
			28.402441006279	-16.9725018423313
			28.3896701245316	-16.9597309605839
			28.3768992427842	-16.9469600788365
			28.3641283610368	-16.934189197089
			28.3513574792893	-16.9214183153416
			28.3385865975419	-16.9086474335942
			28.3258157157945	-16.8958765518468
			28.3130448340471	-16.8831056700993
			28.3130448340471	-16.8703347883519
			28.3002739522996	-16.8575639066045
			28.3002739522996	-16.844793024857
			28.2875030705522	-16.8320221431096
			28.2875030705522	-16.8192512613622
			28.2747321888048	-16.8064803796148
			28.2747321888048	-16.7937094978673
			28.2619613070573	-16.7809386161199
			28.2619613070573	-16.7681677343725
			28.2619613070573	-16.7553968526251
			28.2491904253099	-16.7426259708776
			28.2491904253099	-16.7298550891302
			28.2491904253099	-16.7170842073828
			28.2364195435625	-16.7043133256353
			28.2364195435625	-16.6915424438879
			28.2364195435625	-16.6787715621405
			28.2364195435625	-16.6660006803931
			28.2236486618151	-16.6532297986456
			28.2236486618151	-16.6404589168982
			28.2236486618151	-16.6276880351508
			28.2236486618151	-16.6149171534033
			28.2236486618151	-16.6021462716559
			28.2236486618151	-16.5893753899085
			28.2236486618151	-16.5766045081611
			28.2236486618151	-16.5638336264136
			28.2236486618151	-16.5510627446662
			28.2236486618151	-16.5382918629188
			28.2236486618151	-16.5255209811714
			28.2236486618151	-16.5127500994239
			28.2236486618151	-16.4999792176765
			28.2236486618151	-16.4872083359291
			28.2364195435625	-16.4744374541816
			28.2364195435625	-16.4616665724342
			28.2364195435625	-16.4488956906868
			28.2364195435625	-16.4361248089394
			28.2364195435625	-16.4233539271919
			28.2364195435625	-16.4105830454445
			28.2364195435625	-16.3978121636971
			28.2364195435625	-16.3850412819497
			28.2364195435625	-16.3722704002022
			28.2364195435625	-16.3594995184548
			28.2491904253099	-16.3594995184548
			28.2491904253099	-16.3467286367074
			28.2491904253099	-16.3339577549599
			28.2491904253099	-16.3211868732125
			28.2491904253099	-16.3084159914651
			28.2491904253099	-16.2956451097177
			28.2491904253099	-16.2828742279702
			28.2491904253099	-16.2701033462228
			28.2619613070573	-16.2573324644754
			28.2619613070573	-16.2445615827279
			28.2619613070573	-16.2317907009805
			28.2619613070573	-16.2190198192331
			28.2619613070573	-16.2062489374857
			28.2619613070573	-16.1934780557382
			28.2747321888048	-16.1807071739908
			28.2747321888048	-16.1679362922434
			28.2747321888048	-16.155165410496
			28.2747321888048	-16.1423945287485
			28.2747321888048	-16.1296236470011
			28.2747321888048	-16.1168527652537
			28.2747321888048	-16.1040818835062
			28.2875030705522	-16.0913110017588
			28.2875030705522	-16.0785401200114
			28.2875030705522	-16.065769238264
			28.2875030705522	-16.0529983565165
			28.2875030705522	-16.0402274747691
			28.2875030705522	-16.0274565930217
			28.3002739522996	-16.0146857112742
			28.3002739522996	-16.0019148295268
			28.3002739522996	-15.9891439477794
			28.3002739522996	-15.976373066032
			28.3002739522996	-15.9636021842845
			28.3002739522996	-15.9508313025371
			28.3002739522996	-15.9380604207897
			28.3130448340471	-15.9252895390423
			28.3130448340471	-15.9125186572948
			28.3130448340471	-15.8997477755474
			28.3130448340471	-15.8869768938
			28.3130448340471	-15.8742060120525
			28.3258157157945	-15.8614351303051
			28.3258157157945	-15.8486642485577
			28.3258157157945	-15.8358933668103
			28.3258157157945	-15.8231224850628
		</Outline1>
		<Outline2 type=matrix rownames=FALSE colnames=FALSE nrow=139 ncol=2 as.numeric=TRUE >
			28.3258157157945	-15.8231224850628
			28.3258157157945	-15.8103516033154
			28.3385865975419	-15.797580721568
			28.3385865975419	-15.7848098398206
			28.3385865975419	-15.7720389580731
			28.3385865975419	-15.7592680763257
			28.3513574792893	-15.7464971945783
			28.3513574792893	-15.7337263128308
			28.3513574792893	-15.7209554310834
			28.3513574792893	-15.708184549336
			28.3641283610368	-15.6954136675886
			28.3641283610368	-15.6826427858411
			28.3641283610368	-15.6698719040937
			28.3641283610368	-15.6571010223463
			28.3641283610368	-15.6443301405988
			28.3768992427842	-15.6315592588514
			28.3768992427842	-15.618788377104
			28.3768992427842	-15.6060174953566
			28.3768992427842	-15.5932466136091
			28.3768992427842	-15.5804757318617
			28.3896701245316	-15.5804757318617
			28.3896701245316	-15.5677048501143
			28.3896701245316	-15.5549339683669
			28.3896701245316	-15.5421630866194
			28.3896701245316	-15.529392204872
			28.402441006279	-15.5166213231246
			28.402441006279	-15.5038504413771
			28.402441006279	-15.4910795596297
			28.402441006279	-15.4783086778823
			28.402441006279	-15.4655377961349
			28.4152118880265	-15.4527669143874
			28.4152118880265	-15.43999603264
			28.4152118880265	-15.4272251508926
			28.4279827697739	-15.4144542691451
			28.4279827697739	-15.4016833873977
			28.4279827697739	-15.3889125056503
			28.4279827697739	-15.3761416239029
			28.4407536515213	-15.3633707421554
			28.4407536515213	-15.350599860408
			28.4407536515213	-15.3378289786606
			28.4535245332688	-15.3250580969132
			28.4535245332688	-15.3122872151657
			28.4535245332688	-15.2995163334183
			28.4662954150162	-15.2995163334183
			28.4662954150162	-15.2867454516709
			28.4662954150162	-15.2739745699234
			28.4662954150162	-15.261203688176
			28.4790662967636	-15.2484328064286
			28.4790662967636	-15.2356619246812
			28.4790662967636	-15.2228910429337
			28.491837178511	-15.2228910429337
			28.491837178511	-15.2101201611863
			28.5046080602585	-15.1973492794389
			28.5046080602585	-15.1845783976915
			28.5173789420059	-15.171807515944
			28.5301498237533	-15.1590366341966
			28.5301498237533	-15.1462657524492
			28.5429207055008	-15.1334948707017
			28.5429207055008	-15.1207239889543
			28.5556915872482	-15.1079531072069
			28.5684624689956	-15.0951822254595
			28.581233350743	-15.082411343712
			28.581233350743	-15.0696404619646
			28.5940042324905	-15.0568695802172
			28.5940042324905	-15.0440986984697
			28.6067751142379	-15.0313278167223
			28.6195459959853	-15.0313278167223
			28.6195459959853	-15.0185569349749
			28.6323168777327	-15.0057860532275
			28.6450877594802	-14.99301517148
			28.6578586412276	-14.9802442897326
			28.670629522975	-14.9674734079852
			28.6834004047225	-14.9547025262378
			28.6961712864699	-14.9419316444903
			28.7089421682173	-14.9419316444903
			28.7089421682173	-14.9291607627429
			28.7217130499647	-14.9163898809955
			28.7344839317122	-14.903618999248
			28.7472548134596	-14.903618999248
			28.760025695207	-14.8908481175006
			28.7727965769544	-14.8780772357532
			28.7855674587019	-14.8780772357532
			28.7983383404493	-14.8653063540058
			28.7983383404493	-14.8525354722583
			28.8111092221967	-14.8525354722583
			28.8238801039442	-14.8397645905109
			28.8366509856916	-14.8397645905109
			28.849421867439	-14.8397645905109
			28.8621927491864	-14.8269937087635
			28.8749636309339	-14.8269937087635
			28.8749636309339	-14.8142228270161
			28.8877345126813	-14.8142228270161
			28.9005053944287	-14.8142228270161
			28.9132762761762	-14.8014519452686
			28.9260471579236	-14.8014519452686
			28.938818039671	-14.8014519452686
			28.9515889214184	-14.7886810635212
			28.9643598031659	-14.7886810635212
			28.9771306849133	-14.7759101817738
			28.9899015666607	-14.7759101817738
			29.0026724484081	-14.7759101817738
			29.0154433301556	-14.7759101817738
			29.028214211903	-14.7631393000263
			29.0409850936504	-14.7631393000263
			29.0537559753979	-14.7631393000263
			29.0665268571453	-14.7631393000263
			29.0792977388927	-14.7631393000263
			29.0920686206401	-14.7503684182789
			29.1048395023876	-14.7503684182789
			29.117610384135	-14.7503684182789
			29.1303812658824	-14.7503684182789
			29.1431521476299	-14.7503684182789
			29.1559230293773	-14.7503684182789
			29.1686939111247	-14.7503684182789
			29.1814647928721	-14.7503684182789
			29.1942356746196	-14.7503684182789
			29.207006556367	-14.7503684182789
			29.2197774381144	-14.7631393000263
			29.2325483198618	-14.7631393000263
			29.2453192016093	-14.7631393000263
			29.2580900833567	-14.7631393000263
			29.2708609651041	-14.7631393000263
			29.2836318468516	-14.7759101817738
			29.296402728599	-14.7759101817738
			29.3091736103464	-14.7886810635212
			29.3219444920938	-14.7886810635212
			29.3347153738413	-14.7886810635212
			29.3474862555887	-14.8014519452686
			29.3602571373361	-14.8014519452686
			29.3730280190835	-14.8014519452686
			29.385798900831	-14.8014519452686
			29.3985697825784	-14.8142228270161
			29.4113406643258	-14.8142228270161
			29.4241115460733	-14.8142228270161
			29.4368824278207	-14.8142228270161
			29.4496533095681	-14.8269937087635
			29.4624241913155	-14.8269937087635
			29.475195073063	-14.8269937087635
			29.4879659548104	-14.8269937087635
		</Outline2>
		<Outline3 type=matrix rownames=FALSE colnames=FALSE nrow=143 ncol=2 as.numeric=TRUE >
			29.4879659548104	-14.8269937087635
			29.5007368365578	-14.8269937087635
			29.5135077183053	-14.8269937087635
			29.5262786000527	-14.8269937087635
			29.5390494818001	-14.8269937087635
			29.5518203635475	-14.8269937087635
			29.564591245295	-14.8269937087635
			29.5773621270424	-14.8269937087635
			29.5901330087898	-14.8269937087635
			29.6029038905372	-14.8269937087635
			29.6156747722847	-14.8269937087635
			29.6284456540321	-14.8269937087635
			29.6412165357795	-14.8269937087635
			29.653987417527	-14.8269937087635
			29.6667582992744	-14.8269937087635
			29.6795291810218	-14.8269937087635
			29.6923000627692	-14.8269937087635
			29.7050709445167	-14.8269937087635
			29.7178418262641	-14.8269937087635
			29.7306127080115	-14.8269937087635
			29.7433835897589	-14.8397645905109
			29.7561544715064	-14.8397645905109
			29.7689253532538	-14.8397645905109
			29.7816962350012	-14.8397645905109
			29.7944671167487	-14.8397645905109
			29.8072379984961	-14.8525354722583
			29.8200088802435	-14.8525354722583
			29.8327797619909	-14.8525354722583
			29.8455506437384	-14.8525354722583
			29.8583215254858	-14.8653063540058
			29.8710924072332	-14.8653063540058
			29.8838632889807	-14.8653063540058
			29.8966341707281	-14.8653063540058
			29.9094050524755	-14.8653063540058
			29.9221759342229	-14.8780772357532
			29.9349468159704	-14.8780772357532
			29.9477176977178	-14.8780772357532
			29.9604885794652	-14.8908481175006
			29.9732594612126	-14.8908481175006
			29.9860303429601	-14.8908481175006
			29.9988012247075	-14.8908481175006
			30.0115721064549	-14.903618999248
			30.0243429882024	-14.903618999248
			30.0371138699498	-14.903618999248
			30.0498847516972	-14.903618999248
			30.0626556334446	-14.903618999248
			30.0754265151921	-14.9163898809955
			30.0881973969395	-14.9163898809955
			30.1009682786869	-14.9163898809955
			30.1137391604344	-14.9163898809955
			30.1137391604344	-14.9291607627429
			30.1265100421818	-14.9291607627429
			30.1392809239292	-14.9291607627429
			30.1520518056766	-14.9419316444903
			30.1648226874241	-14.9419316444903
			30.1775935691715	-14.9419316444903
			30.1903644509189	-14.9547025262378
			30.2031353326663	-14.9674734079852
			30.2159062144138	-14.9674734079852
			30.2286770961612	-14.9802442897326
			30.2414479779086	-14.9802442897326
			30.2542188596561	-14.99301517148
			30.2669897414035	-14.99301517148
			30.2797606231509	-15.0057860532275
			30.2925315048983	-15.0057860532275
			30.3053023866458	-15.0185569349749
			30.3180732683932	-15.0185569349749
			30.3308441501406	-15.0313278167223
			30.343615031888	-15.0313278167223
			30.3563859136355	-15.0440986984697
			30.3691567953829	-15.0568695802172
			30.3819276771303	-15.0568695802172
			30.3946985588778	-15.0696404619646
			30.4074694406252	-15.0696404619646
			30.4074694406252	-15.082411343712
			30.4202403223726	-15.0951822254595
			30.43301120412	-15.0951822254595
			30.4457820858675	-15.1079531072069
			30.4457820858675	-15.1207239889543
			30.4585529676149	-15.1207239889543
			30.4713238493623	-15.1334948707017
			30.4713238493623	-15.1462657524492
			30.4840947311098	-15.1590366341966
			30.4968656128572	-15.171807515944
			30.5096364946046	-15.1845783976915
			30.5096364946046	-15.1973492794389
			30.522407376352	-15.2101201611863
			30.5351782580995	-15.2228910429337
			30.5479491398469	-15.2356619246812
			30.5479491398469	-15.2484328064286
			30.5607200215943	-15.261203688176
			30.5734909033417	-15.2739745699234
			30.5734909033417	-15.2867454516709
			30.5862617850892	-15.2995163334183
			30.5862617850892	-15.3122872151657
			30.5990326668366	-15.3250580969132
			30.5990326668366	-15.3378289786606
			30.611803548584	-15.350599860408
			30.611803548584	-15.3633707421554
			30.611803548584	-15.3761416239029
			30.6245744303315	-15.3889125056503
			30.6245744303315	-15.4016833873977
			30.6245744303315	-15.4144542691451
			30.6245744303315	-15.4272251508926
			30.6245744303315	-15.43999603264
			30.6373453120789	-15.4527669143874
			30.6373453120789	-15.4655377961349
			30.6373453120789	-15.4783086778823
			30.6373453120789	-15.4910795596297
			30.6373453120789	-15.5038504413771
			30.6373453120789	-15.5166213231246
			30.6373453120789	-15.529392204872
			30.6501161938263	-15.5421630866194
			30.6501161938263	-15.5549339683669
			30.6501161938263	-15.5677048501143
			30.6501161938263	-15.5804757318617
			30.6501161938263	-15.5932466136091
			30.6501161938263	-15.6060174953566
			30.6501161938263	-15.618788377104
			30.6501161938263	-15.6315592588514
			30.6501161938263	-15.6443301405988
			30.6501161938263	-15.6571010223463
			30.6501161938263	-15.6698719040937
			30.6501161938263	-15.6826427858411
			30.6501161938263	-15.6954136675886
			30.6501161938263	-15.708184549336
			30.6501161938263	-15.7209554310834
			30.6501161938263	-15.7337263128308
			30.6501161938263	-15.7464971945783
			30.6501161938263	-15.7592680763257
			30.6501161938263	-15.7720389580731
			30.6501161938263	-15.7848098398206
			30.6501161938263	-15.797580721568
			30.6501161938263	-15.8103516033154
			30.6501161938263	-15.8231224850628
			30.6501161938263	-15.8358933668103
			30.6501161938263	-15.8486642485577
			30.6501161938263	-15.8614351303051
			30.6501161938263	-15.8742060120525
			30.6501161938263	-15.8869768938
			30.6501161938263	-15.8997477755474
			30.6501161938263	-15.9125186572948
			30.6501161938263	-15.9252895390423
		</Outline3>
		<Outline4 type=matrix rownames=FALSE colnames=FALSE nrow=129 ncol=2 as.numeric=TRUE >
			30.6501161938263	-15.9252895390423
			30.6501161938263	-15.9380604207897
			30.6501161938263	-15.9508313025371
			30.6373453120789	-15.9636021842845
			30.6373453120789	-15.976373066032
			30.6373453120789	-15.9891439477794
			30.6373453120789	-16.0019148295268
			30.6373453120789	-16.0146857112742
			30.6245744303315	-16.0146857112742
			30.6245744303315	-16.0274565930217
			30.6245744303315	-16.0402274747691
			30.6245744303315	-16.0529983565165
			30.611803548584	-16.065769238264
			30.611803548584	-16.0785401200114
			30.611803548584	-16.0913110017588
			30.5990326668366	-16.1040818835062
			30.5990326668366	-16.1168527652537
			30.5990326668366	-16.1296236470011
			30.5862617850892	-16.1296236470011
			30.5862617850892	-16.1423945287485
			30.5862617850892	-16.155165410496
			30.5734909033417	-16.1679362922434
			30.5607200215943	-16.1807071739908
			30.5607200215943	-16.1934780557382
			30.5479491398469	-16.2062489374857
			30.5479491398469	-16.2190198192331
			30.5351782580995	-16.2317907009805
			30.5351782580995	-16.2445615827279
			30.522407376352	-16.2573324644754
			30.522407376352	-16.2701033462228
			30.5096364946046	-16.2828742279702
			30.5096364946046	-16.2956451097177
			30.4968656128572	-16.3084159914651
			30.4840947311098	-16.3211868732125
			30.4840947311098	-16.3339577549599
			30.4713238493623	-16.3467286367074
			30.4585529676149	-16.3594995184548
			30.4585529676149	-16.3722704002022
			30.4457820858675	-16.3850412819497
			30.43301120412	-16.3978121636971
			30.4202403223726	-16.4105830454445
			30.4074694406252	-16.4233539271919
			30.4074694406252	-16.4361248089394
			30.3946985588778	-16.4488956906868
			30.3819276771303	-16.4616665724342
			30.3691567953829	-16.4744374541816
			30.3691567953829	-16.4872083359291
			30.3563859136355	-16.4872083359291
			30.343615031888	-16.4999792176765
			30.343615031888	-16.5127500994239
			30.3308441501406	-16.5255209811714
			30.3180732683932	-16.5382918629188
			30.3053023866458	-16.5382918629188
			30.3053023866458	-16.5510627446662
			30.2925315048983	-16.5638336264136
			30.2797606231509	-16.5766045081611
			30.2797606231509	-16.5893753899085
			30.2669897414035	-16.6021462716559
			30.2542188596561	-16.6021462716559
			30.2542188596561	-16.6149171534033
			30.2414479779086	-16.6276880351508
			30.2286770961612	-16.6404589168982
			30.2159062144138	-16.6404589168982
			30.2159062144138	-16.6532297986456
			30.2031353326663	-16.6532297986456
			30.1903644509189	-16.6660006803931
			30.1775935691715	-16.6660006803931
			30.1775935691715	-16.6787715621405
			30.1648226874241	-16.6787715621405
			30.1520518056766	-16.6915424438879
			30.1392809239292	-16.6915424438879
			30.1265100421818	-16.7043133256353
			30.1137391604344	-16.7043133256353
			30.1009682786869	-16.7170842073828
			30.0881973969395	-16.7170842073828
			30.0754265151921	-16.7170842073828
			30.0626556334446	-16.7170842073828
			30.0498847516972	-16.7298550891302
			30.0371138699498	-16.7298550891302
			30.0243429882024	-16.7298550891302
			30.0115721064549	-16.7298550891302
			29.9988012247075	-16.7298550891302
			29.9860303429601	-16.7298550891302
			29.9732594612126	-16.7298550891302
			29.9604885794652	-16.7298550891302
			29.9477176977178	-16.7298550891302
			29.9349468159704	-16.7298550891302
			29.9221759342229	-16.7298550891302
			29.9094050524755	-16.7298550891302
			29.8966341707281	-16.7298550891302
			29.8838632889807	-16.7298550891302
			29.8710924072332	-16.7298550891302
			29.8583215254858	-16.7298550891302
			29.8455506437384	-16.7298550891302
			29.8327797619909	-16.7298550891302
			29.8200088802435	-16.7298550891302
			29.8072379984961	-16.7426259708776
			29.7944671167487	-16.7426259708776
			29.7816962350012	-16.7426259708776
			29.7689253532538	-16.7426259708776
			29.7561544715064	-16.7426259708776
			29.7433835897589	-16.7426259708776
			29.7306127080115	-16.7553968526251
			29.7178418262641	-16.7553968526251
			29.7050709445167	-16.7681677343725
			29.6923000627692	-16.7681677343725
			29.6795291810218	-16.7809386161199
			29.6667582992744	-16.7937094978673
			29.653987417527	-16.7937094978673
			29.6412165357795	-16.8064803796148
			29.6284456540321	-16.8064803796148
			29.6156747722847	-16.8192512613622
			29.6029038905372	-16.8320221431096
			29.5901330087898	-16.844793024857
			29.5773621270424	-16.844793024857
			29.564591245295	-16.8575639066045
			29.5518203635475	-16.8575639066045
			29.5390494818001	-16.8703347883519
			29.5262786000527	-16.8831056700993
			29.5135077183053	-16.8831056700993
			29.5007368365578	-16.8831056700993
			29.4879659548104	-16.8958765518468
			29.475195073063	-16.8958765518468
			29.4624241913155	-16.9086474335942
			29.4496533095681	-16.9086474335942
			29.4368824278207	-16.9214183153416
			29.4241115460733	-16.9214183153416
			29.4113406643258	-16.9214183153416
			29.3985697825784	-16.934189197089
		</Outline4>
	</curves.scaled>
	<ruler.points type=matrix rownames=TRUE colnames=FALSE nrow=2 ncol=2 as.numeric=TRUE >
		Ruler point 1	3312	2353
		Ruler point 2	2529	2360
	</ruler.points>
</shapes>

