<shapes type=list>
	<ruler.pixel type=vector names=FALSE length=1 as.numeric=TRUE >898.222689537511</ruler.pixel>
	<ruler.interval type=vector names=FALSE length=1 as.numeric=TRUE >10</ruler.interval>
	<scaling.units type=vector names=FALSE length=1 as.numeric=FALSE >mm</scaling.units>
	<scaling type=vector names=FALSE length=1 as.numeric=TRUE >0.0111330966323607</scaling>
	<landmarks.pixel type=matrix rownames=TRUE colnames=FALSE nrow=4 ncol=2 as.numeric=TRUE >
		Labial	2333	1167
		Posterior	2250	1101
		Lingual	2323	1024
		Anterior	2400	1092
	</landmarks.pixel>
	<landmarks.scaled type=matrix rownames=TRUE colnames=FALSE nrow=4 ncol=2 as.numeric=TRUE >
		Labial	25.9735144432974	-12.9923237699649
		Posterior	25.0494674228115	-12.2575393922291
		Lingual	25.8621834769738	-11.4002909515373
		Anterior	26.7194319176656	-12.1573415225378
	</landmarks.scaled>
	<curves.control type=list>
		<Outline1 type=matrix rownames=FALSE colnames=FALSE nrow=19 ncol=2 as.numeric=TRUE >
			2333	1167
			2326	1168
			2318	1173
			2310	1177
			2302	1179
			2292	1180
			2283	1180
			2275	1178
			2269	1175
			2264	1170
			2259	1165
			2256	1160
			2252	1152
			2250	1145
			2248	1138
			2248	1131
			2248	1124
			2249	1114
			2250	1101
		</Outline1>
		<Outline2 type=matrix rownames=FALSE colnames=FALSE nrow=19 ncol=2 as.numeric=TRUE >
			2250	1101
			2251	1094
			2253	1084
			2256	1075
			2258	1067
			2261	1059
			2263	1050
			2265	1043
			2268	1037
			2272	1032
			2277	1028
			2283	1025
			2289	1022
			2296	1021
			2302	1021
			2307	1021
			2314	1023
			2318	1024
			2323	1024
		</Outline2>
		<Outline3 type=matrix rownames=FALSE colnames=FALSE nrow=19 ncol=2 as.numeric=TRUE >
			2323	1024
			2330	1025
			2338	1026
			2343	1026
			2350	1027
			2358	1028
			2365	1030
			2370	1031
			2376	1033
			2382	1037
			2387	1041
			2390	1046
			2393	1051
			2396	1056
			2397	1062
			2398	1068
			2399	1074
			2399	1080
			2400	1092
		</Outline3>
		<Outline4 type=matrix rownames=FALSE colnames=FALSE nrow=17 ncol=2 as.numeric=TRUE >
			2400	1092
			2400	1100
			2400	1108
			2399	1115
			2399	1122
			2397	1129
			2393	1135
			2388	1140
			2384	1145
			2380	1150
			2373	1154
			2366	1157
			2359	1160
			2352	1162
			2345	1164
			2339	1165
			2333	1167
		</Outline4>
	</curves.control>
	<curves.pixel type=list>
		<Outline1 type=matrix rownames=FALSE colnames=FALSE nrow=144 ncol=2 as.numeric=TRUE >
			2333	1167
			2332	1167
			2331	1167
			2330	1167
			2330	1168
			2329	1168
			2328	1168
			2327	1169
			2326	1169
			2325	1169
			2324	1170
			2323	1170
			2322	1171
			2321	1171
			2320	1172
			2319	1172
			2318	1173
			2317	1173
			2316	1174
			2315	1174
			2315	1175
			2314	1175
			2313	1175
			2312	1176
			2311	1176
			2310	1177
			2309	1177
			2308	1177
			2307	1178
			2306	1178
			2305	1178
			2304	1179
			2303	1179
			2302	1179
			2301	1179
			2300	1179
			2299	1179
			2298	1179
			2297	1179
			2296	1180
			2295	1180
			2294	1180
			2293	1180
			2292	1180
			2291	1180
			2290	1180
			2289	1180
			2288	1180
			2287	1180
			2286	1180
			2285	1180
			2284	1180
			2283	1180
			2282	1180
			2281	1180
			2281	1179
			2280	1179
			2279	1179
			2278	1179
			2277	1178
			2276	1178
			2275	1178
			2274	1177
			2273	1177
			2272	1177
			2272	1176
			2271	1176
			2270	1176
			2269	1175
			2268	1174
			2267	1173
			2266	1172
			2265	1171
			2264	1170
			2263	1169
			2262	1168
			2261	1167
			2260	1166
			2259	1165
			2259	1164
			2258	1163
			2257	1162
			2257	1161
			2256	1160
			2256	1159
			2255	1158
			2254	1157
			2254	1156
			2253	1155
			2253	1154
			2253	1153
			2252	1152
			2252	1151
			2251	1150
			2251	1149
			2251	1148
			2251	1147
			2250	1146
			2250	1145
			2250	1144
			2249	1143
			2249	1142
			2249	1141
			2249	1140
			2248	1140
			2248	1139
			2248	1138
			2248	1137
			2248	1136
			2248	1135
			2248	1134
			2248	1133
			2248	1132
			2248	1131
			2248	1130
			2248	1129
			2248	1128
			2248	1127
			2248	1126
			2248	1125
			2248	1124
			2248	1123
			2248	1122
			2248	1121
			2248	1120
			2248	1119
			2249	1118
			2249	1117
			2249	1116
			2249	1115
			2249	1114
			2249	1113
			2249	1112
			2249	1111
			2249	1110
			2249	1109
			2249	1108
			2250	1107
			2250	1106
			2250	1105
			2250	1104
			2250	1103
			2250	1102
			2250	1101
		</Outline1>
		<Outline2 type=matrix rownames=FALSE colnames=FALSE nrow=128 ncol=2 as.numeric=TRUE >
			2250	1101
			2250	1100
			2250	1099
			2250	1098
			2251	1097
			2251	1096
			2251	1095
			2251	1094
			2251	1093
			2251	1092
			2252	1092
			2252	1091
			2252	1090
			2252	1089
			2252	1088
			2252	1087
			2253	1086
			2253	1085
			2253	1084
			2253	1083
			2254	1082
			2254	1081
			2254	1080
			2255	1079
			2255	1078
			2255	1077
			2256	1076
			2256	1075
			2256	1074
			2257	1073
			2257	1072
			2257	1071
			2257	1070
			2258	1069
			2258	1068
			2258	1067
			2258	1066
			2259	1065
			2259	1064
			2259	1063
			2260	1062
			2260	1061
			2260	1060
			2261	1059
			2261	1058
			2261	1057
			2262	1056
			2262	1055
			2262	1054
			2262	1053
			2263	1052
			2263	1051
			2263	1050
			2263	1049
			2264	1048
			2264	1047
			2264	1046
			2265	1045
			2265	1044
			2265	1043
			2266	1042
			2266	1041
			2266	1040
			2267	1039
			2268	1038
			2268	1037
			2269	1036
			2269	1035
			2270	1035
			2271	1034
			2271	1033
			2272	1032
			2273	1032
			2274	1031
			2274	1030
			2275	1030
			2276	1029
			2277	1028
			2278	1027
			2279	1027
			2280	1026
			2281	1026
			2282	1026
			2282	1025
			2283	1025
			2284	1025
			2284	1024
			2285	1024
			2286	1024
			2286	1023
			2287	1023
			2288	1023
			2288	1022
			2289	1022
			2290	1022
			2291	1022
			2292	1022
			2293	1021
			2294	1021
			2295	1021
			2296	1021
			2297	1021
			2298	1021
			2299	1021
			2300	1021
			2301	1021
			2302	1021
			2303	1021
			2304	1021
			2305	1021
			2306	1021
			2307	1021
			2308	1022
			2309	1022
			2310	1022
			2311	1022
			2312	1022
			2313	1023
			2314	1023
			2315	1023
			2316	1023
			2317	1024
			2318	1024
			2319	1024
			2320	1024
			2321	1024
			2322	1024
			2323	1024
		</Outline2>
		<Outline3 type=matrix rownames=FALSE colnames=FALSE nrow=119 ncol=2 as.numeric=TRUE >
			2323	1024
			2324	1024
			2325	1024
			2326	1024
			2327	1025
			2328	1025
			2329	1025
			2330	1025
			2331	1025
			2332	1025
			2333	1025
			2334	1026
			2335	1026
			2336	1026
			2337	1026
			2338	1026
			2339	1026
			2340	1026
			2341	1026
			2342	1026
			2343	1026
			2344	1026
			2345	1026
			2346	1026
			2346	1027
			2347	1027
			2348	1027
			2349	1027
			2350	1027
			2351	1027
			2352	1027
			2353	1027
			2354	1028
			2355	1028
			2356	1028
			2357	1028
			2358	1028
			2359	1028
			2360	1029
			2361	1029
			2362	1029
			2363	1030
			2364	1030
			2365	1030
			2366	1030
			2367	1030
			2368	1031
			2369	1031
			2370	1031
			2371	1032
			2372	1032
			2373	1032
			2374	1032
			2375	1033
			2376	1033
			2377	1034
			2378	1035
			2379	1035
			2380	1036
			2381	1036
			2381	1037
			2382	1037
			2383	1038
			2384	1038
			2384	1039
			2385	1039
			2386	1040
			2387	1041
			2388	1042
			2388	1043
			2389	1044
			2389	1045
			2390	1046
			2391	1047
			2391	1048
			2392	1049
			2392	1050
			2393	1051
			2394	1052
			2394	1053
			2395	1054
			2395	1055
			2395	1056
			2396	1057
			2396	1058
			2396	1059
			2397	1060
			2397	1061
			2397	1062
			2397	1063
			2397	1064
			2397	1065
			2398	1066
			2398	1067
			2398	1068
			2398	1069
			2398	1070
			2399	1071
			2399	1072
			2399	1073
			2399	1074
			2399	1075
			2399	1076
			2399	1077
			2399	1078
			2399	1079
			2399	1080
			2399	1081
			2399	1082
			2399	1083
			2399	1084
			2399	1085
			2400	1086
			2400	1087
			2400	1088
			2400	1089
			2400	1090
			2400	1091
			2400	1092
		</Outline3>
		<Outline4 type=matrix rownames=FALSE colnames=FALSE nrow=111 ncol=2 as.numeric=TRUE >
			2400	1092
			2400	1093
			2400	1094
			2400	1095
			2400	1096
			2400	1097
			2400	1098
			2400	1099
			2400	1100
			2400	1101
			2400	1102
			2400	1103
			2400	1104
			2400	1105
			2400	1106
			2400	1107
			2400	1108
			2400	1109
			2400	1110
			2400	1111
			2399	1112
			2399	1113
			2399	1114
			2399	1115
			2399	1116
			2399	1117
			2399	1118
			2399	1119
			2399	1120
			2399	1121
			2399	1122
			2399	1123
			2398	1124
			2398	1125
			2398	1126
			2397	1127
			2397	1128
			2396	1129
			2396	1130
			2395	1131
			2395	1132
			2394	1133
			2394	1134
			2393	1135
			2392	1136
			2391	1137
			2390	1138
			2389	1139
			2389	1140
			2388	1141
			2387	1141
			2386	1142
			2386	1143
			2385	1144
			2384	1145
			2383	1146
			2383	1147
			2382	1147
			2381	1148
			2380	1149
			2379	1150
			2378	1151
			2377	1151
			2376	1152
			2375	1153
			2374	1154
			2373	1154
			2372	1155
			2371	1155
			2370	1155
			2369	1156
			2368	1156
			2367	1157
			2366	1157
			2365	1157
			2365	1158
			2364	1158
			2363	1158
			2362	1159
			2361	1159
			2360	1160
			2359	1160
			2358	1160
			2357	1160
			2357	1161
			2356	1161
			2355	1161
			2354	1161
			2353	1162
			2352	1162
			2351	1162
			2350	1162
			2350	1163
			2349	1163
			2348	1163
			2347	1163
			2346	1164
			2345	1164
			2344	1164
			2343	1164
			2342	1165
			2341	1165
			2340	1165
			2339	1165
			2338	1165
			2338	1166
			2337	1166
			2336	1166
			2335	1166
			2334	1167
			2333	1167
		</Outline4>
	</curves.pixel>
	<curves.scaled type=list>
		<Outline1 type=matrix rownames=FALSE colnames=FALSE nrow=144 ncol=2 as.numeric=TRUE >
			25.9735144432974	-12.9923237699649
			25.9623813466651	-12.9923237699649
			25.9512482500327	-12.9923237699649
			25.9401151534003	-12.9923237699649
			25.9401151534003	-13.0034568665973
			25.928982056768	-13.0034568665973
			25.9178489601356	-13.0034568665973
			25.9067158635033	-13.0145899632296
			25.8955827668709	-13.0145899632296
			25.8844496702385	-13.0145899632296
			25.8733165736062	-13.025723059862
			25.8621834769738	-13.025723059862
			25.8510503803415	-13.0368561564943
			25.8399172837091	-13.0368561564943
			25.8287841870767	-13.0479892531267
			25.8176510904444	-13.0479892531267
			25.806517993812	-13.0591223497591
			25.7953848971797	-13.0591223497591
			25.7842518005473	-13.0702554463914
			25.7731187039149	-13.0702554463914
			25.7731187039149	-13.0813885430238
			25.7619856072826	-13.0813885430238
			25.7508525106502	-13.0813885430238
			25.7397194140178	-13.0925216396561
			25.7285863173855	-13.0925216396561
			25.7174532207531	-13.1036547362885
			25.7063201241208	-13.1036547362885
			25.6951870274884	-13.1036547362885
			25.684053930856	-13.1147878329209
			25.6729208342237	-13.1147878329209
			25.6617877375913	-13.1147878329209
			25.650654640959	-13.1259209295532
			25.6395215443266	-13.1259209295532
			25.6283884476942	-13.1259209295532
			25.6172553510619	-13.1259209295532
			25.6061222544295	-13.1259209295532
			25.5949891577972	-13.1259209295532
			25.5838560611648	-13.1259209295532
			25.5727229645324	-13.1259209295532
			25.5615898679001	-13.1370540261856
			25.5504567712677	-13.1370540261856
			25.5393236746354	-13.1370540261856
			25.528190578003	-13.1370540261856
			25.5170574813706	-13.1370540261856
			25.5059243847383	-13.1370540261856
			25.4947912881059	-13.1370540261856
			25.4836581914736	-13.1370540261856
			25.4725250948412	-13.1370540261856
			25.4613919982088	-13.1370540261856
			25.4502589015765	-13.1370540261856
			25.4391258049441	-13.1370540261856
			25.4279927083117	-13.1370540261856
			25.4168596116794	-13.1370540261856
			25.405726515047	-13.1370540261856
			25.3945934184147	-13.1370540261856
			25.3945934184147	-13.1259209295532
			25.3834603217823	-13.1259209295532
			25.3723272251499	-13.1259209295532
			25.3611941285176	-13.1259209295532
			25.3500610318852	-13.1147878329209
			25.3389279352529	-13.1147878329209
			25.3277948386205	-13.1147878329209
			25.3166617419881	-13.1036547362885
			25.3055286453558	-13.1036547362885
			25.2943955487234	-13.1036547362885
			25.2943955487234	-13.0925216396561
			25.2832624520911	-13.0925216396561
			25.2721293554587	-13.0925216396561
			25.2609962588263	-13.0813885430238
			25.249863162194	-13.0702554463914
			25.2387300655616	-13.0591223497591
			25.2275969689293	-13.0479892531267
			25.2164638722969	-13.0368561564943
			25.2053307756645	-13.025723059862
			25.1941976790322	-13.0145899632296
			25.1830645823998	-13.0034568665973
			25.1719314857675	-12.9923237699649
			25.1607983891351	-12.9811906733325
			25.1496652925027	-12.9700575767002
			25.1496652925027	-12.9589244800678
			25.1385321958704	-12.9477913834354
			25.127399099238	-12.9366582868031
			25.127399099238	-12.9255251901707
			25.1162660026057	-12.9143920935384
			25.1162660026057	-12.903258996906
			25.1051329059733	-12.8921259002736
			25.0939998093409	-12.8809928036413
			25.0939998093409	-12.8698597070089
			25.0828667127086	-12.8587266103766
			25.0828667127086	-12.8475935137442
			25.0828667127086	-12.8364604171118
			25.0717336160762	-12.8253273204795
			25.0717336160762	-12.8141942238471
			25.0606005194438	-12.8030611272148
			25.0606005194438	-12.7919280305824
			25.0606005194438	-12.78079493395
			25.0606005194438	-12.7696618373177
			25.0494674228115	-12.7585287406853
			25.0494674228115	-12.747395644053
			25.0494674228115	-12.7362625474206
			25.0383343261791	-12.7251294507882
			25.0383343261791	-12.7139963541559
			25.0383343261791	-12.7028632575235
			25.0383343261791	-12.6917301608912
			25.0272012295468	-12.6917301608912
			25.0272012295468	-12.6805970642588
			25.0272012295468	-12.6694639676264
			25.0272012295468	-12.6583308709941
			25.0272012295468	-12.6471977743617
			25.0272012295468	-12.6360646777293
			25.0272012295468	-12.624931581097
			25.0272012295468	-12.6137984844646
			25.0272012295468	-12.6026653878323
			25.0272012295468	-12.5915322911999
			25.0272012295468	-12.5803991945675
			25.0272012295468	-12.5692660979352
			25.0272012295468	-12.5581330013028
			25.0272012295468	-12.5469999046705
			25.0272012295468	-12.5358668080381
			25.0272012295468	-12.5247337114057
			25.0272012295468	-12.5136006147734
			25.0272012295468	-12.502467518141
			25.0272012295468	-12.4913344215087
			25.0272012295468	-12.4802013248763
			25.0272012295468	-12.4690682282439
			25.0272012295468	-12.4579351316116
			25.0383343261791	-12.4468020349792
			25.0383343261791	-12.4356689383469
			25.0383343261791	-12.4245358417145
			25.0383343261791	-12.4134027450821
			25.0383343261791	-12.4022696484498
			25.0383343261791	-12.3911365518174
			25.0383343261791	-12.3800034551851
			25.0383343261791	-12.3688703585527
			25.0383343261791	-12.3577372619203
			25.0383343261791	-12.346604165288
			25.0383343261791	-12.3354710686556
			25.0494674228115	-12.3243379720233
			25.0494674228115	-12.3132048753909
			25.0494674228115	-12.3020717787585
			25.0494674228115	-12.2909386821262
			25.0494674228115	-12.2798055854938
			25.0494674228115	-12.2686724888614
			25.0494674228115	-12.2575393922291
		</Outline1>
		<Outline2 type=matrix rownames=FALSE colnames=FALSE nrow=128 ncol=2 as.numeric=TRUE >
			25.0494674228115	-12.2575393922291
			25.0494674228115	-12.2464062955967
			25.0494674228115	-12.2352731989644
			25.0494674228115	-12.224140102332
			25.0606005194438	-12.2130070056996
			25.0606005194438	-12.2018739090673
			25.0606005194438	-12.1907408124349
			25.0606005194438	-12.1796077158026
			25.0606005194438	-12.1684746191702
			25.0606005194438	-12.1573415225378
			25.0717336160762	-12.1573415225378
			25.0717336160762	-12.1462084259055
			25.0717336160762	-12.1350753292731
			25.0717336160762	-12.1239422326408
			25.0717336160762	-12.1128091360084
			25.0717336160762	-12.101676039376
			25.0828667127086	-12.0905429427437
			25.0828667127086	-12.0794098461113
			25.0828667127086	-12.068276749479
			25.0828667127086	-12.0571436528466
			25.0939998093409	-12.0460105562142
			25.0939998093409	-12.0348774595819
			25.0939998093409	-12.0237443629495
			25.1051329059733	-12.0126112663172
			25.1051329059733	-12.0014781696848
			25.1051329059733	-11.9903450730524
			25.1162660026057	-11.9792119764201
			25.1162660026057	-11.9680788797877
			25.1162660026057	-11.9569457831553
			25.127399099238	-11.945812686523
			25.127399099238	-11.9346795898906
			25.127399099238	-11.9235464932583
			25.127399099238	-11.9124133966259
			25.1385321958704	-11.9012802999935
			25.1385321958704	-11.8901472033612
			25.1385321958704	-11.8790141067288
			25.1385321958704	-11.8678810100965
			25.1496652925027	-11.8567479134641
			25.1496652925027	-11.8456148168317
			25.1496652925027	-11.8344817201994
			25.1607983891351	-11.823348623567
			25.1607983891351	-11.8122155269347
			25.1607983891351	-11.8010824303023
			25.1719314857675	-11.7899493336699
			25.1719314857675	-11.7788162370376
			25.1719314857675	-11.7676831404052
			25.1830645823998	-11.7565500437729
			25.1830645823998	-11.7454169471405
			25.1830645823998	-11.7342838505081
			25.1830645823998	-11.7231507538758
			25.1941976790322	-11.7120176572434
			25.1941976790322	-11.7008845606111
			25.1941976790322	-11.6897514639787
			25.1941976790322	-11.6786183673463
			25.2053307756645	-11.667485270714
			25.2053307756645	-11.6563521740816
			25.2053307756645	-11.6452190774493
			25.2164638722969	-11.6340859808169
			25.2164638722969	-11.6229528841845
			25.2164638722969	-11.6118197875522
			25.2275969689293	-11.6006866909198
			25.2275969689293	-11.5895535942874
			25.2275969689293	-11.5784204976551
			25.2387300655616	-11.5672874010227
			25.249863162194	-11.5561543043904
			25.249863162194	-11.545021207758
			25.2609962588263	-11.5338881111256
			25.2609962588263	-11.5227550144933
			25.2721293554587	-11.5227550144933
			25.2832624520911	-11.5116219178609
			25.2832624520911	-11.5004888212286
			25.2943955487234	-11.4893557245962
			25.3055286453558	-11.4893557245962
			25.3166617419881	-11.4782226279638
			25.3166617419881	-11.4670895313315
			25.3277948386205	-11.4670895313315
			25.3389279352529	-11.4559564346991
			25.3500610318852	-11.4448233380668
			25.3611941285176	-11.4336902414344
			25.3723272251499	-11.4336902414344
			25.3834603217823	-11.422557144802
			25.3945934184147	-11.422557144802
			25.405726515047	-11.422557144802
			25.405726515047	-11.4114240481697
			25.4168596116794	-11.4114240481697
			25.4279927083117	-11.4114240481697
			25.4279927083117	-11.4002909515373
			25.4391258049441	-11.4002909515373
			25.4502589015765	-11.4002909515373
			25.4502589015765	-11.389157854905
			25.4613919982088	-11.389157854905
			25.4725250948412	-11.389157854905
			25.4725250948412	-11.3780247582726
			25.4836581914736	-11.3780247582726
			25.4947912881059	-11.3780247582726
			25.5059243847383	-11.3780247582726
			25.5170574813706	-11.3780247582726
			25.528190578003	-11.3668916616402
			25.5393236746354	-11.3668916616402
			25.5504567712677	-11.3668916616402
			25.5615898679001	-11.3668916616402
			25.5727229645324	-11.3668916616402
			25.5838560611648	-11.3668916616402
			25.5949891577972	-11.3668916616402
			25.6061222544295	-11.3668916616402
			25.6172553510619	-11.3668916616402
			25.6283884476942	-11.3668916616402
			25.6395215443266	-11.3668916616402
			25.650654640959	-11.3668916616402
			25.6617877375913	-11.3668916616402
			25.6729208342237	-11.3668916616402
			25.684053930856	-11.3668916616402
			25.6951870274884	-11.3780247582726
			25.7063201241208	-11.3780247582726
			25.7174532207531	-11.3780247582726
			25.7285863173855	-11.3780247582726
			25.7397194140178	-11.3780247582726
			25.7508525106502	-11.389157854905
			25.7619856072826	-11.389157854905
			25.7731187039149	-11.389157854905
			25.7842518005473	-11.389157854905
			25.7953848971797	-11.4002909515373
			25.806517993812	-11.4002909515373
			25.8176510904444	-11.4002909515373
			25.8287841870767	-11.4002909515373
			25.8399172837091	-11.4002909515373
			25.8510503803415	-11.4002909515373
			25.8621834769738	-11.4002909515373
		</Outline2>
		<Outline3 type=matrix rownames=FALSE colnames=FALSE nrow=119 ncol=2 as.numeric=TRUE >
			25.8621834769738	-11.4002909515373
			25.8733165736062	-11.4002909515373
			25.8844496702385	-11.4002909515373
			25.8955827668709	-11.4002909515373
			25.9067158635033	-11.4114240481697
			25.9178489601356	-11.4114240481697
			25.928982056768	-11.4114240481697
			25.9401151534003	-11.4114240481697
			25.9512482500327	-11.4114240481697
			25.9623813466651	-11.4114240481697
			25.9735144432974	-11.4114240481697
			25.9846475399298	-11.422557144802
			25.9957806365621	-11.422557144802
			26.0069137331945	-11.422557144802
			26.0180468298269	-11.422557144802
			26.0291799264592	-11.422557144802
			26.0403130230916	-11.422557144802
			26.0514461197239	-11.422557144802
			26.0625792163563	-11.422557144802
			26.0737123129887	-11.422557144802
			26.084845409621	-11.422557144802
			26.0959785062534	-11.422557144802
			26.1071116028857	-11.422557144802
			26.1182446995181	-11.422557144802
			26.1182446995181	-11.4336902414344
			26.1293777961505	-11.4336902414344
			26.1405108927828	-11.4336902414344
			26.1516439894152	-11.4336902414344
			26.1627770860476	-11.4336902414344
			26.1739101826799	-11.4336902414344
			26.1850432793123	-11.4336902414344
			26.1961763759446	-11.4336902414344
			26.207309472577	-11.4448233380668
			26.2184425692094	-11.4448233380668
			26.2295756658417	-11.4448233380668
			26.2407087624741	-11.4448233380668
			26.2518418591064	-11.4448233380668
			26.2629749557388	-11.4448233380668
			26.2741080523712	-11.4559564346991
			26.2852411490035	-11.4559564346991
			26.2963742456359	-11.4559564346991
			26.3075073422682	-11.4670895313315
			26.3186404389006	-11.4670895313315
			26.329773535533	-11.4670895313315
			26.3409066321653	-11.4670895313315
			26.3520397287977	-11.4670895313315
			26.36317282543	-11.4782226279638
			26.3743059220624	-11.4782226279638
			26.3854390186948	-11.4782226279638
			26.3965721153271	-11.4893557245962
			26.4077052119595	-11.4893557245962
			26.4188383085918	-11.4893557245962
			26.4299714052242	-11.4893557245962
			26.4411045018566	-11.5004888212286
			26.4522375984889	-11.5004888212286
			26.4633706951213	-11.5116219178609
			26.4745037917537	-11.5227550144933
			26.485636888386	-11.5227550144933
			26.4967699850184	-11.5338881111256
			26.5079030816507	-11.5338881111256
			26.5079030816507	-11.545021207758
			26.5190361782831	-11.545021207758
			26.5301692749155	-11.5561543043904
			26.5413023715478	-11.5561543043904
			26.5413023715478	-11.5672874010227
			26.5524354681802	-11.5672874010227
			26.5635685648125	-11.5784204976551
			26.5747016614449	-11.5895535942874
			26.5858347580773	-11.6006866909198
			26.5858347580773	-11.6118197875522
			26.5969678547096	-11.6229528841845
			26.5969678547096	-11.6340859808169
			26.608100951342	-11.6452190774493
			26.6192340479743	-11.6563521740816
			26.6192340479743	-11.667485270714
			26.6303671446067	-11.6786183673463
			26.6303671446067	-11.6897514639787
			26.6415002412391	-11.7008845606111
			26.6526333378714	-11.7120176572434
			26.6526333378714	-11.7231507538758
			26.6637664345038	-11.7342838505081
			26.6637664345038	-11.7454169471405
			26.6637664345038	-11.7565500437729
			26.6748995311361	-11.7676831404052
			26.6748995311361	-11.7788162370376
			26.6748995311361	-11.7899493336699
			26.6860326277685	-11.8010824303023
			26.6860326277685	-11.8122155269347
			26.6860326277685	-11.823348623567
			26.6860326277685	-11.8344817201994
			26.6860326277685	-11.8456148168317
			26.6860326277685	-11.8567479134641
			26.6971657244009	-11.8678810100965
			26.6971657244009	-11.8790141067288
			26.6971657244009	-11.8901472033612
			26.6971657244009	-11.9012802999935
			26.6971657244009	-11.9124133966259
			26.7082988210332	-11.9235464932583
			26.7082988210332	-11.9346795898906
			26.7082988210332	-11.945812686523
			26.7082988210332	-11.9569457831553
			26.7082988210332	-11.9680788797877
			26.7082988210332	-11.9792119764201
			26.7082988210332	-11.9903450730524
			26.7082988210332	-12.0014781696848
			26.7082988210332	-12.0126112663172
			26.7082988210332	-12.0237443629495
			26.7082988210332	-12.0348774595819
			26.7082988210332	-12.0460105562142
			26.7082988210332	-12.0571436528466
			26.7082988210332	-12.068276749479
			26.7082988210332	-12.0794098461113
			26.7194319176656	-12.0905429427437
			26.7194319176656	-12.101676039376
			26.7194319176656	-12.1128091360084
			26.7194319176656	-12.1239422326408
			26.7194319176656	-12.1350753292731
			26.7194319176656	-12.1462084259055
			26.7194319176656	-12.1573415225378
		</Outline3>
		<Outline4 type=matrix rownames=FALSE colnames=FALSE nrow=111 ncol=2 as.numeric=TRUE >
			26.7194319176656	-12.1573415225378
			26.7194319176656	-12.1684746191702
			26.7194319176656	-12.1796077158026
			26.7194319176656	-12.1907408124349
			26.7194319176656	-12.2018739090673
			26.7194319176656	-12.2130070056996
			26.7194319176656	-12.224140102332
			26.7194319176656	-12.2352731989644
			26.7194319176656	-12.2464062955967
			26.7194319176656	-12.2575393922291
			26.7194319176656	-12.2686724888614
			26.7194319176656	-12.2798055854938
			26.7194319176656	-12.2909386821262
			26.7194319176656	-12.3020717787585
			26.7194319176656	-12.3132048753909
			26.7194319176656	-12.3243379720233
			26.7194319176656	-12.3354710686556
			26.7194319176656	-12.346604165288
			26.7194319176656	-12.3577372619203
			26.7194319176656	-12.3688703585527
			26.7082988210332	-12.3800034551851
			26.7082988210332	-12.3911365518174
			26.7082988210332	-12.4022696484498
			26.7082988210332	-12.4134027450821
			26.7082988210332	-12.4245358417145
			26.7082988210332	-12.4356689383469
			26.7082988210332	-12.4468020349792
			26.7082988210332	-12.4579351316116
			26.7082988210332	-12.4690682282439
			26.7082988210332	-12.4802013248763
			26.7082988210332	-12.4913344215087
			26.7082988210332	-12.502467518141
			26.6971657244009	-12.5136006147734
			26.6971657244009	-12.5247337114057
			26.6971657244009	-12.5358668080381
			26.6860326277685	-12.5469999046705
			26.6860326277685	-12.5581330013028
			26.6748995311361	-12.5692660979352
			26.6748995311361	-12.5803991945675
			26.6637664345038	-12.5915322911999
			26.6637664345038	-12.6026653878323
			26.6526333378714	-12.6137984844646
			26.6526333378714	-12.624931581097
			26.6415002412391	-12.6360646777293
			26.6303671446067	-12.6471977743617
			26.6192340479743	-12.6583308709941
			26.608100951342	-12.6694639676264
			26.5969678547096	-12.6805970642588
			26.5969678547096	-12.6917301608912
			26.5858347580773	-12.7028632575235
			26.5747016614449	-12.7028632575235
			26.5635685648125	-12.7139963541559
			26.5635685648125	-12.7251294507882
			26.5524354681802	-12.7362625474206
			26.5413023715478	-12.747395644053
			26.5301692749155	-12.7585287406853
			26.5301692749155	-12.7696618373177
			26.5190361782831	-12.7696618373177
			26.5079030816507	-12.78079493395
			26.4967699850184	-12.7919280305824
			26.485636888386	-12.8030611272148
			26.4745037917537	-12.8141942238471
			26.4633706951213	-12.8141942238471
			26.4522375984889	-12.8253273204795
			26.4411045018566	-12.8364604171118
			26.4299714052242	-12.8475935137442
			26.4188383085918	-12.8475935137442
			26.4077052119595	-12.8587266103766
			26.3965721153271	-12.8587266103766
			26.3854390186948	-12.8587266103766
			26.3743059220624	-12.8698597070089
			26.36317282543	-12.8698597070089
			26.3520397287977	-12.8809928036413
			26.3409066321653	-12.8809928036413
			26.329773535533	-12.8809928036413
			26.329773535533	-12.8921259002736
			26.3186404389006	-12.8921259002736
			26.3075073422682	-12.8921259002736
			26.2963742456359	-12.903258996906
			26.2852411490035	-12.903258996906
			26.2741080523712	-12.9143920935384
			26.2629749557388	-12.9143920935384
			26.2518418591064	-12.9143920935384
			26.2407087624741	-12.9143920935384
			26.2407087624741	-12.9255251901707
			26.2295756658417	-12.9255251901707
			26.2184425692094	-12.9255251901707
			26.207309472577	-12.9255251901707
			26.1961763759446	-12.9366582868031
			26.1850432793123	-12.9366582868031
			26.1739101826799	-12.9366582868031
			26.1627770860476	-12.9366582868031
			26.1627770860476	-12.9477913834354
			26.1516439894152	-12.9477913834354
			26.1405108927828	-12.9477913834354
			26.1293777961505	-12.9477913834354
			26.1182446995181	-12.9589244800678
			26.1071116028857	-12.9589244800678
			26.0959785062534	-12.9589244800678
			26.084845409621	-12.9589244800678
			26.0737123129887	-12.9700575767002
			26.0625792163563	-12.9700575767002
			26.0514461197239	-12.9700575767002
			26.0403130230916	-12.9700575767002
			26.0291799264592	-12.9700575767002
			26.0291799264592	-12.9811906733325
			26.0180468298269	-12.9811906733325
			26.0069137331945	-12.9811906733325
			25.9957806365621	-12.9811906733325
			25.9846475399298	-12.9923237699649
			25.9735144432974	-12.9923237699649
		</Outline4>
	</curves.scaled>
	<ruler.points type=matrix rownames=TRUE colnames=FALSE nrow=2 ncol=2 as.numeric=TRUE >
		Ruler point 1	3310	2319
		Ruler point 2	2412	2339
	</ruler.points>
</shapes>

