<shapes type=list>
	<ruler.pixel type=vector names=FALSE length=1 as.numeric=TRUE >706.045324324154</ruler.pixel>
	<ruler.interval type=vector names=FALSE length=1 as.numeric=TRUE >10</ruler.interval>
	<scaling.units type=vector names=FALSE length=1 as.numeric=FALSE >mm</scaling.units>
	<scaling type=vector names=FALSE length=1 as.numeric=TRUE >0.0141633966765126</scaling>
	<landmarks.pixel type=matrix rownames=TRUE colnames=FALSE nrow=4 ncol=2 as.numeric=TRUE >
		Labial	2474	1440
		Posterior	2403	1367
		Lingual	2495	1311
		Anterior	2555	1390
	</landmarks.pixel>
	<landmarks.scaled type=matrix rownames=TRUE colnames=FALSE nrow=4 ncol=2 as.numeric=TRUE >
		Labial	35.0402433776922	-20.3952912141782
		Posterior	34.0346422136598	-19.3613632567928
		Lingual	35.337674707899	-18.568213042908
		Anterior	36.1874785084897	-19.6871213803525
	</landmarks.scaled>
	<curves.control type=list>
		<Outline1 type=matrix rownames=FALSE colnames=FALSE nrow=27 ncol=2 as.numeric=TRUE >
			2474	1440
			2469	1442
			2463	1444
			2457	1447
			2450	1450
			2444	1451
			2438	1452
			2431	1452
			2424	1451
			2419	1450
			2414	1448
			2408	1446
			2403	1443
			2398	1438
			2396	1434
			2394	1429
			2393	1420
			2392	1415
			2393	1409
			2395	1403
			2396	1397
			2397	1392
			2398	1386
			2399	1381
			2400	1377
			2401	1372
			2403	1367
		</Outline1>
		<Outline2 type=matrix rownames=FALSE colnames=FALSE nrow=33 ncol=2 as.numeric=TRUE >
			2403	1367
			2404	1362
			2405	1356
			2406	1351
			2407	1346
			2408	1341
			2409	1338
			2410	1334
			2411	1330
			2412	1326
			2414	1321
			2416	1316
			2418	1312
			2421	1308
			2424	1305
			2427	1302
			2432	1301
			2436	1300
			2440	1299
			2445	1299
			2450	1299
			2454	1299
			2459	1300
			2463	1300
			2467	1301
			2472	1303
			2476	1304
			2480	1306
			2483	1307
			2487	1308
			2491	1309
			2493	1310
			2495	1311
		</Outline2>
		<Outline3 type=matrix rownames=FALSE colnames=FALSE nrow=29 ncol=2 as.numeric=TRUE >
			2495	1311
			2498	1312
			2502	1314
			2506	1315
			2509	1316
			2513	1317
			2516	1319
			2519	1321
			2522	1322
			2525	1324
			2529	1326
			2532	1328
			2536	1330
			2539	1332
			2542	1335
			2545	1339
			2548	1342
			2550	1345
			2552	1349
			2553	1352
			2554	1356
			2554	1361
			2555	1365
			2555	1369
			2555	1373
			2555	1377
			2555	1381
			2555	1385
			2555	1390
		</Outline3>
		<Outline4 type=matrix rownames=FALSE colnames=FALSE nrow=29 ncol=2 as.numeric=TRUE >
			2555	1390
			2555	1393
			2554	1396
			2553	1399
			2552	1402
			2551	1405
			2549	1408
			2547	1411
			2545	1414
			2543	1416
			2540	1419
			2537	1421
			2535	1423
			2532	1426
			2528	1428
			2525	1430
			2522	1432
			2518	1434
			2515	1435
			2512	1436
			2508	1437
			2504	1438
			2501	1438
			2496	1439
			2493	1439
			2488	1439
			2484	1439
			2480	1438
			2474	1440
		</Outline4>
	</curves.control>
	<curves.pixel type=list>
		<Outline1 type=matrix rownames=FALSE colnames=FALSE nrow=151 ncol=2 as.numeric=TRUE >
			2474	1440
			2473	1440
			2472	1441
			2471	1441
			2470	1442
			2469	1442
			2468	1442
			2467	1443
			2466	1443
			2465	1443
			2464	1444
			2463	1444
			2462	1445
			2461	1445
			2460	1445
			2459	1446
			2458	1446
			2457	1447
			2456	1447
			2455	1448
			2454	1448
			2453	1449
			2452	1449
			2451	1449
			2451	1450
			2450	1450
			2449	1450
			2448	1450
			2447	1451
			2446	1451
			2445	1451
			2444	1451
			2443	1451
			2442	1451
			2441	1452
			2440	1452
			2439	1452
			2438	1452
			2437	1452
			2436	1452
			2435	1452
			2434	1452
			2433	1452
			2432	1452
			2431	1452
			2430	1452
			2429	1452
			2428	1451
			2427	1451
			2426	1451
			2425	1451
			2424	1451
			2423	1451
			2422	1451
			2421	1450
			2420	1450
			2419	1450
			2418	1449
			2417	1449
			2416	1449
			2415	1449
			2414	1448
			2413	1448
			2412	1447
			2411	1447
			2410	1446
			2409	1446
			2408	1446
			2407	1445
			2406	1445
			2405	1444
			2404	1443
			2403	1443
			2402	1442
			2401	1441
			2400	1440
			2399	1439
			2399	1438
			2398	1437
			2397	1437
			2397	1436
			2397	1435
			2396	1434
			2396	1433
			2395	1432
			2395	1431
			2395	1430
			2394	1429
			2394	1428
			2394	1427
			2394	1426
			2394	1425
			2393	1424
			2393	1423
			2393	1422
			2393	1421
			2393	1420
			2393	1419
			2393	1418
			2393	1417
			2393	1416
			2393	1415
			2393	1414
			2393	1413
			2393	1412
			2393	1411
			2393	1410
			2393	1409
			2393	1408
			2394	1407
			2394	1406
			2394	1405
			2395	1404
			2395	1403
			2395	1402
			2395	1401
			2395	1400
			2396	1399
			2396	1398
			2396	1397
			2396	1396
			2396	1395
			2397	1394
			2397	1393
			2397	1392
			2397	1391
			2397	1390
			2397	1389
			2398	1389
			2398	1388
			2398	1387
			2398	1386
			2398	1385
			2398	1384
			2399	1383
			2399	1382
			2399	1381
			2399	1380
			2400	1379
			2400	1378
			2400	1377
			2400	1376
			2400	1375
			2401	1374
			2401	1373
			2401	1372
			2402	1371
			2402	1370
			2402	1369
			2403	1368
			2403	1367
		</Outline1>
		<Outline2 type=matrix rownames=FALSE colnames=FALSE nrow=138 ncol=2 as.numeric=TRUE >
			2403	1367
			2403	1366
			2403	1365
			2404	1364
			2404	1363
			2404	1362
			2404	1361
			2404	1360
			2404	1359
			2405	1358
			2405	1357
			2405	1356
			2405	1355
			2405	1354
			2406	1353
			2406	1352
			2406	1351
			2406	1350
			2406	1349
			2407	1348
			2407	1347
			2407	1346
			2407	1345
			2407	1344
			2408	1343
			2408	1342
			2408	1341
			2408	1340
			2409	1339
			2409	1338
			2409	1337
			2410	1336
			2410	1335
			2410	1334
			2410	1333
			2410	1332
			2411	1331
			2411	1330
			2411	1329
			2412	1328
			2412	1327
			2412	1326
			2413	1325
			2413	1324
			2413	1323
			2414	1322
			2414	1321
			2414	1320
			2415	1319
			2415	1318
			2416	1317
			2416	1316
			2417	1315
			2417	1314
			2417	1313
			2418	1312
			2418	1311
			2419	1311
			2420	1310
			2420	1309
			2421	1308
			2422	1308
			2422	1307
			2423	1306
			2424	1305
			2425	1304
			2426	1303
			2427	1303
			2428	1302
			2429	1302
			2430	1301
			2431	1301
			2432	1301
			2433	1301
			2434	1300
			2435	1300
			2436	1300
			2437	1300
			2438	1299
			2439	1299
			2440	1299
			2441	1299
			2442	1299
			2443	1299
			2444	1299
			2445	1299
			2446	1299
			2447	1299
			2448	1299
			2449	1299
			2450	1299
			2451	1299
			2452	1299
			2453	1299
			2454	1299
			2455	1299
			2456	1299
			2457	1300
			2458	1300
			2459	1300
			2460	1300
			2461	1300
			2462	1300
			2463	1300
			2464	1300
			2465	1301
			2466	1301
			2467	1301
			2468	1301
			2469	1302
			2470	1302
			2471	1302
			2472	1303
			2473	1303
			2474	1303
			2475	1304
			2476	1304
			2477	1304
			2477	1305
			2478	1305
			2479	1305
			2480	1306
			2481	1306
			2482	1307
			2483	1307
			2484	1307
			2485	1308
			2486	1308
			2487	1308
			2488	1308
			2489	1308
			2489	1309
			2490	1309
			2491	1309
			2492	1310
			2493	1310
			2494	1311
			2495	1311
		</Outline2>
		<Outline3 type=matrix rownames=FALSE colnames=FALSE nrow=106 ncol=2 as.numeric=TRUE >
			2495	1311
			2496	1311
			2497	1312
			2498	1312
			2499	1313
			2500	1313
			2501	1314
			2502	1314
			2503	1314
			2504	1315
			2505	1315
			2506	1315
			2507	1315
			2507	1316
			2508	1316
			2509	1316
			2510	1316
			2511	1317
			2512	1317
			2513	1317
			2514	1318
			2515	1318
			2516	1319
			2517	1320
			2518	1320
			2519	1321
			2520	1321
			2521	1322
			2522	1322
			2523	1323
			2524	1323
			2525	1324
			2526	1324
			2527	1325
			2528	1326
			2529	1326
			2530	1327
			2531	1328
			2532	1328
			2533	1328
			2533	1329
			2534	1329
			2535	1329
			2536	1330
			2537	1331
			2538	1331
			2539	1332
			2540	1333
			2541	1334
			2542	1335
			2543	1336
			2543	1337
			2544	1338
			2545	1338
			2545	1339
			2546	1340
			2547	1341
			2548	1342
			2549	1343
			2549	1344
			2550	1345
			2551	1346
			2551	1347
			2552	1348
			2552	1349
			2552	1350
			2553	1351
			2553	1352
			2553	1353
			2553	1354
			2554	1355
			2554	1356
			2554	1357
			2554	1358
			2554	1359
			2554	1360
			2554	1361
			2554	1362
			2555	1363
			2555	1364
			2555	1365
			2555	1366
			2555	1367
			2555	1368
			2555	1369
			2555	1370
			2555	1371
			2555	1372
			2555	1373
			2555	1374
			2555	1375
			2555	1376
			2555	1377
			2555	1378
			2555	1379
			2555	1380
			2555	1381
			2555	1382
			2555	1383
			2555	1384
			2555	1385
			2555	1386
			2555	1387
			2555	1388
			2555	1389
			2555	1390
		</Outline3>
		<Outline4 type=matrix rownames=FALSE colnames=FALSE nrow=99 ncol=2 as.numeric=TRUE >
			2555	1390
			2555	1391
			2555	1392
			2555	1393
			2555	1394
			2554	1395
			2554	1396
			2554	1397
			2553	1398
			2553	1399
			2553	1400
			2552	1401
			2552	1402
			2552	1403
			2551	1404
			2551	1405
			2550	1406
			2550	1407
			2549	1408
			2549	1409
			2548	1410
			2547	1410
			2547	1411
			2546	1412
			2545	1413
			2545	1414
			2544	1415
			2543	1416
			2542	1417
			2541	1418
			2540	1419
			2539	1420
			2538	1420
			2538	1421
			2537	1421
			2536	1422
			2535	1423
			2534	1424
			2533	1425
			2532	1426
			2531	1426
			2530	1427
			2529	1428
			2528	1428
			2527	1429
			2526	1429
			2525	1430
			2524	1430
			2524	1431
			2523	1431
			2522	1432
			2521	1433
			2520	1433
			2519	1434
			2518	1434
			2517	1434
			2516	1435
			2515	1435
			2514	1435
			2513	1436
			2512	1436
			2511	1436
			2510	1436
			2509	1437
			2508	1437
			2507	1437
			2506	1437
			2505	1438
			2504	1438
			2503	1438
			2502	1438
			2501	1438
			2500	1438
			2499	1438
			2498	1439
			2497	1439
			2496	1439
			2495	1439
			2494	1439
			2493	1439
			2492	1439
			2491	1439
			2490	1439
			2489	1439
			2488	1439
			2487	1439
			2486	1439
			2485	1439
			2484	1439
			2483	1439
			2482	1439
			2481	1439
			2480	1439
			2479	1439
			2478	1439
			2477	1439
			2476	1439
			2475	1440
			2474	1440
		</Outline4>
	</curves.pixel>
	<curves.scaled type=list>
		<Outline1 type=matrix rownames=FALSE colnames=FALSE nrow=151 ncol=2 as.numeric=TRUE >
			35.0402433776922	-20.3952912141782
			35.0260799810157	-20.3952912141782
			35.0119165843392	-20.4094546108547
			34.9977531876627	-20.4094546108547
			34.9835897909862	-20.4236180075312
			34.9694263943097	-20.4236180075312
			34.9552629976331	-20.4236180075312
			34.9410996009566	-20.4377814042077
			34.9269362042801	-20.4377814042077
			34.9127728076036	-20.4377814042077
			34.8986094109271	-20.4519448008842
			34.8844460142506	-20.4519448008842
			34.8702826175741	-20.4661081975607
			34.8561192208976	-20.4661081975607
			34.8419558242211	-20.4661081975607
			34.8277924275445	-20.4802715942373
			34.813629030868	-20.4802715942373
			34.7994656341915	-20.4944349909138
			34.785302237515	-20.4944349909138
			34.7711388408385	-20.5085983875903
			34.756975444162	-20.5085983875903
			34.7428120474855	-20.5227617842668
			34.7286486508089	-20.5227617842668
			34.7144852541324	-20.5227617842668
			34.7144852541324	-20.5369251809433
			34.7003218574559	-20.5369251809433
			34.6861584607794	-20.5369251809433
			34.6719950641029	-20.5369251809433
			34.6578316674264	-20.5510885776198
			34.6436682707499	-20.5510885776198
			34.6295048740734	-20.5510885776198
			34.6153414773968	-20.5510885776198
			34.6011780807203	-20.5510885776198
			34.5870146840438	-20.5510885776198
			34.5728512873673	-20.5652519742963
			34.5586878906908	-20.5652519742963
			34.5445244940143	-20.5652519742963
			34.5303610973378	-20.5652519742963
			34.5161977006613	-20.5652519742963
			34.5020343039848	-20.5652519742963
			34.4878709073082	-20.5652519742963
			34.4737075106317	-20.5652519742963
			34.4595441139552	-20.5652519742963
			34.4453807172787	-20.5652519742963
			34.4312173206022	-20.5652519742963
			34.4170539239257	-20.5652519742963
			34.4028905272492	-20.5652519742963
			34.3887271305726	-20.5510885776198
			34.3745637338961	-20.5510885776198
			34.3604003372196	-20.5510885776198
			34.3462369405431	-20.5510885776198
			34.3320735438666	-20.5510885776198
			34.3179101471901	-20.5510885776198
			34.3037467505136	-20.5510885776198
			34.2895833538371	-20.5369251809433
			34.2754199571605	-20.5369251809433
			34.261256560484	-20.5369251809433
			34.2470931638075	-20.5227617842668
			34.232929767131	-20.5227617842668
			34.2187663704545	-20.5227617842668
			34.204602973778	-20.5227617842668
			34.1904395771015	-20.5085983875903
			34.176276180425	-20.5085983875903
			34.1621127837484	-20.4944349909138
			34.1479493870719	-20.4944349909138
			34.1337859903954	-20.4802715942373
			34.1196225937189	-20.4802715942373
			34.1054591970424	-20.4802715942373
			34.0912958003659	-20.4661081975607
			34.0771324036894	-20.4661081975607
			34.0629690070129	-20.4519448008842
			34.0488056103363	-20.4377814042077
			34.0346422136598	-20.4377814042077
			34.0204788169833	-20.4236180075312
			34.0063154203068	-20.4094546108547
			33.9921520236303	-20.3952912141782
			33.9779886269538	-20.3811278175017
			33.9779886269538	-20.3669644208252
			33.9638252302773	-20.3528010241486
			33.9496618336008	-20.3528010241486
			33.9496618336008	-20.3386376274721
			33.9496618336008	-20.3244742307956
			33.9354984369242	-20.3103108341191
			33.9354984369242	-20.2961474374426
			33.9213350402477	-20.2819840407661
			33.9213350402477	-20.2678206440896
			33.9213350402477	-20.253657247413
			33.9071716435712	-20.2394938507365
			33.9071716435712	-20.22533045406
			33.9071716435712	-20.2111670573835
			33.9071716435712	-20.197003660707
			33.9071716435712	-20.1828402640305
			33.8930082468947	-20.168676867354
			33.8930082468947	-20.1545134706775
			33.8930082468947	-20.1403500740009
			33.8930082468947	-20.1261866773244
			33.8930082468947	-20.1120232806479
			33.8930082468947	-20.0978598839714
			33.8930082468947	-20.0836964872949
			33.8930082468947	-20.0695330906184
			33.8930082468947	-20.0553696939419
			33.8930082468947	-20.0412062972654
			33.8930082468947	-20.0270429005888
			33.8930082468947	-20.0128795039123
			33.8930082468947	-19.9987161072358
			33.8930082468947	-19.9845527105593
			33.8930082468947	-19.9703893138828
			33.8930082468947	-19.9562259172063
			33.8930082468947	-19.9420625205298
			33.9071716435712	-19.9278991238533
			33.9071716435712	-19.9137357271767
			33.9071716435712	-19.8995723305002
			33.9213350402477	-19.8854089338237
			33.9213350402477	-19.8712455371472
			33.9213350402477	-19.8570821404707
			33.9213350402477	-19.8429187437942
			33.9213350402477	-19.8287553471177
			33.9354984369242	-19.8145919504412
			33.9354984369242	-19.8004285537646
			33.9354984369242	-19.7862651570881
			33.9354984369242	-19.7721017604116
			33.9354984369242	-19.7579383637351
			33.9496618336008	-19.7437749670586
			33.9496618336008	-19.7296115703821
			33.9496618336008	-19.7154481737056
			33.9496618336008	-19.7012847770291
			33.9496618336008	-19.6871213803525
			33.9496618336008	-19.672957983676
			33.9638252302773	-19.672957983676
			33.9638252302773	-19.6587945869995
			33.9638252302773	-19.644631190323
			33.9638252302773	-19.6304677936465
			33.9638252302773	-19.61630439697
			33.9638252302773	-19.6021410002935
			33.9779886269538	-19.587977603617
			33.9779886269538	-19.5738142069404
			33.9779886269538	-19.5596508102639
			33.9779886269538	-19.5454874135874
			33.9921520236303	-19.5313240169109
			33.9921520236303	-19.5171606202344
			33.9921520236303	-19.5029972235579
			33.9921520236303	-19.4888338268814
			33.9921520236303	-19.4746704302049
			34.0063154203068	-19.4605070335283
			34.0063154203068	-19.4463436368518
			34.0063154203068	-19.4321802401753
			34.0204788169833	-19.4180168434988
			34.0204788169833	-19.4038534468223
			34.0204788169833	-19.3896900501458
			34.0346422136598	-19.3755266534693
			34.0346422136598	-19.3613632567928
		</Outline1>
		<Outline2 type=matrix rownames=FALSE colnames=FALSE nrow=138 ncol=2 as.numeric=TRUE >
			34.0346422136598	-19.3613632567928
			34.0346422136598	-19.3471998601162
			34.0346422136598	-19.3330364634397
			34.0488056103363	-19.3188730667632
			34.0488056103363	-19.3047096700867
			34.0488056103363	-19.2905462734102
			34.0488056103363	-19.2763828767337
			34.0488056103363	-19.2622194800572
			34.0488056103363	-19.2480560833807
			34.0629690070129	-19.2338926867041
			34.0629690070129	-19.2197292900276
			34.0629690070129	-19.2055658933511
			34.0629690070129	-19.1914024966746
			34.0629690070129	-19.1772390999981
			34.0771324036894	-19.1630757033216
			34.0771324036894	-19.1489123066451
			34.0771324036894	-19.1347489099686
			34.0771324036894	-19.120585513292
			34.0771324036894	-19.1064221166155
			34.0912958003659	-19.092258719939
			34.0912958003659	-19.0780953232625
			34.0912958003659	-19.063931926586
			34.0912958003659	-19.0497685299095
			34.0912958003659	-19.035605133233
			34.1054591970424	-19.0214417365565
			34.1054591970424	-19.0072783398799
			34.1054591970424	-18.9931149432034
			34.1054591970424	-18.9789515465269
			34.1196225937189	-18.9647881498504
			34.1196225937189	-18.9506247531739
			34.1196225937189	-18.9364613564974
			34.1337859903954	-18.9222979598209
			34.1337859903954	-18.9081345631444
			34.1337859903954	-18.8939711664678
			34.1337859903954	-18.8798077697913
			34.1337859903954	-18.8656443731148
			34.1479493870719	-18.8514809764383
			34.1479493870719	-18.8373175797618
			34.1479493870719	-18.8231541830853
			34.1621127837484	-18.8089907864088
			34.1621127837484	-18.7948273897322
			34.1621127837484	-18.7806639930557
			34.176276180425	-18.7665005963792
			34.176276180425	-18.7523371997027
			34.176276180425	-18.7381738030262
			34.1904395771015	-18.7240104063497
			34.1904395771015	-18.7098470096732
			34.1904395771015	-18.6956836129967
			34.204602973778	-18.6815202163201
			34.204602973778	-18.6673568196436
			34.2187663704545	-18.6531934229671
			34.2187663704545	-18.6390300262906
			34.232929767131	-18.6248666296141
			34.232929767131	-18.6107032329376
			34.232929767131	-18.5965398362611
			34.2470931638075	-18.5823764395846
			34.2470931638075	-18.568213042908
			34.261256560484	-18.568213042908
			34.2754199571605	-18.5540496462315
			34.2754199571605	-18.539886249555
			34.2895833538371	-18.5257228528785
			34.3037467505136	-18.5257228528785
			34.3037467505136	-18.511559456202
			34.3179101471901	-18.4973960595255
			34.3320735438666	-18.483232662849
			34.3462369405431	-18.4690692661725
			34.3604003372196	-18.4549058694959
			34.3745637338961	-18.4549058694959
			34.3887271305726	-18.4407424728194
			34.4028905272492	-18.4407424728194
			34.4170539239257	-18.4265790761429
			34.4312173206022	-18.4265790761429
			34.4453807172787	-18.4265790761429
			34.4595441139552	-18.4265790761429
			34.4737075106317	-18.4124156794664
			34.4878709073082	-18.4124156794664
			34.5020343039848	-18.4124156794664
			34.5161977006613	-18.4124156794664
			34.5303610973378	-18.3982522827899
			34.5445244940143	-18.3982522827899
			34.5586878906908	-18.3982522827899
			34.5728512873673	-18.3982522827899
			34.5870146840438	-18.3982522827899
			34.6011780807203	-18.3982522827899
			34.6153414773968	-18.3982522827899
			34.6295048740734	-18.3982522827899
			34.6436682707499	-18.3982522827899
			34.6578316674264	-18.3982522827899
			34.6719950641029	-18.3982522827899
			34.6861584607794	-18.3982522827899
			34.7003218574559	-18.3982522827899
			34.7144852541324	-18.3982522827899
			34.7286486508089	-18.3982522827899
			34.7428120474855	-18.3982522827899
			34.756975444162	-18.3982522827899
			34.7711388408385	-18.3982522827899
			34.785302237515	-18.3982522827899
			34.7994656341915	-18.4124156794664
			34.813629030868	-18.4124156794664
			34.8277924275445	-18.4124156794664
			34.8419558242211	-18.4124156794664
			34.8561192208976	-18.4124156794664
			34.8702826175741	-18.4124156794664
			34.8844460142506	-18.4124156794664
			34.8986094109271	-18.4124156794664
			34.9127728076036	-18.4265790761429
			34.9269362042801	-18.4265790761429
			34.9410996009566	-18.4265790761429
			34.9552629976331	-18.4265790761429
			34.9694263943097	-18.4407424728194
			34.9835897909862	-18.4407424728194
			34.9977531876627	-18.4407424728194
			35.0119165843392	-18.4549058694959
			35.0260799810157	-18.4549058694959
			35.0402433776922	-18.4549058694959
			35.0544067743687	-18.4690692661725
			35.0685701710453	-18.4690692661725
			35.0827335677218	-18.4690692661725
			35.0827335677218	-18.483232662849
			35.0968969643983	-18.483232662849
			35.1110603610748	-18.483232662849
			35.1252237577513	-18.4973960595255
			35.1393871544278	-18.4973960595255
			35.1535505511043	-18.511559456202
			35.1677139477808	-18.511559456202
			35.1818773444574	-18.511559456202
			35.1960407411339	-18.5257228528785
			35.2102041378104	-18.5257228528785
			35.2243675344869	-18.5257228528785
			35.2385309311634	-18.5257228528785
			35.2526943278399	-18.5257228528785
			35.2526943278399	-18.539886249555
			35.2668577245164	-18.539886249555
			35.2810211211929	-18.539886249555
			35.2951845178695	-18.5540496462315
			35.309347914546	-18.5540496462315
			35.3235113112225	-18.568213042908
			35.337674707899	-18.568213042908
		</Outline2>
		<Outline3 type=matrix rownames=FALSE colnames=FALSE nrow=106 ncol=2 as.numeric=TRUE >
			35.337674707899	-18.568213042908
			35.3518381045755	-18.568213042908
			35.366001501252	-18.5823764395846
			35.3801648979285	-18.5823764395846
			35.394328294605	-18.5965398362611
			35.4084916912816	-18.5965398362611
			35.4226550879581	-18.6107032329376
			35.4368184846346	-18.6107032329376
			35.4509818813111	-18.6107032329376
			35.4651452779876	-18.6248666296141
			35.4793086746641	-18.6248666296141
			35.4934720713406	-18.6248666296141
			35.5076354680171	-18.6248666296141
			35.5076354680171	-18.6390300262906
			35.5217988646937	-18.6390300262906
			35.5359622613702	-18.6390300262906
			35.5501256580467	-18.6390300262906
			35.5642890547232	-18.6531934229671
			35.5784524513997	-18.6531934229671
			35.5926158480762	-18.6531934229671
			35.6067792447527	-18.6673568196436
			35.6209426414292	-18.6673568196436
			35.6351060381058	-18.6815202163201
			35.6492694347823	-18.6956836129967
			35.6634328314588	-18.6956836129967
			35.6775962281353	-18.7098470096732
			35.6917596248118	-18.7098470096732
			35.7059230214883	-18.7240104063497
			35.7200864181648	-18.7240104063497
			35.7342498148413	-18.7381738030262
			35.7484132115179	-18.7381738030262
			35.7625766081944	-18.7523371997027
			35.7767400048709	-18.7523371997027
			35.7909034015474	-18.7665005963792
			35.8050667982239	-18.7806639930557
			35.8192301949004	-18.7806639930557
			35.8333935915769	-18.7948273897322
			35.8475569882534	-18.8089907864088
			35.86172038493	-18.8089907864088
			35.8758837816065	-18.8089907864088
			35.8758837816065	-18.8231541830853
			35.890047178283	-18.8231541830853
			35.9042105749595	-18.8231541830853
			35.918373971636	-18.8373175797618
			35.9325373683125	-18.8514809764383
			35.946700764989	-18.8514809764383
			35.9608641616655	-18.8656443731148
			35.9750275583421	-18.8798077697913
			35.9891909550186	-18.8939711664678
			36.0033543516951	-18.9081345631444
			36.0175177483716	-18.9222979598209
			36.0175177483716	-18.9364613564974
			36.0316811450481	-18.9506247531739
			36.0458445417246	-18.9506247531739
			36.0458445417246	-18.9647881498504
			36.0600079384011	-18.9789515465269
			36.0741713350777	-18.9931149432034
			36.0883347317542	-19.0072783398799
			36.1024981284307	-19.0214417365565
			36.1024981284307	-19.035605133233
			36.1166615251072	-19.0497685299095
			36.1308249217837	-19.063931926586
			36.1308249217837	-19.0780953232625
			36.1449883184602	-19.092258719939
			36.1449883184602	-19.1064221166155
			36.1449883184602	-19.120585513292
			36.1591517151367	-19.1347489099686
			36.1591517151367	-19.1489123066451
			36.1591517151367	-19.1630757033216
			36.1591517151367	-19.1772390999981
			36.1733151118132	-19.1914024966746
			36.1733151118132	-19.2055658933511
			36.1733151118132	-19.2197292900276
			36.1733151118132	-19.2338926867041
			36.1733151118132	-19.2480560833807
			36.1733151118132	-19.2622194800572
			36.1733151118132	-19.2763828767337
			36.1733151118132	-19.2905462734102
			36.1874785084897	-19.3047096700867
			36.1874785084897	-19.3188730667632
			36.1874785084897	-19.3330364634397
			36.1874785084897	-19.3471998601162
			36.1874785084897	-19.3613632567928
			36.1874785084897	-19.3755266534693
			36.1874785084897	-19.3896900501458
			36.1874785084897	-19.4038534468223
			36.1874785084897	-19.4180168434988
			36.1874785084897	-19.4321802401753
			36.1874785084897	-19.4463436368518
			36.1874785084897	-19.4605070335283
			36.1874785084897	-19.4746704302049
			36.1874785084897	-19.4888338268814
			36.1874785084897	-19.5029972235579
			36.1874785084897	-19.5171606202344
			36.1874785084897	-19.5313240169109
			36.1874785084897	-19.5454874135874
			36.1874785084897	-19.5596508102639
			36.1874785084897	-19.5738142069404
			36.1874785084897	-19.587977603617
			36.1874785084897	-19.6021410002935
			36.1874785084897	-19.61630439697
			36.1874785084897	-19.6304677936465
			36.1874785084897	-19.644631190323
			36.1874785084897	-19.6587945869995
			36.1874785084897	-19.672957983676
			36.1874785084897	-19.6871213803525
		</Outline3>
		<Outline4 type=matrix rownames=FALSE colnames=FALSE nrow=99 ncol=2 as.numeric=TRUE >
			36.1874785084897	-19.6871213803525
			36.1874785084897	-19.7012847770291
			36.1874785084897	-19.7154481737056
			36.1874785084897	-19.7296115703821
			36.1874785084897	-19.7437749670586
			36.1733151118132	-19.7579383637351
			36.1733151118132	-19.7721017604116
			36.1733151118132	-19.7862651570881
			36.1591517151367	-19.8004285537646
			36.1591517151367	-19.8145919504412
			36.1591517151367	-19.8287553471177
			36.1449883184602	-19.8429187437942
			36.1449883184602	-19.8570821404707
			36.1449883184602	-19.8712455371472
			36.1308249217837	-19.8854089338237
			36.1308249217837	-19.8995723305002
			36.1166615251072	-19.9137357271767
			36.1166615251072	-19.9278991238533
			36.1024981284307	-19.9420625205298
			36.1024981284307	-19.9562259172063
			36.0883347317542	-19.9703893138828
			36.0741713350777	-19.9703893138828
			36.0741713350777	-19.9845527105593
			36.0600079384011	-19.9987161072358
			36.0458445417246	-20.0128795039123
			36.0458445417246	-20.0270429005888
			36.0316811450481	-20.0412062972654
			36.0175177483716	-20.0553696939419
			36.0033543516951	-20.0695330906184
			35.9891909550186	-20.0836964872949
			35.9750275583421	-20.0978598839714
			35.9608641616655	-20.1120232806479
			35.946700764989	-20.1120232806479
			35.946700764989	-20.1261866773244
			35.9325373683125	-20.1261866773244
			35.918373971636	-20.1403500740009
			35.9042105749595	-20.1545134706775
			35.890047178283	-20.168676867354
			35.8758837816065	-20.1828402640305
			35.86172038493	-20.197003660707
			35.8475569882534	-20.197003660707
			35.8333935915769	-20.2111670573835
			35.8192301949004	-20.22533045406
			35.8050667982239	-20.22533045406
			35.7909034015474	-20.2394938507365
			35.7767400048709	-20.2394938507365
			35.7625766081944	-20.253657247413
			35.7484132115179	-20.253657247413
			35.7484132115179	-20.2678206440896
			35.7342498148413	-20.2678206440896
			35.7200864181648	-20.2819840407661
			35.7059230214883	-20.2961474374426
			35.6917596248118	-20.2961474374426
			35.6775962281353	-20.3103108341191
			35.6634328314588	-20.3103108341191
			35.6492694347823	-20.3103108341191
			35.6351060381058	-20.3244742307956
			35.6209426414292	-20.3244742307956
			35.6067792447527	-20.3244742307956
			35.5926158480762	-20.3386376274721
			35.5784524513997	-20.3386376274721
			35.5642890547232	-20.3386376274721
			35.5501256580467	-20.3386376274721
			35.5359622613702	-20.3528010241486
			35.5217988646937	-20.3528010241486
			35.5076354680171	-20.3528010241486
			35.4934720713406	-20.3528010241486
			35.4793086746641	-20.3669644208252
			35.4651452779876	-20.3669644208252
			35.4509818813111	-20.3669644208252
			35.4368184846346	-20.3669644208252
			35.4226550879581	-20.3669644208252
			35.4084916912816	-20.3669644208252
			35.394328294605	-20.3669644208252
			35.3801648979285	-20.3811278175017
			35.366001501252	-20.3811278175017
			35.3518381045755	-20.3811278175017
			35.337674707899	-20.3811278175017
			35.3235113112225	-20.3811278175017
			35.309347914546	-20.3811278175017
			35.2951845178695	-20.3811278175017
			35.2810211211929	-20.3811278175017
			35.2668577245164	-20.3811278175017
			35.2526943278399	-20.3811278175017
			35.2385309311634	-20.3811278175017
			35.2243675344869	-20.3811278175017
			35.2102041378104	-20.3811278175017
			35.1960407411339	-20.3811278175017
			35.1818773444574	-20.3811278175017
			35.1677139477808	-20.3811278175017
			35.1535505511043	-20.3811278175017
			35.1393871544278	-20.3811278175017
			35.1252237577513	-20.3811278175017
			35.1110603610748	-20.3811278175017
			35.0968969643983	-20.3811278175017
			35.0827335677218	-20.3811278175017
			35.0685701710453	-20.3811278175017
			35.0544067743687	-20.3952912141782
			35.0402433776922	-20.3952912141782
		</Outline4>
	</curves.scaled>
	<ruler.points type=matrix rownames=TRUE colnames=FALSE nrow=2 ncol=2 as.numeric=TRUE >
		Ruler point 1	3011	2441
		Ruler point 2	2305	2433
	</ruler.points>
</shapes>

