<shapes type=list>
	<ruler.pixel type=vector names=FALSE length=1 as.numeric=TRUE >872.146776637969</ruler.pixel>
	<ruler.interval type=vector names=FALSE length=1 as.numeric=TRUE >10</ruler.interval>
	<scaling.units type=vector names=FALSE length=1 as.numeric=FALSE >mm</scaling.units>
	<scaling type=vector names=FALSE length=1 as.numeric=TRUE >0.0114659599368685</scaling>
	<landmarks.pixel type=matrix rownames=TRUE colnames=FALSE nrow=4 ncol=2 as.numeric=TRUE >
		Labial	2316	1251
		Posterior	2231	1184
		Lingual	2305	1107
		Anterior	2388	1174
	</landmarks.pixel>
	<landmarks.scaled type=matrix rownames=TRUE colnames=FALSE nrow=4 ncol=2 as.numeric=TRUE >
		Labial	26.5551632137876	-14.3439158810226
		Posterior	25.5805566191537	-13.5756965652524
		Lingual	26.429037654482	-12.6928176501135
		Anterior	27.3807123292421	-13.4610369658837
	</landmarks.scaled>
	<curves.control type=list>
		<Outline1 type=matrix rownames=FALSE colnames=FALSE nrow=23 ncol=2 as.numeric=TRUE >
			2316	1251
			2310	1254
			2305	1257
			2300	1260
			2296	1263
			2290	1266
			2284	1268
			2278	1270
			2272	1272
			2265	1273
			2258	1273
			2252	1272
			2247	1269
			2242	1266
			2238	1261
			2234	1256
			2233	1249
			2232	1242
			2231	1235
			2230	1229
			2229	1222
			2229	1215
			2231	1184
		</Outline1>
		<Outline2 type=matrix rownames=FALSE colnames=FALSE nrow=17 ncol=2 as.numeric=TRUE >
			2231	1184
			2232	1175
			2233	1166
			2235	1156
			2238	1145
			2241	1135
			2246	1126
			2251	1119
			2256	1114
			2261	1110
			2267	1107
			2272	1105
			2279	1104
			2286	1104
			2295	1105
			2300	1106
			2305	1107
		</Outline2>
		<Outline3 type=matrix rownames=FALSE colnames=FALSE nrow=19 ncol=2 as.numeric=TRUE >
			2305	1107
			2311	1109
			2318	1111
			2325	1112
			2332	1113
			2341	1114
			2349	1116
			2355	1118
			2361	1121
			2367	1125
			2372	1130
			2375	1135
			2378	1141
			2380	1147
			2383	1153
			2385	1159
			2387	1165
			2387	1169
			2388	1174
		</Outline3>
		<Outline4 type=matrix rownames=FALSE colnames=FALSE nrow=21 ncol=2 as.numeric=TRUE >
			2388	1174
			2388	1180
			2388	1186
			2387	1191
			2386	1197
			2383	1203
			2380	1209
			2376	1214
			2372	1219
			2369	1223
			2364	1228
			2358	1232
			2353	1234
			2348	1236
			2342	1238
			2336	1240
			2331	1241
			2326	1243
			2322	1246
			2319	1249
			2316	1251
		</Outline4>
	</curves.control>
	<curves.pixel type=list>
		<Outline1 type=matrix rownames=FALSE colnames=FALSE nrow=161 ncol=2 as.numeric=TRUE >
			2316	1251
			2315	1251
			2314	1252
			2313	1253
			2312	1253
			2311	1254
			2310	1254
			2309	1255
			2308	1255
			2307	1256
			2306	1257
			2305	1257
			2304	1258
			2303	1258
			2302	1259
			2301	1259
			2300	1260
			2299	1261
			2298	1262
			2297	1262
			2296	1263
			2295	1263
			2294	1264
			2293	1264
			2293	1265
			2292	1265
			2291	1265
			2290	1266
			2289	1266
			2288	1266
			2288	1267
			2287	1267
			2286	1267
			2285	1268
			2284	1268
			2283	1268
			2282	1269
			2281	1269
			2280	1269
			2279	1270
			2278	1270
			2277	1270
			2276	1271
			2275	1271
			2274	1271
			2273	1272
			2272	1272
			2271	1272
			2270	1272
			2269	1272
			2268	1272
			2267	1273
			2266	1273
			2265	1273
			2264	1273
			2263	1273
			2262	1273
			2261	1273
			2260	1273
			2259	1273
			2258	1273
			2257	1273
			2256	1273
			2255	1272
			2254	1272
			2253	1272
			2252	1271
			2251	1271
			2250	1271
			2249	1270
			2248	1270
			2247	1269
			2246	1269
			2246	1268
			2245	1268
			2244	1267
			2243	1266
			2242	1266
			2242	1265
			2241	1264
			2240	1263
			2239	1263
			2239	1262
			2238	1261
			2237	1260
			2237	1259
			2236	1258
			2236	1257
			2235	1256
			2235	1255
			2234	1254
			2234	1253
			2234	1252
			2233	1251
			2233	1250
			2233	1249
			2233	1248
			2233	1247
			2233	1246
			2232	1245
			2232	1244
			2232	1243
			2232	1242
			2232	1241
			2232	1240
			2232	1239
			2231	1238
			2231	1237
			2231	1236
			2231	1235
			2231	1234
			2231	1233
			2230	1232
			2230	1231
			2230	1230
			2230	1229
			2230	1228
			2230	1227
			2230	1226
			2229	1225
			2229	1224
			2229	1223
			2229	1222
			2229	1221
			2229	1220
			2229	1219
			2229	1218
			2229	1217
			2229	1216
			2229	1215
			2229	1214
			2229	1213
			2229	1212
			2229	1211
			2229	1210
			2229	1209
			2230	1208
			2230	1207
			2230	1206
			2230	1205
			2230	1204
			2230	1203
			2230	1202
			2230	1201
			2230	1200
			2230	1199
			2230	1198
			2230	1197
			2230	1196
			2230	1195
			2230	1194
			2230	1193
			2230	1192
			2231	1191
			2231	1190
			2231	1189
			2231	1188
			2231	1187
			2231	1186
			2231	1185
			2231	1184
		</Outline1>
		<Outline2 type=matrix rownames=FALSE colnames=FALSE nrow=123 ncol=2 as.numeric=TRUE >
			2231	1184
			2231	1183
			2231	1182
			2231	1181
			2231	1180
			2232	1179
			2232	1178
			2232	1177
			2232	1176
			2232	1175
			2232	1174
			2232	1173
			2232	1172
			2232	1171
			2233	1170
			2233	1169
			2233	1168
			2233	1167
			2233	1166
			2233	1165
			2233	1164
			2234	1163
			2234	1162
			2234	1161
			2234	1160
			2234	1159
			2235	1159
			2235	1158
			2235	1157
			2235	1156
			2235	1155
			2236	1154
			2236	1153
			2236	1152
			2236	1151
			2237	1150
			2237	1149
			2237	1148
			2238	1147
			2238	1146
			2238	1145
			2238	1144
			2239	1143
			2239	1142
			2239	1141
			2240	1140
			2240	1139
			2240	1138
			2241	1137
			2241	1136
			2242	1135
			2242	1134
			2243	1133
			2243	1132
			2243	1131
			2244	1130
			2244	1129
			2245	1128
			2246	1127
			2246	1126
			2247	1125
			2248	1124
			2248	1123
			2249	1122
			2250	1121
			2250	1120
			2251	1119
			2252	1119
			2252	1118
			2253	1117
			2254	1116
			2255	1115
			2256	1114
			2257	1113
			2258	1112
			2259	1112
			2260	1111
			2261	1111
			2262	1110
			2262	1109
			2263	1109
			2264	1108
			2265	1108
			2266	1107
			2267	1107
			2268	1107
			2269	1106
			2270	1106
			2271	1106
			2272	1105
			2273	1105
			2274	1105
			2275	1105
			2276	1104
			2277	1104
			2278	1104
			2279	1104
			2280	1104
			2281	1104
			2282	1104
			2283	1104
			2284	1104
			2285	1104
			2286	1104
			2287	1104
			2288	1104
			2289	1104
			2290	1105
			2291	1105
			2292	1105
			2293	1105
			2294	1105
			2295	1105
			2296	1105
			2297	1105
			2298	1106
			2299	1106
			2300	1106
			2301	1106
			2302	1106
			2303	1107
			2304	1107
			2305	1107
		</Outline2>
		<Outline3 type=matrix rownames=FALSE colnames=FALSE nrow=114 ncol=2 as.numeric=TRUE >
			2305	1107
			2306	1107
			2307	1108
			2308	1108
			2309	1108
			2310	1109
			2311	1109
			2312	1109
			2313	1109
			2314	1110
			2315	1110
			2316	1110
			2317	1111
			2318	1111
			2319	1111
			2320	1111
			2321	1111
			2322	1112
			2323	1112
			2324	1112
			2325	1112
			2326	1112
			2327	1112
			2328	1112
			2329	1113
			2330	1113
			2331	1113
			2332	1113
			2333	1113
			2334	1113
			2335	1113
			2336	1114
			2337	1114
			2338	1114
			2339	1114
			2340	1114
			2341	1114
			2342	1114
			2343	1115
			2344	1115
			2345	1115
			2346	1115
			2347	1116
			2348	1116
			2349	1116
			2350	1116
			2351	1117
			2352	1117
			2353	1118
			2354	1118
			2355	1118
			2356	1119
			2357	1119
			2358	1120
			2359	1120
			2360	1120
			2361	1121
			2362	1121
			2363	1122
			2364	1123
			2365	1124
			2366	1125
			2367	1126
			2368	1127
			2369	1128
			2370	1128
			2371	1129
			2372	1130
			2373	1131
			2373	1132
			2374	1133
			2374	1134
			2375	1135
			2376	1136
			2376	1137
			2377	1138
			2377	1139
			2378	1140
			2378	1141
			2378	1142
			2379	1143
			2379	1144
			2379	1145
			2380	1146
			2380	1147
			2380	1148
			2381	1148
			2381	1149
			2382	1150
			2382	1151
			2382	1152
			2383	1152
			2383	1153
			2383	1154
			2384	1155
			2384	1156
			2384	1157
			2385	1158
			2385	1159
			2385	1160
			2386	1161
			2386	1162
			2386	1163
			2387	1164
			2387	1165
			2387	1166
			2387	1167
			2387	1168
			2387	1169
			2387	1170
			2387	1171
			2388	1172
			2388	1173
			2388	1174
		</Outline3>
		<Outline4 type=matrix rownames=FALSE colnames=FALSE nrow=108 ncol=2 as.numeric=TRUE >
			2388	1174
			2388	1175
			2388	1176
			2388	1177
			2388	1178
			2388	1179
			2388	1180
			2388	1181
			2388	1182
			2388	1183
			2388	1184
			2388	1185
			2388	1186
			2388	1187
			2388	1188
			2387	1189
			2387	1190
			2387	1191
			2387	1192
			2387	1193
			2387	1194
			2386	1195
			2386	1196
			2386	1197
			2386	1198
			2385	1199
			2384	1200
			2384	1201
			2383	1202
			2383	1203
			2382	1204
			2382	1205
			2381	1206
			2381	1207
			2380	1208
			2380	1209
			2379	1210
			2378	1211
			2378	1212
			2377	1213
			2376	1214
			2376	1215
			2375	1215
			2374	1216
			2373	1217
			2373	1218
			2372	1219
			2372	1220
			2371	1220
			2370	1221
			2370	1222
			2369	1223
			2368	1223
			2368	1224
			2367	1225
			2366	1226
			2365	1227
			2364	1228
			2363	1229
			2362	1229
			2361	1230
			2360	1231
			2359	1231
			2358	1232
			2357	1232
			2356	1233
			2355	1233
			2354	1234
			2353	1234
			2352	1234
			2351	1235
			2350	1235
			2349	1235
			2348	1236
			2347	1236
			2346	1237
			2345	1237
			2344	1237
			2343	1238
			2342	1238
			2341	1238
			2340	1239
			2339	1239
			2338	1239
			2337	1240
			2336	1240
			2335	1240
			2334	1240
			2333	1241
			2332	1241
			2331	1241
			2330	1241
			2329	1242
			2328	1242
			2328	1243
			2327	1243
			2326	1243
			2325	1244
			2324	1244
			2324	1245
			2323	1245
			2322	1246
			2321	1247
			2320	1248
			2319	1249
			2318	1250
			2317	1250
			2316	1251
		</Outline4>
	</curves.pixel>
	<curves.scaled type=list>
		<Outline1 type=matrix rownames=FALSE colnames=FALSE nrow=161 ncol=2 as.numeric=TRUE >
			26.5551632137876	-14.3439158810226
			26.5436972538507	-14.3439158810226
			26.5322312939138	-14.3553818409594
			26.520765333977	-14.3668478008963
			26.5092993740401	-14.3668478008963
			26.4978334141032	-14.3783137608332
			26.4863674541663	-14.3783137608332
			26.4749014942295	-14.38977972077
			26.4634355342926	-14.38977972077
			26.4519695743557	-14.4012456807069
			26.4405036144189	-14.4127116406438
			26.429037654482	-14.4127116406438
			26.4175716945451	-14.4241776005806
			26.4061057346083	-14.4241776005806
			26.3946397746714	-14.4356435605175
			26.3831738147345	-14.4356435605175
			26.3717078547977	-14.4471095204544
			26.3602418948608	-14.4585754803912
			26.3487759349239	-14.4700414403281
			26.3373099749871	-14.4700414403281
			26.3258440150502	-14.481507400265
			26.3143780551133	-14.481507400265
			26.3029120951765	-14.4929733602018
			26.2914461352396	-14.4929733602018
			26.2914461352396	-14.5044393201387
			26.2799801753027	-14.5044393201387
			26.2685142153658	-14.5044393201387
			26.257048255429	-14.5159052800756
			26.2455822954921	-14.5159052800756
			26.2341163355552	-14.5159052800756
			26.2341163355552	-14.5273712400125
			26.2226503756184	-14.5273712400125
			26.2111844156815	-14.5273712400125
			26.1997184557446	-14.5388371999493
			26.1882524958078	-14.5388371999493
			26.1767865358709	-14.5388371999493
			26.165320575934	-14.5503031598862
			26.1538546159972	-14.5503031598862
			26.1423886560603	-14.5503031598862
			26.1309226961234	-14.5617691198231
			26.1194567361866	-14.5617691198231
			26.1079907762497	-14.5617691198231
			26.0965248163128	-14.5732350797599
			26.0850588563759	-14.5732350797599
			26.0735928964391	-14.5732350797599
			26.0621269365022	-14.5847010396968
			26.0506609765653	-14.5847010396968
			26.0391950166285	-14.5847010396968
			26.0277290566916	-14.5847010396968
			26.0162630967547	-14.5847010396968
			26.0047971368179	-14.5847010396968
			25.993331176881	-14.5961669996337
			25.9818652169441	-14.5961669996337
			25.9703992570073	-14.5961669996337
			25.9589332970704	-14.5961669996337
			25.9474673371335	-14.5961669996337
			25.9360013771967	-14.5961669996337
			25.9245354172598	-14.5961669996337
			25.9130694573229	-14.5961669996337
			25.9016034973861	-14.5961669996337
			25.8901375374492	-14.5961669996337
			25.8786715775123	-14.5961669996337
			25.8672056175754	-14.5961669996337
			25.8557396576386	-14.5847010396968
			25.8442736977017	-14.5847010396968
			25.8328077377648	-14.5847010396968
			25.821341777828	-14.5732350797599
			25.8098758178911	-14.5732350797599
			25.7984098579542	-14.5732350797599
			25.7869438980174	-14.5617691198231
			25.7754779380805	-14.5617691198231
			25.7640119781436	-14.5503031598862
			25.7525460182068	-14.5503031598862
			25.7525460182068	-14.5388371999493
			25.7410800582699	-14.5388371999493
			25.729614098333	-14.5273712400125
			25.7181481383962	-14.5159052800756
			25.7066821784593	-14.5159052800756
			25.7066821784593	-14.5044393201387
			25.6952162185224	-14.4929733602018
			25.6837502585856	-14.481507400265
			25.6722842986487	-14.481507400265
			25.6722842986487	-14.4700414403281
			25.6608183387118	-14.4585754803912
			25.6493523787749	-14.4471095204544
			25.6493523787749	-14.4356435605175
			25.6378864188381	-14.4241776005806
			25.6378864188381	-14.4127116406438
			25.6264204589012	-14.4012456807069
			25.6264204589012	-14.38977972077
			25.6149544989643	-14.3783137608332
			25.6149544989643	-14.3668478008963
			25.6149544989643	-14.3553818409594
			25.6034885390275	-14.3439158810226
			25.6034885390275	-14.3324499210857
			25.6034885390275	-14.3209839611488
			25.6034885390275	-14.309518001212
			25.6034885390275	-14.2980520412751
			25.6034885390275	-14.2865860813382
			25.5920225790906	-14.2751201214013
			25.5920225790906	-14.2636541614645
			25.5920225790906	-14.2521882015276
			25.5920225790906	-14.2407222415907
			25.5920225790906	-14.2292562816539
			25.5920225790906	-14.217790321717
			25.5920225790906	-14.2063243617801
			25.5805566191537	-14.1948584018433
			25.5805566191537	-14.1833924419064
			25.5805566191537	-14.1719264819695
			25.5805566191537	-14.1604605220327
			25.5805566191537	-14.1489945620958
			25.5805566191537	-14.1375286021589
			25.5690906592169	-14.1260626422221
			25.5690906592169	-14.1145966822852
			25.5690906592169	-14.1031307223483
			25.5690906592169	-14.0916647624114
			25.5690906592169	-14.0801988024746
			25.5690906592169	-14.0687328425377
			25.5690906592169	-14.0572668826008
			25.55762469928	-14.045800922664
			25.55762469928	-14.0343349627271
			25.55762469928	-14.0228690027902
			25.55762469928	-14.0114030428534
			25.55762469928	-13.9999370829165
			25.55762469928	-13.9884711229796
			25.55762469928	-13.9770051630428
			25.55762469928	-13.9655392031059
			25.55762469928	-13.954073243169
			25.55762469928	-13.9426072832322
			25.55762469928	-13.9311413232953
			25.55762469928	-13.9196753633584
			25.55762469928	-13.9082094034215
			25.55762469928	-13.8967434434847
			25.55762469928	-13.8852774835478
			25.55762469928	-13.8738115236109
			25.55762469928	-13.8623455636741
			25.5690906592169	-13.8508796037372
			25.5690906592169	-13.8394136438003
			25.5690906592169	-13.8279476838635
			25.5690906592169	-13.8164817239266
			25.5690906592169	-13.8050157639897
			25.5690906592169	-13.7935498040529
			25.5690906592169	-13.782083844116
			25.5690906592169	-13.7706178841791
			25.5690906592169	-13.7591519242423
			25.5690906592169	-13.7476859643054
			25.5690906592169	-13.7362200043685
			25.5690906592169	-13.7247540444317
			25.5690906592169	-13.7132880844948
			25.5690906592169	-13.7018221245579
			25.5690906592169	-13.690356164621
			25.5690906592169	-13.6788902046842
			25.5690906592169	-13.6674242447473
			25.5805566191537	-13.6559582848104
			25.5805566191537	-13.6444923248736
			25.5805566191537	-13.6330263649367
			25.5805566191537	-13.6215604049998
			25.5805566191537	-13.610094445063
			25.5805566191537	-13.5986284851261
			25.5805566191537	-13.5871625251892
			25.5805566191537	-13.5756965652524
		</Outline1>
		<Outline2 type=matrix rownames=FALSE colnames=FALSE nrow=123 ncol=2 as.numeric=TRUE >
			25.5805566191537	-13.5756965652524
			25.5805566191537	-13.5642306053155
			25.5805566191537	-13.5527646453786
			25.5805566191537	-13.5412986854418
			25.5805566191537	-13.5298327255049
			25.5920225790906	-13.518366765568
			25.5920225790906	-13.5069008056312
			25.5920225790906	-13.4954348456943
			25.5920225790906	-13.4839688857574
			25.5920225790906	-13.4725029258205
			25.5920225790906	-13.4610369658837
			25.5920225790906	-13.4495710059468
			25.5920225790906	-13.4381050460099
			25.5920225790906	-13.4266390860731
			25.6034885390275	-13.4151731261362
			25.6034885390275	-13.4037071661993
			25.6034885390275	-13.3922412062625
			25.6034885390275	-13.3807752463256
			25.6034885390275	-13.3693092863887
			25.6034885390275	-13.3578433264519
			25.6034885390275	-13.346377366515
			25.6149544989643	-13.3349114065781
			25.6149544989643	-13.3234454466413
			25.6149544989643	-13.3119794867044
			25.6149544989643	-13.3005135267675
			25.6149544989643	-13.2890475668306
			25.6264204589012	-13.2890475668306
			25.6264204589012	-13.2775816068938
			25.6264204589012	-13.2661156469569
			25.6264204589012	-13.25464968702
			25.6264204589012	-13.2431837270832
			25.6378864188381	-13.2317177671463
			25.6378864188381	-13.2202518072094
			25.6378864188381	-13.2087858472726
			25.6378864188381	-13.1973198873357
			25.6493523787749	-13.1858539273988
			25.6493523787749	-13.174387967462
			25.6493523787749	-13.1629220075251
			25.6608183387118	-13.1514560475882
			25.6608183387118	-13.1399900876514
			25.6608183387118	-13.1285241277145
			25.6608183387118	-13.1170581677776
			25.6722842986487	-13.1055922078408
			25.6722842986487	-13.0941262479039
			25.6722842986487	-13.082660287967
			25.6837502585856	-13.0711943280301
			25.6837502585856	-13.0597283680933
			25.6837502585856	-13.0482624081564
			25.6952162185224	-13.0367964482195
			25.6952162185224	-13.0253304882827
			25.7066821784593	-13.0138645283458
			25.7066821784593	-13.0023985684089
			25.7181481383962	-12.9909326084721
			25.7181481383962	-12.9794666485352
			25.7181481383962	-12.9680006885983
			25.729614098333	-12.9565347286615
			25.729614098333	-12.9450687687246
			25.7410800582699	-12.9336028087877
			25.7525460182068	-12.9221368488509
			25.7525460182068	-12.910670888914
			25.7640119781436	-12.8992049289771
			25.7754779380805	-12.8877389690402
			25.7754779380805	-12.8762730091034
			25.7869438980174	-12.8648070491665
			25.7984098579542	-12.8533410892296
			25.7984098579542	-12.8418751292928
			25.8098758178911	-12.8304091693559
			25.821341777828	-12.8304091693559
			25.821341777828	-12.818943209419
			25.8328077377648	-12.8074772494822
			25.8442736977017	-12.7960112895453
			25.8557396576386	-12.7845453296084
			25.8672056175754	-12.7730793696716
			25.8786715775123	-12.7616134097347
			25.8901375374492	-12.7501474497978
			25.9016034973861	-12.7501474497978
			25.9130694573229	-12.738681489861
			25.9245354172598	-12.738681489861
			25.9360013771967	-12.7272155299241
			25.9360013771967	-12.7157495699872
			25.9474673371335	-12.7157495699872
			25.9589332970704	-12.7042836100504
			25.9703992570073	-12.7042836100504
			25.9818652169441	-12.6928176501135
			25.993331176881	-12.6928176501135
			26.0047971368179	-12.6928176501135
			26.0162630967547	-12.6813516901766
			26.0277290566916	-12.6813516901766
			26.0391950166285	-12.6813516901766
			26.0506609765653	-12.6698857302397
			26.0621269365022	-12.6698857302397
			26.0735928964391	-12.6698857302397
			26.0850588563759	-12.6698857302397
			26.0965248163128	-12.6584197703029
			26.1079907762497	-12.6584197703029
			26.1194567361866	-12.6584197703029
			26.1309226961234	-12.6584197703029
			26.1423886560603	-12.6584197703029
			26.1538546159972	-12.6584197703029
			26.165320575934	-12.6584197703029
			26.1767865358709	-12.6584197703029
			26.1882524958078	-12.6584197703029
			26.1997184557446	-12.6584197703029
			26.2111844156815	-12.6584197703029
			26.2226503756184	-12.6584197703029
			26.2341163355552	-12.6584197703029
			26.2455822954921	-12.6584197703029
			26.257048255429	-12.6698857302397
			26.2685142153658	-12.6698857302397
			26.2799801753027	-12.6698857302397
			26.2914461352396	-12.6698857302397
			26.3029120951765	-12.6698857302397
			26.3143780551133	-12.6698857302397
			26.3258440150502	-12.6698857302397
			26.3373099749871	-12.6698857302397
			26.3487759349239	-12.6813516901766
			26.3602418948608	-12.6813516901766
			26.3717078547977	-12.6813516901766
			26.3831738147345	-12.6813516901766
			26.3946397746714	-12.6813516901766
			26.4061057346083	-12.6928176501135
			26.4175716945451	-12.6928176501135
			26.429037654482	-12.6928176501135
		</Outline2>
		<Outline3 type=matrix rownames=FALSE colnames=FALSE nrow=114 ncol=2 as.numeric=TRUE >
			26.429037654482	-12.6928176501135
			26.4405036144189	-12.6928176501135
			26.4519695743557	-12.7042836100504
			26.4634355342926	-12.7042836100504
			26.4749014942295	-12.7042836100504
			26.4863674541663	-12.7157495699872
			26.4978334141032	-12.7157495699872
			26.5092993740401	-12.7157495699872
			26.520765333977	-12.7157495699872
			26.5322312939138	-12.7272155299241
			26.5436972538507	-12.7272155299241
			26.5551632137876	-12.7272155299241
			26.5666291737244	-12.738681489861
			26.5780951336613	-12.738681489861
			26.5895610935982	-12.738681489861
			26.601027053535	-12.738681489861
			26.6124930134719	-12.738681489861
			26.6239589734088	-12.7501474497978
			26.6354249333456	-12.7501474497978
			26.6468908932825	-12.7501474497978
			26.6583568532194	-12.7501474497978
			26.6698228131562	-12.7501474497978
			26.6812887730931	-12.7501474497978
			26.69275473303	-12.7501474497978
			26.7042206929668	-12.7616134097347
			26.7156866529037	-12.7616134097347
			26.7271526128406	-12.7616134097347
			26.7386185727775	-12.7616134097347
			26.7500845327143	-12.7616134097347
			26.7615504926512	-12.7616134097347
			26.7730164525881	-12.7616134097347
			26.7844824125249	-12.7730793696716
			26.7959483724618	-12.7730793696716
			26.8074143323987	-12.7730793696716
			26.8188802923355	-12.7730793696716
			26.8303462522724	-12.7730793696716
			26.8418122122093	-12.7730793696716
			26.8532781721461	-12.7730793696716
			26.864744132083	-12.7845453296084
			26.8762100920199	-12.7845453296084
			26.8876760519567	-12.7845453296084
			26.8991420118936	-12.7845453296084
			26.9106079718305	-12.7960112895453
			26.9220739317674	-12.7960112895453
			26.9335398917042	-12.7960112895453
			26.9450058516411	-12.7960112895453
			26.956471811578	-12.8074772494822
			26.9679377715148	-12.8074772494822
			26.9794037314517	-12.818943209419
			26.9908696913886	-12.818943209419
			27.0023356513254	-12.818943209419
			27.0138016112623	-12.8304091693559
			27.0252675711992	-12.8304091693559
			27.036733531136	-12.8418751292928
			27.0481994910729	-12.8418751292928
			27.0596654510098	-12.8418751292928
			27.0711314109466	-12.8533410892296
			27.0825973708835	-12.8533410892296
			27.0940633308204	-12.8648070491665
			27.1055292907573	-12.8762730091034
			27.1169952506941	-12.8877389690402
			27.128461210631	-12.8992049289771
			27.1399271705679	-12.910670888914
			27.1513931305047	-12.9221368488509
			27.1628590904416	-12.9336028087877
			27.1743250503785	-12.9336028087877
			27.1857910103153	-12.9450687687246
			27.1972569702522	-12.9565347286615
			27.2087229301891	-12.9680006885983
			27.2087229301891	-12.9794666485352
			27.2201888901259	-12.9909326084721
			27.2201888901259	-13.0023985684089
			27.2316548500628	-13.0138645283458
			27.2431208099997	-13.0253304882827
			27.2431208099997	-13.0367964482195
			27.2545867699365	-13.0482624081564
			27.2545867699365	-13.0597283680933
			27.2660527298734	-13.0711943280301
			27.2660527298734	-13.082660287967
			27.2660527298734	-13.0941262479039
			27.2775186898103	-13.1055922078408
			27.2775186898103	-13.1170581677776
			27.2775186898103	-13.1285241277145
			27.2889846497471	-13.1399900876514
			27.2889846497471	-13.1514560475882
			27.2889846497471	-13.1629220075251
			27.300450609684	-13.1629220075251
			27.300450609684	-13.174387967462
			27.3119165696209	-13.1858539273988
			27.3119165696209	-13.1973198873357
			27.3119165696209	-13.2087858472726
			27.3233825295578	-13.2087858472726
			27.3233825295578	-13.2202518072094
			27.3233825295578	-13.2317177671463
			27.3348484894946	-13.2431837270832
			27.3348484894946	-13.25464968702
			27.3348484894946	-13.2661156469569
			27.3463144494315	-13.2775816068938
			27.3463144494315	-13.2890475668306
			27.3463144494315	-13.3005135267675
			27.3577804093684	-13.3119794867044
			27.3577804093684	-13.3234454466413
			27.3577804093684	-13.3349114065781
			27.3692463693052	-13.346377366515
			27.3692463693052	-13.3578433264519
			27.3692463693052	-13.3693092863887
			27.3692463693052	-13.3807752463256
			27.3692463693052	-13.3922412062625
			27.3692463693052	-13.4037071661993
			27.3692463693052	-13.4151731261362
			27.3692463693052	-13.4266390860731
			27.3807123292421	-13.4381050460099
			27.3807123292421	-13.4495710059468
			27.3807123292421	-13.4610369658837
		</Outline3>
		<Outline4 type=matrix rownames=FALSE colnames=FALSE nrow=108 ncol=2 as.numeric=TRUE >
			27.3807123292421	-13.4610369658837
			27.3807123292421	-13.4725029258205
			27.3807123292421	-13.4839688857574
			27.3807123292421	-13.4954348456943
			27.3807123292421	-13.5069008056312
			27.3807123292421	-13.518366765568
			27.3807123292421	-13.5298327255049
			27.3807123292421	-13.5412986854418
			27.3807123292421	-13.5527646453786
			27.3807123292421	-13.5642306053155
			27.3807123292421	-13.5756965652524
			27.3807123292421	-13.5871625251892
			27.3807123292421	-13.5986284851261
			27.3807123292421	-13.610094445063
			27.3807123292421	-13.6215604049998
			27.3692463693052	-13.6330263649367
			27.3692463693052	-13.6444923248736
			27.3692463693052	-13.6559582848104
			27.3692463693052	-13.6674242447473
			27.3692463693052	-13.6788902046842
			27.3692463693052	-13.690356164621
			27.3577804093684	-13.7018221245579
			27.3577804093684	-13.7132880844948
			27.3577804093684	-13.7247540444317
			27.3577804093684	-13.7362200043685
			27.3463144494315	-13.7476859643054
			27.3348484894946	-13.7591519242423
			27.3348484894946	-13.7706178841791
			27.3233825295578	-13.782083844116
			27.3233825295578	-13.7935498040529
			27.3119165696209	-13.8050157639897
			27.3119165696209	-13.8164817239266
			27.300450609684	-13.8279476838635
			27.300450609684	-13.8394136438003
			27.2889846497471	-13.8508796037372
			27.2889846497471	-13.8623455636741
			27.2775186898103	-13.8738115236109
			27.2660527298734	-13.8852774835478
			27.2660527298734	-13.8967434434847
			27.2545867699365	-13.9082094034215
			27.2431208099997	-13.9196753633584
			27.2431208099997	-13.9311413232953
			27.2316548500628	-13.9311413232953
			27.2201888901259	-13.9426072832322
			27.2087229301891	-13.954073243169
			27.2087229301891	-13.9655392031059
			27.1972569702522	-13.9770051630428
			27.1972569702522	-13.9884711229796
			27.1857910103153	-13.9884711229796
			27.1743250503785	-13.9999370829165
			27.1743250503785	-14.0114030428534
			27.1628590904416	-14.0228690027902
			27.1513931305047	-14.0228690027902
			27.1513931305047	-14.0343349627271
			27.1399271705679	-14.045800922664
			27.128461210631	-14.0572668826008
			27.1169952506941	-14.0687328425377
			27.1055292907573	-14.0801988024746
			27.0940633308204	-14.0916647624114
			27.0825973708835	-14.0916647624114
			27.0711314109466	-14.1031307223483
			27.0596654510098	-14.1145966822852
			27.0481994910729	-14.1145966822852
			27.036733531136	-14.1260626422221
			27.0252675711992	-14.1260626422221
			27.0138016112623	-14.1375286021589
			27.0023356513254	-14.1375286021589
			26.9908696913886	-14.1489945620958
			26.9794037314517	-14.1489945620958
			26.9679377715148	-14.1489945620958
			26.956471811578	-14.1604605220327
			26.9450058516411	-14.1604605220327
			26.9335398917042	-14.1604605220327
			26.9220739317674	-14.1719264819695
			26.9106079718305	-14.1719264819695
			26.8991420118936	-14.1833924419064
			26.8876760519567	-14.1833924419064
			26.8762100920199	-14.1833924419064
			26.864744132083	-14.1948584018433
			26.8532781721461	-14.1948584018433
			26.8418122122093	-14.1948584018433
			26.8303462522724	-14.2063243617801
			26.8188802923355	-14.2063243617801
			26.8074143323987	-14.2063243617801
			26.7959483724618	-14.217790321717
			26.7844824125249	-14.217790321717
			26.7730164525881	-14.217790321717
			26.7615504926512	-14.217790321717
			26.7500845327143	-14.2292562816539
			26.7386185727775	-14.2292562816539
			26.7271526128406	-14.2292562816539
			26.7156866529037	-14.2292562816539
			26.7042206929668	-14.2407222415907
			26.69275473303	-14.2407222415907
			26.69275473303	-14.2521882015276
			26.6812887730931	-14.2521882015276
			26.6698228131562	-14.2521882015276
			26.6583568532194	-14.2636541614645
			26.6468908932825	-14.2636541614645
			26.6468908932825	-14.2751201214013
			26.6354249333456	-14.2751201214013
			26.6239589734088	-14.2865860813382
			26.6124930134719	-14.2980520412751
			26.601027053535	-14.309518001212
			26.5895610935982	-14.3209839611488
			26.5780951336613	-14.3324499210857
			26.5666291737244	-14.3324499210857
			26.5551632137876	-14.3439158810226
		</Outline4>
	</curves.scaled>
	<ruler.points type=matrix rownames=TRUE colnames=FALSE nrow=2 ncol=2 as.numeric=TRUE >
		Ruler point 1	3202	2417
		Ruler point 2	2330	2401
	</ruler.points>
</shapes>

