<shapes type=list>
	<ruler.pixel type=vector names=FALSE length=1 as.numeric=TRUE >733.006139128452</ruler.pixel>
	<ruler.interval type=vector names=FALSE length=1 as.numeric=TRUE >10</ruler.interval>
	<scaling.units type=vector names=FALSE length=1 as.numeric=FALSE >mm</scaling.units>
	<scaling type=vector names=FALSE length=1 as.numeric=TRUE >0.0136424505419423</scaling>
	<landmarks.pixel type=matrix rownames=TRUE colnames=FALSE nrow=4 ncol=2 as.numeric=TRUE >
		Labial	2287	1645
		Posterior	2172	1478
		Lingual	2296	1337
		Anterior	2415	1480
	</landmarks.pixel>
	<landmarks.scaled type=matrix rownames=TRUE colnames=FALSE nrow=4 ncol=2 as.numeric=TRUE >
		Labial	31.2002843894221	-22.4418311414951
		Posterior	29.6314025770987	-20.1635419009907
		Lingual	31.3230664442996	-18.2399563745769
		Anterior	32.9465180587907	-20.1908268020746
	</landmarks.scaled>
	<curves.control type=list>
		<Outline1 type=matrix rownames=FALSE colnames=FALSE nrow=23 ncol=2 as.numeric=TRUE >
			2287	1645
			2278	1642
			2272	1638
			2267	1634
			2264	1630
			2254	1634
			2245	1637
			2237	1639
			2229	1640
			2220	1639
			2213	1635
			2206	1631
			2198	1623
			2193	1616
			2184	1596
			2178	1583
			2174	1568
			2171	1553
			2170	1530
			2171	1509
			2172	1498
			2172	1488
			2172	1478
		</Outline1>
		<Outline2 type=matrix rownames=FALSE colnames=FALSE nrow=23 ncol=2 as.numeric=TRUE >
			2172	1478
			2173	1469
			2173	1460
			2174	1450
			2176	1440
			2178	1430
			2180	1417
			2183	1406
			2186	1397
			2188	1388
			2194	1377
			2201	1371
			2208	1365
			2215	1361
			2223	1356
			2232	1352
			2242	1348
			2250	1345
			2258	1344
			2266	1342
			2273	1340
			2281	1338
			2296	1337
		</Outline2>
		<Outline3 type=matrix rownames=FALSE colnames=FALSE nrow=27 ncol=2 as.numeric=TRUE >
			2296	1337
			2312	1336
			2320	1336
			2327	1338
			2336	1339
			2342	1342
			2349	1344
			2355	1348
			2360	1352
			2367	1359
			2374	1364
			2378	1367
			2383	1373
			2387	1378
			2391	1386
			2394	1394
			2398	1402
			2401	1409
			2403	1417
			2406	1425
			2409	1435
			2411	1444
			2413	1455
			2413	1462
			2414	1469
			2414	1474
			2415	1480
		</Outline3>
		<Outline4 type=matrix rownames=FALSE colnames=FALSE nrow=31 ncol=2 as.numeric=TRUE >
			2415	1480
			2414	1487
			2413	1493
			2412	1500
			2411	1508
			2409	1514
			2408	1522
			2407	1528
			2405	1536
			2403	1543
			2402	1549
			2399	1556
			2396	1563
			2393	1571
			2390	1578
			2386	1584
			2383	1589
			2378	1597
			2374	1602
			2370	1607
			2365	1614
			2357	1622
			2350	1627
			2343	1631
			2337	1635
			2331	1639
			2325	1641
			2318	1643
			2310	1646
			2298	1647
			2287	1645
		</Outline4>
	</curves.control>
	<curves.pixel type=list>
		<Outline1 type=matrix rownames=FALSE colnames=FALSE nrow=240 ncol=2 as.numeric=TRUE >
			2287	1645
			2286	1645
			2285	1644
			2284	1644
			2283	1644
			2282	1643
			2281	1643
			2280	1642
			2279	1642
			2278	1641
			2277	1641
			2276	1640
			2275	1640
			2274	1639
			2273	1639
			2273	1638
			2272	1638
			2271	1637
			2270	1636
			2269	1635
			2268	1634
			2267	1633
			2266	1632
			2265	1631
			2264	1630
			2263	1630
			2262	1631
			2261	1631
			2260	1632
			2259	1632
			2258	1632
			2258	1633
			2257	1633
			2256	1633
			2255	1634
			2254	1634
			2253	1634
			2252	1634
			2251	1635
			2250	1635
			2249	1636
			2248	1636
			2247	1636
			2246	1637
			2245	1637
			2244	1637
			2243	1637
			2242	1638
			2241	1638
			2240	1638
			2239	1638
			2238	1639
			2237	1639
			2236	1639
			2235	1639
			2234	1639
			2233	1639
			2232	1640
			2231	1640
			2230	1640
			2229	1640
			2228	1640
			2227	1640
			2226	1640
			2225	1639
			2224	1639
			2223	1639
			2222	1639
			2221	1638
			2220	1638
			2219	1638
			2218	1638
			2217	1637
			2216	1636
			2215	1636
			2214	1635
			2213	1635
			2212	1634
			2211	1634
			2210	1633
			2209	1632
			2208	1632
			2207	1631
			2206	1630
			2205	1629
			2204	1629
			2203	1628
			2202	1627
			2201	1626
			2200	1625
			2199	1624
			2198	1623
			2197	1622
			2197	1621
			2196	1620
			2196	1619
			2195	1619
			2195	1618
			2194	1617
			2194	1616
			2193	1615
			2193	1614
			2192	1613
			2191	1612
			2191	1611
			2191	1610
			2190	1609
			2190	1608
			2189	1607
			2189	1606
			2188	1605
			2188	1604
			2187	1603
			2187	1602
			2186	1601
			2186	1600
			2185	1599
			2185	1598
			2184	1597
			2184	1596
			2183	1595
			2183	1594
			2183	1593
			2182	1593
			2182	1592
			2182	1591
			2181	1590
			2181	1589
			2180	1588
			2180	1587
			2180	1586
			2179	1585
			2179	1584
			2179	1583
			2178	1582
			2178	1581
			2178	1580
			2177	1579
			2177	1578
			2177	1577
			2176	1576
			2176	1575
			2176	1574
			2175	1573
			2175	1572
			2175	1571
			2174	1570
			2174	1569
			2174	1568
			2174	1567
			2174	1566
			2173	1565
			2173	1564
			2173	1563
			2173	1562
			2173	1561
			2173	1560
			2173	1559
			2172	1559
			2172	1558
			2172	1557
			2172	1556
			2172	1555
			2172	1554
			2172	1553
			2172	1552
			2172	1551
			2171	1550
			2171	1549
			2171	1548
			2171	1547
			2171	1546
			2171	1545
			2171	1544
			2171	1543
			2171	1542
			2171	1541
			2171	1540
			2170	1539
			2170	1538
			2170	1537
			2170	1536
			2170	1535
			2170	1534
			2170	1533
			2170	1532
			2170	1531
			2170	1530
			2170	1529
			2170	1528
			2170	1527
			2170	1526
			2170	1525
			2170	1524
			2170	1523
			2170	1522
			2170	1521
			2171	1520
			2171	1519
			2171	1518
			2171	1517
			2171	1516
			2171	1515
			2171	1514
			2171	1513
			2171	1512
			2171	1511
			2171	1510
			2171	1509
			2171	1508
			2171	1507
			2171	1506
			2171	1505
			2171	1504
			2172	1503
			2172	1502
			2172	1501
			2172	1500
			2172	1499
			2172	1498
			2172	1497
			2172	1496
			2172	1495
			2172	1494
			2172	1493
			2172	1492
			2172	1491
			2172	1490
			2172	1489
			2172	1488
			2172	1487
			2172	1486
			2172	1485
			2172	1484
			2172	1483
			2172	1482
			2172	1481
			2172	1480
			2172	1479
			2172	1478
		</Outline1>
		<Outline2 type=matrix rownames=FALSE colnames=FALSE nrow=207 ncol=2 as.numeric=TRUE >
			2172	1478
			2172	1477
			2172	1476
			2172	1475
			2172	1474
			2172	1473
			2173	1472
			2173	1471
			2173	1470
			2173	1469
			2173	1468
			2173	1467
			2173	1466
			2173	1465
			2173	1464
			2173	1463
			2173	1462
			2173	1461
			2173	1460
			2173	1459
			2173	1458
			2173	1457
			2173	1456
			2174	1455
			2174	1454
			2174	1453
			2174	1452
			2174	1451
			2174	1450
			2174	1449
			2175	1448
			2175	1447
			2175	1446
			2175	1445
			2175	1444
			2175	1443
			2176	1442
			2176	1441
			2176	1440
			2176	1439
			2176	1438
			2177	1437
			2177	1436
			2177	1435
			2177	1434
			2177	1433
			2178	1432
			2178	1431
			2178	1430
			2178	1429
			2178	1428
			2178	1427
			2179	1426
			2179	1425
			2179	1424
			2179	1423
			2179	1422
			2179	1421
			2179	1420
			2180	1419
			2180	1418
			2180	1417
			2180	1416
			2181	1415
			2181	1414
			2181	1413
			2181	1412
			2182	1411
			2182	1410
			2182	1409
			2183	1408
			2183	1407
			2183	1406
			2183	1405
			2184	1404
			2184	1403
			2184	1402
			2185	1401
			2185	1400
			2185	1399
			2186	1398
			2186	1397
			2186	1396
			2187	1395
			2187	1394
			2187	1393
			2187	1392
			2188	1392
			2188	1391
			2188	1390
			2188	1389
			2189	1388
			2189	1387
			2190	1386
			2190	1385
			2190	1384
			2191	1383
			2192	1382
			2192	1381
			2193	1380
			2193	1379
			2194	1378
			2194	1377
			2195	1376
			2196	1375
			2197	1374
			2198	1373
			2199	1372
			2200	1372
			2201	1371
			2202	1370
			2203	1369
			2204	1368
			2205	1367
			2206	1367
			2207	1366
			2208	1365
			2209	1364
			2210	1364
			2211	1363
			2212	1363
			2213	1362
			2214	1361
			2215	1361
			2216	1360
			2217	1360
			2218	1359
			2219	1358
			2220	1358
			2221	1357
			2222	1357
			2223	1356
			2224	1356
			2225	1355
			2226	1354
			2227	1354
			2228	1354
			2229	1353
			2230	1353
			2231	1353
			2232	1352
			2233	1352
			2234	1351
			2235	1351
			2236	1350
			2237	1350
			2238	1349
			2239	1349
			2240	1349
			2241	1348
			2242	1348
			2243	1348
			2244	1347
			2245	1347
			2246	1347
			2247	1346
			2248	1346
			2249	1346
			2250	1346
			2251	1345
			2252	1345
			2253	1345
			2254	1345
			2255	1344
			2256	1344
			2257	1344
			2258	1344
			2259	1344
			2260	1343
			2261	1343
			2262	1343
			2263	1343
			2264	1342
			2265	1342
			2266	1342
			2267	1342
			2268	1341
			2269	1341
			2270	1341
			2271	1340
			2272	1340
			2273	1340
			2274	1340
			2275	1340
			2275	1339
			2276	1339
			2277	1339
			2278	1339
			2279	1339
			2280	1339
			2281	1339
			2282	1338
			2283	1338
			2284	1338
			2285	1338
			2286	1338
			2287	1338
			2288	1338
			2289	1338
			2290	1338
			2290	1337
			2291	1337
			2292	1337
			2293	1337
			2294	1337
			2295	1337
			2296	1337
		</Outline2>
		<Outline3 type=matrix rownames=FALSE colnames=FALSE nrow=202 ncol=2 as.numeric=TRUE >
			2296	1337
			2297	1337
			2298	1337
			2299	1337
			2300	1337
			2301	1337
			2302	1337
			2303	1337
			2304	1337
			2305	1336
			2306	1336
			2307	1336
			2308	1336
			2309	1336
			2310	1336
			2311	1336
			2312	1336
			2313	1336
			2314	1336
			2315	1336
			2316	1336
			2317	1336
			2318	1336
			2319	1336
			2320	1336
			2321	1336
			2322	1337
			2323	1337
			2324	1337
			2325	1337
			2326	1337
			2326	1338
			2327	1338
			2328	1338
			2329	1338
			2330	1338
			2331	1338
			2332	1338
			2333	1339
			2334	1339
			2335	1339
			2336	1339
			2337	1340
			2338	1340
			2339	1341
			2340	1341
			2341	1341
			2342	1342
			2343	1342
			2344	1343
			2345	1343
			2346	1343
			2347	1343
			2348	1344
			2349	1344
			2350	1345
			2351	1346
			2352	1346
			2353	1347
			2354	1347
			2354	1348
			2355	1348
			2356	1349
			2357	1350
			2358	1350
			2359	1351
			2360	1352
			2361	1353
			2362	1354
			2363	1355
			2364	1356
			2365	1357
			2366	1358
			2367	1359
			2368	1359
			2369	1360
			2370	1361
			2371	1362
			2372	1362
			2373	1363
			2374	1364
			2375	1365
			2376	1366
			2377	1367
			2378	1368
			2379	1368
			2380	1369
			2380	1370
			2381	1371
			2382	1372
			2383	1373
			2383	1374
			2384	1374
			2385	1375
			2385	1376
			2386	1377
			2387	1378
			2387	1379
			2388	1380
			2388	1381
			2389	1382
			2389	1383
			2390	1383
			2390	1384
			2390	1385
			2391	1386
			2391	1387
			2392	1388
			2392	1389
			2393	1390
			2393	1391
			2393	1392
			2394	1393
			2394	1394
			2395	1395
			2395	1396
			2395	1397
			2396	1398
			2397	1399
			2397	1400
			2397	1401
			2398	1401
			2398	1402
			2398	1403
			2399	1403
			2399	1404
			2399	1405
			2400	1406
			2400	1407
			2400	1408
			2401	1409
			2401	1410
			2401	1411
			2402	1412
			2402	1413
			2402	1414
			2402	1415
			2403	1416
			2403	1417
			2403	1418
			2404	1419
			2404	1420
			2404	1421
			2405	1422
			2405	1423
			2406	1424
			2406	1425
			2406	1426
			2407	1427
			2407	1428
			2407	1429
			2408	1430
			2408	1431
			2408	1432
			2408	1433
			2409	1434
			2409	1435
			2409	1436
			2409	1437
			2410	1438
			2410	1439
			2410	1440
			2410	1441
			2411	1442
			2411	1443
			2411	1444
			2411	1445
			2411	1446
			2412	1447
			2412	1448
			2412	1449
			2412	1450
			2412	1451
			2412	1452
			2413	1453
			2413	1454
			2413	1455
			2413	1456
			2413	1457
			2413	1458
			2413	1459
			2413	1460
			2413	1461
			2413	1462
			2413	1463
			2413	1464
			2414	1465
			2414	1466
			2414	1467
			2414	1468
			2414	1469
			2414	1470
			2414	1471
			2414	1472
			2414	1473
			2414	1474
			2414	1475
			2414	1476
			2415	1477
			2415	1478
			2415	1479
			2415	1480
		</Outline3>
		<Outline4 type=matrix rownames=FALSE colnames=FALSE nrow=221 ncol=2 as.numeric=TRUE >
			2415	1480
			2415	1481
			2415	1482
			2415	1483
			2414	1484
			2414	1485
			2414	1486
			2414	1487
			2414	1488
			2414	1489
			2413	1490
			2413	1491
			2413	1492
			2413	1493
			2413	1494
			2413	1495
			2413	1496
			2412	1497
			2412	1498
			2412	1499
			2412	1500
			2412	1501
			2412	1502
			2412	1503
			2412	1504
			2411	1505
			2411	1506
			2411	1507
			2411	1508
			2411	1509
			2410	1510
			2410	1511
			2410	1512
			2410	1513
			2409	1514
			2409	1515
			2409	1516
			2409	1517
			2409	1518
			2408	1519
			2408	1520
			2408	1521
			2408	1522
			2408	1523
			2408	1524
			2407	1525
			2407	1526
			2407	1527
			2407	1528
			2407	1529
			2406	1530
			2406	1531
			2406	1532
			2406	1533
			2406	1534
			2405	1534
			2405	1535
			2405	1536
			2405	1537
			2404	1538
			2404	1539
			2404	1540
			2404	1541
			2403	1542
			2403	1543
			2403	1544
			2403	1545
			2403	1546
			2402	1546
			2402	1547
			2402	1548
			2402	1549
			2402	1550
			2401	1551
			2401	1552
			2400	1553
			2400	1554
			2400	1555
			2399	1556
			2399	1557
			2398	1558
			2398	1559
			2397	1560
			2397	1561
			2397	1562
			2396	1563
			2396	1564
			2395	1565
			2395	1566
			2395	1567
			2394	1568
			2394	1569
			2393	1570
			2393	1571
			2392	1572
			2392	1573
			2392	1574
			2391	1575
			2391	1576
			2390	1577
			2390	1578
			2389	1579
			2389	1580
			2388	1580
			2388	1581
			2387	1582
			2387	1583
			2386	1584
			2385	1585
			2385	1586
			2384	1587
			2384	1588
			2383	1589
			2383	1590
			2382	1591
			2381	1592
			2380	1593
			2380	1594
			2379	1595
			2378	1596
			2377	1597
			2377	1598
			2376	1599
			2376	1600
			2375	1600
			2375	1601
			2374	1601
			2374	1602
			2373	1603
			2372	1604
			2371	1605
			2371	1606
			2370	1607
			2370	1608
			2369	1609
			2368	1610
			2367	1611
			2366	1612
			2366	1613
			2365	1614
			2364	1615
			2363	1616
			2362	1617
			2361	1618
			2360	1619
			2359	1620
			2358	1620
			2357	1621
			2356	1622
			2355	1623
			2354	1624
			2353	1625
			2352	1626
			2351	1627
			2350	1627
			2349	1628
			2348	1628
			2347	1629
			2346	1629
			2345	1630
			2344	1631
			2343	1631
			2342	1632
			2341	1632
			2341	1633
			2340	1633
			2339	1633
			2339	1634
			2338	1634
			2337	1635
			2336	1636
			2335	1636
			2334	1637
			2333	1638
			2332	1638
			2331	1638
			2331	1639
			2330	1639
			2329	1639
			2328	1640
			2327	1640
			2326	1641
			2325	1641
			2324	1641
			2323	1642
			2322	1642
			2321	1642
			2320	1643
			2319	1643
			2318	1643
			2317	1643
			2316	1644
			2315	1644
			2314	1645
			2313	1645
			2312	1645
			2311	1645
			2310	1646
			2309	1646
			2308	1646
			2307	1646
			2306	1646
			2305	1646
			2304	1646
			2303	1646
			2302	1646
			2301	1646
			2300	1646
			2299	1646
			2298	1646
			2297	1646
			2296	1646
			2295	1646
			2294	1646
			2293	1646
			2292	1646
			2291	1646
			2290	1645
			2289	1645
			2288	1645
			2287	1645
		</Outline4>
	</curves.pixel>
	<curves.scaled type=list>
		<Outline1 type=matrix rownames=FALSE colnames=FALSE nrow=240 ncol=2 as.numeric=TRUE >
			31.2002843894221	-22.4418311414951
			31.1866419388801	-22.4418311414951
			31.1729994883382	-22.4281886909532
			31.1593570377963	-22.4281886909532
			31.1457145872543	-22.4281886909532
			31.1320721367124	-22.4145462404112
			31.1184296861704	-22.4145462404112
			31.1047872356285	-22.4009037898693
			31.0911447850865	-22.4009037898693
			31.0775023345446	-22.3872613393273
			31.0638598840027	-22.3872613393273
			31.0502174334607	-22.3736188887854
			31.0365749829188	-22.3736188887854
			31.0229325323768	-22.3599764382435
			31.0092900818349	-22.3599764382435
			31.0092900818349	-22.3463339877015
			30.9956476312929	-22.3463339877015
			30.982005180751	-22.3326915371596
			30.9683627302091	-22.3190490866176
			30.9547202796671	-22.3054066360757
			30.9410778291252	-22.2917641855337
			30.9274353785832	-22.2781217349918
			30.9137929280413	-22.2644792844499
			30.9001504774993	-22.2508368339079
			30.8865080269574	-22.237194383366
			30.8728655764155	-22.237194383366
			30.8592231258735	-22.2508368339079
			30.8455806753316	-22.2508368339079
			30.8319382247896	-22.2644792844499
			30.8182957742477	-22.2644792844499
			30.8046533237058	-22.2644792844499
			30.8046533237058	-22.2781217349918
			30.7910108731638	-22.2781217349918
			30.7773684226219	-22.2781217349918
			30.7637259720799	-22.2917641855337
			30.750083521538	-22.2917641855337
			30.736441070996	-22.2917641855337
			30.7227986204541	-22.2917641855337
			30.7091561699122	-22.3054066360757
			30.6955137193702	-22.3054066360757
			30.6818712688283	-22.3190490866176
			30.6682288182863	-22.3190490866176
			30.6545863677444	-22.3190490866176
			30.6409439172024	-22.3326915371596
			30.6273014666605	-22.3326915371596
			30.6136590161186	-22.3326915371596
			30.6000165655766	-22.3326915371596
			30.5863741150347	-22.3463339877015
			30.5727316644927	-22.3463339877015
			30.5590892139508	-22.3463339877015
			30.5454467634089	-22.3463339877015
			30.5318043128669	-22.3599764382435
			30.518161862325	-22.3599764382435
			30.504519411783	-22.3599764382435
			30.4908769612411	-22.3599764382435
			30.4772345106991	-22.3599764382435
			30.4635920601572	-22.3599764382435
			30.4499496096153	-22.3736188887854
			30.4363071590733	-22.3736188887854
			30.4226647085314	-22.3736188887854
			30.4090222579894	-22.3736188887854
			30.3953798074475	-22.3736188887854
			30.3817373569055	-22.3736188887854
			30.3680949063636	-22.3736188887854
			30.3544524558217	-22.3599764382435
			30.3408100052797	-22.3599764382435
			30.3271675547378	-22.3599764382435
			30.3135251041958	-22.3599764382435
			30.2998826536539	-22.3463339877015
			30.2862402031119	-22.3463339877015
			30.27259775257	-22.3463339877015
			30.2589553020281	-22.3463339877015
			30.2453128514861	-22.3326915371596
			30.2316704009442	-22.3190490866176
			30.2180279504022	-22.3190490866176
			30.2043854998603	-22.3054066360757
			30.1907430493183	-22.3054066360757
			30.1771005987764	-22.2917641855337
			30.1634581482345	-22.2917641855337
			30.1498156976925	-22.2781217349918
			30.1361732471506	-22.2644792844499
			30.1225307966086	-22.2644792844499
			30.1088883460667	-22.2508368339079
			30.0952458955248	-22.237194383366
			30.0816034449828	-22.223551932824
			30.0679609944409	-22.223551932824
			30.0543185438989	-22.2099094822821
			30.040676093357	-22.1962670317402
			30.027033642815	-22.1826245811982
			30.0133911922731	-22.1689821306563
			29.9997487417312	-22.1553396801143
			29.9861062911892	-22.1416972295724
			29.9724638406473	-22.1280547790304
			29.9724638406473	-22.1144123284885
			29.9588213901053	-22.1007698779466
			29.9588213901053	-22.0871274274046
			29.9451789395634	-22.0871274274046
			29.9451789395634	-22.0734849768627
			29.9315364890214	-22.0598425263207
			29.9315364890214	-22.0462000757788
			29.9178940384795	-22.0325576252368
			29.9178940384795	-22.0189151746949
			29.9042515879376	-22.005272724153
			29.8906091373956	-21.991630273611
			29.8906091373956	-21.9779878230691
			29.8906091373956	-21.9643453725271
			29.8769666868537	-21.9507029219852
			29.8769666868537	-21.9370604714432
			29.8633242363117	-21.9234180209013
			29.8633242363117	-21.9097755703594
			29.8496817857698	-21.8961331198174
			29.8496817857698	-21.8824906692755
			29.8360393352278	-21.8688482187335
			29.8360393352278	-21.8552057681916
			29.8223968846859	-21.8415633176497
			29.8223968846859	-21.8279208671077
			29.808754434144	-21.8142784165658
			29.808754434144	-21.8006359660238
			29.795111983602	-21.7869935154819
			29.795111983602	-21.7733510649399
			29.7814695330601	-21.759708614398
			29.7814695330601	-21.7460661638561
			29.7814695330601	-21.7324237133141
			29.7678270825181	-21.7324237133141
			29.7678270825181	-21.7187812627722
			29.7678270825181	-21.7051388122302
			29.7541846319762	-21.6914963616883
			29.7541846319762	-21.6778539111463
			29.7405421814343	-21.6642114606044
			29.7405421814343	-21.6505690100625
			29.7405421814343	-21.6369265595205
			29.7268997308923	-21.6232841089786
			29.7268997308923	-21.6096416584366
			29.7268997308923	-21.5959992078947
			29.7132572803504	-21.5823567573527
			29.7132572803504	-21.5687143068108
			29.7132572803504	-21.5550718562689
			29.6996148298084	-21.5414294057269
			29.6996148298084	-21.527786955185
			29.6996148298084	-21.514144504643
			29.6859723792665	-21.5005020541011
			29.6859723792665	-21.4868596035592
			29.6859723792665	-21.4732171530172
			29.6723299287245	-21.4595747024753
			29.6723299287245	-21.4459322519333
			29.6723299287245	-21.4322898013914
			29.6586874781826	-21.4186473508494
			29.6586874781826	-21.4050049003075
			29.6586874781826	-21.3913624497656
			29.6586874781826	-21.3777199992236
			29.6586874781826	-21.3640775486817
			29.6450450276407	-21.3504350981397
			29.6450450276407	-21.3367926475978
			29.6450450276407	-21.3231501970558
			29.6450450276407	-21.3095077465139
			29.6450450276407	-21.295865295972
			29.6450450276407	-21.28222284543
			29.6450450276407	-21.2685803948881
			29.6314025770987	-21.2685803948881
			29.6314025770987	-21.2549379443461
			29.6314025770987	-21.2412954938042
			29.6314025770987	-21.2276530432622
			29.6314025770987	-21.2140105927203
			29.6314025770987	-21.2003681421784
			29.6314025770987	-21.1867256916364
			29.6314025770987	-21.1730832410945
			29.6314025770987	-21.1594407905525
			29.6177601265568	-21.1457983400106
			29.6177601265568	-21.1321558894686
			29.6177601265568	-21.1185134389267
			29.6177601265568	-21.1048709883848
			29.6177601265568	-21.0912285378428
			29.6177601265568	-21.0775860873009
			29.6177601265568	-21.0639436367589
			29.6177601265568	-21.050301186217
			29.6177601265568	-21.0366587356751
			29.6177601265568	-21.0230162851331
			29.6177601265568	-21.0093738345912
			29.6041176760148	-20.9957313840492
			29.6041176760148	-20.9820889335073
			29.6041176760148	-20.9684464829653
			29.6041176760148	-20.9548040324234
			29.6041176760148	-20.9411615818815
			29.6041176760148	-20.9275191313395
			29.6041176760148	-20.9138766807976
			29.6041176760148	-20.9002342302556
			29.6041176760148	-20.8865917797137
			29.6041176760148	-20.8729493291717
			29.6041176760148	-20.8593068786298
			29.6041176760148	-20.8456644280879
			29.6041176760148	-20.8320219775459
			29.6041176760148	-20.818379527004
			29.6041176760148	-20.804737076462
			29.6041176760148	-20.7910946259201
			29.6041176760148	-20.7774521753782
			29.6041176760148	-20.7638097248362
			29.6041176760148	-20.7501672742943
			29.6177601265568	-20.7365248237523
			29.6177601265568	-20.7228823732104
			29.6177601265568	-20.7092399226684
			29.6177601265568	-20.6955974721265
			29.6177601265568	-20.6819550215846
			29.6177601265568	-20.6683125710426
			29.6177601265568	-20.6546701205007
			29.6177601265568	-20.6410276699587
			29.6177601265568	-20.6273852194168
			29.6177601265568	-20.6137427688748
			29.6177601265568	-20.6001003183329
			29.6177601265568	-20.586457867791
			29.6177601265568	-20.572815417249
			29.6177601265568	-20.5591729667071
			29.6177601265568	-20.5455305161651
			29.6177601265568	-20.5318880656232
			29.6177601265568	-20.5182456150812
			29.6314025770987	-20.5046031645393
			29.6314025770987	-20.4909607139974
			29.6314025770987	-20.4773182634554
			29.6314025770987	-20.4636758129135
			29.6314025770987	-20.4500333623715
			29.6314025770987	-20.4363909118296
			29.6314025770987	-20.4227484612877
			29.6314025770987	-20.4091060107457
			29.6314025770987	-20.3954635602038
			29.6314025770987	-20.3818211096618
			29.6314025770987	-20.3681786591199
			29.6314025770987	-20.3545362085779
			29.6314025770987	-20.340893758036
			29.6314025770987	-20.3272513074941
			29.6314025770987	-20.3136088569521
			29.6314025770987	-20.2999664064102
			29.6314025770987	-20.2863239558682
			29.6314025770987	-20.2726815053263
			29.6314025770987	-20.2590390547843
			29.6314025770987	-20.2453966042424
			29.6314025770987	-20.2317541537005
			29.6314025770987	-20.2181117031585
			29.6314025770987	-20.2044692526166
			29.6314025770987	-20.1908268020746
			29.6314025770987	-20.1771843515327
			29.6314025770987	-20.1635419009907
		</Outline1>
		<Outline2 type=matrix rownames=FALSE colnames=FALSE nrow=207 ncol=2 as.numeric=TRUE >
			29.6314025770987	-20.1635419009907
			29.6314025770987	-20.1498994504488
			29.6314025770987	-20.1362569999069
			29.6314025770987	-20.1226145493649
			29.6314025770987	-20.108972098823
			29.6314025770987	-20.095329648281
			29.6450450276407	-20.0816871977391
			29.6450450276407	-20.0680447471971
			29.6450450276407	-20.0544022966552
			29.6450450276407	-20.0407598461133
			29.6450450276407	-20.0271173955713
			29.6450450276407	-20.0134749450294
			29.6450450276407	-19.9998324944874
			29.6450450276407	-19.9861900439455
			29.6450450276407	-19.9725475934036
			29.6450450276407	-19.9589051428616
			29.6450450276407	-19.9452626923197
			29.6450450276407	-19.9316202417777
			29.6450450276407	-19.9179777912358
			29.6450450276407	-19.9043353406938
			29.6450450276407	-19.8906928901519
			29.6450450276407	-19.87705043961
			29.6450450276407	-19.863407989068
			29.6586874781826	-19.8497655385261
			29.6586874781826	-19.8361230879841
			29.6586874781826	-19.8224806374422
			29.6586874781826	-19.8088381869002
			29.6586874781826	-19.7951957363583
			29.6586874781826	-19.7815532858164
			29.6586874781826	-19.7679108352744
			29.6723299287245	-19.7542683847325
			29.6723299287245	-19.7406259341905
			29.6723299287245	-19.7269834836486
			29.6723299287245	-19.7133410331066
			29.6723299287245	-19.6996985825647
			29.6723299287245	-19.6860561320228
			29.6859723792665	-19.6724136814808
			29.6859723792665	-19.6587712309389
			29.6859723792665	-19.6451287803969
			29.6859723792665	-19.631486329855
			29.6859723792665	-19.6178438793131
			29.6996148298084	-19.6042014287711
			29.6996148298084	-19.5905589782292
			29.6996148298084	-19.5769165276872
			29.6996148298084	-19.5632740771453
			29.6996148298084	-19.5496316266033
			29.7132572803504	-19.5359891760614
			29.7132572803504	-19.5223467255195
			29.7132572803504	-19.5087042749775
			29.7132572803504	-19.4950618244356
			29.7132572803504	-19.4814193738936
			29.7132572803504	-19.4677769233517
			29.7268997308923	-19.4541344728097
			29.7268997308923	-19.4404920222678
			29.7268997308923	-19.4268495717259
			29.7268997308923	-19.4132071211839
			29.7268997308923	-19.399564670642
			29.7268997308923	-19.3859222201
			29.7268997308923	-19.3722797695581
			29.7405421814343	-19.3586373190162
			29.7405421814343	-19.3449948684742
			29.7405421814343	-19.3313524179323
			29.7405421814343	-19.3177099673903
			29.7541846319762	-19.3040675168484
			29.7541846319762	-19.2904250663064
			29.7541846319762	-19.2767826157645
			29.7541846319762	-19.2631401652226
			29.7678270825181	-19.2494977146806
			29.7678270825181	-19.2358552641387
			29.7678270825181	-19.2222128135967
			29.7814695330601	-19.2085703630548
			29.7814695330601	-19.1949279125128
			29.7814695330601	-19.1812854619709
			29.7814695330601	-19.167643011429
			29.795111983602	-19.154000560887
			29.795111983602	-19.1403581103451
			29.795111983602	-19.1267156598031
			29.808754434144	-19.1130732092612
			29.808754434144	-19.0994307587192
			29.808754434144	-19.0857883081773
			29.8223968846859	-19.0721458576354
			29.8223968846859	-19.0585034070934
			29.8223968846859	-19.0448609565515
			29.8360393352278	-19.0312185060095
			29.8360393352278	-19.0175760554676
			29.8360393352278	-19.0039336049256
			29.8360393352278	-18.9902911543837
			29.8496817857698	-18.9902911543837
			29.8496817857698	-18.9766487038418
			29.8496817857698	-18.9630062532998
			29.8496817857698	-18.9493638027579
			29.8633242363117	-18.9357213522159
			29.8633242363117	-18.922078901674
			29.8769666868537	-18.9084364511321
			29.8769666868537	-18.8947940005901
			29.8769666868537	-18.8811515500482
			29.8906091373956	-18.8675090995062
			29.9042515879376	-18.8538666489643
			29.9042515879376	-18.8402241984223
			29.9178940384795	-18.8265817478804
			29.9178940384795	-18.8129392973385
			29.9315364890214	-18.7992968467965
			29.9315364890214	-18.7856543962546
			29.9451789395634	-18.7720119457126
			29.9588213901053	-18.7583694951707
			29.9724638406473	-18.7447270446287
			29.9861062911892	-18.7310845940868
			29.9997487417312	-18.7174421435449
			30.0133911922731	-18.7174421435449
			30.027033642815	-18.7037996930029
			30.040676093357	-18.690157242461
			30.0543185438989	-18.676514791919
			30.0679609944409	-18.6628723413771
			30.0816034449828	-18.6492298908351
			30.0952458955248	-18.6492298908351
			30.1088883460667	-18.6355874402932
			30.1225307966086	-18.6219449897513
			30.1361732471506	-18.6083025392093
			30.1498156976925	-18.6083025392093
			30.1634581482345	-18.5946600886674
			30.1771005987764	-18.5946600886674
			30.1907430493183	-18.5810176381254
			30.2043854998603	-18.5673751875835
			30.2180279504022	-18.5673751875835
			30.2316704009442	-18.5537327370416
			30.2453128514861	-18.5537327370416
			30.2589553020281	-18.5400902864996
			30.27259775257	-18.5264478359577
			30.2862402031119	-18.5264478359577
			30.2998826536539	-18.5128053854157
			30.3135251041958	-18.5128053854157
			30.3271675547378	-18.4991629348738
			30.3408100052797	-18.4991629348738
			30.3544524558217	-18.4855204843318
			30.3680949063636	-18.4718780337899
			30.3817373569055	-18.4718780337899
			30.3953798074475	-18.4718780337899
			30.4090222579894	-18.458235583248
			30.4226647085314	-18.458235583248
			30.4363071590733	-18.458235583248
			30.4499496096153	-18.444593132706
			30.4635920601572	-18.444593132706
			30.4772345106991	-18.4309506821641
			30.4908769612411	-18.4309506821641
			30.504519411783	-18.4173082316221
			30.518161862325	-18.4173082316221
			30.5318043128669	-18.4036657810802
			30.5454467634089	-18.4036657810802
			30.5590892139508	-18.4036657810802
			30.5727316644927	-18.3900233305382
			30.5863741150347	-18.3900233305382
			30.6000165655766	-18.3900233305382
			30.6136590161186	-18.3763808799963
			30.6273014666605	-18.3763808799963
			30.6409439172024	-18.3763808799963
			30.6545863677444	-18.3627384294544
			30.6682288182863	-18.3627384294544
			30.6818712688283	-18.3627384294544
			30.6955137193702	-18.3627384294544
			30.7091561699122	-18.3490959789124
			30.7227986204541	-18.3490959789124
			30.736441070996	-18.3490959789124
			30.750083521538	-18.3490959789124
			30.7637259720799	-18.3354535283705
			30.7773684226219	-18.3354535283705
			30.7910108731638	-18.3354535283705
			30.8046533237058	-18.3354535283705
			30.8182957742477	-18.3354535283705
			30.8319382247896	-18.3218110778285
			30.8455806753316	-18.3218110778285
			30.8592231258735	-18.3218110778285
			30.8728655764155	-18.3218110778285
			30.8865080269574	-18.3081686272866
			30.9001504774993	-18.3081686272866
			30.9137929280413	-18.3081686272866
			30.9274353785832	-18.3081686272866
			30.9410778291252	-18.2945261767446
			30.9547202796671	-18.2945261767446
			30.9683627302091	-18.2945261767446
			30.982005180751	-18.2808837262027
			30.9956476312929	-18.2808837262027
			31.0092900818349	-18.2808837262027
			31.0229325323768	-18.2808837262027
			31.0365749829188	-18.2808837262027
			31.0365749829188	-18.2672412756608
			31.0502174334607	-18.2672412756608
			31.0638598840027	-18.2672412756608
			31.0775023345446	-18.2672412756608
			31.0911447850865	-18.2672412756608
			31.1047872356285	-18.2672412756608
			31.1184296861704	-18.2672412756608
			31.1320721367124	-18.2535988251188
			31.1457145872543	-18.2535988251188
			31.1593570377963	-18.2535988251188
			31.1729994883382	-18.2535988251188
			31.1866419388801	-18.2535988251188
			31.2002843894221	-18.2535988251188
			31.213926839964	-18.2535988251188
			31.227569290506	-18.2535988251188
			31.2412117410479	-18.2535988251188
			31.2412117410479	-18.2399563745769
			31.2548541915898	-18.2399563745769
			31.2684966421318	-18.2399563745769
			31.2821390926737	-18.2399563745769
			31.2957815432157	-18.2399563745769
			31.3094239937576	-18.2399563745769
			31.3230664442996	-18.2399563745769
		</Outline2>
		<Outline3 type=matrix rownames=FALSE colnames=FALSE nrow=202 ncol=2 as.numeric=TRUE >
			31.3230664442996	-18.2399563745769
			31.3367088948415	-18.2399563745769
			31.3503513453834	-18.2399563745769
			31.3639937959254	-18.2399563745769
			31.3776362464673	-18.2399563745769
			31.3912786970093	-18.2399563745769
			31.4049211475512	-18.2399563745769
			31.4185635980932	-18.2399563745769
			31.4322060486351	-18.2399563745769
			31.445848499177	-18.2263139240349
			31.459490949719	-18.2263139240349
			31.4731334002609	-18.2263139240349
			31.4867758508029	-18.2263139240349
			31.5004183013448	-18.2263139240349
			31.5140607518868	-18.2263139240349
			31.5277032024287	-18.2263139240349
			31.5413456529706	-18.2263139240349
			31.5549881035126	-18.2263139240349
			31.5686305540545	-18.2263139240349
			31.5822730045965	-18.2263139240349
			31.5959154551384	-18.2263139240349
			31.6095579056804	-18.2263139240349
			31.6232003562223	-18.2263139240349
			31.6368428067642	-18.2263139240349
			31.6504852573062	-18.2263139240349
			31.6641277078481	-18.2263139240349
			31.6777701583901	-18.2399563745769
			31.691412608932	-18.2399563745769
			31.7050550594739	-18.2399563745769
			31.7186975100159	-18.2399563745769
			31.7323399605578	-18.2399563745769
			31.7323399605578	-18.2535988251188
			31.7459824110998	-18.2535988251188
			31.7596248616417	-18.2535988251188
			31.7732673121837	-18.2535988251188
			31.7869097627256	-18.2535988251188
			31.8005522132675	-18.2535988251188
			31.8141946638095	-18.2535988251188
			31.8278371143514	-18.2672412756608
			31.8414795648934	-18.2672412756608
			31.8551220154353	-18.2672412756608
			31.8687644659773	-18.2672412756608
			31.8824069165192	-18.2808837262027
			31.8960493670611	-18.2808837262027
			31.9096918176031	-18.2945261767446
			31.923334268145	-18.2945261767446
			31.936976718687	-18.2945261767446
			31.9506191692289	-18.3081686272866
			31.9642616197709	-18.3081686272866
			31.9779040703128	-18.3218110778285
			31.9915465208547	-18.3218110778285
			32.0051889713967	-18.3218110778285
			32.0188314219386	-18.3218110778285
			32.0324738724806	-18.3354535283705
			32.0461163230225	-18.3354535283705
			32.0597587735644	-18.3490959789124
			32.0734012241064	-18.3627384294544
			32.0870436746483	-18.3627384294544
			32.1006861251903	-18.3763808799963
			32.1143285757322	-18.3763808799963
			32.1143285757322	-18.3900233305382
			32.1279710262742	-18.3900233305382
			32.1416134768161	-18.4036657810802
			32.155255927358	-18.4173082316221
			32.1688983779	-18.4173082316221
			32.1825408284419	-18.4309506821641
			32.1961832789839	-18.444593132706
			32.2098257295258	-18.458235583248
			32.2234681800678	-18.4718780337899
			32.2371106306097	-18.4855204843318
			32.2507530811516	-18.4991629348738
			32.2643955316936	-18.5128053854157
			32.2780379822355	-18.5264478359577
			32.2916804327775	-18.5400902864996
			32.3053228833194	-18.5400902864996
			32.3189653338613	-18.5537327370416
			32.3326077844033	-18.5673751875835
			32.3462502349452	-18.5810176381254
			32.3598926854872	-18.5810176381254
			32.3735351360291	-18.5946600886674
			32.3871775865711	-18.6083025392093
			32.400820037113	-18.6219449897513
			32.4144624876549	-18.6355874402932
			32.4281049381969	-18.6492298908351
			32.4417473887388	-18.6628723413771
			32.4553898392808	-18.6628723413771
			32.4690322898227	-18.676514791919
			32.4690322898227	-18.690157242461
			32.4826747403647	-18.7037996930029
			32.4963171909066	-18.7174421435449
			32.5099596414485	-18.7310845940868
			32.5099596414485	-18.7447270446287
			32.5236020919905	-18.7447270446287
			32.5372445425324	-18.7583694951707
			32.5372445425324	-18.7720119457126
			32.5508869930744	-18.7856543962546
			32.5645294436163	-18.7992968467965
			32.5645294436163	-18.8129392973385
			32.5781718941583	-18.8265817478804
			32.5781718941583	-18.8402241984223
			32.5918143447002	-18.8538666489643
			32.5918143447002	-18.8675090995062
			32.6054567952421	-18.8675090995062
			32.6054567952421	-18.8811515500482
			32.6054567952421	-18.8947940005901
			32.6190992457841	-18.9084364511321
			32.6190992457841	-18.922078901674
			32.632741696326	-18.9357213522159
			32.632741696326	-18.9493638027579
			32.646384146868	-18.9630062532998
			32.646384146868	-18.9766487038418
			32.646384146868	-18.9902911543837
			32.6600265974099	-19.0039336049256
			32.6600265974099	-19.0175760554676
			32.6736690479519	-19.0312185060095
			32.6736690479519	-19.0448609565515
			32.6736690479519	-19.0585034070934
			32.6873114984938	-19.0721458576354
			32.7009539490357	-19.0857883081773
			32.7009539490357	-19.0994307587192
			32.7009539490357	-19.1130732092612
			32.7145963995777	-19.1130732092612
			32.7145963995777	-19.1267156598031
			32.7145963995777	-19.1403581103451
			32.7282388501196	-19.1403581103451
			32.7282388501196	-19.154000560887
			32.7282388501196	-19.167643011429
			32.7418813006616	-19.1812854619709
			32.7418813006616	-19.1949279125128
			32.7418813006616	-19.2085703630548
			32.7555237512035	-19.2222128135967
			32.7555237512035	-19.2358552641387
			32.7555237512035	-19.2494977146806
			32.7691662017454	-19.2631401652226
			32.7691662017454	-19.2767826157645
			32.7691662017454	-19.2904250663064
			32.7691662017454	-19.3040675168484
			32.7828086522874	-19.3177099673903
			32.7828086522874	-19.3313524179323
			32.7828086522874	-19.3449948684742
			32.7964511028293	-19.3586373190162
			32.7964511028293	-19.3722797695581
			32.7964511028293	-19.3859222201
			32.8100935533713	-19.399564670642
			32.8100935533713	-19.4132071211839
			32.8237360039132	-19.4268495717259
			32.8237360039132	-19.4404920222678
			32.8237360039132	-19.4541344728097
			32.8373784544552	-19.4677769233517
			32.8373784544552	-19.4814193738936
			32.8373784544552	-19.4950618244356
			32.8510209049971	-19.5087042749775
			32.8510209049971	-19.5223467255195
			32.8510209049971	-19.5359891760614
			32.8510209049971	-19.5496316266033
			32.864663355539	-19.5632740771453
			32.864663355539	-19.5769165276872
			32.864663355539	-19.5905589782292
			32.864663355539	-19.6042014287711
			32.878305806081	-19.6178438793131
			32.878305806081	-19.631486329855
			32.878305806081	-19.6451287803969
			32.878305806081	-19.6587712309389
			32.8919482566229	-19.6724136814808
			32.8919482566229	-19.6860561320228
			32.8919482566229	-19.6996985825647
			32.8919482566229	-19.7133410331066
			32.8919482566229	-19.7269834836486
			32.9055907071649	-19.7406259341905
			32.9055907071649	-19.7542683847325
			32.9055907071649	-19.7679108352744
			32.9055907071649	-19.7815532858164
			32.9055907071649	-19.7951957363583
			32.9055907071649	-19.8088381869002
			32.9192331577068	-19.8224806374422
			32.9192331577068	-19.8361230879841
			32.9192331577068	-19.8497655385261
			32.9192331577068	-19.863407989068
			32.9192331577068	-19.87705043961
			32.9192331577068	-19.8906928901519
			32.9192331577068	-19.9043353406938
			32.9192331577068	-19.9179777912358
			32.9192331577068	-19.9316202417777
			32.9192331577068	-19.9452626923197
			32.9192331577068	-19.9589051428616
			32.9192331577068	-19.9725475934036
			32.9328756082488	-19.9861900439455
			32.9328756082488	-19.9998324944874
			32.9328756082488	-20.0134749450294
			32.9328756082488	-20.0271173955713
			32.9328756082488	-20.0407598461133
			32.9328756082488	-20.0544022966552
			32.9328756082488	-20.0680447471971
			32.9328756082488	-20.0816871977391
			32.9328756082488	-20.095329648281
			32.9328756082488	-20.108972098823
			32.9328756082488	-20.1226145493649
			32.9328756082488	-20.1362569999069
			32.9465180587907	-20.1498994504488
			32.9465180587907	-20.1635419009907
			32.9465180587907	-20.1771843515327
			32.9465180587907	-20.1908268020746
		</Outline3>
		<Outline4 type=matrix rownames=FALSE colnames=FALSE nrow=221 ncol=2 as.numeric=TRUE >
			32.9465180587907	-20.1908268020746
			32.9465180587907	-20.2044692526166
			32.9465180587907	-20.2181117031585
			32.9465180587907	-20.2317541537005
			32.9328756082488	-20.2453966042424
			32.9328756082488	-20.2590390547843
			32.9328756082488	-20.2726815053263
			32.9328756082488	-20.2863239558682
			32.9328756082488	-20.2999664064102
			32.9328756082488	-20.3136088569521
			32.9192331577068	-20.3272513074941
			32.9192331577068	-20.340893758036
			32.9192331577068	-20.3545362085779
			32.9192331577068	-20.3681786591199
			32.9192331577068	-20.3818211096618
			32.9192331577068	-20.3954635602038
			32.9192331577068	-20.4091060107457
			32.9055907071649	-20.4227484612877
			32.9055907071649	-20.4363909118296
			32.9055907071649	-20.4500333623715
			32.9055907071649	-20.4636758129135
			32.9055907071649	-20.4773182634554
			32.9055907071649	-20.4909607139974
			32.9055907071649	-20.5046031645393
			32.9055907071649	-20.5182456150812
			32.8919482566229	-20.5318880656232
			32.8919482566229	-20.5455305161651
			32.8919482566229	-20.5591729667071
			32.8919482566229	-20.572815417249
			32.8919482566229	-20.586457867791
			32.878305806081	-20.6001003183329
			32.878305806081	-20.6137427688748
			32.878305806081	-20.6273852194168
			32.878305806081	-20.6410276699587
			32.864663355539	-20.6546701205007
			32.864663355539	-20.6683125710426
			32.864663355539	-20.6819550215846
			32.864663355539	-20.6955974721265
			32.864663355539	-20.7092399226684
			32.8510209049971	-20.7228823732104
			32.8510209049971	-20.7365248237523
			32.8510209049971	-20.7501672742943
			32.8510209049971	-20.7638097248362
			32.8510209049971	-20.7774521753782
			32.8510209049971	-20.7910946259201
			32.8373784544552	-20.804737076462
			32.8373784544552	-20.818379527004
			32.8373784544552	-20.8320219775459
			32.8373784544552	-20.8456644280879
			32.8373784544552	-20.8593068786298
			32.8237360039132	-20.8729493291717
			32.8237360039132	-20.8865917797137
			32.8237360039132	-20.9002342302556
			32.8237360039132	-20.9138766807976
			32.8237360039132	-20.9275191313395
			32.8100935533713	-20.9275191313395
			32.8100935533713	-20.9411615818815
			32.8100935533713	-20.9548040324234
			32.8100935533713	-20.9684464829653
			32.7964511028293	-20.9820889335073
			32.7964511028293	-20.9957313840492
			32.7964511028293	-21.0093738345912
			32.7964511028293	-21.0230162851331
			32.7828086522874	-21.0366587356751
			32.7828086522874	-21.050301186217
			32.7828086522874	-21.0639436367589
			32.7828086522874	-21.0775860873009
			32.7828086522874	-21.0912285378428
			32.7691662017454	-21.0912285378428
			32.7691662017454	-21.1048709883848
			32.7691662017454	-21.1185134389267
			32.7691662017454	-21.1321558894686
			32.7691662017454	-21.1457983400106
			32.7555237512035	-21.1594407905525
			32.7555237512035	-21.1730832410945
			32.7418813006616	-21.1867256916364
			32.7418813006616	-21.2003681421784
			32.7418813006616	-21.2140105927203
			32.7282388501196	-21.2276530432622
			32.7282388501196	-21.2412954938042
			32.7145963995777	-21.2549379443461
			32.7145963995777	-21.2685803948881
			32.7009539490357	-21.28222284543
			32.7009539490357	-21.295865295972
			32.7009539490357	-21.3095077465139
			32.6873114984938	-21.3231501970558
			32.6873114984938	-21.3367926475978
			32.6736690479519	-21.3504350981397
			32.6736690479519	-21.3640775486817
			32.6736690479519	-21.3777199992236
			32.6600265974099	-21.3913624497656
			32.6600265974099	-21.4050049003075
			32.646384146868	-21.4186473508494
			32.646384146868	-21.4322898013914
			32.632741696326	-21.4459322519333
			32.632741696326	-21.4595747024753
			32.632741696326	-21.4732171530172
			32.6190992457841	-21.4868596035592
			32.6190992457841	-21.5005020541011
			32.6054567952421	-21.514144504643
			32.6054567952421	-21.527786955185
			32.5918143447002	-21.5414294057269
			32.5918143447002	-21.5550718562689
			32.5781718941583	-21.5550718562689
			32.5781718941583	-21.5687143068108
			32.5645294436163	-21.5823567573527
			32.5645294436163	-21.5959992078947
			32.5508869930744	-21.6096416584366
			32.5372445425324	-21.6232841089786
			32.5372445425324	-21.6369265595205
			32.5236020919905	-21.6505690100625
			32.5236020919905	-21.6642114606044
			32.5099596414485	-21.6778539111463
			32.5099596414485	-21.6914963616883
			32.4963171909066	-21.7051388122302
			32.4826747403647	-21.7187812627722
			32.4690322898227	-21.7324237133141
			32.4690322898227	-21.7460661638561
			32.4553898392808	-21.759708614398
			32.4417473887388	-21.7733510649399
			32.4281049381969	-21.7869935154819
			32.4281049381969	-21.8006359660238
			32.4144624876549	-21.8142784165658
			32.4144624876549	-21.8279208671077
			32.400820037113	-21.8279208671077
			32.400820037113	-21.8415633176497
			32.3871775865711	-21.8415633176497
			32.3871775865711	-21.8552057681916
			32.3735351360291	-21.8688482187335
			32.3598926854872	-21.8824906692755
			32.3462502349452	-21.8961331198174
			32.3462502349452	-21.9097755703594
			32.3326077844033	-21.9234180209013
			32.3326077844033	-21.9370604714432
			32.3189653338613	-21.9507029219852
			32.3053228833194	-21.9643453725271
			32.2916804327775	-21.9779878230691
			32.2780379822355	-21.991630273611
			32.2780379822355	-22.005272724153
			32.2643955316936	-22.0189151746949
			32.2507530811516	-22.0325576252368
			32.2371106306097	-22.0462000757788
			32.2234681800678	-22.0598425263207
			32.2098257295258	-22.0734849768627
			32.1961832789839	-22.0871274274046
			32.1825408284419	-22.1007698779466
			32.1688983779	-22.1007698779466
			32.155255927358	-22.1144123284885
			32.1416134768161	-22.1280547790304
			32.1279710262742	-22.1416972295724
			32.1143285757322	-22.1553396801143
			32.1006861251903	-22.1689821306563
			32.0870436746483	-22.1826245811982
			32.0734012241064	-22.1962670317402
			32.0597587735644	-22.1962670317402
			32.0461163230225	-22.2099094822821
			32.0324738724806	-22.2099094822821
			32.0188314219386	-22.223551932824
			32.0051889713967	-22.223551932824
			31.9915465208547	-22.237194383366
			31.9779040703128	-22.2508368339079
			31.9642616197709	-22.2508368339079
			31.9506191692289	-22.2644792844499
			31.936976718687	-22.2644792844499
			31.936976718687	-22.2781217349918
			31.923334268145	-22.2781217349918
			31.9096918176031	-22.2781217349918
			31.9096918176031	-22.2917641855337
			31.8960493670611	-22.2917641855337
			31.8824069165192	-22.3054066360757
			31.8687644659773	-22.3190490866176
			31.8551220154353	-22.3190490866176
			31.8414795648934	-22.3326915371596
			31.8278371143514	-22.3463339877015
			31.8141946638095	-22.3463339877015
			31.8005522132675	-22.3463339877015
			31.8005522132675	-22.3599764382435
			31.7869097627256	-22.3599764382435
			31.7732673121837	-22.3599764382435
			31.7596248616417	-22.3736188887854
			31.7459824110998	-22.3736188887854
			31.7323399605578	-22.3872613393273
			31.7186975100159	-22.3872613393273
			31.7050550594739	-22.3872613393273
			31.691412608932	-22.4009037898693
			31.6777701583901	-22.4009037898693
			31.6641277078481	-22.4009037898693
			31.6504852573062	-22.4145462404112
			31.6368428067642	-22.4145462404112
			31.6232003562223	-22.4145462404112
			31.6095579056804	-22.4145462404112
			31.5959154551384	-22.4281886909532
			31.5822730045965	-22.4281886909532
			31.5686305540545	-22.4418311414951
			31.5549881035126	-22.4418311414951
			31.5413456529706	-22.4418311414951
			31.5277032024287	-22.4418311414951
			31.5140607518868	-22.4554735920371
			31.5004183013448	-22.4554735920371
			31.4867758508029	-22.4554735920371
			31.4731334002609	-22.4554735920371
			31.459490949719	-22.4554735920371
			31.445848499177	-22.4554735920371
			31.4322060486351	-22.4554735920371
			31.4185635980932	-22.4554735920371
			31.4049211475512	-22.4554735920371
			31.3912786970093	-22.4554735920371
			31.3776362464673	-22.4554735920371
			31.3639937959254	-22.4554735920371
			31.3503513453834	-22.4554735920371
			31.3367088948415	-22.4554735920371
			31.3230664442996	-22.4554735920371
			31.3094239937576	-22.4554735920371
			31.2957815432157	-22.4554735920371
			31.2821390926737	-22.4554735920371
			31.2684966421318	-22.4554735920371
			31.2548541915898	-22.4554735920371
			31.2412117410479	-22.4418311414951
			31.227569290506	-22.4418311414951
			31.213926839964	-22.4418311414951
			31.2002843894221	-22.4418311414951
		</Outline4>
	</curves.scaled>
	<ruler.points type=matrix rownames=TRUE colnames=FALSE nrow=2 ncol=2 as.numeric=TRUE >
		Ruler point 1	3369	2595
		Ruler point 2	2636	2592
	</ruler.points>
</shapes>

