<shapes type=list>
	<ruler.pixel type=vector names=FALSE length=1 as.numeric=TRUE >1412.11472621738</ruler.pixel>
	<ruler.interval type=vector names=FALSE length=1 as.numeric=TRUE >10</ruler.interval>
	<scaling.units type=vector names=FALSE length=1 as.numeric=FALSE >mm</scaling.units>
	<scaling type=vector names=FALSE length=1 as.numeric=TRUE >0.00708157759021952</scaling>
	<landmarks.pixel type=matrix rownames=TRUE colnames=FALSE nrow=4 ncol=2 as.numeric=TRUE >
		Labial	2117	1197
		Posterior	2093	1129
		Lingual	2163	1118
		Anterior	2188	1185
	</landmarks.pixel>
	<landmarks.scaled type=matrix rownames=TRUE colnames=FALSE nrow=4 ncol=2 as.numeric=TRUE >
		Labial	14.9916997584947	-8.47664837549276
		Posterior	14.8217418963294	-7.99510109935783
		Lingual	15.3174523276448	-7.91720374586542
		Anterior	15.4944917674003	-8.39166944441013
	</landmarks.scaled>
	<curves.control type=list>
		<Outline1 type=matrix rownames=FALSE colnames=FALSE nrow=15 ncol=2 as.numeric=TRUE >
			2117	1197
			2112	1195
			2105	1193
			2098	1191
			2091	1187
			2087	1184
			2084	1178
			2083	1171
			2082	1165
			2082	1159
			2083	1154
			2084	1149
			2086	1142
			2088	1136
			2093	1129
		</Outline1>
		<Outline2 type=matrix rownames=FALSE colnames=FALSE nrow=15 ncol=2 as.numeric=TRUE >
			2093	1129
			2095	1125
			2098	1119
			2102	1114
			2107	1110
			2114	1106
			2120	1104
			2126	1103
			2131	1103
			2137	1104
			2143	1107
			2148	1110
			2154	1113
			2159	1116
			2163	1118
		</Outline2>
		<Outline3 type=matrix rownames=FALSE colnames=FALSE nrow=15 ncol=2 as.numeric=TRUE >
			2163	1118
			2168	1123
			2175	1129
			2180	1133
			2185	1137
			2189	1143
			2191	1148
			2193	1154
			2194	1160
			2194	1165
			2193	1170
			2192	1175
			2190	1180
			2189	1183
			2188	1185
		</Outline3>
		<Outline4 type=matrix rownames=FALSE colnames=FALSE nrow=17 ncol=2 as.numeric=TRUE >
			2188	1185
			2185	1189
			2182	1193
			2178	1197
			2173	1202
			2169	1204
			2164	1207
			2160	1208
			2155	1208
			2151	1208
			2147	1208
			2142	1208
			2137	1206
			2132	1205
			2127	1203
			2122	1199
			2117	1197
		</Outline4>
	</curves.control>
	<curves.pixel type=list>
		<Outline1 type=matrix rownames=FALSE colnames=FALSE nrow=89 ncol=2 as.numeric=TRUE >
			2117	1197
			2116	1197
			2115	1196
			2114	1196
			2113	1195
			2112	1195
			2111	1195
			2110	1195
			2110	1194
			2109	1194
			2108	1194
			2107	1194
			2107	1193
			2106	1193
			2105	1193
			2104	1193
			2103	1192
			2102	1192
			2101	1192
			2100	1191
			2099	1191
			2098	1191
			2097	1190
			2096	1190
			2095	1189
			2094	1189
			2093	1188
			2092	1187
			2091	1187
			2090	1186
			2089	1186
			2089	1185
			2088	1184
			2087	1183
			2086	1182
			2085	1181
			2085	1180
			2084	1179
			2084	1178
			2084	1177
			2084	1176
			2084	1175
			2083	1174
			2083	1173
			2083	1172
			2083	1171
			2083	1170
			2083	1169
			2082	1168
			2082	1167
			2082	1166
			2082	1165
			2082	1164
			2082	1163
			2082	1162
			2082	1161
			2082	1160
			2082	1159
			2082	1158
			2082	1157
			2083	1156
			2083	1155
			2083	1154
			2083	1153
			2083	1152
			2084	1151
			2084	1150
			2084	1149
			2084	1148
			2085	1147
			2085	1146
			2085	1145
			2085	1144
			2086	1143
			2086	1142
			2086	1141
			2087	1140
			2087	1139
			2088	1138
			2088	1137
			2088	1136
			2089	1136
			2089	1135
			2090	1134
			2090	1133
			2091	1132
			2092	1131
			2092	1130
			2093	1129
		</Outline1>
		<Outline2 type=matrix rownames=FALSE colnames=FALSE nrow=80 ncol=2 as.numeric=TRUE >
			2093	1129
			2093	1128
			2094	1128
			2094	1127
			2094	1126
			2095	1125
			2096	1124
			2096	1123
			2097	1122
			2097	1121
			2097	1120
			2098	1120
			2098	1119
			2099	1118
			2100	1117
			2101	1116
			2102	1115
			2103	1114
			2104	1113
			2105	1112
			2106	1111
			2107	1110
			2108	1109
			2109	1109
			2110	1108
			2111	1108
			2112	1107
			2113	1107
			2114	1106
			2115	1106
			2116	1106
			2117	1105
			2118	1105
			2119	1105
			2119	1104
			2120	1104
			2121	1104
			2122	1104
			2123	1104
			2124	1103
			2125	1103
			2126	1103
			2127	1103
			2128	1103
			2129	1103
			2130	1103
			2131	1103
			2132	1103
			2133	1103
			2134	1104
			2135	1104
			2136	1104
			2137	1104
			2138	1105
			2139	1105
			2140	1106
			2141	1106
			2142	1106
			2143	1107
			2144	1107
			2145	1108
			2146	1108
			2146	1109
			2147	1109
			2148	1110
			2149	1111
			2150	1111
			2151	1112
			2152	1112
			2153	1113
			2154	1113
			2155	1114
			2156	1114
			2157	1115
			2158	1115
			2159	1116
			2160	1116
			2161	1117
			2162	1117
			2163	1118
		</Outline2>
		<Outline3 type=matrix rownames=FALSE colnames=FALSE nrow=76 ncol=2 as.numeric=TRUE >
			2163	1118
			2164	1119
			2165	1120
			2166	1121
			2167	1122
			2168	1123
			2169	1124
			2170	1125
			2171	1125
			2172	1126
			2172	1127
			2173	1127
			2174	1128
			2174	1129
			2175	1129
			2176	1130
			2177	1130
			2178	1131
			2179	1132
			2180	1133
			2181	1134
			2182	1135
			2183	1135
			2184	1136
			2185	1137
			2186	1138
			2186	1139
			2187	1140
			2187	1141
			2188	1141
			2188	1142
			2188	1143
			2189	1143
			2189	1144
			2190	1145
			2190	1146
			2191	1147
			2191	1148
			2191	1149
			2192	1150
			2192	1151
			2192	1152
			2192	1153
			2193	1154
			2193	1155
			2193	1156
			2194	1157
			2194	1158
			2194	1159
			2194	1160
			2194	1161
			2194	1162
			2194	1163
			2194	1164
			2194	1165
			2194	1166
			2194	1167
			2193	1167
			2193	1168
			2193	1169
			2193	1170
			2193	1171
			2193	1172
			2192	1173
			2192	1174
			2192	1175
			2191	1176
			2191	1177
			2191	1178
			2190	1179
			2190	1180
			2190	1181
			2189	1182
			2189	1183
			2189	1184
			2188	1185
		</Outline3>
		<Outline4 type=matrix rownames=FALSE colnames=FALSE nrow=77 ncol=2 as.numeric=TRUE >
			2188	1185
			2187	1186
			2187	1187
			2186	1187
			2186	1188
			2185	1189
			2185	1190
			2184	1190
			2183	1191
			2183	1192
			2182	1193
			2181	1194
			2180	1195
			2179	1196
			2178	1197
			2177	1198
			2176	1199
			2175	1200
			2174	1201
			2173	1202
			2172	1202
			2171	1203
			2170	1204
			2169	1204
			2168	1205
			2167	1205
			2166	1206
			2165	1207
			2164	1207
			2163	1207
			2162	1207
			2161	1208
			2160	1208
			2159	1208
			2158	1208
			2157	1208
			2156	1208
			2155	1208
			2154	1208
			2153	1208
			2152	1208
			2151	1208
			2150	1208
			2149	1208
			2148	1208
			2147	1208
			2146	1208
			2145	1208
			2144	1208
			2143	1208
			2142	1208
			2141	1207
			2140	1207
			2139	1207
			2138	1206
			2137	1206
			2136	1206
			2135	1205
			2134	1205
			2133	1205
			2132	1205
			2131	1204
			2130	1204
			2129	1204
			2128	1203
			2127	1203
			2126	1202
			2125	1201
			2124	1201
			2123	1200
			2122	1200
			2122	1199
			2121	1199
			2120	1198
			2119	1198
			2118	1197
			2117	1197
		</Outline4>
	</curves.pixel>
	<curves.scaled type=list>
		<Outline1 type=matrix rownames=FALSE colnames=FALSE nrow=89 ncol=2 as.numeric=TRUE >
			14.9916997584947	-8.47664837549276
			14.9846181809045	-8.47664837549276
			14.9775366033143	-8.46956679790254
			14.9704550257241	-8.46956679790254
			14.9633734481338	-8.46248522031232
			14.9562918705436	-8.46248522031232
			14.9492102929534	-8.46248522031232
			14.9421287153632	-8.46248522031232
			14.9421287153632	-8.4554036427221
			14.935047137773	-8.4554036427221
			14.9279655601827	-8.4554036427221
			14.9208839825925	-8.4554036427221
			14.9208839825925	-8.44832206513188
			14.9138024050023	-8.44832206513188
			14.9067208274121	-8.44832206513188
			14.8996392498219	-8.44832206513188
			14.8925576722316	-8.44124048754166
			14.8854760946414	-8.44124048754166
			14.8783945170512	-8.44124048754166
			14.871312939461	-8.43415890995144
			14.8642313618708	-8.43415890995144
			14.8571497842805	-8.43415890995144
			14.8500682066903	-8.42707733236122
			14.8429866291001	-8.42707733236122
			14.8359050515099	-8.419995754771
			14.8288234739197	-8.419995754771
			14.8217418963294	-8.41291417718078
			14.8146603187392	-8.40583259959057
			14.807578741149	-8.40583259959057
			14.8004971635588	-8.39875102200035
			14.7934155859686	-8.39875102200035
			14.7934155859686	-8.39166944441013
			14.7863340083783	-8.38458786681991
			14.7792524307881	-8.37750628922969
			14.7721708531979	-8.37042471163947
			14.7650892756077	-8.36334313404925
			14.7650892756077	-8.35626155645903
			14.7580076980175	-8.34917997886881
			14.7580076980175	-8.34209840127859
			14.7580076980175	-8.33501682368837
			14.7580076980175	-8.32793524609815
			14.7580076980175	-8.32085366850793
			14.7509261204273	-8.31377209091771
			14.7509261204273	-8.30669051332749
			14.7509261204273	-8.29960893573727
			14.7509261204273	-8.29252735814705
			14.7509261204273	-8.28544578055683
			14.7509261204273	-8.27836420296661
			14.743844542837	-8.2712826253764
			14.743844542837	-8.26420104778617
			14.743844542837	-8.25711947019596
			14.743844542837	-8.25003789260574
			14.743844542837	-8.24295631501552
			14.743844542837	-8.2358747374253
			14.743844542837	-8.22879315983508
			14.743844542837	-8.22171158224486
			14.743844542837	-8.21463000465464
			14.743844542837	-8.20754842706442
			14.743844542837	-8.2004668494742
			14.743844542837	-8.19338527188398
			14.7509261204273	-8.18630369429376
			14.7509261204273	-8.17922211670354
			14.7509261204273	-8.17214053911332
			14.7509261204273	-8.1650589615231
			14.7509261204273	-8.15797738393288
			14.7580076980175	-8.15089580634266
			14.7580076980175	-8.14381422875244
			14.7580076980175	-8.13673265116222
			14.7580076980175	-8.129651073572
			14.7650892756077	-8.12256949598178
			14.7650892756077	-8.11548791839157
			14.7650892756077	-8.10840634080134
			14.7650892756077	-8.10132476321113
			14.7721708531979	-8.09424318562091
			14.7721708531979	-8.08716160803069
			14.7721708531979	-8.08008003044047
			14.7792524307881	-8.07299845285025
			14.7792524307881	-8.06591687526003
			14.7863340083783	-8.05883529766981
			14.7863340083783	-8.05175372007959
			14.7863340083783	-8.04467214248937
			14.7934155859686	-8.04467214248937
			14.7934155859686	-8.03759056489915
			14.8004971635588	-8.03050898730893
			14.8004971635588	-8.02342740971871
			14.807578741149	-8.01634583212849
			14.8146603187392	-8.00926425453827
			14.8146603187392	-8.00218267694805
			14.8217418963294	-7.99510109935783
		</Outline1>
		<Outline2 type=matrix rownames=FALSE colnames=FALSE nrow=80 ncol=2 as.numeric=TRUE >
			14.8217418963294	-7.99510109935783
			14.8217418963294	-7.98801952176761
			14.8288234739197	-7.98801952176761
			14.8288234739197	-7.98093794417739
			14.8288234739197	-7.97385636658718
			14.8359050515099	-7.96677478899696
			14.8429866291001	-7.95969321140674
			14.8429866291001	-7.95261163381652
			14.8500682066903	-7.9455300562263
			14.8500682066903	-7.93844847863608
			14.8500682066903	-7.93136690104586
			14.8571497842805	-7.93136690104586
			14.8571497842805	-7.92428532345564
			14.8642313618708	-7.91720374586542
			14.871312939461	-7.9101221682752
			14.8783945170512	-7.90304059068498
			14.8854760946414	-7.89595901309476
			14.8925576722316	-7.88887743550454
			14.8996392498219	-7.88179585791432
			14.9067208274121	-7.8747142803241
			14.9138024050023	-7.86763270273388
			14.9208839825925	-7.86055112514366
			14.9279655601827	-7.85346954755344
			14.935047137773	-7.85346954755344
			14.9421287153632	-7.84638796996322
			14.9492102929534	-7.84638796996322
			14.9562918705436	-7.839306392373
			14.9633734481338	-7.839306392373
			14.9704550257241	-7.83222481478278
			14.9775366033143	-7.83222481478278
			14.9846181809045	-7.83222481478278
			14.9916997584947	-7.82514323719256
			14.9987813360849	-7.82514323719256
			15.0058629136752	-7.82514323719256
			15.0058629136752	-7.81806165960235
			15.0129444912654	-7.81806165960235
			15.0200260688556	-7.81806165960235
			15.0271076464458	-7.81806165960235
			15.034189224036	-7.81806165960235
			15.0412708016263	-7.81098008201213
			15.0483523792165	-7.81098008201213
			15.0554339568067	-7.81098008201213
			15.0625155343969	-7.81098008201213
			15.0695971119871	-7.81098008201213
			15.0766786895773	-7.81098008201213
			15.0837602671676	-7.81098008201213
			15.0908418447578	-7.81098008201213
			15.097923422348	-7.81098008201213
			15.1050049999382	-7.81098008201213
			15.1120865775284	-7.81806165960235
			15.1191681551187	-7.81806165960235
			15.1262497327089	-7.81806165960235
			15.1333313102991	-7.81806165960235
			15.1404128878893	-7.82514323719256
			15.1474944654795	-7.82514323719256
			15.1545760430698	-7.83222481478278
			15.16165762066	-7.83222481478278
			15.1687391982502	-7.83222481478278
			15.1758207758404	-7.839306392373
			15.1829023534306	-7.839306392373
			15.1899839310209	-7.84638796996322
			15.1970655086111	-7.84638796996322
			15.1970655086111	-7.85346954755344
			15.2041470862013	-7.85346954755344
			15.2112286637915	-7.86055112514366
			15.2183102413817	-7.86763270273388
			15.225391818972	-7.86763270273388
			15.2324733965622	-7.8747142803241
			15.2395549741524	-7.8747142803241
			15.2466365517426	-7.88179585791432
			15.2537181293328	-7.88179585791432
			15.2607997069231	-7.88887743550454
			15.2678812845133	-7.88887743550454
			15.2749628621035	-7.89595901309476
			15.2820444396937	-7.89595901309476
			15.2891260172839	-7.90304059068498
			15.2962075948742	-7.90304059068498
			15.3032891724644	-7.9101221682752
			15.3103707500546	-7.9101221682752
			15.3174523276448	-7.91720374586542
		</Outline2>
		<Outline3 type=matrix rownames=FALSE colnames=FALSE nrow=76 ncol=2 as.numeric=TRUE >
			15.3174523276448	-7.91720374586542
			15.324533905235	-7.92428532345564
			15.3316154828253	-7.93136690104586
			15.3386970604155	-7.93844847863608
			15.3457786380057	-7.9455300562263
			15.3528602155959	-7.95261163381652
			15.3599417931861	-7.95969321140674
			15.3670233707763	-7.96677478899696
			15.3741049483666	-7.96677478899696
			15.3811865259568	-7.97385636658718
			15.3811865259568	-7.98093794417739
			15.388268103547	-7.98093794417739
			15.3953496811372	-7.98801952176761
			15.3953496811372	-7.99510109935783
			15.4024312587274	-7.99510109935783
			15.4095128363177	-8.00218267694805
			15.4165944139079	-8.00218267694805
			15.4236759914981	-8.00926425453827
			15.4307575690883	-8.01634583212849
			15.4378391466785	-8.02342740971871
			15.4449207242688	-8.03050898730893
			15.452002301859	-8.03759056489915
			15.4590838794492	-8.03759056489915
			15.4661654570394	-8.04467214248937
			15.4732470346296	-8.05175372007959
			15.4803286122199	-8.05883529766981
			15.4803286122199	-8.06591687526003
			15.4874101898101	-8.07299845285025
			15.4874101898101	-8.08008003044047
			15.4944917674003	-8.08008003044047
			15.4944917674003	-8.08716160803069
			15.4944917674003	-8.09424318562091
			15.5015733449905	-8.09424318562091
			15.5015733449905	-8.10132476321113
			15.5086549225807	-8.10840634080134
			15.5086549225807	-8.11548791839157
			15.515736500171	-8.12256949598178
			15.515736500171	-8.129651073572
			15.515736500171	-8.13673265116222
			15.5228180777612	-8.14381422875244
			15.5228180777612	-8.15089580634266
			15.5228180777612	-8.15797738393288
			15.5228180777612	-8.1650589615231
			15.5298996553514	-8.17214053911332
			15.5298996553514	-8.17922211670354
			15.5298996553514	-8.18630369429376
			15.5369812329416	-8.19338527188398
			15.5369812329416	-8.2004668494742
			15.5369812329416	-8.20754842706442
			15.5369812329416	-8.21463000465464
			15.5369812329416	-8.22171158224486
			15.5369812329416	-8.22879315983508
			15.5369812329416	-8.2358747374253
			15.5369812329416	-8.24295631501552
			15.5369812329416	-8.25003789260574
			15.5369812329416	-8.25711947019596
			15.5369812329416	-8.26420104778617
			15.5298996553514	-8.26420104778617
			15.5298996553514	-8.2712826253764
			15.5298996553514	-8.27836420296661
			15.5298996553514	-8.28544578055683
			15.5298996553514	-8.29252735814705
			15.5298996553514	-8.29960893573727
			15.5228180777612	-8.30669051332749
			15.5228180777612	-8.31377209091771
			15.5228180777612	-8.32085366850793
			15.515736500171	-8.32793524609815
			15.515736500171	-8.33501682368837
			15.515736500171	-8.34209840127859
			15.5086549225807	-8.34917997886881
			15.5086549225807	-8.35626155645903
			15.5086549225807	-8.36334313404925
			15.5015733449905	-8.37042471163947
			15.5015733449905	-8.37750628922969
			15.5015733449905	-8.38458786681991
			15.4944917674003	-8.39166944441013
		</Outline3>
		<Outline4 type=matrix rownames=FALSE colnames=FALSE nrow=77 ncol=2 as.numeric=TRUE >
			15.4944917674003	-8.39166944441013
			15.4874101898101	-8.39875102200035
			15.4874101898101	-8.40583259959057
			15.4803286122199	-8.40583259959057
			15.4803286122199	-8.41291417718078
			15.4732470346296	-8.419995754771
			15.4732470346296	-8.42707733236122
			15.4661654570394	-8.42707733236122
			15.4590838794492	-8.43415890995144
			15.4590838794492	-8.44124048754166
			15.452002301859	-8.44832206513188
			15.4449207242688	-8.4554036427221
			15.4378391466785	-8.46248522031232
			15.4307575690883	-8.46956679790254
			15.4236759914981	-8.47664837549276
			15.4165944139079	-8.48372995308298
			15.4095128363177	-8.4908115306732
			15.4024312587274	-8.49789310826342
			15.3953496811372	-8.50497468585364
			15.388268103547	-8.51205626344386
			15.3811865259568	-8.51205626344386
			15.3741049483666	-8.51913784103408
			15.3670233707763	-8.5262194186243
			15.3599417931861	-8.5262194186243
			15.3528602155959	-8.53330099621452
			15.3457786380057	-8.53330099621452
			15.3386970604155	-8.54038257380474
			15.3316154828253	-8.54746415139495
			15.324533905235	-8.54746415139495
			15.3174523276448	-8.54746415139495
			15.3103707500546	-8.54746415139495
			15.3032891724644	-8.55454572898518
			15.2962075948742	-8.55454572898518
			15.2891260172839	-8.55454572898518
			15.2820444396937	-8.55454572898518
			15.2749628621035	-8.55454572898518
			15.2678812845133	-8.55454572898518
			15.2607997069231	-8.55454572898518
			15.2537181293328	-8.55454572898518
			15.2466365517426	-8.55454572898518
			15.2395549741524	-8.55454572898518
			15.2324733965622	-8.55454572898518
			15.225391818972	-8.55454572898518
			15.2183102413817	-8.55454572898518
			15.2112286637915	-8.55454572898518
			15.2041470862013	-8.55454572898518
			15.1970655086111	-8.55454572898518
			15.1899839310209	-8.55454572898518
			15.1829023534306	-8.55454572898518
			15.1758207758404	-8.55454572898518
			15.1687391982502	-8.55454572898518
			15.16165762066	-8.54746415139495
			15.1545760430698	-8.54746415139495
			15.1474944654795	-8.54746415139495
			15.1404128878893	-8.54038257380474
			15.1333313102991	-8.54038257380474
			15.1262497327089	-8.54038257380474
			15.1191681551187	-8.53330099621452
			15.1120865775284	-8.53330099621452
			15.1050049999382	-8.53330099621452
			15.097923422348	-8.53330099621452
			15.0908418447578	-8.5262194186243
			15.0837602671676	-8.5262194186243
			15.0766786895773	-8.5262194186243
			15.0695971119871	-8.51913784103408
			15.0625155343969	-8.51913784103408
			15.0554339568067	-8.51205626344386
			15.0483523792165	-8.50497468585364
			15.0412708016263	-8.50497468585364
			15.034189224036	-8.49789310826342
			15.0271076464458	-8.49789310826342
			15.0271076464458	-8.4908115306732
			15.0200260688556	-8.4908115306732
			15.0129444912654	-8.48372995308298
			15.0058629136752	-8.48372995308298
			14.9987813360849	-8.47664837549276
			14.9916997584947	-8.47664837549276
		</Outline4>
	</curves.scaled>
	<ruler.points type=matrix rownames=TRUE colnames=FALSE nrow=2 ncol=2 as.numeric=TRUE >
		Ruler point 1	2595	2552
		Ruler point 2	1183	2570
	</ruler.points>
</shapes>

