<shapes type=list>
	<ruler.pixel type=vector names=FALSE length=1 as.numeric=TRUE >1569.00509878075</ruler.pixel>
	<ruler.interval type=vector names=FALSE length=1 as.numeric=TRUE >10</ruler.interval>
	<scaling.units type=vector names=FALSE length=1 as.numeric=FALSE >mm</scaling.units>
	<scaling type=vector names=FALSE length=1 as.numeric=TRUE >0.00637346558514745</scaling>
	<landmarks.pixel type=matrix rownames=TRUE colnames=FALSE nrow=4 ncol=2 as.numeric=TRUE >
		Labial	2450	1162
		Posterior	2310	1092
		Lingual	2402	960
		Anterior	2555	1030
	</landmarks.pixel>
	<landmarks.scaled type=matrix rownames=TRUE colnames=FALSE nrow=4 ncol=2 as.numeric=TRUE >
		Labial	15.6149906836112	-7.40596700994133
		Posterior	14.7227055016906	-6.95982441898101
		Lingual	15.3090643355242	-6.11852696174155
		Anterior	16.2842045700517	-6.56466955270187
	</landmarks.scaled>
	<curves.control type=list>
		<Outline1 type=matrix rownames=FALSE colnames=FALSE nrow=23 ncol=2 as.numeric=TRUE >
			2450	1162
			2442	1168
			2430	1174
			2420	1179
			2412	1182
			2403	1185
			2392	1187
			2383	1189
			2373	1190
			2363	1190
			2354	1189
			2346	1187
			2338	1183
			2332	1179
			2326	1171
			2321	1160
			2317	1151
			2313	1139
			2311	1128
			2311	1115
			2312	1105
			2311	1097
			2310	1092
		</Outline1>
		<Outline2 type=matrix rownames=FALSE colnames=FALSE nrow=17 ncol=2 as.numeric=TRUE >
			2310	1092
			2310	1082
			2310	1068
			2310	1056
			2312	1043
			2313	1030
			2315	1021
			2319	1009
			2325	1000
			2330	992
			2338	985
			2347	978
			2357	973
			2366	970
			2377	967
			2387	964
			2402	960
		</Outline2>
		<Outline3 type=matrix rownames=FALSE colnames=FALSE nrow=17 ncol=2 as.numeric=TRUE >
			2402	960
			2415	958
			2428	957
			2441	957
			2454	957
			2466	957
			2476	959
			2485	961
			2493	964
			2502	968
			2510	973
			2519	981
			2529	993
			2536	1000
			2544	1007
			2551	1017
			2555	1030
		</Outline3>
		<Outline4 type=matrix rownames=FALSE colnames=FALSE nrow=25 ncol=2 as.numeric=TRUE >
			2555	1030
			2554	1037
			2552	1045
			2552	1054
			2552	1064
			2552	1069
			2551	1076
			2548	1080
			2545	1083
			2545	1090
			2542	1097
			2537	1104
			2532	1111
			2526	1117
			2520	1123
			2513	1128
			2507	1133
			2499	1137
			2493	1141
			2486	1143
			2479	1145
			2472	1148
			2462	1152
			2456	1157
			2450	1162
		</Outline4>
	</curves.control>
	<curves.pixel type=list>
		<Outline1 type=matrix rownames=FALSE colnames=FALSE nrow=210 ncol=2 as.numeric=TRUE >
			2450	1162
			2449	1163
			2448	1163
			2447	1164
			2446	1165
			2445	1166
			2444	1166
			2443	1167
			2442	1167
			2441	1168
			2440	1169
			2439	1169
			2438	1170
			2437	1170
			2436	1171
			2435	1171
			2434	1172
			2433	1173
			2432	1173
			2431	1173
			2430	1174
			2429	1175
			2428	1175
			2427	1176
			2426	1176
			2425	1176
			2424	1177
			2423	1177
			2422	1178
			2421	1178
			2420	1179
			2419	1179
			2418	1179
			2418	1180
			2417	1180
			2416	1180
			2415	1181
			2414	1181
			2413	1182
			2412	1182
			2411	1182
			2410	1183
			2409	1183
			2408	1183
			2407	1184
			2406	1184
			2405	1184
			2404	1184
			2403	1185
			2402	1185
			2401	1185
			2400	1185
			2399	1186
			2398	1186
			2397	1186
			2396	1186
			2395	1186
			2395	1187
			2394	1187
			2393	1187
			2392	1187
			2391	1187
			2390	1187
			2389	1188
			2388	1188
			2387	1188
			2386	1188
			2385	1188
			2384	1189
			2383	1189
			2382	1189
			2381	1189
			2380	1189
			2379	1189
			2378	1189
			2377	1190
			2376	1190
			2375	1190
			2374	1190
			2373	1190
			2372	1190
			2371	1190
			2370	1190
			2369	1190
			2368	1190
			2367	1190
			2366	1190
			2365	1190
			2364	1190
			2363	1190
			2362	1190
			2361	1190
			2360	1190
			2359	1189
			2358	1189
			2357	1189
			2356	1189
			2355	1189
			2354	1189
			2353	1189
			2352	1188
			2351	1188
			2350	1188
			2349	1188
			2349	1187
			2348	1187
			2347	1187
			2346	1187
			2345	1186
			2344	1186
			2343	1185
			2342	1185
			2341	1184
			2340	1184
			2339	1183
			2338	1183
			2337	1183
			2337	1182
			2336	1181
			2335	1181
			2334	1180
			2333	1179
			2332	1178
			2331	1177
			2330	1176
			2329	1175
			2329	1174
			2328	1173
			2327	1172
			2326	1171
			2326	1170
			2325	1169
			2325	1168
			2324	1167
			2324	1166
			2323	1165
			2323	1164
			2322	1163
			2322	1162
			2321	1161
			2321	1160
			2321	1159
			2320	1158
			2320	1157
			2319	1156
			2319	1155
			2318	1154
			2318	1153
			2318	1152
			2317	1151
			2317	1150
			2316	1149
			2316	1148
			2316	1147
			2315	1146
			2315	1145
			2315	1144
			2315	1143
			2314	1142
			2314	1141
			2314	1140
			2314	1139
			2313	1139
			2313	1138
			2313	1137
			2313	1136
			2312	1135
			2312	1134
			2312	1133
			2312	1132
			2312	1131
			2311	1130
			2311	1129
			2311	1128
			2311	1127
			2311	1126
			2311	1125
			2311	1124
			2311	1123
			2311	1122
			2311	1121
			2311	1120
			2311	1119
			2311	1118
			2311	1117
			2311	1116
			2311	1115
			2311	1114
			2311	1113
			2311	1112
			2312	1111
			2312	1110
			2312	1109
			2312	1108
			2312	1107
			2312	1106
			2312	1105
			2312	1104
			2312	1103
			2312	1102
			2311	1101
			2311	1100
			2311	1099
			2311	1098
			2311	1097
			2311	1096
			2311	1095
			2310	1094
			2310	1093
			2310	1092
		</Outline1>
		<Outline2 type=matrix rownames=FALSE colnames=FALSE nrow=177 ncol=2 as.numeric=TRUE >
			2310	1092
			2310	1091
			2310	1090
			2310	1089
			2310	1088
			2310	1087
			2310	1086
			2310	1085
			2310	1084
			2310	1083
			2310	1082
			2310	1081
			2310	1080
			2310	1079
			2310	1078
			2310	1077
			2310	1076
			2310	1075
			2310	1074
			2310	1073
			2310	1072
			2310	1071
			2310	1070
			2310	1069
			2310	1068
			2310	1067
			2310	1066
			2310	1065
			2310	1064
			2310	1063
			2310	1062
			2310	1061
			2310	1060
			2310	1059
			2310	1058
			2310	1057
			2310	1056
			2311	1055
			2311	1054
			2311	1053
			2311	1052
			2311	1051
			2311	1050
			2311	1049
			2311	1048
			2311	1047
			2312	1046
			2312	1045
			2312	1044
			2312	1043
			2312	1042
			2312	1041
			2312	1040
			2312	1039
			2312	1038
			2313	1037
			2313	1036
			2313	1035
			2313	1034
			2313	1033
			2313	1032
			2313	1031
			2313	1030
			2314	1029
			2314	1028
			2314	1027
			2314	1026
			2314	1025
			2314	1024
			2315	1023
			2315	1022
			2315	1021
			2315	1020
			2316	1019
			2316	1018
			2316	1017
			2317	1016
			2317	1015
			2318	1014
			2318	1013
			2319	1012
			2319	1011
			2319	1010
			2320	1009
			2320	1008
			2321	1007
			2321	1006
			2322	1005
			2322	1004
			2323	1003
			2324	1002
			2324	1001
			2325	1001
			2325	1000
			2326	999
			2326	998
			2327	998
			2327	997
			2328	996
			2328	995
			2329	995
			2329	994
			2330	993
			2331	992
			2332	991
			2333	990
			2333	989
			2334	989
			2335	988
			2336	987
			2337	986
			2338	985
			2339	985
			2340	984
			2341	983
			2342	982
			2343	982
			2344	981
			2345	980
			2346	979
			2347	979
			2348	978
			2349	977
			2350	977
			2351	976
			2352	975
			2353	975
			2354	974
			2355	974
			2356	974
			2356	973
			2357	973
			2358	973
			2359	972
			2360	972
			2361	972
			2362	971
			2363	971
			2364	971
			2365	970
			2366	970
			2367	970
			2368	970
			2369	969
			2370	969
			2371	969
			2372	968
			2373	968
			2374	968
			2375	968
			2376	967
			2377	967
			2378	967
			2379	966
			2380	966
			2381	966
			2382	965
			2383	965
			2384	965
			2385	965
			2386	964
			2387	964
			2388	964
			2389	964
			2390	963
			2391	963
			2392	963
			2393	962
			2394	962
			2395	962
			2396	962
			2397	961
			2398	961
			2399	961
			2400	960
			2401	960
			2402	960
		</Outline2>
		<Outline3 type=matrix rownames=FALSE colnames=FALSE nrow=177 ncol=2 as.numeric=TRUE >
			2402	960
			2403	960
			2404	960
			2405	959
			2406	959
			2407	959
			2408	959
			2409	959
			2410	959
			2411	959
			2412	959
			2413	959
			2414	958
			2415	958
			2416	958
			2417	958
			2418	958
			2419	958
			2420	958
			2421	958
			2422	958
			2423	957
			2424	957
			2425	957
			2426	957
			2427	957
			2428	957
			2429	957
			2430	957
			2431	957
			2432	957
			2433	957
			2434	957
			2435	957
			2436	957
			2437	957
			2438	957
			2439	957
			2440	957
			2441	957
			2442	957
			2443	957
			2444	957
			2445	957
			2446	957
			2447	957
			2448	957
			2449	957
			2450	957
			2451	957
			2452	957
			2453	957
			2454	957
			2455	957
			2456	957
			2457	957
			2458	957
			2459	957
			2460	957
			2461	957
			2462	957
			2463	957
			2464	957
			2465	957
			2466	958
			2467	958
			2468	958
			2469	958
			2470	958
			2471	958
			2472	958
			2473	959
			2474	959
			2475	959
			2476	959
			2477	959
			2478	959
			2479	960
			2480	960
			2481	960
			2482	961
			2483	961
			2484	961
			2485	961
			2486	962
			2487	962
			2488	962
			2489	963
			2490	963
			2491	963
			2492	963
			2492	964
			2493	964
			2494	965
			2495	965
			2496	966
			2497	966
			2498	966
			2499	967
			2500	967
			2501	968
			2502	968
			2503	969
			2504	969
			2505	970
			2506	971
			2507	971
			2508	972
			2509	972
			2510	973
			2511	974
			2512	975
			2513	976
			2514	976
			2514	977
			2515	978
			2516	979
			2517	979
			2517	980
			2518	981
			2519	982
			2520	982
			2520	983
			2521	984
			2522	985
			2523	986
			2524	987
			2524	988
			2525	988
			2526	989
			2527	990
			2528	991
			2528	992
			2529	993
			2530	994
			2531	995
			2532	996
			2533	997
			2534	998
			2535	999
			2536	1000
			2537	1001
			2538	1001
			2538	1002
			2539	1003
			2540	1003
			2541	1004
			2541	1005
			2542	1005
			2543	1006
			2544	1007
			2544	1008
			2545	1008
			2546	1009
			2546	1010
			2547	1011
			2547	1012
			2548	1013
			2548	1014
			2549	1015
			2549	1016
			2550	1017
			2550	1018
			2551	1018
			2551	1019
			2551	1020
			2552	1021
			2552	1022
			2552	1023
			2553	1023
			2553	1024
			2553	1025
			2554	1026
			2554	1027
			2554	1028
			2555	1029
			2555	1030
		</Outline3>
		<Outline4 type=matrix rownames=FALSE colnames=FALSE nrow=173 ncol=2 as.numeric=TRUE >
			2555	1030
			2555	1031
			2555	1032
			2555	1033
			2554	1034
			2554	1035
			2554	1036
			2554	1037
			2554	1038
			2553	1039
			2553	1040
			2553	1041
			2553	1042
			2553	1043
			2552	1043
			2552	1044
			2552	1045
			2552	1046
			2552	1047
			2552	1048
			2552	1049
			2552	1050
			2552	1051
			2552	1052
			2552	1053
			2552	1054
			2552	1055
			2552	1056
			2552	1057
			2552	1058
			2552	1059
			2552	1060
			2552	1061
			2552	1062
			2552	1063
			2552	1064
			2552	1065
			2552	1066
			2552	1067
			2552	1068
			2552	1069
			2552	1070
			2552	1071
			2551	1072
			2551	1073
			2551	1074
			2551	1075
			2551	1076
			2550	1077
			2549	1078
			2549	1079
			2548	1080
			2547	1080
			2547	1081
			2546	1082
			2545	1083
			2545	1084
			2545	1085
			2545	1086
			2545	1087
			2545	1088
			2544	1089
			2544	1090
			2544	1091
			2544	1092
			2544	1093
			2543	1094
			2543	1095
			2543	1096
			2542	1097
			2542	1098
			2541	1099
			2540	1100
			2539	1101
			2538	1102
			2538	1103
			2537	1104
			2536	1105
			2535	1106
			2535	1107
			2534	1108
			2533	1109
			2533	1110
			2532	1111
			2531	1112
			2530	1113
			2529	1114
			2528	1115
			2527	1116
			2526	1117
			2525	1118
			2524	1119
			2523	1120
			2522	1121
			2521	1122
			2520	1123
			2519	1124
			2518	1124
			2518	1125
			2517	1125
			2516	1126
			2515	1127
			2514	1128
			2513	1128
			2512	1129
			2511	1130
			2510	1130
			2510	1131
			2509	1132
			2508	1132
			2507	1133
			2506	1133
			2505	1134
			2504	1134
			2503	1135
			2502	1136
			2501	1136
			2500	1137
			2499	1137
			2498	1138
			2497	1139
			2496	1139
			2495	1140
			2494	1140
			2493	1141
			2492	1141
			2491	1142
			2490	1142
			2489	1142
			2488	1142
			2487	1143
			2486	1143
			2485	1143
			2484	1144
			2483	1144
			2482	1144
			2481	1144
			2480	1145
			2479	1145
			2478	1145
			2477	1146
			2476	1146
			2475	1147
			2474	1147
			2473	1148
			2472	1148
			2471	1148
			2471	1149
			2470	1149
			2469	1149
			2468	1149
			2468	1150
			2467	1150
			2466	1150
			2465	1151
			2464	1151
			2463	1152
			2462	1152
			2461	1152
			2461	1153
			2460	1153
			2460	1154
			2459	1154
			2459	1155
			2458	1155
			2457	1156
			2456	1157
			2455	1158
			2454	1159
			2453	1160
			2452	1161
			2451	1161
			2450	1162
		</Outline4>
	</curves.pixel>
	<curves.scaled type=list>
		<Outline1 type=matrix rownames=FALSE colnames=FALSE nrow=210 ncol=2 as.numeric=TRUE >
			15.6149906836112	-7.40596700994133
			15.6086172180261	-7.41234047552648
			15.602243752441	-7.41234047552648
			15.5958702868558	-7.41871394111163
			15.5894968212707	-7.42508740669678
			15.5831233556855	-7.43146087228192
			15.5767498901004	-7.43146087228192
			15.5703764245152	-7.43783433786707
			15.5640029589301	-7.43783433786707
			15.5576294933449	-7.44420780345222
			15.5512560277598	-7.45058126903737
			15.5448825621746	-7.45058126903737
			15.5385090965895	-7.45695473462251
			15.5321356310043	-7.45695473462251
			15.5257621654192	-7.46332820020766
			15.519388699834	-7.46332820020766
			15.5130152342489	-7.46970166579281
			15.5066417686637	-7.47607513137796
			15.5002683030786	-7.47607513137796
			15.4938948374934	-7.47607513137796
			15.4875213719083	-7.4824485969631
			15.4811479063232	-7.48882206254825
			15.474774440738	-7.48882206254825
			15.4684009751529	-7.4951955281334
			15.4620275095677	-7.4951955281334
			15.4556540439826	-7.4951955281334
			15.4492805783974	-7.50156899371855
			15.4429071128123	-7.50156899371855
			15.4365336472271	-7.50794245930369
			15.430160181642	-7.50794245930369
			15.4237867160568	-7.51431592488884
			15.4174132504717	-7.51431592488884
			15.4110397848865	-7.51431592488884
			15.4110397848865	-7.52068939047399
			15.4046663193014	-7.52068939047399
			15.3982928537162	-7.52068939047399
			15.3919193881311	-7.52706285605914
			15.3855459225459	-7.52706285605914
			15.3791724569608	-7.53343632164428
			15.3727989913756	-7.53343632164428
			15.3664255257905	-7.53343632164428
			15.3600520602053	-7.53980978722943
			15.3536785946202	-7.53980978722943
			15.3473051290351	-7.53980978722943
			15.3409316634499	-7.54618325281458
			15.3345581978648	-7.54618325281458
			15.3281847322796	-7.54618325281458
			15.3218112666945	-7.54618325281458
			15.3154378011093	-7.55255671839973
			15.3090643355242	-7.55255671839973
			15.302690869939	-7.55255671839973
			15.2963174043539	-7.55255671839973
			15.2899439387687	-7.55893018398487
			15.2835704731836	-7.55893018398487
			15.2771970075984	-7.55893018398487
			15.2708235420133	-7.55893018398487
			15.2644500764281	-7.55893018398487
			15.2644500764281	-7.56530364957002
			15.258076610843	-7.56530364957002
			15.2517031452578	-7.56530364957002
			15.2453296796727	-7.56530364957002
			15.2389562140875	-7.56530364957002
			15.2325827485024	-7.56530364957002
			15.2262092829173	-7.57167711515517
			15.2198358173321	-7.57167711515517
			15.213462351747	-7.57167711515517
			15.2070888861618	-7.57167711515517
			15.2007154205767	-7.57167711515517
			15.1943419549915	-7.57805058074032
			15.1879684894064	-7.57805058074032
			15.1815950238212	-7.57805058074032
			15.1752215582361	-7.57805058074032
			15.1688480926509	-7.57805058074032
			15.1624746270658	-7.57805058074032
			15.1561011614806	-7.57805058074032
			15.1497276958955	-7.58442404632546
			15.1433542303103	-7.58442404632546
			15.1369807647252	-7.58442404632546
			15.13060729914	-7.58442404632546
			15.1242338335549	-7.58442404632546
			15.1178603679697	-7.58442404632546
			15.1114869023846	-7.58442404632546
			15.1051134367995	-7.58442404632546
			15.0987399712143	-7.58442404632546
			15.0923665056292	-7.58442404632546
			15.085993040044	-7.58442404632546
			15.0796195744589	-7.58442404632546
			15.0732461088737	-7.58442404632546
			15.0668726432886	-7.58442404632546
			15.0604991777034	-7.58442404632546
			15.0541257121183	-7.58442404632546
			15.0477522465331	-7.58442404632546
			15.041378780948	-7.58442404632546
			15.0350053153628	-7.57805058074032
			15.0286318497777	-7.57805058074032
			15.0222583841925	-7.57805058074032
			15.0158849186074	-7.57805058074032
			15.0095114530222	-7.57805058074032
			15.0031379874371	-7.57805058074032
			14.9967645218519	-7.57805058074032
			14.9903910562668	-7.57167711515517
			14.9840175906817	-7.57167711515517
			14.9776441250965	-7.57167711515517
			14.9712706595114	-7.57167711515517
			14.9712706595114	-7.56530364957002
			14.9648971939262	-7.56530364957002
			14.9585237283411	-7.56530364957002
			14.9521502627559	-7.56530364957002
			14.9457767971708	-7.55893018398487
			14.9394033315856	-7.55893018398487
			14.9330298660005	-7.55255671839973
			14.9266564004153	-7.55255671839973
			14.9202829348302	-7.54618325281458
			14.913909469245	-7.54618325281458
			14.9075360036599	-7.53980978722943
			14.9011625380747	-7.53980978722943
			14.8947890724896	-7.53980978722943
			14.8947890724896	-7.53343632164428
			14.8884156069044	-7.52706285605914
			14.8820421413193	-7.52706285605914
			14.8756686757341	-7.52068939047399
			14.869295210149	-7.51431592488884
			14.8629217445638	-7.50794245930369
			14.8565482789787	-7.50156899371855
			14.8501748133936	-7.4951955281334
			14.8438013478084	-7.48882206254825
			14.8438013478084	-7.4824485969631
			14.8374278822233	-7.47607513137796
			14.8310544166381	-7.46970166579281
			14.824680951053	-7.46332820020766
			14.824680951053	-7.45695473462251
			14.8183074854678	-7.45058126903737
			14.8183074854678	-7.44420780345222
			14.8119340198827	-7.43783433786707
			14.8119340198827	-7.43146087228192
			14.8055605542975	-7.42508740669678
			14.8055605542975	-7.41871394111163
			14.7991870887124	-7.41234047552648
			14.7991870887124	-7.40596700994133
			14.7928136231272	-7.39959354435619
			14.7928136231272	-7.39322007877104
			14.7928136231272	-7.38684661318589
			14.7864401575421	-7.38047314760074
			14.7864401575421	-7.3740996820156
			14.7800666919569	-7.36772621643045
			14.7800666919569	-7.3613527508453
			14.7736932263718	-7.35497928526016
			14.7736932263718	-7.34860581967501
			14.7736932263718	-7.34223235408986
			14.7673197607866	-7.33585888850471
			14.7673197607866	-7.32948542291957
			14.7609462952015	-7.32311195733442
			14.7609462952015	-7.31673849174927
			14.7609462952015	-7.31036502616412
			14.7545728296163	-7.30399156057898
			14.7545728296163	-7.29761809499383
			14.7545728296163	-7.29124462940868
			14.7545728296163	-7.28487116382353
			14.7481993640312	-7.27849769823839
			14.7481993640312	-7.27212423265324
			14.7481993640312	-7.26575076706809
			14.7481993640312	-7.25937730148294
			14.741825898446	-7.25937730148294
			14.741825898446	-7.2530038358978
			14.741825898446	-7.24663037031265
			14.741825898446	-7.2402569047275
			14.7354524328609	-7.23388343914235
			14.7354524328609	-7.22750997355721
			14.7354524328609	-7.22113650797206
			14.7354524328609	-7.21476304238691
			14.7354524328609	-7.20838957680176
			14.7290789672758	-7.20201611121662
			14.7290789672758	-7.19564264563147
			14.7290789672758	-7.18926918004632
			14.7290789672758	-7.18289571446117
			14.7290789672758	-7.17652224887603
			14.7290789672758	-7.17014878329088
			14.7290789672758	-7.16377531770573
			14.7290789672758	-7.15740185212058
			14.7290789672758	-7.15102838653544
			14.7290789672758	-7.14465492095029
			14.7290789672758	-7.13828145536514
			14.7290789672758	-7.13190798977999
			14.7290789672758	-7.12553452419485
			14.7290789672758	-7.1191610586097
			14.7290789672758	-7.11278759302455
			14.7290789672758	-7.1064141274394
			14.7290789672758	-7.10004066185426
			14.7290789672758	-7.09366719626911
			14.7290789672758	-7.08729373068396
			14.7354524328609	-7.08092026509881
			14.7354524328609	-7.07454679951367
			14.7354524328609	-7.06817333392852
			14.7354524328609	-7.06179986834337
			14.7354524328609	-7.05542640275822
			14.7354524328609	-7.04905293717308
			14.7354524328609	-7.04267947158793
			14.7354524328609	-7.03630600600278
			14.7354524328609	-7.02993254041763
			14.7354524328609	-7.02355907483249
			14.7290789672758	-7.01718560924734
			14.7290789672758	-7.01081214366219
			14.7290789672758	-7.00443867807705
			14.7290789672758	-6.9980652124919
			14.7290789672758	-6.99169174690675
			14.7290789672758	-6.9853182813216
			14.7290789672758	-6.97894481573646
			14.7227055016906	-6.97257135015131
			14.7227055016906	-6.96619788456616
			14.7227055016906	-6.95982441898101
		</Outline1>
		<Outline2 type=matrix rownames=FALSE colnames=FALSE nrow=177 ncol=2 as.numeric=TRUE >
			14.7227055016906	-6.95982441898101
			14.7227055016906	-6.95345095339587
			14.7227055016906	-6.94707748781072
			14.7227055016906	-6.94070402222557
			14.7227055016906	-6.93433055664042
			14.7227055016906	-6.92795709105528
			14.7227055016906	-6.92158362547013
			14.7227055016906	-6.91521015988498
			14.7227055016906	-6.90883669429983
			14.7227055016906	-6.90246322871469
			14.7227055016906	-6.89608976312954
			14.7227055016906	-6.88971629754439
			14.7227055016906	-6.88334283195924
			14.7227055016906	-6.8769693663741
			14.7227055016906	-6.87059590078895
			14.7227055016906	-6.8642224352038
			14.7227055016906	-6.85784896961865
			14.7227055016906	-6.85147550403351
			14.7227055016906	-6.84510203844836
			14.7227055016906	-6.83872857286321
			14.7227055016906	-6.83235510727806
			14.7227055016906	-6.82598164169292
			14.7227055016906	-6.81960817610777
			14.7227055016906	-6.81323471052262
			14.7227055016906	-6.80686124493747
			14.7227055016906	-6.80048777935233
			14.7227055016906	-6.79411431376718
			14.7227055016906	-6.78774084818203
			14.7227055016906	-6.78136738259688
			14.7227055016906	-6.77499391701174
			14.7227055016906	-6.76862045142659
			14.7227055016906	-6.76224698584144
			14.7227055016906	-6.7558735202563
			14.7227055016906	-6.74950005467115
			14.7227055016906	-6.743126589086
			14.7227055016906	-6.73675312350085
			14.7227055016906	-6.73037965791571
			14.7290789672758	-6.72400619233056
			14.7290789672758	-6.71763272674541
			14.7290789672758	-6.71125926116026
			14.7290789672758	-6.70488579557512
			14.7290789672758	-6.69851232998997
			14.7290789672758	-6.69213886440482
			14.7290789672758	-6.68576539881967
			14.7290789672758	-6.67939193323453
			14.7290789672758	-6.67301846764938
			14.7354524328609	-6.66664500206423
			14.7354524328609	-6.66027153647908
			14.7354524328609	-6.65389807089394
			14.7354524328609	-6.64752460530879
			14.7354524328609	-6.64115113972364
			14.7354524328609	-6.63477767413849
			14.7354524328609	-6.62840420855335
			14.7354524328609	-6.6220307429682
			14.7354524328609	-6.61565727738305
			14.741825898446	-6.6092838117979
			14.741825898446	-6.60291034621276
			14.741825898446	-6.59653688062761
			14.741825898446	-6.59016341504246
			14.741825898446	-6.58378994945731
			14.741825898446	-6.57741648387217
			14.741825898446	-6.57104301828702
			14.741825898446	-6.56466955270187
			14.7481993640312	-6.55829608711672
			14.7481993640312	-6.55192262153158
			14.7481993640312	-6.54554915594643
			14.7481993640312	-6.53917569036128
			14.7481993640312	-6.53280222477613
			14.7481993640312	-6.52642875919099
			14.7545728296163	-6.52005529360584
			14.7545728296163	-6.51368182802069
			14.7545728296163	-6.50730836243554
			14.7545728296163	-6.5009348968504
			14.7609462952015	-6.49456143126525
			14.7609462952015	-6.4881879656801
			14.7609462952015	-6.48181450009495
			14.7673197607866	-6.47544103450981
			14.7673197607866	-6.46906756892466
			14.7736932263718	-6.46269410333951
			14.7736932263718	-6.45632063775436
			14.7800666919569	-6.44994717216922
			14.7800666919569	-6.44357370658407
			14.7800666919569	-6.43720024099892
			14.7864401575421	-6.43082677541377
			14.7864401575421	-6.42445330982863
			14.7928136231272	-6.41807984424348
			14.7928136231272	-6.41170637865833
			14.7991870887124	-6.40533291307319
			14.7991870887124	-6.39895944748804
			14.8055605542975	-6.39258598190289
			14.8119340198827	-6.38621251631774
			14.8119340198827	-6.3798390507326
			14.8183074854678	-6.3798390507326
			14.8183074854678	-6.37346558514745
			14.824680951053	-6.3670921195623
			14.824680951053	-6.36071865397715
			14.8310544166381	-6.36071865397715
			14.8310544166381	-6.35434518839201
			14.8374278822233	-6.34797172280686
			14.8374278822233	-6.34159825722171
			14.8438013478084	-6.34159825722171
			14.8438013478084	-6.33522479163656
			14.8501748133936	-6.32885132605142
			14.8565482789787	-6.32247786046627
			14.8629217445638	-6.31610439488112
			14.869295210149	-6.30973092929597
			14.869295210149	-6.30335746371083
			14.8756686757341	-6.30335746371083
			14.8820421413193	-6.29698399812568
			14.8884156069044	-6.29061053254053
			14.8947890724896	-6.28423706695538
			14.9011625380747	-6.27786360137024
			14.9075360036599	-6.27786360137024
			14.913909469245	-6.27149013578509
			14.9202829348302	-6.26511667019994
			14.9266564004153	-6.25874320461479
			14.9330298660005	-6.25874320461479
			14.9394033315856	-6.25236973902965
			14.9457767971708	-6.2459962734445
			14.9521502627559	-6.23962280785935
			14.9585237283411	-6.23962280785935
			14.9648971939262	-6.2332493422742
			14.9712706595114	-6.22687587668906
			14.9776441250965	-6.22687587668906
			14.9840175906817	-6.22050241110391
			14.9903910562668	-6.21412894551876
			14.9967645218519	-6.21412894551876
			15.0031379874371	-6.20775547993361
			15.0095114530222	-6.20775547993361
			15.0158849186074	-6.20775547993361
			15.0158849186074	-6.20138201434847
			15.0222583841925	-6.20138201434847
			15.0286318497777	-6.20138201434847
			15.0350053153628	-6.19500854876332
			15.041378780948	-6.19500854876332
			15.0477522465331	-6.19500854876332
			15.0541257121183	-6.18863508317817
			15.0604991777034	-6.18863508317817
			15.0668726432886	-6.18863508317817
			15.0732461088737	-6.18226161759302
			15.0796195744589	-6.18226161759302
			15.085993040044	-6.18226161759302
			15.0923665056292	-6.18226161759302
			15.0987399712143	-6.17588815200788
			15.1051134367995	-6.17588815200788
			15.1114869023846	-6.17588815200788
			15.1178603679697	-6.16951468642273
			15.1242338335549	-6.16951468642273
			15.13060729914	-6.16951468642273
			15.1369807647252	-6.16951468642273
			15.1433542303103	-6.16314122083758
			15.1497276958955	-6.16314122083758
			15.1561011614806	-6.16314122083758
			15.1624746270658	-6.15676775525243
			15.1688480926509	-6.15676775525243
			15.1752215582361	-6.15676775525243
			15.1815950238212	-6.15039428966729
			15.1879684894064	-6.15039428966729
			15.1943419549915	-6.15039428966729
			15.2007154205767	-6.15039428966729
			15.2070888861618	-6.14402082408214
			15.213462351747	-6.14402082408214
			15.2198358173321	-6.14402082408214
			15.2262092829173	-6.14402082408214
			15.2325827485024	-6.13764735849699
			15.2389562140875	-6.13764735849699
			15.2453296796727	-6.13764735849699
			15.2517031452578	-6.13127389291185
			15.258076610843	-6.13127389291185
			15.2644500764281	-6.13127389291185
			15.2708235420133	-6.13127389291185
			15.2771970075984	-6.1249004273267
			15.2835704731836	-6.1249004273267
			15.2899439387687	-6.1249004273267
			15.2963174043539	-6.11852696174155
			15.302690869939	-6.11852696174155
			15.3090643355242	-6.11852696174155
		</Outline2>
		<Outline3 type=matrix rownames=FALSE colnames=FALSE nrow=177 ncol=2 as.numeric=TRUE >
			15.3090643355242	-6.11852696174155
			15.3154378011093	-6.11852696174155
			15.3218112666945	-6.11852696174155
			15.3281847322796	-6.1121534961564
			15.3345581978648	-6.1121534961564
			15.3409316634499	-6.1121534961564
			15.3473051290351	-6.1121534961564
			15.3536785946202	-6.1121534961564
			15.3600520602053	-6.1121534961564
			15.3664255257905	-6.1121534961564
			15.3727989913756	-6.1121534961564
			15.3791724569608	-6.1121534961564
			15.3855459225459	-6.10578003057126
			15.3919193881311	-6.10578003057126
			15.3982928537162	-6.10578003057126
			15.4046663193014	-6.10578003057126
			15.4110397848865	-6.10578003057126
			15.4174132504717	-6.10578003057126
			15.4237867160568	-6.10578003057126
			15.430160181642	-6.10578003057126
			15.4365336472271	-6.10578003057126
			15.4429071128123	-6.09940656498611
			15.4492805783974	-6.09940656498611
			15.4556540439826	-6.09940656498611
			15.4620275095677	-6.09940656498611
			15.4684009751529	-6.09940656498611
			15.474774440738	-6.09940656498611
			15.4811479063232	-6.09940656498611
			15.4875213719083	-6.09940656498611
			15.4938948374934	-6.09940656498611
			15.5002683030786	-6.09940656498611
			15.5066417686637	-6.09940656498611
			15.5130152342489	-6.09940656498611
			15.519388699834	-6.09940656498611
			15.5257621654192	-6.09940656498611
			15.5321356310043	-6.09940656498611
			15.5385090965895	-6.09940656498611
			15.5448825621746	-6.09940656498611
			15.5512560277598	-6.09940656498611
			15.5576294933449	-6.09940656498611
			15.5640029589301	-6.09940656498611
			15.5703764245152	-6.09940656498611
			15.5767498901004	-6.09940656498611
			15.5831233556855	-6.09940656498611
			15.5894968212707	-6.09940656498611
			15.5958702868558	-6.09940656498611
			15.602243752441	-6.09940656498611
			15.6086172180261	-6.09940656498611
			15.6149906836112	-6.09940656498611
			15.6213641491964	-6.09940656498611
			15.6277376147815	-6.09940656498611
			15.6341110803667	-6.09940656498611
			15.6404845459518	-6.09940656498611
			15.646858011537	-6.09940656498611
			15.6532314771221	-6.09940656498611
			15.6596049427073	-6.09940656498611
			15.6659784082924	-6.09940656498611
			15.6723518738776	-6.09940656498611
			15.6787253394627	-6.09940656498611
			15.6850988050479	-6.09940656498611
			15.691472270633	-6.09940656498611
			15.6978457362182	-6.09940656498611
			15.7042192018033	-6.09940656498611
			15.7105926673885	-6.09940656498611
			15.7169661329736	-6.10578003057126
			15.7233395985588	-6.10578003057126
			15.7297130641439	-6.10578003057126
			15.736086529729	-6.10578003057126
			15.7424599953142	-6.10578003057126
			15.7488334608993	-6.10578003057126
			15.7552069264845	-6.10578003057126
			15.7615803920696	-6.1121534961564
			15.7679538576548	-6.1121534961564
			15.7743273232399	-6.1121534961564
			15.7807007888251	-6.1121534961564
			15.7870742544102	-6.1121534961564
			15.7934477199954	-6.1121534961564
			15.7998211855805	-6.11852696174155
			15.8061946511657	-6.11852696174155
			15.8125681167508	-6.11852696174155
			15.818941582336	-6.1249004273267
			15.8253150479211	-6.1249004273267
			15.8316885135063	-6.1249004273267
			15.8380619790914	-6.1249004273267
			15.8444354446766	-6.13127389291185
			15.8508089102617	-6.13127389291185
			15.8571823758469	-6.13127389291185
			15.863555841432	-6.13764735849699
			15.8699293070171	-6.13764735849699
			15.8763027726023	-6.13764735849699
			15.8826762381874	-6.13764735849699
			15.8826762381874	-6.14402082408214
			15.8890497037726	-6.14402082408214
			15.8954231693577	-6.15039428966729
			15.9017966349429	-6.15039428966729
			15.908170100528	-6.15676775525243
			15.9145435661132	-6.15676775525243
			15.9209170316983	-6.15676775525243
			15.9272904972835	-6.16314122083758
			15.9336639628686	-6.16314122083758
			15.9400374284538	-6.16951468642273
			15.9464108940389	-6.16951468642273
			15.9527843596241	-6.17588815200788
			15.9591578252092	-6.17588815200788
			15.9655312907944	-6.18226161759302
			15.9719047563795	-6.18863508317817
			15.9782782219647	-6.18863508317817
			15.9846516875498	-6.19500854876332
			15.9910251531349	-6.19500854876332
			15.9973986187201	-6.20138201434847
			16.0037720843052	-6.20775547993361
			16.0101455498904	-6.21412894551876
			16.0165190154755	-6.22050241110391
			16.0228924810607	-6.22050241110391
			16.0228924810607	-6.22687587668906
			16.0292659466458	-6.2332493422742
			16.035639412231	-6.23962280785935
			16.0420128778161	-6.23962280785935
			16.0420128778161	-6.2459962734445
			16.0483863434013	-6.25236973902965
			16.0547598089864	-6.25874320461479
			16.0611332745716	-6.25874320461479
			16.0611332745716	-6.26511667019994
			16.0675067401567	-6.27149013578509
			16.0738802057419	-6.27786360137024
			16.080253671327	-6.28423706695538
			16.0866271369122	-6.29061053254053
			16.0866271369122	-6.29698399812568
			16.0930006024973	-6.29698399812568
			16.0993740680825	-6.30335746371083
			16.1057475336676	-6.30973092929597
			16.1121209992527	-6.31610439488112
			16.1121209992527	-6.32247786046627
			16.1184944648379	-6.32885132605142
			16.124867930423	-6.33522479163656
			16.1312413960082	-6.34159825722171
			16.1376148615933	-6.34797172280686
			16.1439883271785	-6.35434518839201
			16.1503617927636	-6.36071865397715
			16.1567352583488	-6.3670921195623
			16.1631087239339	-6.37346558514745
			16.1694821895191	-6.3798390507326
			16.1758556551042	-6.3798390507326
			16.1758556551042	-6.38621251631774
			16.1822291206894	-6.39258598190289
			16.1886025862745	-6.39258598190289
			16.1949760518597	-6.39895944748804
			16.1949760518597	-6.40533291307319
			16.2013495174448	-6.40533291307319
			16.20772298303	-6.41170637865833
			16.2140964486151	-6.41807984424348
			16.2140964486151	-6.42445330982863
			16.2204699142003	-6.42445330982863
			16.2268433797854	-6.43082677541377
			16.2268433797854	-6.43720024099892
			16.2332168453705	-6.44357370658407
			16.2332168453705	-6.44994717216922
			16.2395903109557	-6.45632063775436
			16.2395903109557	-6.46269410333951
			16.2459637765408	-6.46906756892466
			16.2459637765408	-6.47544103450981
			16.252337242126	-6.48181450009495
			16.252337242126	-6.4881879656801
			16.2587107077111	-6.4881879656801
			16.2587107077111	-6.49456143126525
			16.2587107077111	-6.5009348968504
			16.2650841732963	-6.50730836243554
			16.2650841732963	-6.51368182802069
			16.2650841732963	-6.52005529360584
			16.2714576388814	-6.52005529360584
			16.2714576388814	-6.52642875919099
			16.2714576388814	-6.53280222477613
			16.2778311044666	-6.53917569036128
			16.2778311044666	-6.54554915594643
			16.2778311044666	-6.55192262153158
			16.2842045700517	-6.55829608711672
			16.2842045700517	-6.56466955270187
		</Outline3>
		<Outline4 type=matrix rownames=FALSE colnames=FALSE nrow=173 ncol=2 as.numeric=TRUE >
			16.2842045700517	-6.56466955270187
			16.2842045700517	-6.57104301828702
			16.2842045700517	-6.57741648387217
			16.2842045700517	-6.58378994945731
			16.2778311044666	-6.59016341504246
			16.2778311044666	-6.59653688062761
			16.2778311044666	-6.60291034621276
			16.2778311044666	-6.6092838117979
			16.2778311044666	-6.61565727738305
			16.2714576388814	-6.6220307429682
			16.2714576388814	-6.62840420855335
			16.2714576388814	-6.63477767413849
			16.2714576388814	-6.64115113972364
			16.2714576388814	-6.64752460530879
			16.2650841732963	-6.64752460530879
			16.2650841732963	-6.65389807089394
			16.2650841732963	-6.66027153647908
			16.2650841732963	-6.66664500206423
			16.2650841732963	-6.67301846764938
			16.2650841732963	-6.67939193323453
			16.2650841732963	-6.68576539881967
			16.2650841732963	-6.69213886440482
			16.2650841732963	-6.69851232998997
			16.2650841732963	-6.70488579557512
			16.2650841732963	-6.71125926116026
			16.2650841732963	-6.71763272674541
			16.2650841732963	-6.72400619233056
			16.2650841732963	-6.73037965791571
			16.2650841732963	-6.73675312350085
			16.2650841732963	-6.743126589086
			16.2650841732963	-6.74950005467115
			16.2650841732963	-6.7558735202563
			16.2650841732963	-6.76224698584144
			16.2650841732963	-6.76862045142659
			16.2650841732963	-6.77499391701174
			16.2650841732963	-6.78136738259688
			16.2650841732963	-6.78774084818203
			16.2650841732963	-6.79411431376718
			16.2650841732963	-6.80048777935233
			16.2650841732963	-6.80686124493747
			16.2650841732963	-6.81323471052262
			16.2650841732963	-6.81960817610777
			16.2650841732963	-6.82598164169292
			16.2587107077111	-6.83235510727806
			16.2587107077111	-6.83872857286321
			16.2587107077111	-6.84510203844836
			16.2587107077111	-6.85147550403351
			16.2587107077111	-6.85784896961865
			16.252337242126	-6.8642224352038
			16.2459637765408	-6.87059590078895
			16.2459637765408	-6.8769693663741
			16.2395903109557	-6.88334283195924
			16.2332168453705	-6.88334283195924
			16.2332168453705	-6.88971629754439
			16.2268433797854	-6.89608976312954
			16.2204699142003	-6.90246322871469
			16.2204699142003	-6.90883669429983
			16.2204699142003	-6.91521015988498
			16.2204699142003	-6.92158362547013
			16.2204699142003	-6.92795709105528
			16.2204699142003	-6.93433055664042
			16.2140964486151	-6.94070402222557
			16.2140964486151	-6.94707748781072
			16.2140964486151	-6.95345095339587
			16.2140964486151	-6.95982441898101
			16.2140964486151	-6.96619788456616
			16.20772298303	-6.97257135015131
			16.20772298303	-6.97894481573646
			16.20772298303	-6.9853182813216
			16.2013495174448	-6.99169174690675
			16.2013495174448	-6.9980652124919
			16.1949760518597	-7.00443867807705
			16.1886025862745	-7.01081214366219
			16.1822291206894	-7.01718560924734
			16.1758556551042	-7.02355907483249
			16.1758556551042	-7.02993254041763
			16.1694821895191	-7.03630600600278
			16.1631087239339	-7.04267947158793
			16.1567352583488	-7.04905293717308
			16.1567352583488	-7.05542640275822
			16.1503617927636	-7.06179986834337
			16.1439883271785	-7.06817333392852
			16.1439883271785	-7.07454679951367
			16.1376148615933	-7.08092026509881
			16.1312413960082	-7.08729373068396
			16.124867930423	-7.09366719626911
			16.1184944648379	-7.10004066185426
			16.1121209992527	-7.1064141274394
			16.1057475336676	-7.11278759302455
			16.0993740680825	-7.1191610586097
			16.0930006024973	-7.12553452419485
			16.0866271369122	-7.13190798977999
			16.080253671327	-7.13828145536514
			16.0738802057419	-7.14465492095029
			16.0675067401567	-7.15102838653544
			16.0611332745716	-7.15740185212058
			16.0547598089864	-7.16377531770573
			16.0483863434013	-7.16377531770573
			16.0483863434013	-7.17014878329088
			16.0420128778161	-7.17014878329088
			16.035639412231	-7.17652224887603
			16.0292659466458	-7.18289571446117
			16.0228924810607	-7.18926918004632
			16.0165190154755	-7.18926918004632
			16.0101455498904	-7.19564264563147
			16.0037720843052	-7.20201611121662
			15.9973986187201	-7.20201611121662
			15.9973986187201	-7.20838957680176
			15.9910251531349	-7.21476304238691
			15.9846516875498	-7.21476304238691
			15.9782782219647	-7.22113650797206
			15.9719047563795	-7.22113650797206
			15.9655312907944	-7.22750997355721
			15.9591578252092	-7.22750997355721
			15.9527843596241	-7.23388343914235
			15.9464108940389	-7.2402569047275
			15.9400374284538	-7.2402569047275
			15.9336639628686	-7.24663037031265
			15.9272904972835	-7.24663037031265
			15.9209170316983	-7.2530038358978
			15.9145435661132	-7.25937730148294
			15.908170100528	-7.25937730148294
			15.9017966349429	-7.26575076706809
			15.8954231693577	-7.26575076706809
			15.8890497037726	-7.27212423265324
			15.8826762381874	-7.27212423265324
			15.8763027726023	-7.27849769823839
			15.8699293070171	-7.27849769823839
			15.863555841432	-7.27849769823839
			15.8571823758469	-7.27849769823839
			15.8508089102617	-7.28487116382353
			15.8444354446766	-7.28487116382353
			15.8380619790914	-7.28487116382353
			15.8316885135063	-7.29124462940868
			15.8253150479211	-7.29124462940868
			15.818941582336	-7.29124462940868
			15.8125681167508	-7.29124462940868
			15.8061946511657	-7.29761809499383
			15.7998211855805	-7.29761809499383
			15.7934477199954	-7.29761809499383
			15.7870742544102	-7.30399156057898
			15.7807007888251	-7.30399156057898
			15.7743273232399	-7.31036502616412
			15.7679538576548	-7.31036502616412
			15.7615803920696	-7.31673849174927
			15.7552069264845	-7.31673849174927
			15.7488334608993	-7.31673849174927
			15.7488334608993	-7.32311195733442
			15.7424599953142	-7.32311195733442
			15.736086529729	-7.32311195733442
			15.7297130641439	-7.32311195733442
			15.7297130641439	-7.32948542291957
			15.7233395985588	-7.32948542291957
			15.7169661329736	-7.32948542291957
			15.7105926673885	-7.33585888850471
			15.7042192018033	-7.33585888850471
			15.6978457362182	-7.34223235408986
			15.691472270633	-7.34223235408986
			15.6850988050479	-7.34223235408986
			15.6850988050479	-7.34860581967501
			15.6787253394627	-7.34860581967501
			15.6787253394627	-7.35497928526016
			15.6723518738776	-7.35497928526016
			15.6723518738776	-7.3613527508453
			15.6659784082924	-7.3613527508453
			15.6596049427073	-7.36772621643045
			15.6532314771221	-7.3740996820156
			15.646858011537	-7.38047314760074
			15.6404845459518	-7.38684661318589
			15.6341110803667	-7.39322007877104
			15.6277376147815	-7.39959354435619
			15.6213641491964	-7.39959354435619
			15.6149906836112	-7.40596700994133
		</Outline4>
	</curves.scaled>
	<ruler.points type=matrix rownames=TRUE colnames=FALSE nrow=2 ncol=2 as.numeric=TRUE >
		Ruler point 1	4091	2364
		Ruler point 2	2522	2368
	</ruler.points>
</shapes>

