<shapes type=list>
	<ruler.pixel type=vector names=FALSE length=1 as.numeric=TRUE >804.005596995444</ruler.pixel>
	<ruler.interval type=vector names=FALSE length=1 as.numeric=TRUE >10</ruler.interval>
	<scaling.units type=vector names=FALSE length=1 as.numeric=FALSE >mm</scaling.units>
	<scaling type=vector names=FALSE length=1 as.numeric=TRUE >0.0124377243608376</scaling>
	<landmarks.pixel type=matrix rownames=TRUE colnames=FALSE nrow=4 ncol=2 as.numeric=TRUE >
		Labial	2388	1769
		Posterior	2310	1728
		Lingual	2353	1651
		Anterior	2434	1692
	</landmarks.pixel>
	<landmarks.scaled type=matrix rownames=TRUE colnames=FALSE nrow=4 ncol=2 as.numeric=TRUE >
		Labial	29.7012857736802	-22.0023343943217
		Posterior	28.7311432735348	-21.4923876955274
		Lingual	29.2659654210508	-20.5346829197429
		Anterior	30.2734210942787	-21.0446296185372
	</landmarks.scaled>
	<curves.control type=list>
		<Outline1 type=matrix rownames=FALSE colnames=FALSE nrow=21 ncol=2 as.numeric=TRUE >
			2388	1769
			2384	1772
			2380	1776
			2375	1780
			2370	1783
			2364	1785
			2358	1787
			2352	1788
			2346	1788
			2340	1787
			2334	1786
			2329	1783
			2325	1778
			2322	1774
			2319	1769
			2317	1765
			2315	1760
			2313	1754
			2312	1747
			2311	1739
			2310	1728
		</Outline1>
		<Outline2 type=matrix rownames=FALSE colnames=FALSE nrow=15 ncol=2 as.numeric=TRUE >
			2310	1728
			2310	1719
			2310	1710
			2310	1701
			2310	1693
			2311	1685
			2313	1678
			2315	1672
			2317	1668
			2321	1663
			2327	1660
			2332	1658
			2337	1656
			2345	1653
			2353	1651
		</Outline2>
		<Outline3 type=matrix rownames=FALSE colnames=FALSE nrow=15 ncol=2 as.numeric=TRUE >
			2353	1651
			2360	1650
			2370	1649
			2380	1649
			2388	1650
			2394	1652
			2400	1654
			2407	1658
			2413	1663
			2418	1668
			2423	1674
			2426	1679
			2429	1683
			2431	1687
			2434	1692
		</Outline3>
		<Outline4 type=matrix rownames=FALSE colnames=FALSE nrow=19 ncol=2 as.numeric=TRUE >
			2434	1692
			2435	1698
			2436	1705
			2436	1709
			2437	1714
			2438	1721
			2437	1728
			2434	1736
			2430	1742
			2426	1747
			2422	1751
			2417	1754
			2413	1756
			2407	1758
			2403	1760
			2399	1762
			2395	1764
			2391	1766
			2388	1769
		</Outline4>
	</curves.control>
	<curves.pixel type=list>
		<Outline1 type=matrix rownames=FALSE colnames=FALSE nrow=120 ncol=2 as.numeric=TRUE >
			2388	1769
			2387	1769
			2387	1770
			2386	1770
			2385	1771
			2385	1772
			2384	1772
			2384	1773
			2383	1773
			2382	1774
			2381	1775
			2380	1776
			2379	1777
			2378	1778
			2377	1779
			2376	1779
			2375	1780
			2374	1781
			2373	1781
			2372	1782
			2371	1782
			2370	1783
			2369	1783
			2368	1784
			2367	1784
			2366	1784
			2365	1785
			2364	1785
			2363	1785
			2362	1786
			2361	1786
			2360	1786
			2359	1787
			2358	1787
			2357	1787
			2356	1787
			2355	1787
			2354	1788
			2353	1788
			2352	1788
			2351	1788
			2350	1788
			2349	1788
			2348	1788
			2347	1788
			2346	1788
			2345	1788
			2344	1788
			2343	1787
			2342	1787
			2341	1787
			2340	1787
			2339	1787
			2338	1787
			2337	1786
			2336	1786
			2335	1786
			2334	1786
			2333	1785
			2332	1785
			2331	1784
			2330	1783
			2329	1782
			2328	1781
			2327	1781
			2326	1780
			2326	1779
			2325	1778
			2324	1777
			2324	1776
			2323	1775
			2322	1774
			2321	1773
			2321	1772
			2320	1771
			2320	1770
			2319	1769
			2318	1768
			2318	1767
			2318	1766
			2317	1766
			2317	1765
			2317	1764
			2316	1763
			2316	1762
			2315	1761
			2315	1760
			2315	1759
			2314	1758
			2314	1757
			2314	1756
			2313	1755
			2313	1754
			2313	1753
			2313	1752
			2313	1751
			2312	1750
			2312	1749
			2312	1748
			2312	1747
			2312	1746
			2312	1745
			2312	1744
			2312	1743
			2311	1743
			2311	1742
			2311	1741
			2311	1740
			2311	1739
			2311	1738
			2311	1737
			2311	1736
			2311	1735
			2311	1734
			2310	1733
			2310	1732
			2310	1731
			2310	1730
			2310	1729
			2310	1728
		</Outline1>
		<Outline2 type=matrix rownames=FALSE colnames=FALSE nrow=99 ncol=2 as.numeric=TRUE >
			2310	1728
			2310	1727
			2310	1726
			2310	1725
			2310	1724
			2310	1723
			2310	1722
			2310	1721
			2310	1720
			2310	1719
			2310	1718
			2310	1717
			2310	1716
			2310	1715
			2310	1714
			2310	1713
			2310	1712
			2310	1711
			2310	1710
			2310	1709
			2310	1708
			2310	1707
			2310	1706
			2310	1705
			2310	1704
			2310	1703
			2310	1702
			2310	1701
			2310	1700
			2310	1699
			2310	1698
			2310	1697
			2310	1696
			2310	1695
			2310	1694
			2310	1693
			2310	1692
			2310	1691
			2310	1690
			2311	1689
			2311	1688
			2311	1687
			2311	1686
			2311	1685
			2311	1684
			2312	1683
			2312	1682
			2312	1681
			2313	1680
			2313	1679
			2313	1678
			2313	1677
			2314	1676
			2314	1675
			2314	1674
			2315	1673
			2315	1672
			2316	1671
			2316	1670
			2317	1669
			2317	1668
			2317	1667
			2318	1667
			2319	1666
			2320	1665
			2321	1664
			2322	1663
			2323	1662
			2324	1662
			2325	1661
			2326	1660
			2327	1660
			2328	1660
			2329	1659
			2330	1659
			2331	1658
			2332	1658
			2333	1658
			2334	1657
			2335	1657
			2336	1657
			2337	1656
			2338	1656
			2339	1655
			2340	1655
			2341	1655
			2342	1654
			2343	1654
			2344	1654
			2345	1653
			2346	1653
			2347	1653
			2348	1652
			2349	1652
			2350	1652
			2351	1652
			2351	1651
			2352	1651
			2353	1651
		</Outline2>
		<Outline3 type=matrix rownames=FALSE colnames=FALSE nrow=94 ncol=2 as.numeric=TRUE >
			2353	1651
			2354	1651
			2355	1651
			2356	1651
			2357	1650
			2358	1650
			2359	1650
			2360	1650
			2361	1650
			2362	1650
			2363	1650
			2364	1650
			2365	1650
			2366	1649
			2367	1649
			2368	1649
			2369	1649
			2370	1649
			2371	1649
			2372	1649
			2373	1649
			2374	1649
			2375	1649
			2376	1649
			2377	1649
			2378	1649
			2379	1649
			2380	1649
			2381	1649
			2382	1649
			2383	1649
			2384	1650
			2385	1650
			2386	1650
			2387	1650
			2388	1650
			2389	1650
			2390	1651
			2391	1651
			2392	1651
			2393	1652
			2394	1652
			2395	1652
			2396	1653
			2397	1653
			2398	1653
			2399	1654
			2400	1654
			2401	1655
			2402	1655
			2403	1655
			2403	1656
			2404	1656
			2405	1657
			2406	1658
			2407	1659
			2408	1659
			2409	1660
			2410	1660
			2411	1661
			2411	1662
			2412	1662
			2413	1663
			2414	1664
			2415	1665
			2416	1666
			2417	1667
			2418	1668
			2419	1669
			2420	1670
			2420	1671
			2421	1672
			2422	1673
			2423	1674
			2424	1675
			2424	1676
			2425	1677
			2425	1678
			2426	1679
			2427	1680
			2428	1681
			2428	1682
			2429	1683
			2429	1684
			2430	1685
			2430	1686
			2431	1686
			2431	1687
			2432	1688
			2433	1689
			2433	1690
			2433	1691
			2434	1691
			2434	1692
		</Outline3>
		<Outline4 type=matrix rownames=FALSE colnames=FALSE nrow=107 ncol=2 as.numeric=TRUE >
			2434	1692
			2434	1693
			2434	1694
			2435	1695
			2435	1696
			2435	1697
			2435	1698
			2435	1699
			2435	1700
			2435	1701
			2436	1702
			2436	1703
			2436	1704
			2436	1705
			2436	1706
			2436	1707
			2436	1708
			2436	1709
			2436	1710
			2436	1711
			2437	1712
			2437	1713
			2437	1714
			2437	1715
			2437	1716
			2437	1717
			2437	1718
			2437	1719
			2437	1720
			2437	1721
			2437	1722
			2437	1723
			2437	1724
			2437	1725
			2437	1726
			2437	1727
			2437	1728
			2437	1729
			2436	1730
			2436	1731
			2435	1732
			2435	1733
			2434	1734
			2434	1735
			2434	1736
			2433	1736
			2433	1737
			2432	1738
			2432	1739
			2431	1740
			2431	1741
			2430	1742
			2430	1743
			2429	1743
			2428	1744
			2428	1745
			2427	1745
			2427	1746
			2426	1746
			2426	1747
			2425	1748
			2424	1749
			2423	1750
			2422	1751
			2421	1752
			2420	1752
			2419	1753
			2418	1753
			2418	1754
			2417	1754
			2416	1754
			2415	1755
			2414	1755
			2413	1756
			2412	1756
			2411	1757
			2410	1757
			2409	1758
			2408	1758
			2407	1758
			2406	1759
			2405	1759
			2404	1760
			2403	1760
			2402	1760
			2402	1761
			2401	1761
			2400	1761
			2400	1762
			2399	1762
			2398	1762
			2398	1763
			2397	1763
			2396	1763
			2396	1764
			2395	1764
			2394	1764
			2394	1765
			2393	1765
			2392	1765
			2392	1766
			2391	1766
			2391	1767
			2390	1767
			2390	1768
			2389	1768
			2388	1769
		</Outline4>
	</curves.pixel>
	<curves.scaled type=list>
		<Outline1 type=matrix rownames=FALSE colnames=FALSE nrow=120 ncol=2 as.numeric=TRUE >
			29.7012857736802	-22.0023343943217
			29.6888480493193	-22.0023343943217
			29.6888480493193	-22.0147721186825
			29.6764103249585	-22.0147721186825
			29.6639726005976	-22.0272098430434
			29.6639726005976	-22.0396475674042
			29.6515348762368	-22.0396475674042
			29.6515348762368	-22.052085291765
			29.639097151876	-22.052085291765
			29.6266594275151	-22.0645230161259
			29.6142217031543	-22.0769607404867
			29.6017839787935	-22.0893984648476
			29.5893462544326	-22.1018361892084
			29.5769085300718	-22.1142739135692
			29.5644708057109	-22.1267116379301
			29.5520330813501	-22.1267116379301
			29.5395953569893	-22.1391493622909
			29.5271576326284	-22.1515870866517
			29.5147199082676	-22.1515870866517
			29.5022821839068	-22.1640248110126
			29.4898444595459	-22.1640248110126
			29.4774067351851	-22.1764625353734
			29.4649690108242	-22.1764625353734
			29.4525312864634	-22.1889002597343
			29.4400935621026	-22.1889002597343
			29.4276558377417	-22.1889002597343
			29.4152181133809	-22.2013379840951
			29.4027803890201	-22.2013379840951
			29.3903426646592	-22.2013379840951
			29.3779049402984	-22.2137757084559
			29.3654672159375	-22.2137757084559
			29.3530294915767	-22.2137757084559
			29.3405917672159	-22.2262134328168
			29.328154042855	-22.2262134328168
			29.3157163184942	-22.2262134328168
			29.3032785941334	-22.2262134328168
			29.2908408697725	-22.2262134328168
			29.2784031454117	-22.2386511571776
			29.2659654210508	-22.2386511571776
			29.25352769669	-22.2386511571776
			29.2410899723292	-22.2386511571776
			29.2286522479683	-22.2386511571776
			29.2162145236075	-22.2386511571776
			29.2037767992467	-22.2386511571776
			29.1913390748858	-22.2386511571776
			29.178901350525	-22.2386511571776
			29.1664636261641	-22.2386511571776
			29.1540259018033	-22.2386511571776
			29.1415881774425	-22.2262134328168
			29.1291504530816	-22.2262134328168
			29.1167127287208	-22.2262134328168
			29.10427500436	-22.2262134328168
			29.0918372799991	-22.2262134328168
			29.0793995556383	-22.2262134328168
			29.0669618312774	-22.2137757084559
			29.0545241069166	-22.2137757084559
			29.0420863825558	-22.2137757084559
			29.0296486581949	-22.2137757084559
			29.0172109338341	-22.2013379840951
			29.0047732094733	-22.2013379840951
			28.9923354851124	-22.1889002597343
			28.9798977607516	-22.1764625353734
			28.9674600363907	-22.1640248110126
			28.9550223120299	-22.1515870866517
			28.9425845876691	-22.1515870866517
			28.9301468633082	-22.1391493622909
			28.9301468633082	-22.1267116379301
			28.9177091389474	-22.1142739135692
			28.9052714145866	-22.1018361892084
			28.9052714145866	-22.0893984648476
			28.8928336902257	-22.0769607404867
			28.8803959658649	-22.0645230161259
			28.867958241504	-22.052085291765
			28.867958241504	-22.0396475674042
			28.8555205171432	-22.0272098430434
			28.8555205171432	-22.0147721186825
			28.8430827927824	-22.0023343943217
			28.8306450684215	-21.9898966699609
			28.8306450684215	-21.9774589456
			28.8306450684215	-21.9650212212392
			28.8182073440607	-21.9650212212392
			28.8182073440607	-21.9525834968783
			28.8182073440607	-21.9401457725175
			28.8057696196999	-21.9277080481567
			28.8057696196999	-21.9152703237958
			28.793331895339	-21.902832599435
			28.793331895339	-21.8903948750742
			28.793331895339	-21.8779571507133
			28.7808941709782	-21.8655194263525
			28.7808941709782	-21.8530817019916
			28.7808941709782	-21.8406439776308
			28.7684564466173	-21.82820625327
			28.7684564466173	-21.8157685289091
			28.7684564466173	-21.8033308045483
			28.7684564466173	-21.7908930801875
			28.7684564466173	-21.7784553558266
			28.7560187222565	-21.7660176314658
			28.7560187222565	-21.7535799071049
			28.7560187222565	-21.7411421827441
			28.7560187222565	-21.7287044583833
			28.7560187222565	-21.7162667340224
			28.7560187222565	-21.7038290096616
			28.7560187222565	-21.6913912853008
			28.7560187222565	-21.6789535609399
			28.7435809978957	-21.6789535609399
			28.7435809978957	-21.6665158365791
			28.7435809978957	-21.6540781122182
			28.7435809978957	-21.6416403878574
			28.7435809978957	-21.6292026634966
			28.7435809978957	-21.6167649391357
			28.7435809978957	-21.6043272147749
			28.7435809978957	-21.5918894904141
			28.7435809978957	-21.5794517660532
			28.7435809978957	-21.5670140416924
			28.7311432735348	-21.5545763173315
			28.7311432735348	-21.5421385929707
			28.7311432735348	-21.5297008686099
			28.7311432735348	-21.517263144249
			28.7311432735348	-21.5048254198882
			28.7311432735348	-21.4923876955274
		</Outline1>
		<Outline2 type=matrix rownames=FALSE colnames=FALSE nrow=99 ncol=2 as.numeric=TRUE >
			28.7311432735348	-21.4923876955274
			28.7311432735348	-21.4799499711665
			28.7311432735348	-21.4675122468057
			28.7311432735348	-21.4550745224448
			28.7311432735348	-21.442636798084
			28.7311432735348	-21.4301990737232
			28.7311432735348	-21.4177613493623
			28.7311432735348	-21.4053236250015
			28.7311432735348	-21.3928859006406
			28.7311432735348	-21.3804481762798
			28.7311432735348	-21.368010451919
			28.7311432735348	-21.3555727275581
			28.7311432735348	-21.3431350031973
			28.7311432735348	-21.3306972788365
			28.7311432735348	-21.3182595544756
			28.7311432735348	-21.3058218301148
			28.7311432735348	-21.293384105754
			28.7311432735348	-21.2809463813931
			28.7311432735348	-21.2685086570323
			28.7311432735348	-21.2560709326714
			28.7311432735348	-21.2436332083106
			28.7311432735348	-21.2311954839498
			28.7311432735348	-21.2187577595889
			28.7311432735348	-21.2063200352281
			28.7311432735348	-21.1938823108672
			28.7311432735348	-21.1814445865064
			28.7311432735348	-21.1690068621456
			28.7311432735348	-21.1565691377847
			28.7311432735348	-21.1441314134239
			28.7311432735348	-21.1316936890631
			28.7311432735348	-21.1192559647022
			28.7311432735348	-21.1068182403414
			28.7311432735348	-21.0943805159805
			28.7311432735348	-21.0819427916197
			28.7311432735348	-21.0695050672589
			28.7311432735348	-21.057067342898
			28.7311432735348	-21.0446296185372
			28.7311432735348	-21.0321918941764
			28.7311432735348	-21.0197541698155
			28.7435809978957	-21.0073164454547
			28.7435809978957	-20.9948787210938
			28.7435809978957	-20.982440996733
			28.7435809978957	-20.9700032723722
			28.7435809978957	-20.9575655480113
			28.7435809978957	-20.9451278236505
			28.7560187222565	-20.9326900992897
			28.7560187222565	-20.9202523749288
			28.7560187222565	-20.907814650568
			28.7684564466173	-20.8953769262071
			28.7684564466173	-20.8829392018463
			28.7684564466173	-20.8705014774855
			28.7684564466173	-20.8580637531246
			28.7808941709782	-20.8456260287638
			28.7808941709782	-20.833188304403
			28.7808941709782	-20.8207505800421
			28.793331895339	-20.8083128556813
			28.793331895339	-20.7958751313204
			28.8057696196999	-20.7834374069596
			28.8057696196999	-20.7709996825988
			28.8182073440607	-20.7585619582379
			28.8182073440607	-20.7461242338771
			28.8182073440607	-20.7336865095163
			28.8306450684215	-20.7336865095163
			28.8430827927824	-20.7212487851554
			28.8555205171432	-20.7088110607946
			28.867958241504	-20.6963733364337
			28.8803959658649	-20.6839356120729
			28.8928336902257	-20.6714978877121
			28.9052714145866	-20.6714978877121
			28.9177091389474	-20.6590601633512
			28.9301468633082	-20.6466224389904
			28.9425845876691	-20.6466224389904
			28.9550223120299	-20.6466224389904
			28.9674600363907	-20.6341847146296
			28.9798977607516	-20.6341847146296
			28.9923354851124	-20.6217469902687
			29.0047732094733	-20.6217469902687
			29.0172109338341	-20.6217469902687
			29.0296486581949	-20.6093092659079
			29.0420863825558	-20.6093092659079
			29.0545241069166	-20.6093092659079
			29.0669618312774	-20.596871541547
			29.0793995556383	-20.596871541547
			29.0918372799991	-20.5844338171862
			29.10427500436	-20.5844338171862
			29.1167127287208	-20.5844338171862
			29.1291504530816	-20.5719960928254
			29.1415881774425	-20.5719960928254
			29.1540259018033	-20.5719960928254
			29.1664636261641	-20.5595583684645
			29.178901350525	-20.5595583684645
			29.1913390748858	-20.5595583684645
			29.2037767992467	-20.5471206441037
			29.2162145236075	-20.5471206441037
			29.2286522479683	-20.5471206441037
			29.2410899723292	-20.5471206441037
			29.2410899723292	-20.5346829197429
			29.25352769669	-20.5346829197429
			29.2659654210508	-20.5346829197429
		</Outline2>
		<Outline3 type=matrix rownames=FALSE colnames=FALSE nrow=94 ncol=2 as.numeric=TRUE >
			29.2659654210508	-20.5346829197429
			29.2784031454117	-20.5346829197429
			29.2908408697725	-20.5346829197429
			29.3032785941334	-20.5346829197429
			29.3157163184942	-20.522245195382
			29.328154042855	-20.522245195382
			29.3405917672159	-20.522245195382
			29.3530294915767	-20.522245195382
			29.3654672159375	-20.522245195382
			29.3779049402984	-20.522245195382
			29.3903426646592	-20.522245195382
			29.4027803890201	-20.522245195382
			29.4152181133809	-20.522245195382
			29.4276558377417	-20.5098074710212
			29.4400935621026	-20.5098074710212
			29.4525312864634	-20.5098074710212
			29.4649690108242	-20.5098074710212
			29.4774067351851	-20.5098074710212
			29.4898444595459	-20.5098074710212
			29.5022821839068	-20.5098074710212
			29.5147199082676	-20.5098074710212
			29.5271576326284	-20.5098074710212
			29.5395953569893	-20.5098074710212
			29.5520330813501	-20.5098074710212
			29.5644708057109	-20.5098074710212
			29.5769085300718	-20.5098074710212
			29.5893462544326	-20.5098074710212
			29.6017839787935	-20.5098074710212
			29.6142217031543	-20.5098074710212
			29.6266594275151	-20.5098074710212
			29.639097151876	-20.5098074710212
			29.6515348762368	-20.522245195382
			29.6639726005976	-20.522245195382
			29.6764103249585	-20.522245195382
			29.6888480493193	-20.522245195382
			29.7012857736802	-20.522245195382
			29.713723498041	-20.522245195382
			29.7261612224018	-20.5346829197429
			29.7385989467627	-20.5346829197429
			29.7510366711235	-20.5346829197429
			29.7634743954843	-20.5471206441037
			29.7759121198452	-20.5471206441037
			29.788349844206	-20.5471206441037
			29.8007875685669	-20.5595583684645
			29.8132252929277	-20.5595583684645
			29.8256630172885	-20.5595583684645
			29.8381007416494	-20.5719960928254
			29.8505384660102	-20.5719960928254
			29.8629761903711	-20.5844338171862
			29.8754139147319	-20.5844338171862
			29.8878516390927	-20.5844338171862
			29.8878516390927	-20.596871541547
			29.9002893634536	-20.596871541547
			29.9127270878144	-20.6093092659079
			29.9251648121752	-20.6217469902687
			29.9376025365361	-20.6341847146296
			29.9500402608969	-20.6341847146296
			29.9624779852577	-20.6466224389904
			29.9749157096186	-20.6466224389904
			29.9873534339794	-20.6590601633512
			29.9873534339794	-20.6714978877121
			29.9997911583403	-20.6714978877121
			30.0122288827011	-20.6839356120729
			30.0246666070619	-20.6963733364337
			30.0371043314228	-20.7088110607946
			30.0495420557836	-20.7212487851554
			30.0619797801445	-20.7336865095163
			30.0744175045053	-20.7461242338771
			30.0868552288661	-20.7585619582379
			30.099292953227	-20.7709996825988
			30.099292953227	-20.7834374069596
			30.1117306775878	-20.7958751313204
			30.1241684019486	-20.8083128556813
			30.1366061263095	-20.8207505800421
			30.1490438506703	-20.833188304403
			30.1490438506703	-20.8456260287638
			30.1614815750312	-20.8580637531246
			30.1614815750312	-20.8705014774855
			30.173919299392	-20.8829392018463
			30.1863570237528	-20.8953769262071
			30.1987947481137	-20.907814650568
			30.1987947481137	-20.9202523749288
			30.2112324724745	-20.9326900992897
			30.2112324724745	-20.9451278236505
			30.2236701968353	-20.9575655480113
			30.2236701968353	-20.9700032723722
			30.2361079211962	-20.9700032723722
			30.2361079211962	-20.982440996733
			30.248545645557	-20.9948787210938
			30.2609833699179	-21.0073164454547
			30.2609833699179	-21.0197541698155
			30.2609833699179	-21.0321918941764
			30.2734210942787	-21.0321918941764
			30.2734210942787	-21.0446296185372
		</Outline3>
		<Outline4 type=matrix rownames=FALSE colnames=FALSE nrow=107 ncol=2 as.numeric=TRUE >
			30.2734210942787	-21.0446296185372
			30.2734210942787	-21.057067342898
			30.2734210942787	-21.0695050672589
			30.2858588186395	-21.0819427916197
			30.2858588186395	-21.0943805159805
			30.2858588186395	-21.1068182403414
			30.2858588186395	-21.1192559647022
			30.2858588186395	-21.1316936890631
			30.2858588186395	-21.1441314134239
			30.2858588186395	-21.1565691377847
			30.2982965430004	-21.1690068621456
			30.2982965430004	-21.1814445865064
			30.2982965430004	-21.1938823108672
			30.2982965430004	-21.2063200352281
			30.2982965430004	-21.2187577595889
			30.2982965430004	-21.2311954839498
			30.2982965430004	-21.2436332083106
			30.2982965430004	-21.2560709326714
			30.2982965430004	-21.2685086570323
			30.2982965430004	-21.2809463813931
			30.3107342673612	-21.293384105754
			30.3107342673612	-21.3058218301148
			30.3107342673612	-21.3182595544756
			30.3107342673612	-21.3306972788365
			30.3107342673612	-21.3431350031973
			30.3107342673612	-21.3555727275581
			30.3107342673612	-21.368010451919
			30.3107342673612	-21.3804481762798
			30.3107342673612	-21.3928859006406
			30.3107342673612	-21.4053236250015
			30.3107342673612	-21.4177613493623
			30.3107342673612	-21.4301990737232
			30.3107342673612	-21.442636798084
			30.3107342673612	-21.4550745224448
			30.3107342673612	-21.4675122468057
			30.3107342673612	-21.4799499711665
			30.3107342673612	-21.4923876955274
			30.3107342673612	-21.5048254198882
			30.2982965430004	-21.517263144249
			30.2982965430004	-21.5297008686099
			30.2858588186395	-21.5421385929707
			30.2858588186395	-21.5545763173315
			30.2734210942787	-21.5670140416924
			30.2734210942787	-21.5794517660532
			30.2734210942787	-21.5918894904141
			30.2609833699179	-21.5918894904141
			30.2609833699179	-21.6043272147749
			30.248545645557	-21.6167649391357
			30.248545645557	-21.6292026634966
			30.2361079211962	-21.6416403878574
			30.2361079211962	-21.6540781122182
			30.2236701968353	-21.6665158365791
			30.2236701968353	-21.6789535609399
			30.2112324724745	-21.6789535609399
			30.1987947481137	-21.6913912853008
			30.1987947481137	-21.7038290096616
			30.1863570237528	-21.7038290096616
			30.1863570237528	-21.7162667340224
			30.173919299392	-21.7162667340224
			30.173919299392	-21.7287044583833
			30.1614815750312	-21.7411421827441
			30.1490438506703	-21.7535799071049
			30.1366061263095	-21.7660176314658
			30.1241684019486	-21.7784553558266
			30.1117306775878	-21.7908930801875
			30.099292953227	-21.7908930801875
			30.0868552288661	-21.8033308045483
			30.0744175045053	-21.8033308045483
			30.0744175045053	-21.8157685289091
			30.0619797801445	-21.8157685289091
			30.0495420557836	-21.8157685289091
			30.0371043314228	-21.82820625327
			30.0246666070619	-21.82820625327
			30.0122288827011	-21.8406439776308
			29.9997911583403	-21.8406439776308
			29.9873534339794	-21.8530817019916
			29.9749157096186	-21.8530817019916
			29.9624779852577	-21.8655194263525
			29.9500402608969	-21.8655194263525
			29.9376025365361	-21.8655194263525
			29.9251648121752	-21.8779571507133
			29.9127270878144	-21.8779571507133
			29.9002893634536	-21.8903948750742
			29.8878516390927	-21.8903948750742
			29.8754139147319	-21.8903948750742
			29.8754139147319	-21.902832599435
			29.8629761903711	-21.902832599435
			29.8505384660102	-21.902832599435
			29.8505384660102	-21.9152703237958
			29.8381007416494	-21.9152703237958
			29.8256630172885	-21.9152703237958
			29.8256630172885	-21.9277080481567
			29.8132252929277	-21.9277080481567
			29.8007875685669	-21.9277080481567
			29.8007875685669	-21.9401457725175
			29.788349844206	-21.9401457725175
			29.7759121198452	-21.9401457725175
			29.7759121198452	-21.9525834968783
			29.7634743954843	-21.9525834968783
			29.7510366711235	-21.9525834968783
			29.7510366711235	-21.9650212212392
			29.7385989467627	-21.9650212212392
			29.7385989467627	-21.9774589456
			29.7261612224018	-21.9774589456
			29.7261612224018	-21.9898966699609
			29.713723498041	-21.9898966699609
			29.7012857736802	-22.0023343943217
		</Outline4>
	</curves.scaled>
	<ruler.points type=matrix rownames=TRUE colnames=FALSE nrow=2 ncol=2 as.numeric=TRUE >
		Ruler point 1	4201	2468
		Ruler point 2	3397	2471
	</ruler.points>
</shapes>

