<shapes type=list>
	<ruler.pixel type=vector names=FALSE length=1 as.numeric=TRUE >1518.0951880564</ruler.pixel>
	<ruler.interval type=vector names=FALSE length=1 as.numeric=TRUE >10</ruler.interval>
	<scaling.units type=vector names=FALSE length=1 as.numeric=FALSE >mm</scaling.units>
	<scaling type=vector names=FALSE length=1 as.numeric=TRUE >0.00658720222465291</scaling>
	<landmarks.pixel type=matrix rownames=TRUE colnames=FALSE nrow=4 ncol=2 as.numeric=TRUE >
		Labial	2453	1343
		Posterior	2402	1283
		Lingual	2464	1237
		Anterior	2514	1299
	</landmarks.pixel>
	<landmarks.scaled type=matrix rownames=TRUE colnames=FALSE nrow=4 ncol=2 as.numeric=TRUE >
		Labial	16.1584070570736	-8.84661258770885
		Posterior	15.8224597436163	-8.45138045422968
		Lingual	16.2308662815448	-8.14836915189565
		Anterior	16.5602263927774	-8.55677568982413
	</landmarks.scaled>
	<curves.control type=list>
		<Outline1 type=matrix rownames=FALSE colnames=FALSE nrow=13 ncol=2 as.numeric=TRUE >
			2453	1343
			2445	1342
			2438	1342
			2431	1341
			2424	1338
			2418	1334
			2412	1330
			2408	1326
			2404	1319
			2402	1312
			2402	1304
			2401	1294
			2402	1283
		</Outline1>
		<Outline2 type=matrix rownames=FALSE colnames=FALSE nrow=13 ncol=2 as.numeric=TRUE >
			2402	1283
			2403	1273
			2406	1261
			2409	1256
			2414	1251
			2419	1246
			2424	1243
			2430	1240
			2436	1238
			2443	1236
			2450	1236
			2456	1236
			2464	1237
		</Outline2>
		<Outline3 type=matrix rownames=FALSE colnames=FALSE nrow=17 ncol=2 as.numeric=TRUE >
			2464	1237
			2471	1239
			2477	1242
			2481	1244
			2486	1247
			2491	1251
			2495	1256
			2498	1260
			2501	1264
			2504	1268
			2507	1273
			2509	1277
			2511	1281
			2512	1286
			2513	1291
			2514	1295
			2514	1299
		</Outline3>
		<Outline4 type=matrix rownames=FALSE colnames=FALSE nrow=15 ncol=2 as.numeric=TRUE >
			2514	1299
			2513	1304
			2511	1310
			2508	1315
			2505	1319
			2502	1323
			2499	1327
			2495	1331
			2490	1334
			2485	1337
			2480	1339
			2475	1341
			2469	1343
			2461	1344
			2453	1343
		</Outline4>
	</curves.control>
	<curves.pixel type=list>
		<Outline1 type=matrix rownames=FALSE colnames=FALSE nrow=92 ncol=2 as.numeric=TRUE >
			2453	1343
			2452	1343
			2451	1343
			2450	1343
			2449	1343
			2448	1342
			2447	1342
			2446	1342
			2445	1342
			2444	1342
			2443	1342
			2442	1342
			2441	1342
			2440	1342
			2439	1342
			2438	1342
			2437	1342
			2436	1342
			2435	1341
			2434	1341
			2433	1341
			2432	1341
			2431	1340
			2430	1340
			2429	1340
			2428	1339
			2427	1339
			2426	1339
			2425	1338
			2424	1338
			2423	1338
			2423	1337
			2422	1336
			2421	1336
			2420	1335
			2419	1335
			2419	1334
			2418	1334
			2417	1333
			2416	1333
			2415	1332
			2414	1331
			2413	1331
			2412	1330
			2411	1329
			2410	1328
			2409	1327
			2408	1326
			2408	1325
			2407	1324
			2406	1323
			2406	1322
			2405	1321
			2405	1320
			2404	1320
			2404	1319
			2404	1318
			2404	1317
			2403	1316
			2403	1315
			2403	1314
			2403	1313
			2402	1312
			2402	1311
			2402	1310
			2402	1309
			2402	1308
			2402	1307
			2402	1306
			2402	1305
			2402	1304
			2402	1303
			2402	1302
			2402	1301
			2402	1300
			2402	1299
			2402	1298
			2402	1297
			2402	1296
			2402	1295
			2402	1294
			2402	1293
			2402	1292
			2402	1291
			2402	1290
			2402	1289
			2402	1288
			2402	1287
			2402	1286
			2402	1285
			2402	1284
			2402	1283
		</Outline1>
		<Outline2 type=matrix rownames=FALSE colnames=FALSE nrow=89 ncol=2 as.numeric=TRUE >
			2402	1283
			2402	1282
			2402	1281
			2402	1280
			2402	1279
			2403	1278
			2403	1277
			2403	1276
			2403	1275
			2403	1274
			2403	1273
			2404	1272
			2404	1271
			2404	1270
			2404	1269
			2404	1268
			2405	1267
			2405	1266
			2405	1265
			2405	1264
			2406	1263
			2406	1262
			2406	1261
			2406	1260
			2407	1260
			2407	1259
			2408	1258
			2409	1257
			2410	1256
			2411	1255
			2411	1254
			2412	1253
			2413	1252
			2414	1251
			2415	1250
			2416	1249
			2417	1248
			2418	1247
			2419	1246
			2420	1245
			2421	1245
			2422	1244
			2423	1243
			2424	1243
			2425	1242
			2426	1242
			2427	1242
			2427	1241
			2428	1241
			2429	1241
			2429	1240
			2430	1240
			2431	1240
			2432	1240
			2432	1239
			2433	1239
			2434	1239
			2435	1239
			2435	1238
			2436	1238
			2437	1238
			2438	1238
			2438	1237
			2439	1237
			2440	1237
			2441	1237
			2442	1237
			2443	1237
			2444	1236
			2445	1236
			2446	1236
			2447	1236
			2448	1236
			2449	1236
			2450	1236
			2451	1236
			2452	1236
			2453	1236
			2454	1236
			2455	1236
			2456	1236
			2457	1236
			2458	1236
			2459	1236
			2460	1237
			2461	1237
			2462	1237
			2463	1237
			2464	1237
		</Outline2>
		<Outline3 type=matrix rownames=FALSE colnames=FALSE nrow=78 ncol=2 as.numeric=TRUE >
			2464	1237
			2465	1237
			2466	1238
			2467	1238
			2468	1238
			2469	1239
			2470	1239
			2471	1239
			2472	1240
			2473	1240
			2474	1241
			2475	1241
			2476	1242
			2477	1242
			2478	1242
			2479	1243
			2480	1244
			2481	1244
			2482	1245
			2483	1245
			2484	1246
			2485	1246
			2486	1247
			2487	1248
			2488	1249
			2489	1249
			2490	1250
			2491	1251
			2492	1252
			2492	1253
			2493	1254
			2494	1255
			2495	1256
			2495	1257
			2496	1257
			2497	1258
			2497	1259
			2498	1260
			2499	1261
			2500	1262
			2500	1263
			2501	1264
			2502	1265
			2502	1266
			2503	1267
			2504	1268
			2505	1269
			2505	1270
			2506	1271
			2507	1272
			2507	1273
			2507	1274
			2508	1274
			2508	1275
			2508	1276
			2509	1277
			2510	1278
			2510	1279
			2511	1280
			2511	1281
			2511	1282
			2511	1283
			2512	1284
			2512	1285
			2512	1286
			2512	1287
			2512	1288
			2513	1289
			2513	1290
			2513	1291
			2513	1292
			2513	1293
			2514	1294
			2514	1295
			2514	1296
			2514	1297
			2514	1298
			2514	1299
		</Outline3>
		<Outline4 type=matrix rownames=FALSE colnames=FALSE nrow=77 ncol=2 as.numeric=TRUE >
			2514	1299
			2514	1300
			2514	1301
			2513	1302
			2513	1303
			2513	1304
			2512	1305
			2512	1306
			2512	1307
			2512	1308
			2511	1309
			2511	1310
			2510	1311
			2510	1312
			2509	1313
			2509	1314
			2508	1315
			2507	1316
			2506	1317
			2506	1318
			2505	1319
			2504	1320
			2503	1321
			2502	1322
			2502	1323
			2501	1324
			2501	1325
			2500	1326
			2499	1327
			2498	1328
			2497	1329
			2496	1330
			2495	1331
			2494	1331
			2494	1332
			2493	1332
			2492	1333
			2491	1333
			2491	1334
			2490	1334
			2489	1335
			2488	1335
			2487	1336
			2486	1336
			2485	1337
			2484	1337
			2483	1338
			2482	1338
			2481	1338
			2480	1339
			2479	1340
			2478	1340
			2477	1340
			2476	1341
			2475	1341
			2474	1341
			2473	1342
			2472	1342
			2471	1342
			2470	1343
			2469	1343
			2468	1343
			2467	1343
			2466	1343
			2465	1343
			2464	1343
			2463	1343
			2462	1343
			2461	1343
			2460	1343
			2459	1343
			2458	1343
			2457	1343
			2456	1343
			2455	1343
			2454	1343
			2453	1343
		</Outline4>
	</curves.pixel>
	<curves.scaled type=list>
		<Outline1 type=matrix rownames=FALSE colnames=FALSE nrow=92 ncol=2 as.numeric=TRUE >
			16.1584070570736	-8.84661258770885
			16.1518198548489	-8.84661258770885
			16.1452326526243	-8.84661258770885
			16.1386454503996	-8.84661258770885
			16.132058248175	-8.84661258770885
			16.1254710459503	-8.8400253854842
			16.1188838437257	-8.8400253854842
			16.112296641501	-8.8400253854842
			16.1057094392764	-8.8400253854842
			16.0991222370517	-8.8400253854842
			16.0925350348271	-8.8400253854842
			16.0859478326024	-8.8400253854842
			16.0793606303777	-8.8400253854842
			16.0727734281531	-8.8400253854842
			16.0661862259284	-8.8400253854842
			16.0595990237038	-8.8400253854842
			16.0530118214791	-8.8400253854842
			16.0464246192545	-8.8400253854842
			16.0398374170298	-8.83343818325955
			16.0332502148052	-8.83343818325955
			16.0266630125805	-8.83343818325955
			16.0200758103559	-8.83343818325955
			16.0134886081312	-8.8268509810349
			16.0069014059066	-8.8268509810349
			16.0003142036819	-8.8268509810349
			15.9937270014573	-8.82026377881024
			15.9871397992326	-8.82026377881024
			15.980552597008	-8.82026377881024
			15.9739653947833	-8.81367657658559
			15.9673781925586	-8.81367657658559
			15.960790990334	-8.81367657658559
			15.960790990334	-8.80708937436094
			15.9542037881093	-8.80050217213629
			15.9476165858847	-8.80050217213629
			15.94102938366	-8.79391496991163
			15.9344421814354	-8.79391496991163
			15.9344421814354	-8.78732776768698
			15.9278549792107	-8.78732776768698
			15.9212677769861	-8.78074056546233
			15.9146805747614	-8.78074056546233
			15.9080933725368	-8.77415336323767
			15.9015061703121	-8.76756616101302
			15.8949189680875	-8.76756616101302
			15.8883317658628	-8.76097895878837
			15.8817445636382	-8.75439175656371
			15.8751573614135	-8.74780455433906
			15.8685701591889	-8.74121735211441
			15.8619829569642	-8.73463014988975
			15.8619829569642	-8.7280429476651
			15.8553957547395	-8.72145574544045
			15.8488085525149	-8.7148685432158
			15.8488085525149	-8.70828134099114
			15.8422213502902	-8.70169413876649
			15.8422213502902	-8.69510693654184
			15.8356341480656	-8.69510693654184
			15.8356341480656	-8.68851973431719
			15.8356341480656	-8.68193253209253
			15.8356341480656	-8.67534532986788
			15.8290469458409	-8.66875812764323
			15.8290469458409	-8.66217092541857
			15.8290469458409	-8.65558372319392
			15.8290469458409	-8.64899652096927
			15.8224597436163	-8.64240931874462
			15.8224597436163	-8.63582211651996
			15.8224597436163	-8.62923491429531
			15.8224597436163	-8.62264771207066
			15.8224597436163	-8.616060509846
			15.8224597436163	-8.60947330762135
			15.8224597436163	-8.6028861053967
			15.8224597436163	-8.59629890317204
			15.8224597436163	-8.58971170094739
			15.8224597436163	-8.58312449872274
			15.8224597436163	-8.57653729649809
			15.8224597436163	-8.56995009427343
			15.8224597436163	-8.56336289204878
			15.8224597436163	-8.55677568982413
			15.8224597436163	-8.55018848759947
			15.8224597436163	-8.54360128537482
			15.8224597436163	-8.53701408315017
			15.8224597436163	-8.53042688092552
			15.8224597436163	-8.52383967870086
			15.8224597436163	-8.51725247647621
			15.8224597436163	-8.51066527425156
			15.8224597436163	-8.5040780720269
			15.8224597436163	-8.49749086980225
			15.8224597436163	-8.4909036675776
			15.8224597436163	-8.48431646535295
			15.8224597436163	-8.47772926312829
			15.8224597436163	-8.47114206090364
			15.8224597436163	-8.46455485867899
			15.8224597436163	-8.45796765645433
			15.8224597436163	-8.45138045422968
		</Outline1>
		<Outline2 type=matrix rownames=FALSE colnames=FALSE nrow=89 ncol=2 as.numeric=TRUE >
			15.8224597436163	-8.45138045422968
			15.8224597436163	-8.44479325200503
			15.8224597436163	-8.43820604978037
			15.8224597436163	-8.43161884755572
			15.8224597436163	-8.42503164533107
			15.8290469458409	-8.41844444310642
			15.8290469458409	-8.41185724088176
			15.8290469458409	-8.40527003865711
			15.8290469458409	-8.39868283643246
			15.8290469458409	-8.3920956342078
			15.8290469458409	-8.38550843198315
			15.8356341480656	-8.3789212297585
			15.8356341480656	-8.37233402753385
			15.8356341480656	-8.36574682530919
			15.8356341480656	-8.35915962308454
			15.8356341480656	-8.35257242085989
			15.8422213502902	-8.34598521863523
			15.8422213502902	-8.33939801641058
			15.8422213502902	-8.33281081418593
			15.8422213502902	-8.32622361196128
			15.8488085525149	-8.31963640973662
			15.8488085525149	-8.31304920751197
			15.8488085525149	-8.30646200528732
			15.8488085525149	-8.29987480306266
			15.8553957547395	-8.29987480306266
			15.8553957547395	-8.29328760083801
			15.8619829569642	-8.28670039861336
			15.8685701591889	-8.2801131963887
			15.8751573614135	-8.27352599416405
			15.8817445636382	-8.2669387919394
			15.8817445636382	-8.26035158971475
			15.8883317658628	-8.25376438749009
			15.8949189680875	-8.24717718526544
			15.9015061703121	-8.24058998304079
			15.9080933725368	-8.23400278081613
			15.9146805747614	-8.22741557859148
			15.9212677769861	-8.22082837636683
			15.9278549792107	-8.21424117414218
			15.9344421814354	-8.20765397191752
			15.94102938366	-8.20106676969287
			15.9476165858847	-8.20106676969287
			15.9542037881093	-8.19447956746822
			15.960790990334	-8.18789236524356
			15.9673781925586	-8.18789236524356
			15.9739653947833	-8.18130516301891
			15.980552597008	-8.18130516301891
			15.9871397992326	-8.18130516301891
			15.9871397992326	-8.17471796079426
			15.9937270014573	-8.17471796079426
			16.0003142036819	-8.17471796079426
			16.0003142036819	-8.16813075856961
			16.0069014059066	-8.16813075856961
			16.0134886081312	-8.16813075856961
			16.0200758103559	-8.16813075856961
			16.0200758103559	-8.16154355634495
			16.0266630125805	-8.16154355634495
			16.0332502148052	-8.16154355634495
			16.0398374170298	-8.16154355634495
			16.0398374170298	-8.1549563541203
			16.0464246192545	-8.1549563541203
			16.0530118214791	-8.1549563541203
			16.0595990237038	-8.1549563541203
			16.0595990237038	-8.14836915189565
			16.0661862259284	-8.14836915189565
			16.0727734281531	-8.14836915189565
			16.0793606303777	-8.14836915189565
			16.0859478326024	-8.14836915189565
			16.0925350348271	-8.14836915189565
			16.0991222370517	-8.14178194967099
			16.1057094392764	-8.14178194967099
			16.112296641501	-8.14178194967099
			16.1188838437257	-8.14178194967099
			16.1254710459503	-8.14178194967099
			16.132058248175	-8.14178194967099
			16.1386454503996	-8.14178194967099
			16.1452326526243	-8.14178194967099
			16.1518198548489	-8.14178194967099
			16.1584070570736	-8.14178194967099
			16.1649942592982	-8.14178194967099
			16.1715814615229	-8.14178194967099
			16.1781686637475	-8.14178194967099
			16.1847558659722	-8.14178194967099
			16.1913430681968	-8.14178194967099
			16.1979302704215	-8.14178194967099
			16.2045174726462	-8.14836915189565
			16.2111046748708	-8.14836915189565
			16.2176918770955	-8.14836915189565
			16.2242790793201	-8.14836915189565
			16.2308662815448	-8.14836915189565
		</Outline2>
		<Outline3 type=matrix rownames=FALSE colnames=FALSE nrow=78 ncol=2 as.numeric=TRUE >
			16.2308662815448	-8.14836915189565
			16.2374534837694	-8.14836915189565
			16.2440406859941	-8.1549563541203
			16.2506278882187	-8.1549563541203
			16.2572150904434	-8.1549563541203
			16.263802292668	-8.16154355634495
			16.2703894948927	-8.16154355634495
			16.2769766971173	-8.16154355634495
			16.283563899342	-8.16813075856961
			16.2901511015666	-8.16813075856961
			16.2967383037913	-8.17471796079426
			16.3033255060159	-8.17471796079426
			16.3099127082406	-8.18130516301891
			16.3164999104653	-8.18130516301891
			16.3230871126899	-8.18130516301891
			16.3296743149146	-8.18789236524356
			16.3362615171392	-8.19447956746822
			16.3428487193639	-8.19447956746822
			16.3494359215885	-8.20106676969287
			16.3560231238132	-8.20106676969287
			16.3626103260378	-8.20765397191752
			16.3691975282625	-8.20765397191752
			16.3757847304871	-8.21424117414218
			16.3823719327118	-8.22082837636683
			16.3889591349364	-8.22741557859148
			16.3955463371611	-8.22741557859148
			16.4021335393857	-8.23400278081613
			16.4087207416104	-8.24058998304079
			16.415307943835	-8.24717718526544
			16.415307943835	-8.25376438749009
			16.4218951460597	-8.26035158971475
			16.4284823482844	-8.2669387919394
			16.435069550509	-8.27352599416405
			16.435069550509	-8.2801131963887
			16.4416567527337	-8.2801131963887
			16.4482439549583	-8.28670039861336
			16.4482439549583	-8.29328760083801
			16.454831157183	-8.29987480306266
			16.4614183594076	-8.30646200528732
			16.4680055616323	-8.31304920751197
			16.4680055616323	-8.31963640973662
			16.4745927638569	-8.32622361196128
			16.4811799660816	-8.33281081418593
			16.4811799660816	-8.33939801641058
			16.4877671683062	-8.34598521863523
			16.4943543705309	-8.35257242085989
			16.5009415727555	-8.35915962308454
			16.5009415727555	-8.36574682530919
			16.5075287749802	-8.37233402753385
			16.5141159772048	-8.3789212297585
			16.5141159772048	-8.38550843198315
			16.5141159772048	-8.3920956342078
			16.5207031794295	-8.3920956342078
			16.5207031794295	-8.39868283643246
			16.5207031794295	-8.40527003865711
			16.5272903816541	-8.41185724088176
			16.5338775838788	-8.41844444310642
			16.5338775838788	-8.42503164533107
			16.5404647861035	-8.43161884755572
			16.5404647861035	-8.43820604978037
			16.5404647861035	-8.44479325200503
			16.5404647861035	-8.45138045422968
			16.5470519883281	-8.45796765645433
			16.5470519883281	-8.46455485867899
			16.5470519883281	-8.47114206090364
			16.5470519883281	-8.47772926312829
			16.5470519883281	-8.48431646535295
			16.5536391905528	-8.4909036675776
			16.5536391905528	-8.49749086980225
			16.5536391905528	-8.5040780720269
			16.5536391905528	-8.51066527425156
			16.5536391905528	-8.51725247647621
			16.5602263927774	-8.52383967870086
			16.5602263927774	-8.53042688092552
			16.5602263927774	-8.53701408315017
			16.5602263927774	-8.54360128537482
			16.5602263927774	-8.55018848759947
			16.5602263927774	-8.55677568982413
		</Outline3>
		<Outline4 type=matrix rownames=FALSE colnames=FALSE nrow=77 ncol=2 as.numeric=TRUE >
			16.5602263927774	-8.55677568982413
			16.5602263927774	-8.56336289204878
			16.5602263927774	-8.56995009427343
			16.5536391905528	-8.57653729649809
			16.5536391905528	-8.58312449872274
			16.5536391905528	-8.58971170094739
			16.5470519883281	-8.59629890317204
			16.5470519883281	-8.6028861053967
			16.5470519883281	-8.60947330762135
			16.5470519883281	-8.616060509846
			16.5404647861035	-8.62264771207066
			16.5404647861035	-8.62923491429531
			16.5338775838788	-8.63582211651996
			16.5338775838788	-8.64240931874462
			16.5272903816541	-8.64899652096927
			16.5272903816541	-8.65558372319392
			16.5207031794295	-8.66217092541857
			16.5141159772048	-8.66875812764323
			16.5075287749802	-8.67534532986788
			16.5075287749802	-8.68193253209253
			16.5009415727555	-8.68851973431719
			16.4943543705309	-8.69510693654184
			16.4877671683062	-8.70169413876649
			16.4811799660816	-8.70828134099114
			16.4811799660816	-8.7148685432158
			16.4745927638569	-8.72145574544045
			16.4745927638569	-8.7280429476651
			16.4680055616323	-8.73463014988975
			16.4614183594076	-8.74121735211441
			16.454831157183	-8.74780455433906
			16.4482439549583	-8.75439175656371
			16.4416567527337	-8.76097895878837
			16.435069550509	-8.76756616101302
			16.4284823482844	-8.76756616101302
			16.4284823482844	-8.77415336323767
			16.4218951460597	-8.77415336323767
			16.415307943835	-8.78074056546233
			16.4087207416104	-8.78074056546233
			16.4087207416104	-8.78732776768698
			16.4021335393857	-8.78732776768698
			16.3955463371611	-8.79391496991163
			16.3889591349364	-8.79391496991163
			16.3823719327118	-8.80050217213629
			16.3757847304871	-8.80050217213629
			16.3691975282625	-8.80708937436094
			16.3626103260378	-8.80708937436094
			16.3560231238132	-8.81367657658559
			16.3494359215885	-8.81367657658559
			16.3428487193639	-8.81367657658559
			16.3362615171392	-8.82026377881024
			16.3296743149146	-8.8268509810349
			16.3230871126899	-8.8268509810349
			16.3164999104653	-8.8268509810349
			16.3099127082406	-8.83343818325955
			16.3033255060159	-8.83343818325955
			16.2967383037913	-8.83343818325955
			16.2901511015666	-8.8400253854842
			16.283563899342	-8.8400253854842
			16.2769766971173	-8.8400253854842
			16.2703894948927	-8.84661258770885
			16.263802292668	-8.84661258770885
			16.2572150904434	-8.84661258770885
			16.2506278882187	-8.84661258770885
			16.2440406859941	-8.84661258770885
			16.2374534837694	-8.84661258770885
			16.2308662815448	-8.84661258770885
			16.2242790793201	-8.84661258770885
			16.2176918770955	-8.84661258770885
			16.2111046748708	-8.84661258770885
			16.2045174726462	-8.84661258770885
			16.1979302704215	-8.84661258770885
			16.1913430681968	-8.84661258770885
			16.1847558659722	-8.84661258770885
			16.1781686637475	-8.84661258770885
			16.1715814615229	-8.84661258770885
			16.1649942592982	-8.84661258770885
			16.1584070570736	-8.84661258770885
		</Outline4>
	</curves.scaled>
	<ruler.points type=matrix rownames=TRUE colnames=FALSE nrow=2 ncol=2 as.numeric=TRUE >
		Ruler point 1	3910	2605
		Ruler point 2	2392	2622
	</ruler.points>
</shapes>

