<shapes type=list>
	<ruler.pixel type=vector names=FALSE length=1 as.numeric=TRUE >773.126768389247</ruler.pixel>
	<ruler.interval type=vector names=FALSE length=1 as.numeric=TRUE >10</ruler.interval>
	<scaling.units type=vector names=FALSE length=1 as.numeric=FALSE >mm</scaling.units>
	<scaling type=vector names=FALSE length=1 as.numeric=TRUE >0.00876178911499886</scaling>
	<landmarks.pixel type=matrix rownames=TRUE colnames=FALSE nrow=4 ncol=2 as.numeric=TRUE >
		Labial	2354	1370
		Posterior	2270	1313
		Lingual	2346	1235
		Anterior	2431	1300
	</landmarks.pixel>
	<landmarks.scaled type=matrix rownames=TRUE colnames=FALSE nrow=4 ncol=2 as.numeric=TRUE >
		Labial	20.6252515767073	-12.0036510875484
		Posterior	19.8892612910474	-11.5042291079935
		Lingual	20.5551572637873	-10.8208095570236
		Anterior	21.2999093385622	-11.3903258494985
	</landmarks.scaled>
	<curves.control type=list>
		<Outline1 type=matrix rownames=FALSE colnames=FALSE nrow=15 ncol=2 as.numeric=TRUE >
			2354	1370
			2347	1373
			2339	1376
			2329	1380
			2321	1384
			2313	1385
			2303	1384
			2295	1381
			2288	1378
			2280	1373
			2276	1366
			2272	1358
			2271	1348
			2270	1339
			2270	1313
		</Outline1>
		<Outline2 type=matrix rownames=FALSE colnames=FALSE nrow=11 ncol=2 as.numeric=TRUE >
			2270	1313
			2271	1299
			2273	1286
			2276	1274
			2282	1265
			2290	1255
			2298	1247
			2306	1241
			2316	1237
			2326	1235
			2346	1235
		</Outline2>
		<Outline3 type=matrix rownames=FALSE colnames=FALSE nrow=17 ncol=2 as.numeric=TRUE >
			2346	1235
			2361	1235
			2372	1234
			2384	1234
			2394	1235
			2403	1236
			2412	1239
			2418	1242
			2423	1246
			2426	1252
			2430	1258
			2432	1264
			2432	1273
			2431	1280
			2431	1289
			2431	1294
			2431	1300
		</Outline3>
		<Outline4 type=matrix rownames=FALSE colnames=FALSE nrow=21 ncol=2 as.numeric=TRUE >
			2431	1300
			2433	1308
			2433	1316
			2433	1321
			2432	1326
			2430	1332
			2427	1336
			2424	1342
			2422	1347
			2418	1352
			2413	1356
			2407	1360
			2402	1363
			2397	1366
			2392	1368
			2385	1370
			2378	1370
			2373	1370
			2367	1370
			2361	1370
			2354	1370
		</Outline4>
	</curves.control>
	<curves.pixel type=list>
		<Outline1 type=matrix rownames=FALSE colnames=FALSE nrow=142 ncol=2 as.numeric=TRUE >
			2354	1370
			2353	1370
			2353	1371
			2352	1371
			2351	1371
			2350	1371
			2350	1372
			2349	1372
			2348	1372
			2348	1373
			2347	1373
			2346	1373
			2345	1374
			2344	1374
			2343	1375
			2342	1375
			2341	1375
			2340	1376
			2339	1376
			2338	1376
			2337	1377
			2336	1377
			2335	1378
			2334	1378
			2333	1379
			2332	1379
			2331	1379
			2330	1380
			2329	1380
			2328	1380
			2328	1381
			2327	1381
			2326	1381
			2325	1382
			2324	1383
			2323	1383
			2322	1384
			2321	1384
			2320	1384
			2319	1384
			2318	1384
			2317	1384
			2316	1384
			2315	1384
			2314	1384
			2313	1384
			2312	1384
			2311	1384
			2310	1384
			2309	1384
			2308	1384
			2307	1384
			2306	1384
			2305	1384
			2304	1384
			2303	1384
			2302	1384
			2301	1383
			2300	1383
			2299	1383
			2299	1382
			2298	1382
			2297	1382
			2296	1381
			2295	1381
			2294	1380
			2293	1380
			2292	1380
			2291	1379
			2290	1379
			2289	1378
			2288	1378
			2287	1377
			2286	1377
			2285	1376
			2284	1375
			2283	1375
			2283	1374
			2282	1373
			2281	1373
			2280	1372
			2280	1371
			2279	1370
			2278	1369
			2278	1368
			2277	1368
			2276	1367
			2276	1366
			2275	1365
			2275	1364
			2274	1363
			2274	1362
			2274	1361
			2274	1360
			2273	1360
			2273	1359
			2273	1358
			2273	1357
			2272	1356
			2272	1355
			2272	1354
			2272	1353
			2271	1352
			2271	1351
			2271	1350
			2271	1349
			2271	1348
			2271	1347
			2271	1346
			2271	1345
			2271	1344
			2271	1343
			2271	1342
			2270	1341
			2270	1340
			2270	1339
			2270	1338
			2270	1337
			2270	1336
			2270	1335
			2270	1334
			2270	1333
			2270	1332
			2270	1331
			2270	1330
			2270	1329
			2270	1328
			2270	1327
			2270	1326
			2270	1325
			2270	1324
			2270	1323
			2270	1322
			2270	1321
			2270	1320
			2270	1319
			2270	1318
			2270	1317
			2270	1316
			2270	1315
			2270	1314
			2270	1313
		</Outline1>
		<Outline2 type=matrix rownames=FALSE colnames=FALSE nrow=118 ncol=2 as.numeric=TRUE >
			2270	1313
			2270	1312
			2270	1311
			2270	1310
			2270	1309
			2270	1308
			2270	1307
			2271	1307
			2271	1306
			2271	1305
			2271	1304
			2271	1303
			2271	1302
			2271	1301
			2271	1300
			2271	1299
			2271	1298
			2272	1297
			2272	1296
			2272	1295
			2272	1294
			2272	1293
			2272	1292
			2272	1291
			2272	1290
			2273	1289
			2273	1288
			2273	1287
			2273	1286
			2273	1285
			2274	1284
			2274	1283
			2274	1282
			2274	1281
			2275	1280
			2275	1279
			2275	1278
			2276	1277
			2276	1276
			2277	1275
			2277	1274
			2277	1273
			2278	1272
			2278	1271
			2279	1270
			2280	1269
			2280	1268
			2281	1267
			2281	1266
			2282	1265
			2283	1264
			2284	1263
			2285	1262
			2285	1261
			2286	1260
			2287	1259
			2288	1258
			2289	1257
			2289	1256
			2290	1255
			2291	1254
			2292	1253
			2293	1252
			2294	1252
			2294	1251
			2295	1250
			2296	1249
			2297	1248
			2298	1247
			2299	1247
			2299	1246
			2300	1245
			2301	1245
			2302	1244
			2303	1244
			2304	1243
			2305	1243
			2306	1242
			2307	1241
			2308	1241
			2309	1240
			2310	1240
			2311	1239
			2312	1239
			2313	1238
			2314	1238
			2315	1237
			2316	1237
			2317	1237
			2318	1237
			2319	1236
			2320	1236
			2321	1236
			2322	1236
			2323	1236
			2324	1236
			2325	1236
			2326	1236
			2327	1236
			2328	1236
			2329	1235
			2330	1235
			2331	1235
			2332	1235
			2333	1235
			2334	1235
			2335	1235
			2336	1235
			2337	1235
			2338	1235
			2339	1235
			2340	1235
			2341	1235
			2342	1235
			2343	1235
			2344	1235
			2345	1235
			2346	1235
		</Outline2>
		<Outline3 type=matrix rownames=FALSE colnames=FALSE nrow=134 ncol=2 as.numeric=TRUE >
			2346	1235
			2347	1235
			2348	1235
			2349	1235
			2350	1235
			2351	1235
			2352	1235
			2353	1235
			2354	1235
			2355	1235
			2356	1235
			2357	1235
			2358	1235
			2359	1235
			2360	1235
			2361	1235
			2362	1235
			2363	1235
			2364	1235
			2365	1234
			2366	1234
			2367	1234
			2368	1234
			2369	1234
			2370	1234
			2371	1234
			2372	1234
			2373	1234
			2374	1234
			2375	1234
			2376	1234
			2377	1234
			2378	1234
			2379	1234
			2380	1234
			2381	1234
			2382	1234
			2383	1234
			2384	1234
			2385	1234
			2386	1234
			2387	1234
			2388	1234
			2389	1235
			2390	1235
			2391	1235
			2392	1235
			2393	1235
			2394	1235
			2395	1235
			2396	1235
			2397	1235
			2398	1236
			2399	1236
			2400	1236
			2401	1236
			2402	1236
			2403	1236
			2404	1237
			2405	1237
			2406	1237
			2407	1238
			2408	1238
			2409	1238
			2410	1238
			2411	1239
			2412	1239
			2413	1239
			2413	1240
			2414	1240
			2415	1240
			2416	1241
			2417	1242
			2418	1242
			2419	1243
			2420	1244
			2421	1245
			2422	1245
			2422	1246
			2423	1246
			2423	1247
			2424	1248
			2425	1249
			2425	1250
			2426	1251
			2426	1252
			2427	1253
			2427	1254
			2428	1255
			2429	1256
			2430	1257
			2430	1258
			2430	1259
			2431	1260
			2431	1261
			2431	1262
			2431	1263
			2431	1264
			2432	1265
			2432	1266
			2432	1267
			2432	1268
			2432	1269
			2432	1270
			2432	1271
			2432	1272
			2432	1273
			2432	1274
			2432	1275
			2432	1276
			2432	1277
			2431	1278
			2431	1279
			2431	1280
			2431	1281
			2431	1282
			2431	1283
			2431	1284
			2431	1285
			2431	1286
			2431	1287
			2431	1288
			2431	1289
			2431	1290
			2431	1291
			2431	1292
			2431	1293
			2431	1294
			2431	1295
			2431	1296
			2431	1297
			2431	1298
			2431	1299
			2431	1300
		</Outline3>
		<Outline4 type=matrix rownames=FALSE colnames=FALSE nrow=121 ncol=2 as.numeric=TRUE >
			2431	1300
			2431	1301
			2431	1302
			2432	1303
			2432	1304
			2432	1305
			2432	1306
			2432	1307
			2432	1308
			2433	1309
			2433	1310
			2433	1311
			2433	1312
			2433	1313
			2433	1314
			2433	1315
			2433	1316
			2433	1317
			2433	1318
			2433	1319
			2433	1320
			2433	1321
			2433	1322
			2432	1323
			2432	1324
			2432	1325
			2432	1326
			2432	1327
			2431	1328
			2431	1329
			2430	1330
			2430	1331
			2430	1332
			2429	1333
			2428	1334
			2428	1335
			2427	1336
			2426	1337
			2426	1338
			2425	1339
			2425	1340
			2424	1341
			2424	1342
			2424	1343
			2423	1344
			2423	1345
			2422	1346
			2422	1347
			2421	1348
			2421	1349
			2420	1349
			2419	1350
			2419	1351
			2418	1352
			2417	1353
			2416	1353
			2415	1354
			2415	1355
			2414	1355
			2413	1356
			2412	1357
			2411	1357
			2410	1358
			2409	1359
			2408	1359
			2407	1360
			2406	1361
			2405	1361
			2404	1362
			2403	1362
			2402	1363
			2401	1363
			2401	1364
			2400	1364
			2399	1365
			2398	1365
			2397	1366
			2396	1366
			2395	1366
			2395	1367
			2394	1367
			2393	1368
			2392	1368
			2391	1368
			2390	1369
			2389	1369
			2388	1369
			2387	1369
			2386	1369
			2385	1370
			2384	1370
			2383	1370
			2382	1370
			2381	1370
			2380	1370
			2379	1370
			2378	1370
			2377	1370
			2376	1370
			2375	1370
			2374	1370
			2373	1370
			2372	1370
			2371	1370
			2370	1370
			2369	1370
			2368	1370
			2367	1370
			2366	1370
			2365	1370
			2364	1370
			2363	1370
			2362	1370
			2361	1370
			2360	1370
			2359	1370
			2358	1370
			2357	1370
			2356	1370
			2355	1370
			2354	1370
		</Outline4>
	</curves.pixel>
	<curves.scaled type=list>
		<Outline1 type=matrix rownames=FALSE colnames=FALSE nrow=142 ncol=2 as.numeric=TRUE >
			20.6252515767073	-12.0036510875484
			20.6164897875923	-12.0036510875484
			20.6164897875923	-12.0124128766634
			20.6077279984773	-12.0124128766634
			20.5989662093623	-12.0124128766634
			20.5902044202473	-12.0124128766634
			20.5902044202473	-12.0211746657784
			20.5814426311323	-12.0211746657784
			20.5726808420173	-12.0211746657784
			20.5726808420173	-12.0299364548934
			20.5639190529023	-12.0299364548934
			20.5551572637873	-12.0299364548934
			20.5463954746723	-12.0386982440084
			20.5376336855573	-12.0386982440084
			20.5288718964423	-12.0474600331234
			20.5201101073273	-12.0474600331234
			20.5113483182123	-12.0474600331234
			20.5025865290973	-12.0562218222384
			20.4938247399823	-12.0562218222384
			20.4850629508673	-12.0562218222384
			20.4763011617523	-12.0649836113534
			20.4675393726373	-12.0649836113534
			20.4587775835223	-12.0737454004684
			20.4500157944073	-12.0737454004684
			20.4412540052923	-12.0825071895834
			20.4324922161773	-12.0825071895834
			20.4237304270623	-12.0825071895834
			20.4149686379473	-12.0912689786984
			20.4062068488323	-12.0912689786984
			20.3974450597173	-12.0912689786984
			20.3974450597173	-12.1000307678134
			20.3886832706023	-12.1000307678134
			20.3799214814873	-12.1000307678134
			20.3711596923723	-12.1087925569284
			20.3623979032573	-12.1175543460434
			20.3536361141423	-12.1175543460434
			20.3448743250273	-12.1263161351584
			20.3361125359123	-12.1263161351584
			20.3273507467973	-12.1263161351584
			20.3185889576823	-12.1263161351584
			20.3098271685673	-12.1263161351584
			20.3010653794523	-12.1263161351584
			20.2923035903374	-12.1263161351584
			20.2835418012224	-12.1263161351584
			20.2747800121074	-12.1263161351584
			20.2660182229924	-12.1263161351584
			20.2572564338774	-12.1263161351584
			20.2484946447624	-12.1263161351584
			20.2397328556474	-12.1263161351584
			20.2309710665324	-12.1263161351584
			20.2222092774174	-12.1263161351584
			20.2134474883024	-12.1263161351584
			20.2046856991874	-12.1263161351584
			20.1959239100724	-12.1263161351584
			20.1871621209574	-12.1263161351584
			20.1784003318424	-12.1263161351584
			20.1696385427274	-12.1263161351584
			20.1608767536124	-12.1175543460434
			20.1521149644974	-12.1175543460434
			20.1433531753824	-12.1175543460434
			20.1433531753824	-12.1087925569284
			20.1345913862674	-12.1087925569284
			20.1258295971524	-12.1087925569284
			20.1170678080374	-12.1000307678134
			20.1083060189224	-12.1000307678134
			20.0995442298074	-12.0912689786984
			20.0907824406924	-12.0912689786984
			20.0820206515774	-12.0912689786984
			20.0732588624624	-12.0825071895834
			20.0644970733474	-12.0825071895834
			20.0557352842324	-12.0737454004684
			20.0469734951174	-12.0737454004684
			20.0382117060024	-12.0649836113534
			20.0294499168874	-12.0649836113534
			20.0206881277724	-12.0562218222384
			20.0119263386574	-12.0474600331234
			20.0031645495424	-12.0474600331234
			20.0031645495424	-12.0386982440084
			19.9944027604274	-12.0299364548934
			19.9856409713124	-12.0299364548934
			19.9768791821974	-12.0211746657784
			19.9768791821974	-12.0124128766634
			19.9681173930824	-12.0036510875484
			19.9593556039674	-11.9948892984334
			19.9593556039674	-11.9861275093184
			19.9505938148524	-11.9861275093184
			19.9418320257374	-11.9773657202034
			19.9418320257374	-11.9686039310884
			19.9330702366224	-11.9598421419734
			19.9330702366224	-11.9510803528584
			19.9243084475074	-11.9423185637434
			19.9243084475074	-11.9335567746284
			19.9243084475074	-11.9247949855134
			19.9243084475074	-11.9160331963984
			19.9155466583924	-11.9160331963984
			19.9155466583924	-11.9072714072834
			19.9155466583924	-11.8985096181684
			19.9155466583924	-11.8897478290534
			19.9067848692774	-11.8809860399384
			19.9067848692774	-11.8722242508235
			19.9067848692774	-11.8634624617085
			19.9067848692774	-11.8547006725935
			19.8980230801624	-11.8459388834785
			19.8980230801624	-11.8371770943635
			19.8980230801624	-11.8284153052485
			19.8980230801624	-11.8196535161335
			19.8980230801624	-11.8108917270185
			19.8980230801624	-11.8021299379035
			19.8980230801624	-11.7933681487885
			19.8980230801624	-11.7846063596735
			19.8980230801624	-11.7758445705585
			19.8980230801624	-11.7670827814435
			19.8980230801624	-11.7583209923285
			19.8892612910474	-11.7495592032135
			19.8892612910474	-11.7407974140985
			19.8892612910474	-11.7320356249835
			19.8892612910474	-11.7232738358685
			19.8892612910474	-11.7145120467535
			19.8892612910474	-11.7057502576385
			19.8892612910474	-11.6969884685235
			19.8892612910474	-11.6882266794085
			19.8892612910474	-11.6794648902935
			19.8892612910474	-11.6707031011785
			19.8892612910474	-11.6619413120635
			19.8892612910474	-11.6531795229485
			19.8892612910474	-11.6444177338335
			19.8892612910474	-11.6356559447185
			19.8892612910474	-11.6268941556035
			19.8892612910474	-11.6181323664885
			19.8892612910474	-11.6093705773735
			19.8892612910474	-11.6006087882585
			19.8892612910474	-11.5918469991435
			19.8892612910474	-11.5830852100285
			19.8892612910474	-11.5743234209135
			19.8892612910474	-11.5655616317985
			19.8892612910474	-11.5567998426835
			19.8892612910474	-11.5480380535685
			19.8892612910474	-11.5392762644535
			19.8892612910474	-11.5305144753385
			19.8892612910474	-11.5217526862235
			19.8892612910474	-11.5129908971085
			19.8892612910474	-11.5042291079935
		</Outline1>
		<Outline2 type=matrix rownames=FALSE colnames=FALSE nrow=118 ncol=2 as.numeric=TRUE >
			19.8892612910474	-11.5042291079935
			19.8892612910474	-11.4954673188785
			19.8892612910474	-11.4867055297635
			19.8892612910474	-11.4779437406485
			19.8892612910474	-11.4691819515335
			19.8892612910474	-11.4604201624185
			19.8892612910474	-11.4516583733035
			19.8980230801624	-11.4516583733035
			19.8980230801624	-11.4428965841885
			19.8980230801624	-11.4341347950735
			19.8980230801624	-11.4253730059585
			19.8980230801624	-11.4166112168435
			19.8980230801624	-11.4078494277285
			19.8980230801624	-11.3990876386135
			19.8980230801624	-11.3903258494985
			19.8980230801624	-11.3815640603835
			19.8980230801624	-11.3728022712685
			19.9067848692774	-11.3640404821535
			19.9067848692774	-11.3552786930385
			19.9067848692774	-11.3465169039235
			19.9067848692774	-11.3377551148085
			19.9067848692774	-11.3289933256935
			19.9067848692774	-11.3202315365785
			19.9067848692774	-11.3114697474635
			19.9067848692774	-11.3027079583485
			19.9155466583924	-11.2939461692335
			19.9155466583924	-11.2851843801185
			19.9155466583924	-11.2764225910035
			19.9155466583924	-11.2676608018885
			19.9155466583924	-11.2588990127735
			19.9243084475074	-11.2501372236585
			19.9243084475074	-11.2413754345435
			19.9243084475074	-11.2326136454285
			19.9243084475074	-11.2238518563135
			19.9330702366224	-11.2150900671985
			19.9330702366224	-11.2063282780835
			19.9330702366224	-11.1975664889685
			19.9418320257374	-11.1888046998535
			19.9418320257374	-11.1800429107385
			19.9505938148524	-11.1712811216235
			19.9505938148524	-11.1625193325085
			19.9505938148524	-11.1537575433935
			19.9593556039674	-11.1449957542785
			19.9593556039674	-11.1362339651635
			19.9681173930824	-11.1274721760485
			19.9768791821974	-11.1187103869335
			19.9768791821974	-11.1099485978185
			19.9856409713124	-11.1011868087036
			19.9856409713124	-11.0924250195886
			19.9944027604274	-11.0836632304736
			20.0031645495424	-11.0749014413586
			20.0119263386574	-11.0661396522436
			20.0206881277724	-11.0573778631286
			20.0206881277724	-11.0486160740136
			20.0294499168874	-11.0398542848986
			20.0382117060024	-11.0310924957836
			20.0469734951174	-11.0223307066686
			20.0557352842324	-11.0135689175536
			20.0557352842324	-11.0048071284386
			20.0644970733474	-10.9960453393236
			20.0732588624624	-10.9872835502086
			20.0820206515774	-10.9785217610936
			20.0907824406924	-10.9697599719786
			20.0995442298074	-10.9697599719786
			20.0995442298074	-10.9609981828636
			20.1083060189224	-10.9522363937486
			20.1170678080374	-10.9434746046336
			20.1258295971524	-10.9347128155186
			20.1345913862674	-10.9259510264036
			20.1433531753824	-10.9259510264036
			20.1433531753824	-10.9171892372886
			20.1521149644974	-10.9084274481736
			20.1608767536124	-10.9084274481736
			20.1696385427274	-10.8996656590586
			20.1784003318424	-10.8996656590586
			20.1871621209574	-10.8909038699436
			20.1959239100724	-10.8909038699436
			20.2046856991874	-10.8821420808286
			20.2134474883024	-10.8733802917136
			20.2222092774174	-10.8733802917136
			20.2309710665324	-10.8646185025986
			20.2397328556474	-10.8646185025986
			20.2484946447624	-10.8558567134836
			20.2572564338774	-10.8558567134836
			20.2660182229924	-10.8470949243686
			20.2747800121074	-10.8470949243686
			20.2835418012224	-10.8383331352536
			20.2923035903374	-10.8383331352536
			20.3010653794523	-10.8383331352536
			20.3098271685673	-10.8383331352536
			20.3185889576823	-10.8295713461386
			20.3273507467973	-10.8295713461386
			20.3361125359123	-10.8295713461386
			20.3448743250273	-10.8295713461386
			20.3536361141423	-10.8295713461386
			20.3623979032573	-10.8295713461386
			20.3711596923723	-10.8295713461386
			20.3799214814873	-10.8295713461386
			20.3886832706023	-10.8295713461386
			20.3974450597173	-10.8295713461386
			20.4062068488323	-10.8208095570236
			20.4149686379473	-10.8208095570236
			20.4237304270623	-10.8208095570236
			20.4324922161773	-10.8208095570236
			20.4412540052923	-10.8208095570236
			20.4500157944073	-10.8208095570236
			20.4587775835223	-10.8208095570236
			20.4675393726373	-10.8208095570236
			20.4763011617523	-10.8208095570236
			20.4850629508673	-10.8208095570236
			20.4938247399823	-10.8208095570236
			20.5025865290973	-10.8208095570236
			20.5113483182123	-10.8208095570236
			20.5201101073273	-10.8208095570236
			20.5288718964423	-10.8208095570236
			20.5376336855573	-10.8208095570236
			20.5463954746723	-10.8208095570236
			20.5551572637873	-10.8208095570236
		</Outline2>
		<Outline3 type=matrix rownames=FALSE colnames=FALSE nrow=134 ncol=2 as.numeric=TRUE >
			20.5551572637873	-10.8208095570236
			20.5639190529023	-10.8208095570236
			20.5726808420173	-10.8208095570236
			20.5814426311323	-10.8208095570236
			20.5902044202473	-10.8208095570236
			20.5989662093623	-10.8208095570236
			20.6077279984773	-10.8208095570236
			20.6164897875923	-10.8208095570236
			20.6252515767073	-10.8208095570236
			20.6340133658223	-10.8208095570236
			20.6427751549373	-10.8208095570236
			20.6515369440523	-10.8208095570236
			20.6602987331673	-10.8208095570236
			20.6690605222823	-10.8208095570236
			20.6778223113973	-10.8208095570236
			20.6865841005123	-10.8208095570236
			20.6953458896273	-10.8208095570236
			20.7041076787423	-10.8208095570236
			20.7128694678573	-10.8208095570236
			20.7216312569723	-10.8120477679086
			20.7303930460873	-10.8120477679086
			20.7391548352023	-10.8120477679086
			20.7479166243173	-10.8120477679086
			20.7566784134323	-10.8120477679086
			20.7654402025473	-10.8120477679086
			20.7742019916623	-10.8120477679086
			20.7829637807773	-10.8120477679086
			20.7917255698923	-10.8120477679086
			20.8004873590073	-10.8120477679086
			20.8092491481223	-10.8120477679086
			20.8180109372373	-10.8120477679086
			20.8267727263523	-10.8120477679086
			20.8355345154673	-10.8120477679086
			20.8442963045823	-10.8120477679086
			20.8530580936973	-10.8120477679086
			20.8618198828123	-10.8120477679086
			20.8705816719273	-10.8120477679086
			20.8793434610423	-10.8120477679086
			20.8881052501573	-10.8120477679086
			20.8968670392723	-10.8120477679086
			20.9056288283873	-10.8120477679086
			20.9143906175023	-10.8120477679086
			20.9231524066173	-10.8120477679086
			20.9319141957323	-10.8208095570236
			20.9406759848473	-10.8208095570236
			20.9494377739623	-10.8208095570236
			20.9581995630773	-10.8208095570236
			20.9669613521923	-10.8208095570236
			20.9757231413073	-10.8208095570236
			20.9844849304223	-10.8208095570236
			20.9932467195373	-10.8208095570236
			21.0020085086523	-10.8208095570236
			21.0107702977673	-10.8295713461386
			21.0195320868823	-10.8295713461386
			21.0282938759973	-10.8295713461386
			21.0370556651123	-10.8295713461386
			21.0458174542273	-10.8295713461386
			21.0545792433423	-10.8295713461386
			21.0633410324573	-10.8383331352536
			21.0721028215723	-10.8383331352536
			21.0808646106873	-10.8383331352536
			21.0896263998022	-10.8470949243686
			21.0983881889172	-10.8470949243686
			21.1071499780322	-10.8470949243686
			21.1159117671472	-10.8470949243686
			21.1246735562622	-10.8558567134836
			21.1334353453772	-10.8558567134836
			21.1421971344922	-10.8558567134836
			21.1421971344922	-10.8646185025986
			21.1509589236072	-10.8646185025986
			21.1597207127222	-10.8646185025986
			21.1684825018372	-10.8733802917136
			21.1772442909522	-10.8821420808286
			21.1860060800672	-10.8821420808286
			21.1947678691822	-10.8909038699436
			21.2035296582972	-10.8996656590586
			21.2122914474122	-10.9084274481736
			21.2210532365272	-10.9084274481736
			21.2210532365272	-10.9171892372886
			21.2298150256422	-10.9171892372886
			21.2298150256422	-10.9259510264036
			21.2385768147572	-10.9347128155186
			21.2473386038722	-10.9434746046336
			21.2473386038722	-10.9522363937486
			21.2561003929872	-10.9609981828636
			21.2561003929872	-10.9697599719786
			21.2648621821022	-10.9785217610936
			21.2648621821022	-10.9872835502086
			21.2736239712172	-10.9960453393236
			21.2823857603322	-11.0048071284386
			21.2911475494472	-11.0135689175536
			21.2911475494472	-11.0223307066686
			21.2911475494472	-11.0310924957836
			21.2999093385622	-11.0398542848986
			21.2999093385622	-11.0486160740136
			21.2999093385622	-11.0573778631286
			21.2999093385622	-11.0661396522436
			21.2999093385622	-11.0749014413586
			21.3086711276772	-11.0836632304736
			21.3086711276772	-11.0924250195886
			21.3086711276772	-11.1011868087036
			21.3086711276772	-11.1099485978185
			21.3086711276772	-11.1187103869335
			21.3086711276772	-11.1274721760485
			21.3086711276772	-11.1362339651635
			21.3086711276772	-11.1449957542785
			21.3086711276772	-11.1537575433935
			21.3086711276772	-11.1625193325085
			21.3086711276772	-11.1712811216235
			21.3086711276772	-11.1800429107385
			21.3086711276772	-11.1888046998535
			21.2999093385622	-11.1975664889685
			21.2999093385622	-11.2063282780835
			21.2999093385622	-11.2150900671985
			21.2999093385622	-11.2238518563135
			21.2999093385622	-11.2326136454285
			21.2999093385622	-11.2413754345435
			21.2999093385622	-11.2501372236585
			21.2999093385622	-11.2588990127735
			21.2999093385622	-11.2676608018885
			21.2999093385622	-11.2764225910035
			21.2999093385622	-11.2851843801185
			21.2999093385622	-11.2939461692335
			21.2999093385622	-11.3027079583485
			21.2999093385622	-11.3114697474635
			21.2999093385622	-11.3202315365785
			21.2999093385622	-11.3289933256935
			21.2999093385622	-11.3377551148085
			21.2999093385622	-11.3465169039235
			21.2999093385622	-11.3552786930385
			21.2999093385622	-11.3640404821535
			21.2999093385622	-11.3728022712685
			21.2999093385622	-11.3815640603835
			21.2999093385622	-11.3903258494985
		</Outline3>
		<Outline4 type=matrix rownames=FALSE colnames=FALSE nrow=121 ncol=2 as.numeric=TRUE >
			21.2999093385622	-11.3903258494985
			21.2999093385622	-11.3990876386135
			21.2999093385622	-11.4078494277285
			21.3086711276772	-11.4166112168435
			21.3086711276772	-11.4253730059585
			21.3086711276772	-11.4341347950735
			21.3086711276772	-11.4428965841885
			21.3086711276772	-11.4516583733035
			21.3086711276772	-11.4604201624185
			21.3174329167922	-11.4691819515335
			21.3174329167922	-11.4779437406485
			21.3174329167922	-11.4867055297635
			21.3174329167922	-11.4954673188785
			21.3174329167922	-11.5042291079935
			21.3174329167922	-11.5129908971085
			21.3174329167922	-11.5217526862235
			21.3174329167922	-11.5305144753385
			21.3174329167922	-11.5392762644535
			21.3174329167922	-11.5480380535685
			21.3174329167922	-11.5567998426835
			21.3174329167922	-11.5655616317985
			21.3174329167922	-11.5743234209135
			21.3174329167922	-11.5830852100285
			21.3086711276772	-11.5918469991435
			21.3086711276772	-11.6006087882585
			21.3086711276772	-11.6093705773735
			21.3086711276772	-11.6181323664885
			21.3086711276772	-11.6268941556035
			21.2999093385622	-11.6356559447185
			21.2999093385622	-11.6444177338335
			21.2911475494472	-11.6531795229485
			21.2911475494472	-11.6619413120635
			21.2911475494472	-11.6707031011785
			21.2823857603322	-11.6794648902935
			21.2736239712172	-11.6882266794085
			21.2736239712172	-11.6969884685235
			21.2648621821022	-11.7057502576385
			21.2561003929872	-11.7145120467535
			21.2561003929872	-11.7232738358685
			21.2473386038722	-11.7320356249835
			21.2473386038722	-11.7407974140985
			21.2385768147572	-11.7495592032135
			21.2385768147572	-11.7583209923285
			21.2385768147572	-11.7670827814435
			21.2298150256422	-11.7758445705585
			21.2298150256422	-11.7846063596735
			21.2210532365272	-11.7933681487885
			21.2210532365272	-11.8021299379035
			21.2122914474122	-11.8108917270185
			21.2122914474122	-11.8196535161335
			21.2035296582972	-11.8196535161335
			21.1947678691822	-11.8284153052485
			21.1947678691822	-11.8371770943635
			21.1860060800672	-11.8459388834785
			21.1772442909522	-11.8547006725935
			21.1684825018372	-11.8547006725935
			21.1597207127222	-11.8634624617085
			21.1597207127222	-11.8722242508235
			21.1509589236072	-11.8722242508235
			21.1421971344922	-11.8809860399384
			21.1334353453772	-11.8897478290534
			21.1246735562622	-11.8897478290534
			21.1159117671472	-11.8985096181684
			21.1071499780322	-11.9072714072834
			21.0983881889172	-11.9072714072834
			21.0896263998022	-11.9160331963984
			21.0808646106873	-11.9247949855134
			21.0721028215723	-11.9247949855134
			21.0633410324573	-11.9335567746284
			21.0545792433423	-11.9335567746284
			21.0458174542273	-11.9423185637434
			21.0370556651123	-11.9423185637434
			21.0370556651123	-11.9510803528584
			21.0282938759973	-11.9510803528584
			21.0195320868823	-11.9598421419734
			21.0107702977673	-11.9598421419734
			21.0020085086523	-11.9686039310884
			20.9932467195373	-11.9686039310884
			20.9844849304223	-11.9686039310884
			20.9844849304223	-11.9773657202034
			20.9757231413073	-11.9773657202034
			20.9669613521923	-11.9861275093184
			20.9581995630773	-11.9861275093184
			20.9494377739623	-11.9861275093184
			20.9406759848473	-11.9948892984334
			20.9319141957323	-11.9948892984334
			20.9231524066173	-11.9948892984334
			20.9143906175023	-11.9948892984334
			20.9056288283873	-11.9948892984334
			20.8968670392723	-12.0036510875484
			20.8881052501573	-12.0036510875484
			20.8793434610423	-12.0036510875484
			20.8705816719273	-12.0036510875484
			20.8618198828123	-12.0036510875484
			20.8530580936973	-12.0036510875484
			20.8442963045823	-12.0036510875484
			20.8355345154673	-12.0036510875484
			20.8267727263523	-12.0036510875484
			20.8180109372373	-12.0036510875484
			20.8092491481223	-12.0036510875484
			20.8004873590073	-12.0036510875484
			20.7917255698923	-12.0036510875484
			20.7829637807773	-12.0036510875484
			20.7742019916623	-12.0036510875484
			20.7654402025473	-12.0036510875484
			20.7566784134323	-12.0036510875484
			20.7479166243173	-12.0036510875484
			20.7391548352023	-12.0036510875484
			20.7303930460873	-12.0036510875484
			20.7216312569723	-12.0036510875484
			20.7128694678573	-12.0036510875484
			20.7041076787423	-12.0036510875484
			20.6953458896273	-12.0036510875484
			20.6865841005123	-12.0036510875484
			20.6778223113973	-12.0036510875484
			20.6690605222823	-12.0036510875484
			20.6602987331673	-12.0036510875484
			20.6515369440523	-12.0036510875484
			20.6427751549373	-12.0036510875484
			20.6340133658223	-12.0036510875484
			20.6252515767073	-12.0036510875484
		</Outline4>
	</curves.scaled>
	<ruler.points type=matrix rownames=TRUE colnames=FALSE nrow=2 ncol=2 as.numeric=TRUE >
		Ruler point 1	3444	2323
		Ruler point 2	2303	2350
	</ruler.points>
</shapes>

