<shapes type=list>
	<ruler.pixel type=vector names=FALSE length=1 as.numeric=TRUE >46.1735855224608</ruler.pixel>
	<ruler.interval type=vector names=FALSE length=1 as.numeric=TRUE >1.55</ruler.interval>
	<scaling.units type=vector names=FALSE length=1 as.numeric=FALSE >mm</scaling.units>
	<scaling type=vector names=FALSE length=1 as.numeric=TRUE >0.0335689763413763</scaling>
	<landmarks.pixel type=matrix rownames=TRUE colnames=FALSE nrow=4 ncol=2 as.numeric=TRUE >
		Labial	375	898
		Posterior	350	880
		Lingual	370	856
		Anterior	396	875
	</landmarks.pixel>
	<landmarks.scaled type=matrix rownames=TRUE colnames=FALSE nrow=4 ncol=2 as.numeric=TRUE >
		Labial	12.5883661280161	-30.1449407545559
		Posterior	11.7491417194817	-29.5406991804111
		Lingual	12.4205212463092	-28.7350437482181
		Anterior	13.293314631185	-29.3728542987042
	</landmarks.scaled>
	<curves.control type=list>
		<Outline1 type=matrix rownames=FALSE colnames=FALSE nrow=9 ncol=2 as.numeric=TRUE >
			375	898
			371	900
			367	901
			362	901
			358	898
			354	894
			352	888
			351	884
			350	880
		</Outline1>
		<Outline2 type=matrix rownames=FALSE colnames=FALSE nrow=9 ncol=2 as.numeric=TRUE >
			350	880
			349	874
			350	868
			351	863
			354	859
			357	857
			360	856
			364	855
			370	856
		</Outline2>
		<Outline3 type=matrix rownames=FALSE colnames=FALSE nrow=9 ncol=2 as.numeric=TRUE >
			370	856
			374	857
			378	857
			382	857
			387	860
			391	863
			393	866
			395	869
			396	875
		</Outline3>
		<Outline4 type=matrix rownames=FALSE colnames=FALSE nrow=9 ncol=2 as.numeric=TRUE >
			396	875
			396	881
			395	886
			394	890
			391	893
			388	895
			385	895
			380	896
			375	898
		</Outline4>
	</curves.control>
	<curves.pixel type=list>
		<Outline1 type=matrix rownames=FALSE colnames=FALSE nrow=37 ncol=2 as.numeric=TRUE >
			375	898
			374	898
			373	899
			372	899
			371	900
			370	900
			369	900
			368	901
			367	901
			366	901
			365	901
			364	901
			363	901
			363	900
			362	900
			361	900
			360	899
			359	899
			358	898
			357	897
			356	896
			356	895
			355	894
			354	893
			353	892
			353	891
			353	890
			352	889
			352	888
			352	887
			351	886
			351	885
			351	884
			351	883
			350	882
			350	881
			350	880
		</Outline1>
		<Outline2 type=matrix rownames=FALSE colnames=FALSE nrow=39 ncol=2 as.numeric=TRUE >
			350	880
			350	879
			350	878
			350	877
			350	876
			350	875
			350	874
			350	873
			350	872
			350	871
			350	870
			350	869
			350	868
			350	867
			350	866
			351	865
			351	864
			352	863
			352	862
			353	861
			353	860
			354	859
			355	859
			355	858
			356	858
			357	857
			358	857
			359	856
			360	856
			361	856
			362	856
			363	856
			364	856
			365	856
			366	856
			367	856
			368	856
			369	856
			370	856
		</Outline2>
		<Outline3 type=matrix rownames=FALSE colnames=FALSE nrow=36 ncol=2 as.numeric=TRUE >
			370	856
			371	856
			372	856
			373	857
			374	857
			375	857
			376	857
			377	857
			378	857
			379	857
			380	857
			381	857
			382	858
			383	858
			384	858
			385	859
			386	859
			387	860
			388	861
			389	862
			390	862
			391	863
			391	864
			392	864
			392	865
			393	866
			393	867
			394	867
			394	868
			395	869
			395	870
			395	871
			395	872
			396	873
			396	874
			396	875
		</Outline3>
		<Outline4 type=matrix rownames=FALSE colnames=FALSE nrow=36 ncol=2 as.numeric=TRUE >
			396	875
			396	876
			396	877
			396	878
			396	879
			396	880
			396	881
			396	882
			396	883
			395	884
			395	885
			395	886
			395	887
			394	888
			394	889
			393	890
			393	891
			392	892
			391	893
			390	894
			389	894
			388	895
			387	895
			386	895
			385	895
			384	895
			383	895
			382	896
			381	896
			380	896
			379	896
			379	897
			378	897
			377	897
			376	898
			375	898
		</Outline4>
	</curves.pixel>
	<curves.scaled type=list>
		<Outline1 type=matrix rownames=FALSE colnames=FALSE nrow=37 ncol=2 as.numeric=TRUE >
			12.5883661280161	-30.1449407545559
			12.5547971516747	-30.1449407545559
			12.5212281753334	-30.1785097308973
			12.487659198992	-30.1785097308973
			12.4540902226506	-30.2120787072386
			12.4205212463092	-30.2120787072386
			12.3869522699678	-30.2120787072386
			12.3533832936265	-30.24564768358
			12.3198143172851	-30.24564768358
			12.2862453409437	-30.24564768358
			12.2526763646023	-30.24564768358
			12.219107388261	-30.24564768358
			12.1855384119196	-30.24564768358
			12.1855384119196	-30.2120787072386
			12.1519694355782	-30.2120787072386
			12.1184004592368	-30.2120787072386
			12.0848314828955	-30.1785097308973
			12.0512625065541	-30.1785097308973
			12.0176935302127	-30.1449407545559
			11.9841245538713	-30.1113717782145
			11.95055557753	-30.0778028018731
			11.95055557753	-30.0442338255318
			11.9169866011886	-30.0106648491904
			11.8834176248472	-29.977095872849
			11.8498486485058	-29.9435268965076
			11.8498486485058	-29.9099579201663
			11.8498486485058	-29.8763889438249
			11.8162796721644	-29.8428199674835
			11.8162796721644	-29.8092509911421
			11.8162796721644	-29.7756820148008
			11.7827106958231	-29.7421130384594
			11.7827106958231	-29.708544062118
			11.7827106958231	-29.6749750857766
			11.7827106958231	-29.6414061094353
			11.7491417194817	-29.6078371330939
			11.7491417194817	-29.5742681567525
			11.7491417194817	-29.5406991804111
		</Outline1>
		<Outline2 type=matrix rownames=FALSE colnames=FALSE nrow=39 ncol=2 as.numeric=TRUE >
			11.7491417194817	-29.5406991804111
			11.7491417194817	-29.5071302040697
			11.7491417194817	-29.4735612277284
			11.7491417194817	-29.439992251387
			11.7491417194817	-29.4064232750456
			11.7491417194817	-29.3728542987042
			11.7491417194817	-29.3392853223629
			11.7491417194817	-29.3057163460215
			11.7491417194817	-29.2721473696801
			11.7491417194817	-29.2385783933387
			11.7491417194817	-29.2050094169974
			11.7491417194817	-29.171440440656
			11.7491417194817	-29.1378714643146
			11.7491417194817	-29.1043024879732
			11.7491417194817	-29.0707335116319
			11.7827106958231	-29.0371645352905
			11.7827106958231	-29.0035955589491
			11.8162796721644	-28.9700265826077
			11.8162796721644	-28.9364576062663
			11.8498486485058	-28.902888629925
			11.8498486485058	-28.8693196535836
			11.8834176248472	-28.8357506772422
			11.9169866011886	-28.8357506772422
			11.9169866011886	-28.8021817009008
			11.95055557753	-28.8021817009008
			11.9841245538713	-28.7686127245595
			12.0176935302127	-28.7686127245595
			12.0512625065541	-28.7350437482181
			12.0848314828955	-28.7350437482181
			12.1184004592368	-28.7350437482181
			12.1519694355782	-28.7350437482181
			12.1855384119196	-28.7350437482181
			12.219107388261	-28.7350437482181
			12.2526763646023	-28.7350437482181
			12.2862453409437	-28.7350437482181
			12.3198143172851	-28.7350437482181
			12.3533832936265	-28.7350437482181
			12.3869522699678	-28.7350437482181
			12.4205212463092	-28.7350437482181
		</Outline2>
		<Outline3 type=matrix rownames=FALSE colnames=FALSE nrow=36 ncol=2 as.numeric=TRUE >
			12.4205212463092	-28.7350437482181
			12.4540902226506	-28.7350437482181
			12.487659198992	-28.7350437482181
			12.5212281753334	-28.7686127245595
			12.5547971516747	-28.7686127245595
			12.5883661280161	-28.7686127245595
			12.6219351043575	-28.7686127245595
			12.6555040806989	-28.7686127245595
			12.6890730570402	-28.7686127245595
			12.7226420333816	-28.7686127245595
			12.756211009723	-28.7686127245595
			12.7897799860644	-28.7686127245595
			12.8233489624057	-28.8021817009008
			12.8569179387471	-28.8021817009008
			12.8904869150885	-28.8021817009008
			12.9240558914299	-28.8357506772422
			12.9576248677712	-28.8357506772422
			12.9911938441126	-28.8693196535836
			13.024762820454	-28.902888629925
			13.0583317967954	-28.9364576062663
			13.0919007731367	-28.9364576062663
			13.1254697494781	-28.9700265826077
			13.1254697494781	-29.0035955589491
			13.1590387258195	-29.0035955589491
			13.1590387258195	-29.0371645352905
			13.1926077021609	-29.0707335116319
			13.1926077021609	-29.1043024879732
			13.2261766785023	-29.1043024879732
			13.2261766785023	-29.1378714643146
			13.2597456548436	-29.171440440656
			13.2597456548436	-29.2050094169974
			13.2597456548436	-29.2385783933387
			13.2597456548436	-29.2721473696801
			13.293314631185	-29.3057163460215
			13.293314631185	-29.3392853223629
			13.293314631185	-29.3728542987042
		</Outline3>
		<Outline4 type=matrix rownames=FALSE colnames=FALSE nrow=36 ncol=2 as.numeric=TRUE >
			13.293314631185	-29.3728542987042
			13.293314631185	-29.4064232750456
			13.293314631185	-29.439992251387
			13.293314631185	-29.4735612277284
			13.293314631185	-29.5071302040697
			13.293314631185	-29.5406991804111
			13.293314631185	-29.5742681567525
			13.293314631185	-29.6078371330939
			13.293314631185	-29.6414061094353
			13.2597456548436	-29.6749750857766
			13.2597456548436	-29.708544062118
			13.2597456548436	-29.7421130384594
			13.2597456548436	-29.7756820148008
			13.2261766785023	-29.8092509911421
			13.2261766785023	-29.8428199674835
			13.1926077021609	-29.8763889438249
			13.1926077021609	-29.9099579201663
			13.1590387258195	-29.9435268965076
			13.1254697494781	-29.977095872849
			13.0919007731367	-30.0106648491904
			13.0583317967954	-30.0106648491904
			13.024762820454	-30.0442338255318
			12.9911938441126	-30.0442338255318
			12.9576248677712	-30.0442338255318
			12.9240558914299	-30.0442338255318
			12.8904869150885	-30.0442338255318
			12.8569179387471	-30.0442338255318
			12.8233489624057	-30.0778028018731
			12.7897799860644	-30.0778028018731
			12.756211009723	-30.0778028018731
			12.7226420333816	-30.0778028018731
			12.7226420333816	-30.1113717782145
			12.6890730570402	-30.1113717782145
			12.6555040806989	-30.1113717782145
			12.6219351043575	-30.1449407545559
			12.5883661280161	-30.1449407545559
		</Outline4>
	</curves.scaled>
	<ruler.points type=matrix rownames=TRUE colnames=FALSE nrow=2 ncol=2 as.numeric=TRUE >
		Ruler point 1	350	878
		Ruler point 2	396	874
	</ruler.points>
</shapes>

