<shapes type=list>
	<ruler.pixel type=vector names=FALSE length=1 as.numeric=TRUE >376.005319111313</ruler.pixel>
	<ruler.interval type=vector names=FALSE length=1 as.numeric=TRUE >5</ruler.interval>
	<scaling.units type=vector names=FALSE length=1 as.numeric=FALSE >mm</scaling.units>
	<scaling type=vector names=FALSE length=1 as.numeric=TRUE >0.0132976842237697</scaling>
	<landmarks.pixel type=matrix rownames=TRUE colnames=FALSE nrow=4 ncol=2 as.numeric=TRUE >
		Labial	1668	2300
		Posterior	1533	2187
		Lingual	1634	2048
		Anterior	1775	2156
	</landmarks.pixel>
	<landmarks.scaled type=matrix rownames=TRUE colnames=FALSE nrow=4 ncol=2 as.numeric=TRUE >
		Labial	22.1805372852479	-30.5846737146704
		Posterior	20.385349915039	-29.0820353973844
		Lingual	21.7284160216397	-27.2336572902804
		Anterior	23.6033894971913	-28.6698071864475
	</landmarks.scaled>
	<curves.control type=list>
		<Outline1 type=matrix rownames=FALSE colnames=FALSE nrow=19 ncol=2 as.numeric=TRUE >
			1668	2300
			1656	2301
			1645	2303
			1634	2313
			1622	2322
			1610	2325
			1593	2325
			1578	2325
			1566	2321
			1555	2314
			1546	2301
			1541	2287
			1540	2271
			1539	2253
			1539	2239
			1537	2226
			1534	2214
			1531	2199
			1533	2187
		</Outline1>
		<Outline2 type=matrix rownames=FALSE colnames=FALSE nrow=13 ncol=2 as.numeric=TRUE >
			1533	2187
			1533	2169
			1539	2151
			1544	2136
			1548	2123
			1551	2108
			1557	2093
			1565	2080
			1571	2070
			1582	2061
			1599	2055
			1616	2050
			1634	2048
		</Outline2>
		<Outline3 type=matrix rownames=FALSE colnames=FALSE nrow=17 ncol=2 as.numeric=TRUE >
			1634	2048
			1651	2045
			1670	2042
			1690	2040
			1705	2038
			1721	2038
			1734	2044
			1745	2055
			1753	2068
			1758	2078
			1761	2090
			1762	2102
			1766	2111
			1771	2121
			1772	2131
			1774	2142
			1775	2156
		</Outline3>
		<Outline4 type=matrix rownames=FALSE colnames=FALSE nrow=15 ncol=2 as.numeric=TRUE >
			1775	2156
			1775	2169
			1769	2187
			1763	2200
			1758	2216
			1753	2227
			1748	2242
			1744	2257
			1738	2272
			1730	2283
			1723	2290
			1711	2296
			1702	2301
			1688	2302
			1668	2300
		</Outline4>
	</curves.control>
	<curves.pixel type=list>
		<Outline1 type=matrix rownames=FALSE colnames=FALSE nrow=242 ncol=2 as.numeric=TRUE >
			1668	2300
			1667	2300
			1666	2300
			1665	2300
			1664	2300
			1663	2300
			1662	2301
			1661	2301
			1660	2301
			1659	2301
			1658	2301
			1657	2301
			1656	2301
			1655	2301
			1654	2302
			1653	2302
			1652	2302
			1651	2302
			1650	2302
			1649	2302
			1648	2302
			1647	2303
			1646	2303
			1645	2303
			1644	2304
			1643	2304
			1642	2305
			1642	2306
			1641	2307
			1640	2308
			1639	2309
			1638	2309
			1637	2310
			1636	2311
			1635	2312
			1634	2313
			1633	2314
			1632	2314
			1631	2315
			1630	2316
			1629	2317
			1628	2318
			1627	2318
			1626	2319
			1625	2320
			1624	2321
			1623	2321
			1622	2322
			1621	2322
			1620	2323
			1619	2323
			1618	2323
			1617	2323
			1616	2323
			1615	2323
			1614	2324
			1613	2324
			1612	2324
			1611	2324
			1610	2324
			1609	2324
			1608	2324
			1607	2324
			1606	2325
			1605	2325
			1604	2325
			1603	2325
			1602	2325
			1601	2325
			1600	2325
			1599	2325
			1598	2325
			1597	2325
			1596	2325
			1595	2325
			1594	2325
			1593	2325
			1592	2325
			1591	2325
			1590	2325
			1589	2325
			1588	2325
			1587	2325
			1586	2325
			1585	2325
			1584	2325
			1583	2325
			1583	2324
			1582	2324
			1581	2324
			1580	2324
			1579	2324
			1578	2324
			1577	2324
			1576	2324
			1575	2323
			1574	2323
			1573	2323
			1572	2323
			1571	2322
			1570	2322
			1569	2322
			1568	2322
			1567	2321
			1566	2321
			1565	2320
			1564	2320
			1563	2319
			1562	2319
			1562	2318
			1561	2317
			1560	2317
			1559	2316
			1558	2315
			1557	2314
			1556	2313
			1555	2312
			1554	2311
			1553	2310
			1552	2309
			1551	2308
			1550	2307
			1549	2306
			1549	2305
			1548	2304
			1547	2303
			1547	2302
			1546	2301
			1546	2300
			1545	2299
			1545	2298
			1545	2297
			1544	2296
			1544	2295
			1544	2294
			1544	2293
			1543	2292
			1543	2291
			1543	2290
			1543	2289
			1542	2288
			1542	2287
			1542	2286
			1542	2285
			1542	2284
			1541	2283
			1541	2282
			1541	2281
			1541	2280
			1541	2279
			1541	2278
			1540	2277
			1540	2276
			1540	2275
			1540	2274
			1540	2273
			1540	2272
			1540	2271
			1540	2270
			1540	2269
			1540	2268
			1540	2267
			1540	2266
			1540	2265
			1540	2264
			1540	2263
			1540	2262
			1539	2261
			1539	2260
			1539	2259
			1539	2258
			1539	2257
			1539	2256
			1539	2255
			1539	2254
			1539	2253
			1539	2252
			1539	2251
			1539	2250
			1539	2249
			1539	2248
			1539	2247
			1539	2246
			1539	2245
			1539	2244
			1539	2243
			1539	2242
			1539	2241
			1539	2240
			1539	2239
			1539	2238
			1539	2237
			1538	2236
			1538	2235
			1538	2234
			1538	2233
			1538	2232
			1538	2231
			1538	2230
			1537	2229
			1537	2228
			1537	2227
			1537	2226
			1536	2225
			1536	2224
			1536	2223
			1536	2222
			1536	2221
			1535	2220
			1535	2219
			1535	2218
			1535	2217
			1534	2216
			1534	2215
			1534	2214
			1534	2213
			1534	2212
			1533	2211
			1533	2210
			1533	2209
			1533	2208
			1533	2207
			1533	2206
			1533	2205
			1532	2204
			1532	2203
			1532	2202
			1532	2201
			1532	2200
			1532	2199
			1532	2198
			1532	2197
			1532	2196
			1532	2195
			1532	2194
			1532	2193
			1532	2192
			1532	2191
			1533	2190
			1533	2189
			1533	2188
			1533	2187
		</Outline1>
		<Outline2 type=matrix rownames=FALSE colnames=FALSE nrow=186 ncol=2 as.numeric=TRUE >
			1533	2187
			1533	2186
			1533	2185
			1533	2184
			1533	2183
			1533	2182
			1533	2181
			1533	2180
			1533	2179
			1533	2178
			1533	2177
			1534	2176
			1534	2175
			1534	2174
			1534	2173
			1534	2172
			1534	2171
			1534	2170
			1535	2169
			1535	2168
			1535	2167
			1535	2166
			1535	2165
			1535	2164
			1536	2163
			1536	2162
			1536	2161
			1536	2160
			1537	2159
			1537	2158
			1537	2157
			1537	2156
			1538	2155
			1538	2154
			1538	2153
			1539	2152
			1539	2151
			1539	2150
			1540	2149
			1540	2148
			1540	2147
			1541	2146
			1541	2145
			1541	2144
			1542	2143
			1542	2142
			1542	2141
			1543	2140
			1543	2139
			1543	2138
			1543	2137
			1544	2137
			1544	2136
			1544	2135
			1545	2134
			1545	2133
			1545	2132
			1545	2131
			1546	2130
			1546	2129
			1547	2128
			1547	2127
			1547	2126
			1547	2125
			1548	2124
			1548	2123
			1548	2122
			1548	2121
			1549	2120
			1549	2119
			1549	2118
			1549	2117
			1550	2116
			1550	2115
			1550	2114
			1550	2113
			1551	2112
			1551	2111
			1551	2110
			1552	2109
			1552	2108
			1552	2107
			1552	2106
			1553	2105
			1553	2104
			1553	2103
			1554	2102
			1554	2101
			1554	2100
			1555	2099
			1555	2098
			1556	2097
			1556	2096
			1556	2095
			1557	2094
			1557	2093
			1558	2092
			1558	2091
			1559	2090
			1559	2089
			1560	2088
			1561	2087
			1561	2086
			1562	2085
			1563	2084
			1563	2083
			1564	2082
			1564	2081
			1565	2080
			1565	2079
			1566	2078
			1567	2077
			1567	2076
			1568	2076
			1568	2075
			1569	2074
			1569	2073
			1570	2072
			1570	2071
			1571	2071
			1571	2070
			1572	2069
			1573	2068
			1574	2068
			1575	2067
			1576	2066
			1577	2066
			1578	2065
			1579	2064
			1580	2064
			1581	2063
			1582	2062
			1583	2062
			1584	2061
			1585	2061
			1586	2060
			1587	2060
			1588	2060
			1589	2059
			1590	2059
			1591	2058
			1592	2058
			1593	2057
			1594	2057
			1595	2057
			1595	2056
			1596	2056
			1597	2056
			1598	2056
			1598	2055
			1599	2055
			1600	2055
			1601	2054
			1602	2054
			1603	2054
			1604	2054
			1605	2053
			1606	2053
			1607	2053
			1608	2052
			1609	2052
			1610	2052
			1611	2052
			1612	2052
			1613	2051
			1614	2051
			1615	2051
			1616	2051
			1617	2051
			1618	2050
			1619	2050
			1620	2050
			1621	2050
			1622	2050
			1623	2050
			1624	2049
			1625	2049
			1626	2049
			1627	2049
			1628	2049
			1629	2049
			1630	2048
			1631	2048
			1632	2048
			1633	2048
			1634	2048
		</Outline2>
		<Outline3 type=matrix rownames=FALSE colnames=FALSE nrow=214 ncol=2 as.numeric=TRUE >
			1634	2048
			1635	2048
			1636	2048
			1637	2047
			1638	2047
			1639	2047
			1640	2047
			1641	2047
			1642	2047
			1643	2046
			1644	2046
			1645	2046
			1646	2046
			1647	2046
			1648	2046
			1649	2045
			1650	2045
			1651	2045
			1652	2045
			1653	2045
			1654	2045
			1655	2044
			1656	2044
			1657	2044
			1658	2044
			1659	2044
			1660	2044
			1661	2043
			1662	2043
			1663	2043
			1664	2043
			1665	2043
			1666	2043
			1667	2042
			1668	2042
			1669	2042
			1670	2042
			1671	2042
			1672	2042
			1673	2042
			1674	2042
			1675	2041
			1676	2041
			1677	2041
			1678	2041
			1679	2041
			1680	2041
			1681	2041
			1682	2041
			1683	2041
			1684	2040
			1685	2040
			1686	2040
			1687	2040
			1688	2040
			1689	2040
			1690	2040
			1691	2040
			1692	2040
			1693	2040
			1694	2039
			1695	2039
			1696	2039
			1697	2039
			1698	2039
			1699	2039
			1700	2039
			1701	2038
			1702	2038
			1703	2038
			1704	2038
			1705	2038
			1706	2038
			1707	2038
			1708	2038
			1709	2038
			1710	2038
			1711	2038
			1712	2038
			1713	2038
			1714	2039
			1715	2039
			1716	2039
			1717	2039
			1718	2039
			1719	2039
			1720	2039
			1721	2040
			1722	2040
			1723	2040
			1724	2040
			1725	2041
			1726	2041
			1727	2041
			1728	2042
			1729	2042
			1730	2042
			1731	2043
			1732	2043
			1733	2044
			1734	2044
			1735	2045
			1736	2046
			1737	2047
			1738	2048
			1739	2049
			1740	2050
			1741	2051
			1741	2052
			1742	2053
			1743	2054
			1744	2055
			1745	2056
			1745	2057
			1746	2057
			1746	2058
			1747	2059
			1748	2060
			1748	2061
			1749	2062
			1750	2063
			1751	2064
			1751	2065
			1752	2066
			1753	2067
			1753	2068
			1754	2069
			1754	2070
			1754	2071
			1755	2072
			1755	2073
			1756	2074
			1756	2075
			1757	2076
			1757	2077
			1757	2078
			1758	2079
			1758	2080
			1758	2081
			1759	2082
			1759	2083
			1759	2084
			1760	2085
			1760	2086
			1760	2087
			1761	2088
			1761	2089
			1761	2090
			1761	2091
			1761	2092
			1761	2093
			1761	2094
			1762	2095
			1762	2096
			1762	2097
			1762	2098
			1762	2099
			1763	2100
			1763	2101
			1763	2102
			1763	2103
			1764	2104
			1764	2105
			1764	2106
			1765	2107
			1765	2108
			1765	2109
			1766	2110
			1766	2111
			1767	2112
			1767	2113
			1767	2114
			1768	2115
			1768	2116
			1769	2117
			1769	2118
			1769	2119
			1770	2120
			1770	2121
			1770	2122
			1771	2123
			1771	2124
			1771	2125
			1771	2126
			1771	2127
			1772	2128
			1772	2129
			1772	2130
			1772	2131
			1772	2132
			1772	2133
			1773	2134
			1773	2135
			1773	2136
			1773	2137
			1773	2138
			1773	2139
			1773	2140
			1774	2141
			1774	2142
			1774	2143
			1774	2144
			1774	2145
			1774	2146
			1774	2147
			1774	2148
			1774	2149
			1775	2150
			1775	2151
			1775	2152
			1775	2153
			1775	2154
			1775	2155
			1775	2156
		</Outline3>
		<Outline4 type=matrix rownames=FALSE colnames=FALSE nrow=199 ncol=2 as.numeric=TRUE >
			1775	2156
			1775	2157
			1775	2158
			1775	2159
			1775	2160
			1775	2161
			1775	2162
			1775	2163
			1775	2164
			1774	2165
			1774	2166
			1774	2167
			1774	2168
			1774	2169
			1774	2170
			1773	2171
			1773	2172
			1773	2173
			1773	2174
			1772	2175
			1772	2176
			1772	2177
			1772	2178
			1772	2179
			1771	2179
			1771	2180
			1771	2181
			1771	2182
			1770	2182
			1770	2183
			1770	2184
			1770	2185
			1769	2186
			1769	2187
			1769	2188
			1768	2188
			1768	2189
			1768	2190
			1767	2191
			1767	2192
			1766	2193
			1766	2194
			1766	2195
			1765	2196
			1765	2197
			1764	2198
			1764	2199
			1763	2200
			1763	2201
			1763	2202
			1762	2203
			1762	2204
			1762	2205
			1761	2206
			1761	2207
			1761	2208
			1760	2209
			1760	2210
			1760	2211
			1759	2212
			1759	2213
			1759	2214
			1758	2215
			1758	2216
			1758	2217
			1757	2217
			1757	2218
			1757	2219
			1756	2220
			1756	2221
			1755	2222
			1755	2223
			1755	2224
			1754	2225
			1754	2226
			1754	2227
			1753	2227
			1753	2228
			1752	2229
			1752	2230
			1752	2231
			1751	2232
			1751	2233
			1751	2234
			1750	2235
			1750	2236
			1750	2237
			1749	2238
			1749	2239
			1749	2240
			1748	2241
			1748	2242
			1748	2243
			1747	2244
			1747	2245
			1747	2246
			1747	2247
			1746	2248
			1746	2249
			1746	2250
			1745	2251
			1745	2252
			1745	2253
			1745	2254
			1744	2255
			1744	2256
			1744	2257
			1743	2258
			1743	2259
			1743	2260
			1742	2261
			1742	2262
			1741	2263
			1741	2264
			1741	2265
			1740	2266
			1740	2267
			1740	2268
			1739	2268
			1739	2269
			1739	2270
			1738	2271
			1738	2272
			1737	2273
			1736	2274
			1735	2275
			1735	2276
			1734	2277
			1733	2278
			1732	2279
			1732	2280
			1731	2281
			1731	2282
			1730	2282
			1729	2283
			1729	2284
			1728	2284
			1728	2285
			1727	2286
			1726	2286
			1726	2287
			1725	2288
			1724	2289
			1723	2290
			1722	2291
			1721	2291
			1720	2292
			1719	2292
			1718	2293
			1717	2293
			1716	2294
			1715	2294
			1714	2295
			1713	2295
			1712	2296
			1711	2296
			1710	2297
			1709	2297
			1708	2298
			1707	2298
			1706	2299
			1705	2299
			1704	2300
			1703	2301
			1702	2301
			1701	2301
			1700	2301
			1699	2301
			1698	2301
			1697	2301
			1696	2301
			1695	2301
			1694	2301
			1693	2301
			1692	2301
			1691	2301
			1690	2301
			1689	2301
			1688	2301
			1687	2301
			1686	2301
			1685	2301
			1684	2301
			1683	2301
			1682	2301
			1681	2301
			1680	2301
			1679	2301
			1678	2301
			1677	2301
			1676	2301
			1675	2301
			1674	2301
			1673	2300
			1672	2300
			1671	2300
			1670	2300
			1669	2300
			1668	2300
		</Outline4>
	</curves.pixel>
	<curves.scaled type=list>
		<Outline1 type=matrix rownames=FALSE colnames=FALSE nrow=242 ncol=2 as.numeric=TRUE >
			22.1805372852479	-30.5846737146704
			22.1672396010241	-30.5846737146704
			22.1539419168004	-30.5846737146704
			22.1406442325766	-30.5846737146704
			22.1273465483528	-30.5846737146704
			22.114048864129	-30.5846737146704
			22.1007511799053	-30.5979713988941
			22.0874534956815	-30.5979713988941
			22.0741558114577	-30.5979713988941
			22.060858127234	-30.5979713988941
			22.0475604430102	-30.5979713988941
			22.0342627587864	-30.5979713988941
			22.0209650745627	-30.5979713988941
			22.0076673903389	-30.5979713988941
			21.9943697061151	-30.6112690831179
			21.9810720218913	-30.6112690831179
			21.9677743376676	-30.6112690831179
			21.9544766534438	-30.6112690831179
			21.94117896922	-30.6112690831179
			21.9278812849963	-30.6112690831179
			21.9145836007725	-30.6112690831179
			21.9012859165487	-30.6245667673417
			21.887988232325	-30.6245667673417
			21.8746905481012	-30.6245667673417
			21.8613928638774	-30.6378644515654
			21.8480951796536	-30.6378644515654
			21.8347974954299	-30.6511621357892
			21.8347974954299	-30.664459820013
			21.8214998112061	-30.6777575042367
			21.8082021269823	-30.6910551884605
			21.7949044427586	-30.7043528726843
			21.7816067585348	-30.7043528726843
			21.768309074311	-30.7176505569081
			21.7550113900873	-30.7309482411318
			21.7417137058635	-30.7442459253556
			21.7284160216397	-30.7575436095794
			21.715118337416	-30.7708412938031
			21.7018206531922	-30.7708412938031
			21.6885229689684	-30.7841389780269
			21.6752252847446	-30.7974366622507
			21.6619276005209	-30.8107343464744
			21.6486299162971	-30.8240320306982
			21.6353322320733	-30.8240320306982
			21.6220345478496	-30.837329714922
			21.6087368636258	-30.8506273991457
			21.595439179402	-30.8639250833695
			21.5821414951783	-30.8639250833695
			21.5688438109545	-30.8772227675933
			21.5555461267307	-30.8772227675933
			21.5422484425069	-30.8905204518171
			21.5289507582832	-30.8905204518171
			21.5156530740594	-30.8905204518171
			21.5023553898356	-30.8905204518171
			21.4890577056119	-30.8905204518171
			21.4757600213881	-30.8905204518171
			21.4624623371643	-30.9038181360408
			21.4491646529406	-30.9038181360408
			21.4358669687168	-30.9038181360408
			21.422569284493	-30.9038181360408
			21.4092716002692	-30.9038181360408
			21.3959739160455	-30.9038181360408
			21.3826762318217	-30.9038181360408
			21.3693785475979	-30.9038181360408
			21.3560808633742	-30.9171158202646
			21.3427831791504	-30.9171158202646
			21.3294854949266	-30.9171158202646
			21.3161878107029	-30.9171158202646
			21.3028901264791	-30.9171158202646
			21.2895924422553	-30.9171158202646
			21.2762947580316	-30.9171158202646
			21.2629970738078	-30.9171158202646
			21.249699389584	-30.9171158202646
			21.2364017053602	-30.9171158202646
			21.2231040211365	-30.9171158202646
			21.2098063369127	-30.9171158202646
			21.1965086526889	-30.9171158202646
			21.1832109684652	-30.9171158202646
			21.1699132842414	-30.9171158202646
			21.1566156000176	-30.9171158202646
			21.1433179157939	-30.9171158202646
			21.1300202315701	-30.9171158202646
			21.1167225473463	-30.9171158202646
			21.1034248631225	-30.9171158202646
			21.0901271788988	-30.9171158202646
			21.076829494675	-30.9171158202646
			21.0635318104512	-30.9171158202646
			21.0502341262275	-30.9171158202646
			21.0502341262275	-30.9038181360408
			21.0369364420037	-30.9038181360408
			21.0236387577799	-30.9038181360408
			21.0103410735562	-30.9038181360408
			20.9970433893324	-30.9038181360408
			20.9837457051086	-30.9038181360408
			20.9704480208848	-30.9038181360408
			20.9571503366611	-30.9038181360408
			20.9438526524373	-30.8905204518171
			20.9305549682135	-30.8905204518171
			20.9172572839898	-30.8905204518171
			20.903959599766	-30.8905204518171
			20.8906619155422	-30.8772227675933
			20.8773642313185	-30.8772227675933
			20.8640665470947	-30.8772227675933
			20.8507688628709	-30.8772227675933
			20.8374711786471	-30.8639250833695
			20.8241734944234	-30.8639250833695
			20.8108758101996	-30.8506273991457
			20.7975781259758	-30.8506273991457
			20.7842804417521	-30.837329714922
			20.7709827575283	-30.837329714922
			20.7709827575283	-30.8240320306982
			20.7576850733045	-30.8107343464744
			20.7443873890808	-30.8107343464744
			20.731089704857	-30.7974366622507
			20.7177920206332	-30.7841389780269
			20.7044943364095	-30.7708412938031
			20.6911966521857	-30.7575436095794
			20.6778989679619	-30.7442459253556
			20.6646012837381	-30.7309482411318
			20.6513035995144	-30.7176505569081
			20.6380059152906	-30.7043528726843
			20.6247082310668	-30.6910551884605
			20.6114105468431	-30.6777575042367
			20.5981128626193	-30.664459820013
			20.5981128626193	-30.6511621357892
			20.5848151783955	-30.6378644515654
			20.5715174941718	-30.6245667673417
			20.5715174941718	-30.6112690831179
			20.558219809948	-30.5979713988941
			20.558219809948	-30.5846737146704
			20.5449221257242	-30.5713760304466
			20.5449221257242	-30.5580783462228
			20.5449221257242	-30.544780661999
			20.5316244415004	-30.5314829777753
			20.5316244415004	-30.5181852935515
			20.5316244415004	-30.5048876093277
			20.5316244415004	-30.491589925104
			20.5183267572767	-30.4782922408802
			20.5183267572767	-30.4649945566564
			20.5183267572767	-30.4516968724327
			20.5183267572767	-30.4383991882089
			20.5050290730529	-30.4251015039851
			20.5050290730529	-30.4118038197613
			20.5050290730529	-30.3985061355376
			20.5050290730529	-30.3852084513138
			20.5050290730529	-30.37191076709
			20.4917313888291	-30.3586130828663
			20.4917313888291	-30.3453153986425
			20.4917313888291	-30.3320177144187
			20.4917313888291	-30.318720030195
			20.4917313888291	-30.3054223459712
			20.4917313888291	-30.2921246617474
			20.4784337046054	-30.2788269775237
			20.4784337046054	-30.2655292932999
			20.4784337046054	-30.2522316090761
			20.4784337046054	-30.2389339248523
			20.4784337046054	-30.2256362406286
			20.4784337046054	-30.2123385564048
			20.4784337046054	-30.199040872181
			20.4784337046054	-30.1857431879573
			20.4784337046054	-30.1724455037335
			20.4784337046054	-30.1591478195097
			20.4784337046054	-30.145850135286
			20.4784337046054	-30.1325524510622
			20.4784337046054	-30.1192547668384
			20.4784337046054	-30.1059570826146
			20.4784337046054	-30.0926593983909
			20.4784337046054	-30.0793617141671
			20.4651360203816	-30.0660640299433
			20.4651360203816	-30.0527663457196
			20.4651360203816	-30.0394686614958
			20.4651360203816	-30.026170977272
			20.4651360203816	-30.0128732930483
			20.4651360203816	-29.9995756088245
			20.4651360203816	-29.9862779246007
			20.4651360203816	-29.9729802403769
			20.4651360203816	-29.9596825561532
			20.4651360203816	-29.9463848719294
			20.4651360203816	-29.9330871877056
			20.4651360203816	-29.9197895034819
			20.4651360203816	-29.9064918192581
			20.4651360203816	-29.8931941350343
			20.4651360203816	-29.8798964508106
			20.4651360203816	-29.8665987665868
			20.4651360203816	-29.853301082363
			20.4651360203816	-29.8400033981392
			20.4651360203816	-29.8267057139155
			20.4651360203816	-29.8134080296917
			20.4651360203816	-29.8001103454679
			20.4651360203816	-29.7868126612442
			20.4651360203816	-29.7735149770204
			20.4651360203816	-29.7602172927966
			20.4651360203816	-29.7469196085729
			20.4518383361578	-29.7336219243491
			20.4518383361578	-29.7203242401253
			20.4518383361578	-29.7070265559016
			20.4518383361578	-29.6937288716778
			20.4518383361578	-29.680431187454
			20.4518383361578	-29.6671335032302
			20.4518383361578	-29.6538358190065
			20.4385406519341	-29.6405381347827
			20.4385406519341	-29.6272404505589
			20.4385406519341	-29.6139427663352
			20.4385406519341	-29.6006450821114
			20.4252429677103	-29.5873473978876
			20.4252429677103	-29.5740497136639
			20.4252429677103	-29.5607520294401
			20.4252429677103	-29.5474543452163
			20.4252429677103	-29.5341566609925
			20.4119452834865	-29.5208589767688
			20.4119452834865	-29.507561292545
			20.4119452834865	-29.4942636083212
			20.4119452834865	-29.4809659240975
			20.3986475992627	-29.4676682398737
			20.3986475992627	-29.4543705556499
			20.3986475992627	-29.4410728714262
			20.3986475992627	-29.4277751872024
			20.3986475992627	-29.4144775029786
			20.385349915039	-29.4011798187548
			20.385349915039	-29.3878821345311
			20.385349915039	-29.3745844503073
			20.385349915039	-29.3612867660835
			20.385349915039	-29.3479890818598
			20.385349915039	-29.334691397636
			20.385349915039	-29.3213937134122
			20.3720522308152	-29.3080960291885
			20.3720522308152	-29.2947983449647
			20.3720522308152	-29.2815006607409
			20.3720522308152	-29.2682029765172
			20.3720522308152	-29.2549052922934
			20.3720522308152	-29.2416076080696
			20.3720522308152	-29.2283099238458
			20.3720522308152	-29.2150122396221
			20.3720522308152	-29.2017145553983
			20.3720522308152	-29.1884168711745
			20.3720522308152	-29.1751191869508
			20.3720522308152	-29.161821502727
			20.3720522308152	-29.1485238185032
			20.3720522308152	-29.1352261342795
			20.385349915039	-29.1219284500557
			20.385349915039	-29.1086307658319
			20.385349915039	-29.0953330816081
			20.385349915039	-29.0820353973844
		</Outline1>
		<Outline2 type=matrix rownames=FALSE colnames=FALSE nrow=186 ncol=2 as.numeric=TRUE >
			20.385349915039	-29.0820353973844
			20.385349915039	-29.0687377131606
			20.385349915039	-29.0554400289368
			20.385349915039	-29.0421423447131
			20.385349915039	-29.0288446604893
			20.385349915039	-29.0155469762655
			20.385349915039	-29.0022492920418
			20.385349915039	-28.988951607818
			20.385349915039	-28.9756539235942
			20.385349915039	-28.9623562393704
			20.385349915039	-28.9490585551467
			20.3986475992627	-28.9357608709229
			20.3986475992627	-28.9224631866991
			20.3986475992627	-28.9091655024754
			20.3986475992627	-28.8958678182516
			20.3986475992627	-28.8825701340278
			20.3986475992627	-28.8692724498041
			20.3986475992627	-28.8559747655803
			20.4119452834865	-28.8426770813565
			20.4119452834865	-28.8293793971328
			20.4119452834865	-28.816081712909
			20.4119452834865	-28.8027840286852
			20.4119452834865	-28.7894863444614
			20.4119452834865	-28.7761886602377
			20.4252429677103	-28.7628909760139
			20.4252429677103	-28.7495932917901
			20.4252429677103	-28.7362956075664
			20.4252429677103	-28.7229979233426
			20.4385406519341	-28.7097002391188
			20.4385406519341	-28.6964025548951
			20.4385406519341	-28.6831048706713
			20.4385406519341	-28.6698071864475
			20.4518383361578	-28.6565095022237
			20.4518383361578	-28.643211818
			20.4518383361578	-28.6299141337762
			20.4651360203816	-28.6166164495524
			20.4651360203816	-28.6033187653287
			20.4651360203816	-28.5900210811049
			20.4784337046054	-28.5767233968811
			20.4784337046054	-28.5634257126574
			20.4784337046054	-28.5501280284336
			20.4917313888291	-28.5368303442098
			20.4917313888291	-28.523532659986
			20.4917313888291	-28.5102349757623
			20.5050290730529	-28.4969372915385
			20.5050290730529	-28.4836396073147
			20.5050290730529	-28.470341923091
			20.5183267572767	-28.4570442388672
			20.5183267572767	-28.4437465546434
			20.5183267572767	-28.4304488704197
			20.5183267572767	-28.4171511861959
			20.5316244415004	-28.4171511861959
			20.5316244415004	-28.4038535019721
			20.5316244415004	-28.3905558177483
			20.5449221257242	-28.3772581335246
			20.5449221257242	-28.3639604493008
			20.5449221257242	-28.350662765077
			20.5449221257242	-28.3373650808533
			20.558219809948	-28.3240673966295
			20.558219809948	-28.3107697124057
			20.5715174941718	-28.297472028182
			20.5715174941718	-28.2841743439582
			20.5715174941718	-28.2708766597344
			20.5715174941718	-28.2575789755107
			20.5848151783955	-28.2442812912869
			20.5848151783955	-28.2309836070631
			20.5848151783955	-28.2176859228393
			20.5848151783955	-28.2043882386156
			20.5981128626193	-28.1910905543918
			20.5981128626193	-28.177792870168
			20.5981128626193	-28.1644951859443
			20.5981128626193	-28.1511975017205
			20.6114105468431	-28.1378998174967
			20.6114105468431	-28.124602133273
			20.6114105468431	-28.1113044490492
			20.6114105468431	-28.0980067648254
			20.6247082310668	-28.0847090806016
			20.6247082310668	-28.0714113963779
			20.6247082310668	-28.0581137121541
			20.6380059152906	-28.0448160279303
			20.6380059152906	-28.0315183437066
			20.6380059152906	-28.0182206594828
			20.6380059152906	-28.004922975259
			20.6513035995144	-27.9916252910353
			20.6513035995144	-27.9783276068115
			20.6513035995144	-27.9650299225877
			20.6646012837381	-27.9517322383639
			20.6646012837381	-27.9384345541402
			20.6646012837381	-27.9251368699164
			20.6778989679619	-27.9118391856926
			20.6778989679619	-27.8985415014689
			20.6911966521857	-27.8852438172451
			20.6911966521857	-27.8719461330213
			20.6911966521857	-27.8586484487976
			20.7044943364095	-27.8453507645738
			20.7044943364095	-27.83205308035
			20.7177920206332	-27.8187553961263
			20.7177920206332	-27.8054577119025
			20.731089704857	-27.7921600276787
			20.731089704857	-27.7788623434549
			20.7443873890808	-27.7655646592312
			20.7576850733045	-27.7522669750074
			20.7576850733045	-27.7389692907836
			20.7709827575283	-27.7256716065599
			20.7842804417521	-27.7123739223361
			20.7842804417521	-27.6990762381123
			20.7975781259758	-27.6857785538886
			20.7975781259758	-27.6724808696648
			20.8108758101996	-27.659183185441
			20.8108758101996	-27.6458855012172
			20.8241734944234	-27.6325878169935
			20.8374711786471	-27.6192901327697
			20.8374711786471	-27.6059924485459
			20.8507688628709	-27.6059924485459
			20.8507688628709	-27.5926947643222
			20.8640665470947	-27.5793970800984
			20.8640665470947	-27.5660993958746
			20.8773642313185	-27.5528017116509
			20.8773642313185	-27.5395040274271
			20.8906619155422	-27.5395040274271
			20.8906619155422	-27.5262063432033
			20.903959599766	-27.5129086589795
			20.9172572839898	-27.4996109747558
			20.9305549682135	-27.4996109747558
			20.9438526524373	-27.486313290532
			20.9571503366611	-27.4730156063082
			20.9704480208848	-27.4730156063082
			20.9837457051086	-27.4597179220845
			20.9970433893324	-27.4464202378607
			21.0103410735562	-27.4464202378607
			21.0236387577799	-27.4331225536369
			21.0369364420037	-27.4198248694132
			21.0502341262275	-27.4198248694132
			21.0635318104512	-27.4065271851894
			21.076829494675	-27.4065271851894
			21.0901271788988	-27.3932295009656
			21.1034248631225	-27.3932295009656
			21.1167225473463	-27.3932295009656
			21.1300202315701	-27.3799318167419
			21.1433179157939	-27.3799318167419
			21.1566156000176	-27.3666341325181
			21.1699132842414	-27.3666341325181
			21.1832109684652	-27.3533364482943
			21.1965086526889	-27.3533364482943
			21.2098063369127	-27.3533364482943
			21.2098063369127	-27.3400387640705
			21.2231040211365	-27.3400387640705
			21.2364017053602	-27.3400387640705
			21.249699389584	-27.3400387640705
			21.249699389584	-27.3267410798468
			21.2629970738078	-27.3267410798468
			21.2762947580316	-27.3267410798468
			21.2895924422553	-27.313443395623
			21.3028901264791	-27.313443395623
			21.3161878107029	-27.313443395623
			21.3294854949266	-27.313443395623
			21.3427831791504	-27.3001457113992
			21.3560808633742	-27.3001457113992
			21.3693785475979	-27.3001457113992
			21.3826762318217	-27.2868480271755
			21.3959739160455	-27.2868480271755
			21.4092716002692	-27.2868480271755
			21.422569284493	-27.2868480271755
			21.4358669687168	-27.2868480271755
			21.4491646529406	-27.2735503429517
			21.4624623371643	-27.2735503429517
			21.4757600213881	-27.2735503429517
			21.4890577056119	-27.2735503429517
			21.5023553898356	-27.2735503429517
			21.5156530740594	-27.2602526587279
			21.5289507582832	-27.2602526587279
			21.5422484425069	-27.2602526587279
			21.5555461267307	-27.2602526587279
			21.5688438109545	-27.2602526587279
			21.5821414951783	-27.2602526587279
			21.595439179402	-27.2469549745042
			21.6087368636258	-27.2469549745042
			21.6220345478496	-27.2469549745042
			21.6353322320733	-27.2469549745042
			21.6486299162971	-27.2469549745042
			21.6619276005209	-27.2469549745042
			21.6752252847446	-27.2336572902804
			21.6885229689684	-27.2336572902804
			21.7018206531922	-27.2336572902804
			21.715118337416	-27.2336572902804
			21.7284160216397	-27.2336572902804
		</Outline2>
		<Outline3 type=matrix rownames=FALSE colnames=FALSE nrow=214 ncol=2 as.numeric=TRUE >
			21.7284160216397	-27.2336572902804
			21.7417137058635	-27.2336572902804
			21.7550113900873	-27.2336572902804
			21.768309074311	-27.2203596060566
			21.7816067585348	-27.2203596060566
			21.7949044427586	-27.2203596060566
			21.8082021269823	-27.2203596060566
			21.8214998112061	-27.2203596060566
			21.8347974954299	-27.2203596060566
			21.8480951796536	-27.2070619218328
			21.8613928638774	-27.2070619218328
			21.8746905481012	-27.2070619218328
			21.887988232325	-27.2070619218328
			21.9012859165487	-27.2070619218328
			21.9145836007725	-27.2070619218328
			21.9278812849963	-27.1937642376091
			21.94117896922	-27.1937642376091
			21.9544766534438	-27.1937642376091
			21.9677743376676	-27.1937642376091
			21.9810720218913	-27.1937642376091
			21.9943697061151	-27.1937642376091
			22.0076673903389	-27.1804665533853
			22.0209650745627	-27.1804665533853
			22.0342627587864	-27.1804665533853
			22.0475604430102	-27.1804665533853
			22.060858127234	-27.1804665533853
			22.0741558114577	-27.1804665533853
			22.0874534956815	-27.1671688691615
			22.1007511799053	-27.1671688691615
			22.114048864129	-27.1671688691615
			22.1273465483528	-27.1671688691615
			22.1406442325766	-27.1671688691615
			22.1539419168004	-27.1671688691615
			22.1672396010241	-27.1538711849378
			22.1805372852479	-27.1538711849378
			22.1938349694717	-27.1538711849378
			22.2071326536954	-27.1538711849378
			22.2204303379192	-27.1538711849378
			22.233728022143	-27.1538711849378
			22.2470257063667	-27.1538711849378
			22.2603233905905	-27.1538711849378
			22.2736210748143	-27.140573500714
			22.286918759038	-27.140573500714
			22.3002164432618	-27.140573500714
			22.3135141274856	-27.140573500714
			22.3268118117094	-27.140573500714
			22.3401094959331	-27.140573500714
			22.3534071801569	-27.140573500714
			22.3667048643807	-27.140573500714
			22.3800025486044	-27.140573500714
			22.3933002328282	-27.1272758164902
			22.406597917052	-27.1272758164902
			22.4198956012757	-27.1272758164902
			22.4331932854995	-27.1272758164902
			22.4464909697233	-27.1272758164902
			22.4597886539471	-27.1272758164902
			22.4730863381708	-27.1272758164902
			22.4863840223946	-27.1272758164902
			22.4996817066184	-27.1272758164902
			22.5129793908421	-27.1272758164902
			22.5262770750659	-27.1139781322665
			22.5395747592897	-27.1139781322665
			22.5528724435134	-27.1139781322665
			22.5661701277372	-27.1139781322665
			22.579467811961	-27.1139781322665
			22.5927654961848	-27.1139781322665
			22.6060631804085	-27.1139781322665
			22.6193608646323	-27.1006804480427
			22.6326585488561	-27.1006804480427
			22.6459562330798	-27.1006804480427
			22.6592539173036	-27.1006804480427
			22.6725516015274	-27.1006804480427
			22.6858492857511	-27.1006804480427
			22.6991469699749	-27.1006804480427
			22.7124446541987	-27.1006804480427
			22.7257423384224	-27.1006804480427
			22.7390400226462	-27.1006804480427
			22.75233770687	-27.1006804480427
			22.7656353910938	-27.1006804480427
			22.7789330753175	-27.1006804480427
			22.7922307595413	-27.1139781322665
			22.8055284437651	-27.1139781322665
			22.8188261279888	-27.1139781322665
			22.8321238122126	-27.1139781322665
			22.8454214964364	-27.1139781322665
			22.8587191806601	-27.1139781322665
			22.8720168648839	-27.1139781322665
			22.8853145491077	-27.1272758164902
			22.8986122333315	-27.1272758164902
			22.9119099175552	-27.1272758164902
			22.925207601779	-27.1272758164902
			22.9385052860028	-27.140573500714
			22.9518029702265	-27.140573500714
			22.9651006544503	-27.140573500714
			22.9783983386741	-27.1538711849378
			22.9916960228978	-27.1538711849378
			23.0049937071216	-27.1538711849378
			23.0182913913454	-27.1671688691615
			23.0315890755692	-27.1671688691615
			23.0448867597929	-27.1804665533853
			23.0581844440167	-27.1804665533853
			23.0714821282405	-27.1937642376091
			23.0847798124642	-27.2070619218328
			23.098077496688	-27.2203596060566
			23.1113751809118	-27.2336572902804
			23.1246728651355	-27.2469549745042
			23.1379705493593	-27.2602526587279
			23.1512682335831	-27.2735503429517
			23.1512682335831	-27.2868480271755
			23.1645659178069	-27.3001457113992
			23.1778636020306	-27.313443395623
			23.1911612862544	-27.3267410798468
			23.2044589704782	-27.3400387640705
			23.2044589704782	-27.3533364482943
			23.2177566547019	-27.3533364482943
			23.2177566547019	-27.3666341325181
			23.2310543389257	-27.3799318167419
			23.2443520231495	-27.3932295009656
			23.2443520231495	-27.4065271851894
			23.2576497073732	-27.4198248694132
			23.270947391597	-27.4331225536369
			23.2842450758208	-27.4464202378607
			23.2842450758208	-27.4597179220845
			23.2975427600445	-27.4730156063082
			23.3108404442683	-27.486313290532
			23.3108404442683	-27.4996109747558
			23.3241381284921	-27.5129086589795
			23.3241381284921	-27.5262063432033
			23.3241381284921	-27.5395040274271
			23.3374358127159	-27.5528017116509
			23.3374358127159	-27.5660993958746
			23.3507334969396	-27.5793970800984
			23.3507334969396	-27.5926947643222
			23.3640311811634	-27.6059924485459
			23.3640311811634	-27.6192901327697
			23.3640311811634	-27.6325878169935
			23.3773288653872	-27.6458855012172
			23.3773288653872	-27.659183185441
			23.3773288653872	-27.6724808696648
			23.3906265496109	-27.6857785538886
			23.3906265496109	-27.6990762381123
			23.3906265496109	-27.7123739223361
			23.4039242338347	-27.7256716065599
			23.4039242338347	-27.7389692907836
			23.4039242338347	-27.7522669750074
			23.4172219180585	-27.7655646592312
			23.4172219180585	-27.7788623434549
			23.4172219180585	-27.7921600276787
			23.4172219180585	-27.8054577119025
			23.4172219180585	-27.8187553961263
			23.4172219180585	-27.83205308035
			23.4172219180585	-27.8453507645738
			23.4305196022822	-27.8586484487976
			23.4305196022822	-27.8719461330213
			23.4305196022822	-27.8852438172451
			23.4305196022822	-27.8985415014689
			23.4305196022822	-27.9118391856926
			23.443817286506	-27.9251368699164
			23.443817286506	-27.9384345541402
			23.443817286506	-27.9517322383639
			23.443817286506	-27.9650299225877
			23.4571149707298	-27.9783276068115
			23.4571149707298	-27.9916252910353
			23.4571149707298	-28.004922975259
			23.4704126549536	-28.0182206594828
			23.4704126549536	-28.0315183437066
			23.4704126549536	-28.0448160279303
			23.4837103391773	-28.0581137121541
			23.4837103391773	-28.0714113963779
			23.4970080234011	-28.0847090806016
			23.4970080234011	-28.0980067648254
			23.4970080234011	-28.1113044490492
			23.5103057076249	-28.124602133273
			23.5103057076249	-28.1378998174967
			23.5236033918486	-28.1511975017205
			23.5236033918486	-28.1644951859443
			23.5236033918486	-28.177792870168
			23.5369010760724	-28.1910905543918
			23.5369010760724	-28.2043882386156
			23.5369010760724	-28.2176859228393
			23.5501987602962	-28.2309836070631
			23.5501987602962	-28.2442812912869
			23.5501987602962	-28.2575789755107
			23.5501987602962	-28.2708766597344
			23.5501987602962	-28.2841743439582
			23.5634964445199	-28.297472028182
			23.5634964445199	-28.3107697124057
			23.5634964445199	-28.3240673966295
			23.5634964445199	-28.3373650808533
			23.5634964445199	-28.350662765077
			23.5634964445199	-28.3639604493008
			23.5767941287437	-28.3772581335246
			23.5767941287437	-28.3905558177483
			23.5767941287437	-28.4038535019721
			23.5767941287437	-28.4171511861959
			23.5767941287437	-28.4304488704197
			23.5767941287437	-28.4437465546434
			23.5767941287437	-28.4570442388672
			23.5900918129675	-28.470341923091
			23.5900918129675	-28.4836396073147
			23.5900918129675	-28.4969372915385
			23.5900918129675	-28.5102349757623
			23.5900918129675	-28.523532659986
			23.5900918129675	-28.5368303442098
			23.5900918129675	-28.5501280284336
			23.5900918129675	-28.5634257126574
			23.5900918129675	-28.5767233968811
			23.6033894971913	-28.5900210811049
			23.6033894971913	-28.6033187653287
			23.6033894971913	-28.6166164495524
			23.6033894971913	-28.6299141337762
			23.6033894971913	-28.643211818
			23.6033894971913	-28.6565095022237
			23.6033894971913	-28.6698071864475
		</Outline3>
		<Outline4 type=matrix rownames=FALSE colnames=FALSE nrow=199 ncol=2 as.numeric=TRUE >
			23.6033894971913	-28.6698071864475
			23.6033894971913	-28.6831048706713
			23.6033894971913	-28.6964025548951
			23.6033894971913	-28.7097002391188
			23.6033894971913	-28.7229979233426
			23.6033894971913	-28.7362956075664
			23.6033894971913	-28.7495932917901
			23.6033894971913	-28.7628909760139
			23.6033894971913	-28.7761886602377
			23.5900918129675	-28.7894863444614
			23.5900918129675	-28.8027840286852
			23.5900918129675	-28.816081712909
			23.5900918129675	-28.8293793971328
			23.5900918129675	-28.8426770813565
			23.5900918129675	-28.8559747655803
			23.5767941287437	-28.8692724498041
			23.5767941287437	-28.8825701340278
			23.5767941287437	-28.8958678182516
			23.5767941287437	-28.9091655024754
			23.5634964445199	-28.9224631866991
			23.5634964445199	-28.9357608709229
			23.5634964445199	-28.9490585551467
			23.5634964445199	-28.9623562393704
			23.5634964445199	-28.9756539235942
			23.5501987602962	-28.9756539235942
			23.5501987602962	-28.988951607818
			23.5501987602962	-29.0022492920418
			23.5501987602962	-29.0155469762655
			23.5369010760724	-29.0155469762655
			23.5369010760724	-29.0288446604893
			23.5369010760724	-29.0421423447131
			23.5369010760724	-29.0554400289368
			23.5236033918486	-29.0687377131606
			23.5236033918486	-29.0820353973844
			23.5236033918486	-29.0953330816081
			23.5103057076249	-29.0953330816081
			23.5103057076249	-29.1086307658319
			23.5103057076249	-29.1219284500557
			23.4970080234011	-29.1352261342795
			23.4970080234011	-29.1485238185032
			23.4837103391773	-29.161821502727
			23.4837103391773	-29.1751191869508
			23.4837103391773	-29.1884168711745
			23.4704126549536	-29.2017145553983
			23.4704126549536	-29.2150122396221
			23.4571149707298	-29.2283099238458
			23.4571149707298	-29.2416076080696
			23.443817286506	-29.2549052922934
			23.443817286506	-29.2682029765172
			23.443817286506	-29.2815006607409
			23.4305196022822	-29.2947983449647
			23.4305196022822	-29.3080960291885
			23.4305196022822	-29.3213937134122
			23.4172219180585	-29.334691397636
			23.4172219180585	-29.3479890818598
			23.4172219180585	-29.3612867660835
			23.4039242338347	-29.3745844503073
			23.4039242338347	-29.3878821345311
			23.4039242338347	-29.4011798187548
			23.3906265496109	-29.4144775029786
			23.3906265496109	-29.4277751872024
			23.3906265496109	-29.4410728714262
			23.3773288653872	-29.4543705556499
			23.3773288653872	-29.4676682398737
			23.3773288653872	-29.4809659240975
			23.3640311811634	-29.4809659240975
			23.3640311811634	-29.4942636083212
			23.3640311811634	-29.507561292545
			23.3507334969396	-29.5208589767688
			23.3507334969396	-29.5341566609925
			23.3374358127159	-29.5474543452163
			23.3374358127159	-29.5607520294401
			23.3374358127159	-29.5740497136639
			23.3241381284921	-29.5873473978876
			23.3241381284921	-29.6006450821114
			23.3241381284921	-29.6139427663352
			23.3108404442683	-29.6139427663352
			23.3108404442683	-29.6272404505589
			23.2975427600445	-29.6405381347827
			23.2975427600445	-29.6538358190065
			23.2975427600445	-29.6671335032302
			23.2842450758208	-29.680431187454
			23.2842450758208	-29.6937288716778
			23.2842450758208	-29.7070265559016
			23.270947391597	-29.7203242401253
			23.270947391597	-29.7336219243491
			23.270947391597	-29.7469196085729
			23.2576497073732	-29.7602172927966
			23.2576497073732	-29.7735149770204
			23.2576497073732	-29.7868126612442
			23.2443520231495	-29.8001103454679
			23.2443520231495	-29.8134080296917
			23.2443520231495	-29.8267057139155
			23.2310543389257	-29.8400033981392
			23.2310543389257	-29.853301082363
			23.2310543389257	-29.8665987665868
			23.2310543389257	-29.8798964508106
			23.2177566547019	-29.8931941350343
			23.2177566547019	-29.9064918192581
			23.2177566547019	-29.9197895034819
			23.2044589704782	-29.9330871877056
			23.2044589704782	-29.9463848719294
			23.2044589704782	-29.9596825561532
			23.2044589704782	-29.9729802403769
			23.1911612862544	-29.9862779246007
			23.1911612862544	-29.9995756088245
			23.1911612862544	-30.0128732930483
			23.1778636020306	-30.026170977272
			23.1778636020306	-30.0394686614958
			23.1778636020306	-30.0527663457196
			23.1645659178069	-30.0660640299433
			23.1645659178069	-30.0793617141671
			23.1512682335831	-30.0926593983909
			23.1512682335831	-30.1059570826146
			23.1512682335831	-30.1192547668384
			23.1379705493593	-30.1325524510622
			23.1379705493593	-30.145850135286
			23.1379705493593	-30.1591478195097
			23.1246728651355	-30.1591478195097
			23.1246728651355	-30.1724455037335
			23.1246728651355	-30.1857431879573
			23.1113751809118	-30.199040872181
			23.1113751809118	-30.2123385564048
			23.098077496688	-30.2256362406286
			23.0847798124642	-30.2389339248523
			23.0714821282405	-30.2522316090761
			23.0714821282405	-30.2655292932999
			23.0581844440167	-30.2788269775237
			23.0448867597929	-30.2921246617474
			23.0315890755692	-30.3054223459712
			23.0315890755692	-30.318720030195
			23.0182913913454	-30.3320177144187
			23.0182913913454	-30.3453153986425
			23.0049937071216	-30.3453153986425
			22.9916960228978	-30.3586130828663
			22.9916960228978	-30.37191076709
			22.9783983386741	-30.37191076709
			22.9783983386741	-30.3852084513138
			22.9651006544503	-30.3985061355376
			22.9518029702265	-30.3985061355376
			22.9518029702265	-30.4118038197613
			22.9385052860028	-30.4251015039851
			22.925207601779	-30.4383991882089
			22.9119099175552	-30.4516968724327
			22.8986122333315	-30.4649945566564
			22.8853145491077	-30.4649945566564
			22.8720168648839	-30.4782922408802
			22.8587191806601	-30.4782922408802
			22.8454214964364	-30.491589925104
			22.8321238122126	-30.491589925104
			22.8188261279888	-30.5048876093277
			22.8055284437651	-30.5048876093277
			22.7922307595413	-30.5181852935515
			22.7789330753175	-30.5181852935515
			22.7656353910938	-30.5314829777753
			22.75233770687	-30.5314829777753
			22.7390400226462	-30.544780661999
			22.7257423384224	-30.544780661999
			22.7124446541987	-30.5580783462228
			22.6991469699749	-30.5580783462228
			22.6858492857511	-30.5713760304466
			22.6725516015274	-30.5713760304466
			22.6592539173036	-30.5846737146704
			22.6459562330798	-30.5979713988941
			22.6326585488561	-30.5979713988941
			22.6193608646323	-30.5979713988941
			22.6060631804085	-30.5979713988941
			22.5927654961848	-30.5979713988941
			22.579467811961	-30.5979713988941
			22.5661701277372	-30.5979713988941
			22.5528724435134	-30.5979713988941
			22.5395747592897	-30.5979713988941
			22.5262770750659	-30.5979713988941
			22.5129793908421	-30.5979713988941
			22.4996817066184	-30.5979713988941
			22.4863840223946	-30.5979713988941
			22.4730863381708	-30.5979713988941
			22.4597886539471	-30.5979713988941
			22.4464909697233	-30.5979713988941
			22.4331932854995	-30.5979713988941
			22.4198956012757	-30.5979713988941
			22.406597917052	-30.5979713988941
			22.3933002328282	-30.5979713988941
			22.3800025486044	-30.5979713988941
			22.3667048643807	-30.5979713988941
			22.3534071801569	-30.5979713988941
			22.3401094959331	-30.5979713988941
			22.3268118117094	-30.5979713988941
			22.3135141274856	-30.5979713988941
			22.3002164432618	-30.5979713988941
			22.286918759038	-30.5979713988941
			22.2736210748143	-30.5979713988941
			22.2603233905905	-30.5979713988941
			22.2470257063667	-30.5846737146704
			22.233728022143	-30.5846737146704
			22.2204303379192	-30.5846737146704
			22.2071326536954	-30.5846737146704
			22.1938349694717	-30.5846737146704
			22.1805372852479	-30.5846737146704
		</Outline4>
	</curves.scaled>
	<ruler.points type=matrix rownames=TRUE colnames=FALSE nrow=2 ncol=2 as.numeric=TRUE >
		Ruler point 1	926	1442
		Ruler point 2	928	1818
	</ruler.points>
</shapes>

