<shapes type=list>
	<ruler.pixel type=vector names=FALSE length=1 as.numeric=TRUE >297</ruler.pixel>
	<ruler.interval type=vector names=FALSE length=1 as.numeric=TRUE >3</ruler.interval>
	<scaling.units type=vector names=FALSE length=1 as.numeric=FALSE >mm</scaling.units>
	<scaling type=vector names=FALSE length=1 as.numeric=TRUE >0.0101010101010101</scaling>
	<landmarks.pixel type=matrix rownames=TRUE colnames=FALSE nrow=4 ncol=2 as.numeric=TRUE >
		Labial	1128	1925
		Posterior	1061	1800
		Lingual	1176	1711
		Anterior	1245	1838
	</landmarks.pixel>
	<landmarks.scaled type=matrix rownames=TRUE colnames=FALSE nrow=4 ncol=2 as.numeric=TRUE >
		Labial	11.3939393939394	-19.4444444444444
		Posterior	10.7171717171717	-18.1818181818182
		Lingual	11.8787878787879	-17.2828282828283
		Anterior	12.5757575757576	-18.5656565656566
	</landmarks.scaled>
	<curves.control type=list>
		<Outline1 type=matrix rownames=FALSE colnames=FALSE nrow=11 ncol=2 as.numeric=TRUE >
			1128	1925
			1116	1924
			1099	1921
			1083	1923
			1069	1918
			1059	1911
			1051	1901
			1047	1891
			1046	1881
			1046	1870
			1061	1800
		</Outline1>
		<Outline2 type=matrix rownames=FALSE colnames=FALSE nrow=17 ncol=2 as.numeric=TRUE >
			1061	1800
			1066	1781
			1068	1765
			1069	1751
			1070	1741
			1073	1733
			1081	1727
			1089	1721
			1101	1717
			1112	1713
			1124	1711
			1133	1707
			1142	1705
			1150	1707
			1159	1711
			1167	1711
			1176	1711
		</Outline2>
		<Outline3 type=matrix rownames=FALSE colnames=FALSE nrow=13 ncol=2 as.numeric=TRUE >
			1176	1711
			1191	1713
			1203	1718
			1214	1724
			1222	1732
			1229	1744
			1231	1758
			1233	1769
			1238	1781
			1243	1799
			1246	1815
			1246	1825
			1245	1838
		</Outline3>
		<Outline4 type=matrix rownames=FALSE colnames=FALSE nrow=13 ncol=2 as.numeric=TRUE >
			1245	1838
			1241	1849
			1233	1865
			1221	1885
			1214	1895
			1206	1905
			1201	1915
			1189	1929
			1177	1938
			1167	1943
			1155	1941
			1140	1935
			1128	1925
		</Outline4>
	</curves.control>
	<curves.pixel type=list>
		<Outline1 type=matrix rownames=FALSE colnames=FALSE nrow=187 ncol=2 as.numeric=TRUE >
			1128	1925
			1127	1925
			1126	1925
			1125	1925
			1124	1925
			1123	1925
			1122	1924
			1121	1924
			1120	1924
			1119	1924
			1118	1924
			1117	1924
			1116	1924
			1115	1924
			1114	1923
			1113	1923
			1112	1923
			1111	1923
			1110	1923
			1109	1923
			1108	1922
			1107	1922
			1106	1922
			1105	1922
			1104	1922
			1103	1922
			1102	1922
			1101	1921
			1100	1921
			1099	1921
			1098	1921
			1097	1921
			1096	1921
			1095	1921
			1094	1921
			1093	1921
			1092	1922
			1091	1922
			1090	1922
			1089	1922
			1088	1922
			1087	1921
			1086	1921
			1085	1921
			1084	1921
			1083	1921
			1082	1921
			1081	1921
			1080	1921
			1079	1921
			1078	1921
			1078	1920
			1077	1920
			1076	1920
			1075	1920
			1074	1920
			1073	1919
			1072	1919
			1071	1919
			1070	1918
			1069	1918
			1068	1917
			1067	1917
			1067	1916
			1066	1916
			1065	1915
			1064	1914
			1063	1913
			1062	1912
			1061	1912
			1060	1911
			1059	1910
			1059	1909
			1058	1909
			1057	1908
			1056	1907
			1056	1906
			1055	1906
			1054	1905
			1054	1904
			1053	1903
			1052	1902
			1051	1902
			1051	1901
			1051	1900
			1050	1899
			1050	1898
			1050	1897
			1049	1896
			1049	1895
			1048	1894
			1048	1893
			1048	1892
			1048	1891
			1047	1890
			1047	1889
			1047	1888
			1047	1887
			1047	1886
			1047	1885
			1046	1885
			1046	1884
			1046	1883
			1046	1882
			1046	1881
			1046	1880
			1046	1879
			1046	1878
			1046	1877
			1046	1876
			1046	1875
			1047	1874
			1047	1873
			1047	1872
			1047	1871
			1047	1870
			1047	1869
			1048	1868
			1048	1867
			1048	1866
			1048	1865
			1048	1864
			1048	1863
			1048	1862
			1049	1862
			1049	1861
			1049	1860
			1049	1859
			1049	1858
			1050	1857
			1050	1856
			1050	1855
			1050	1854
			1050	1853
			1050	1852
			1051	1851
			1051	1850
			1051	1849
			1051	1848
			1051	1847
			1052	1846
			1052	1845
			1052	1844
			1052	1843
			1052	1842
			1052	1841
			1053	1840
			1053	1839
			1053	1838
			1053	1837
			1054	1836
			1054	1835
			1054	1834
			1054	1833
			1054	1832
			1055	1831
			1055	1830
			1055	1829
			1055	1828
			1055	1827
			1056	1826
			1056	1825
			1056	1824
			1056	1823
			1056	1822
			1057	1821
			1057	1820
			1057	1819
			1057	1818
			1057	1817
			1058	1816
			1058	1815
			1058	1814
			1058	1813
			1058	1812
			1059	1811
			1059	1810
			1059	1809
			1059	1808
			1060	1807
			1060	1806
			1060	1805
			1060	1804
			1060	1803
			1061	1802
			1061	1801
			1061	1800
		</Outline1>
		<Outline2 type=matrix rownames=FALSE colnames=FALSE nrow=172 ncol=2 as.numeric=TRUE >
			1061	1800
			1061	1799
			1062	1798
			1062	1797
			1062	1796
			1062	1795
			1063	1794
			1063	1793
			1063	1792
			1063	1791
			1063	1790
			1064	1789
			1064	1788
			1064	1787
			1064	1786
			1065	1785
			1065	1784
			1065	1783
			1065	1782
			1065	1781
			1066	1780
			1066	1779
			1066	1778
			1066	1777
			1066	1776
			1066	1775
			1067	1775
			1067	1774
			1067	1773
			1067	1772
			1067	1771
			1067	1770
			1067	1769
			1068	1768
			1068	1767
			1068	1766
			1068	1765
			1068	1764
			1068	1763
			1068	1762
			1068	1761
			1068	1760
			1068	1759
			1068	1758
			1069	1758
			1069	1757
			1069	1756
			1069	1755
			1069	1754
			1069	1753
			1069	1752
			1069	1751
			1069	1750
			1069	1749
			1069	1748
			1069	1747
			1070	1746
			1070	1745
			1070	1744
			1070	1743
			1070	1742
			1070	1741
			1070	1740
			1071	1739
			1071	1738
			1072	1737
			1072	1736
			1073	1735
			1074	1734
			1075	1733
			1076	1732
			1077	1731
			1077	1730
			1078	1729
			1079	1728
			1080	1728
			1081	1727
			1082	1726
			1083	1725
			1084	1725
			1085	1724
			1086	1724
			1087	1723
			1088	1723
			1089	1722
			1090	1721
			1091	1721
			1092	1721
			1093	1720
			1094	1720
			1095	1719
			1096	1719
			1097	1718
			1098	1718
			1099	1718
			1100	1717
			1101	1717
			1102	1717
			1103	1716
			1104	1716
			1105	1716
			1106	1715
			1107	1715
			1108	1715
			1109	1714
			1110	1714
			1111	1714
			1112	1714
			1113	1713
			1114	1713
			1115	1713
			1116	1713
			1117	1712
			1118	1712
			1119	1712
			1120	1712
			1121	1711
			1122	1711
			1123	1711
			1124	1711
			1125	1711
			1126	1710
			1127	1710
			1128	1709
			1129	1709
			1130	1709
			1131	1708
			1132	1708
			1133	1708
			1134	1707
			1135	1707
			1136	1707
			1137	1706
			1138	1706
			1139	1706
			1140	1705
			1141	1705
			1142	1705
			1143	1705
			1144	1706
			1145	1706
			1146	1706
			1147	1706
			1148	1707
			1149	1707
			1150	1707
			1151	1708
			1152	1708
			1153	1708
			1154	1709
			1155	1709
			1156	1710
			1157	1710
			1158	1710
			1159	1711
			1160	1711
			1161	1711
			1162	1711
			1163	1711
			1164	1711
			1165	1711
			1166	1711
			1167	1711
			1168	1711
			1169	1711
			1170	1711
			1171	1711
			1172	1711
			1173	1711
			1174	1711
			1175	1711
			1176	1711
		</Outline2>
		<Outline3 type=matrix rownames=FALSE colnames=FALSE nrow=157 ncol=2 as.numeric=TRUE >
			1176	1711
			1177	1711
			1178	1711
			1179	1711
			1180	1712
			1181	1712
			1182	1712
			1183	1712
			1184	1712
			1185	1713
			1186	1713
			1187	1713
			1188	1713
			1189	1713
			1190	1714
			1191	1714
			1192	1714
			1193	1715
			1194	1715
			1195	1715
			1196	1715
			1196	1716
			1197	1716
			1198	1716
			1199	1716
			1200	1717
			1201	1717
			1202	1718
			1203	1718
			1204	1718
			1205	1719
			1206	1719
			1206	1720
			1207	1720
			1208	1721
			1209	1721
			1210	1722
			1211	1723
			1212	1724
			1213	1724
			1214	1725
			1215	1726
			1216	1727
			1217	1728
			1218	1729
			1219	1729
			1220	1730
			1221	1731
			1222	1732
			1223	1733
			1223	1734
			1224	1735
			1224	1736
			1224	1737
			1225	1737
			1225	1738
			1226	1739
			1226	1740
			1226	1741
			1227	1742
			1227	1743
			1228	1744
			1228	1745
			1228	1746
			1229	1747
			1229	1748
			1229	1749
			1229	1750
			1230	1751
			1230	1752
			1230	1753
			1230	1754
			1231	1755
			1231	1756
			1231	1757
			1231	1758
			1231	1759
			1231	1760
			1232	1761
			1232	1762
			1232	1763
			1232	1764
			1233	1765
			1233	1766
			1233	1767
			1233	1768
			1234	1769
			1234	1770
			1234	1771
			1234	1772
			1235	1772
			1235	1773
			1235	1774
			1236	1775
			1236	1776
			1237	1777
			1237	1778
			1237	1779
			1238	1780
			1238	1781
			1238	1782
			1239	1783
			1239	1784
			1239	1785
			1239	1786
			1240	1787
			1240	1788
			1240	1789
			1240	1790
			1241	1791
			1241	1792
			1241	1793
			1242	1794
			1242	1795
			1242	1796
			1242	1797
			1242	1798
			1243	1799
			1243	1800
			1243	1801
			1243	1802
			1244	1803
			1244	1804
			1244	1805
			1244	1806
			1244	1807
			1245	1808
			1245	1809
			1245	1810
			1245	1811
			1245	1812
			1246	1813
			1246	1814
			1246	1815
			1246	1816
			1246	1817
			1246	1818
			1246	1819
			1246	1820
			1246	1821
			1246	1822
			1246	1823
			1246	1824
			1246	1825
			1246	1826
			1246	1827
			1246	1828
			1246	1829
			1246	1830
			1245	1831
			1245	1832
			1245	1833
			1245	1834
			1245	1835
			1245	1836
			1245	1837
			1245	1838
		</Outline3>
		<Outline4 type=matrix rownames=FALSE colnames=FALSE nrow=165 ncol=2 as.numeric=TRUE >
			1245	1838
			1245	1839
			1244	1840
			1244	1841
			1243	1842
			1243	1843
			1243	1844
			1242	1845
			1242	1846
			1241	1847
			1241	1848
			1240	1849
			1240	1850
			1239	1851
			1239	1852
			1239	1853
			1238	1854
			1238	1855
			1237	1856
			1237	1857
			1237	1858
			1236	1858
			1236	1859
			1235	1860
			1235	1861
			1234	1862
			1234	1863
			1234	1864
			1233	1865
			1232	1866
			1232	1867
			1231	1868
			1230	1869
			1230	1870
			1229	1871
			1229	1872
			1228	1873
			1227	1874
			1227	1875
			1226	1876
			1226	1877
			1225	1878
			1225	1879
			1224	1880
			1223	1881
			1222	1882
			1222	1883
			1221	1884
			1221	1885
			1220	1886
			1220	1887
			1219	1887
			1219	1888
			1218	1889
			1218	1890
			1217	1890
			1217	1891
			1216	1892
			1216	1893
			1215	1893
			1215	1894
			1214	1895
			1213	1896
			1212	1897
			1212	1898
			1211	1899
			1210	1900
			1210	1901
			1209	1902
			1208	1903
			1207	1904
			1207	1905
			1206	1906
			1206	1907
			1205	1907
			1205	1908
			1204	1909
			1204	1910
			1203	1911
			1203	1912
			1202	1913
			1202	1914
			1201	1914
			1201	1915
			1200	1916
			1199	1917
			1198	1918
			1198	1919
			1197	1920
			1196	1921
			1195	1921
			1195	1922
			1194	1923
			1193	1924
			1192	1925
			1191	1926
			1190	1927
			1189	1928
			1188	1929
			1187	1930
			1186	1930
			1185	1931
			1184	1932
			1183	1933
			1183	1934
			1182	1934
			1181	1935
			1180	1936
			1179	1937
			1178	1937
			1177	1938
			1176	1938
			1176	1939
			1175	1939
			1174	1939
			1173	1940
			1172	1940
			1171	1940
			1170	1941
			1169	1941
			1168	1941
			1167	1941
			1166	1941
			1165	1941
			1164	1942
			1163	1942
			1162	1942
			1161	1942
			1160	1942
			1159	1941
			1158	1941
			1157	1941
			1156	1941
			1155	1941
			1154	1941
			1154	1940
			1153	1940
			1152	1940
			1151	1939
			1150	1939
			1149	1938
			1148	1938
			1147	1937
			1146	1937
			1145	1936
			1144	1936
			1143	1935
			1142	1935
			1142	1934
			1141	1934
			1140	1933
			1139	1933
			1138	1932
			1137	1932
			1136	1931
			1135	1931
			1135	1930
			1134	1929
			1133	1929
			1132	1928
			1131	1928
			1131	1927
			1130	1926
			1129	1926
			1128	1925
		</Outline4>
	</curves.pixel>
	<curves.scaled type=list>
		<Outline1 type=matrix rownames=FALSE colnames=FALSE nrow=187 ncol=2 as.numeric=TRUE >
			11.3939393939394	-19.4444444444444
			11.3838383838384	-19.4444444444444
			11.3737373737374	-19.4444444444444
			11.3636363636364	-19.4444444444444
			11.3535353535354	-19.4444444444444
			11.3434343434343	-19.4444444444444
			11.3333333333333	-19.4343434343434
			11.3232323232323	-19.4343434343434
			11.3131313131313	-19.4343434343434
			11.3030303030303	-19.4343434343434
			11.2929292929293	-19.4343434343434
			11.2828282828283	-19.4343434343434
			11.2727272727273	-19.4343434343434
			11.2626262626263	-19.4343434343434
			11.2525252525253	-19.4242424242424
			11.2424242424242	-19.4242424242424
			11.2323232323232	-19.4242424242424
			11.2222222222222	-19.4242424242424
			11.2121212121212	-19.4242424242424
			11.2020202020202	-19.4242424242424
			11.1919191919192	-19.4141414141414
			11.1818181818182	-19.4141414141414
			11.1717171717172	-19.4141414141414
			11.1616161616162	-19.4141414141414
			11.1515151515152	-19.4141414141414
			11.1414141414141	-19.4141414141414
			11.1313131313131	-19.4141414141414
			11.1212121212121	-19.4040404040404
			11.1111111111111	-19.4040404040404
			11.1010101010101	-19.4040404040404
			11.0909090909091	-19.4040404040404
			11.0808080808081	-19.4040404040404
			11.0707070707071	-19.4040404040404
			11.0606060606061	-19.4040404040404
			11.0505050505051	-19.4040404040404
			11.040404040404	-19.4040404040404
			11.030303030303	-19.4141414141414
			11.020202020202	-19.4141414141414
			11.010101010101	-19.4141414141414
			11	-19.4141414141414
			10.989898989899	-19.4141414141414
			10.979797979798	-19.4040404040404
			10.969696969697	-19.4040404040404
			10.959595959596	-19.4040404040404
			10.9494949494949	-19.4040404040404
			10.9393939393939	-19.4040404040404
			10.9292929292929	-19.4040404040404
			10.9191919191919	-19.4040404040404
			10.9090909090909	-19.4040404040404
			10.8989898989899	-19.4040404040404
			10.8888888888889	-19.4040404040404
			10.8888888888889	-19.3939393939394
			10.8787878787879	-19.3939393939394
			10.8686868686869	-19.3939393939394
			10.8585858585859	-19.3939393939394
			10.8484848484848	-19.3939393939394
			10.8383838383838	-19.3838383838384
			10.8282828282828	-19.3838383838384
			10.8181818181818	-19.3838383838384
			10.8080808080808	-19.3737373737374
			10.7979797979798	-19.3737373737374
			10.7878787878788	-19.3636363636364
			10.7777777777778	-19.3636363636364
			10.7777777777778	-19.3535353535354
			10.7676767676768	-19.3535353535354
			10.7575757575758	-19.3434343434343
			10.7474747474747	-19.3333333333333
			10.7373737373737	-19.3232323232323
			10.7272727272727	-19.3131313131313
			10.7171717171717	-19.3131313131313
			10.7070707070707	-19.3030303030303
			10.6969696969697	-19.2929292929293
			10.6969696969697	-19.2828282828283
			10.6868686868687	-19.2828282828283
			10.6767676767677	-19.2727272727273
			10.6666666666667	-19.2626262626263
			10.6666666666667	-19.2525252525253
			10.6565656565657	-19.2525252525253
			10.6464646464646	-19.2424242424242
			10.6464646464646	-19.2323232323232
			10.6363636363636	-19.2222222222222
			10.6262626262626	-19.2121212121212
			10.6161616161616	-19.2121212121212
			10.6161616161616	-19.2020202020202
			10.6161616161616	-19.1919191919192
			10.6060606060606	-19.1818181818182
			10.6060606060606	-19.1717171717172
			10.6060606060606	-19.1616161616162
			10.5959595959596	-19.1515151515152
			10.5959595959596	-19.1414141414141
			10.5858585858586	-19.1313131313131
			10.5858585858586	-19.1212121212121
			10.5858585858586	-19.1111111111111
			10.5858585858586	-19.1010101010101
			10.5757575757576	-19.0909090909091
			10.5757575757576	-19.0808080808081
			10.5757575757576	-19.0707070707071
			10.5757575757576	-19.0606060606061
			10.5757575757576	-19.0505050505051
			10.5757575757576	-19.040404040404
			10.5656565656566	-19.040404040404
			10.5656565656566	-19.030303030303
			10.5656565656566	-19.020202020202
			10.5656565656566	-19.010101010101
			10.5656565656566	-19
			10.5656565656566	-18.989898989899
			10.5656565656566	-18.979797979798
			10.5656565656566	-18.969696969697
			10.5656565656566	-18.959595959596
			10.5656565656566	-18.949494949495
			10.5656565656566	-18.9393939393939
			10.5757575757576	-18.9292929292929
			10.5757575757576	-18.9191919191919
			10.5757575757576	-18.9090909090909
			10.5757575757576	-18.8989898989899
			10.5757575757576	-18.8888888888889
			10.5757575757576	-18.8787878787879
			10.5858585858586	-18.8686868686869
			10.5858585858586	-18.8585858585859
			10.5858585858586	-18.8484848484849
			10.5858585858586	-18.8383838383838
			10.5858585858586	-18.8282828282828
			10.5858585858586	-18.8181818181818
			10.5858585858586	-18.8080808080808
			10.5959595959596	-18.8080808080808
			10.5959595959596	-18.7979797979798
			10.5959595959596	-18.7878787878788
			10.5959595959596	-18.7777777777778
			10.5959595959596	-18.7676767676768
			10.6060606060606	-18.7575757575758
			10.6060606060606	-18.7474747474747
			10.6060606060606	-18.7373737373737
			10.6060606060606	-18.7272727272727
			10.6060606060606	-18.7171717171717
			10.6060606060606	-18.7070707070707
			10.6161616161616	-18.6969696969697
			10.6161616161616	-18.6868686868687
			10.6161616161616	-18.6767676767677
			10.6161616161616	-18.6666666666667
			10.6161616161616	-18.6565656565657
			10.6262626262626	-18.6464646464646
			10.6262626262626	-18.6363636363636
			10.6262626262626	-18.6262626262626
			10.6262626262626	-18.6161616161616
			10.6262626262626	-18.6060606060606
			10.6262626262626	-18.5959595959596
			10.6363636363636	-18.5858585858586
			10.6363636363636	-18.5757575757576
			10.6363636363636	-18.5656565656566
			10.6363636363636	-18.5555555555556
			10.6464646464646	-18.5454545454545
			10.6464646464646	-18.5353535353535
			10.6464646464646	-18.5252525252525
			10.6464646464646	-18.5151515151515
			10.6464646464646	-18.5050505050505
			10.6565656565657	-18.4949494949495
			10.6565656565657	-18.4848484848485
			10.6565656565657	-18.4747474747475
			10.6565656565657	-18.4646464646465
			10.6565656565657	-18.4545454545455
			10.6666666666667	-18.4444444444444
			10.6666666666667	-18.4343434343434
			10.6666666666667	-18.4242424242424
			10.6666666666667	-18.4141414141414
			10.6666666666667	-18.4040404040404
			10.6767676767677	-18.3939393939394
			10.6767676767677	-18.3838383838384
			10.6767676767677	-18.3737373737374
			10.6767676767677	-18.3636363636364
			10.6767676767677	-18.3535353535354
			10.6868686868687	-18.3434343434343
			10.6868686868687	-18.3333333333333
			10.6868686868687	-18.3232323232323
			10.6868686868687	-18.3131313131313
			10.6868686868687	-18.3030303030303
			10.6969696969697	-18.2929292929293
			10.6969696969697	-18.2828282828283
			10.6969696969697	-18.2727272727273
			10.6969696969697	-18.2626262626263
			10.7070707070707	-18.2525252525253
			10.7070707070707	-18.2424242424242
			10.7070707070707	-18.2323232323232
			10.7070707070707	-18.2222222222222
			10.7070707070707	-18.2121212121212
			10.7171717171717	-18.2020202020202
			10.7171717171717	-18.1919191919192
			10.7171717171717	-18.1818181818182
		</Outline1>
		<Outline2 type=matrix rownames=FALSE colnames=FALSE nrow=172 ncol=2 as.numeric=TRUE >
			10.7171717171717	-18.1818181818182
			10.7171717171717	-18.1717171717172
			10.7272727272727	-18.1616161616162
			10.7272727272727	-18.1515151515152
			10.7272727272727	-18.1414141414141
			10.7272727272727	-18.1313131313131
			10.7373737373737	-18.1212121212121
			10.7373737373737	-18.1111111111111
			10.7373737373737	-18.1010101010101
			10.7373737373737	-18.0909090909091
			10.7373737373737	-18.0808080808081
			10.7474747474747	-18.0707070707071
			10.7474747474747	-18.0606060606061
			10.7474747474747	-18.0505050505051
			10.7474747474747	-18.040404040404
			10.7575757575758	-18.030303030303
			10.7575757575758	-18.020202020202
			10.7575757575758	-18.010101010101
			10.7575757575758	-18
			10.7575757575758	-17.989898989899
			10.7676767676768	-17.979797979798
			10.7676767676768	-17.969696969697
			10.7676767676768	-17.959595959596
			10.7676767676768	-17.949494949495
			10.7676767676768	-17.9393939393939
			10.7676767676768	-17.9292929292929
			10.7777777777778	-17.9292929292929
			10.7777777777778	-17.9191919191919
			10.7777777777778	-17.9090909090909
			10.7777777777778	-17.8989898989899
			10.7777777777778	-17.8888888888889
			10.7777777777778	-17.8787878787879
			10.7777777777778	-17.8686868686869
			10.7878787878788	-17.8585858585859
			10.7878787878788	-17.8484848484849
			10.7878787878788	-17.8383838383838
			10.7878787878788	-17.8282828282828
			10.7878787878788	-17.8181818181818
			10.7878787878788	-17.8080808080808
			10.7878787878788	-17.7979797979798
			10.7878787878788	-17.7878787878788
			10.7878787878788	-17.7777777777778
			10.7878787878788	-17.7676767676768
			10.7878787878788	-17.7575757575758
			10.7979797979798	-17.7575757575758
			10.7979797979798	-17.7474747474747
			10.7979797979798	-17.7373737373737
			10.7979797979798	-17.7272727272727
			10.7979797979798	-17.7171717171717
			10.7979797979798	-17.7070707070707
			10.7979797979798	-17.6969696969697
			10.7979797979798	-17.6868686868687
			10.7979797979798	-17.6767676767677
			10.7979797979798	-17.6666666666667
			10.7979797979798	-17.6565656565657
			10.7979797979798	-17.6464646464646
			10.8080808080808	-17.6363636363636
			10.8080808080808	-17.6262626262626
			10.8080808080808	-17.6161616161616
			10.8080808080808	-17.6060606060606
			10.8080808080808	-17.5959595959596
			10.8080808080808	-17.5858585858586
			10.8080808080808	-17.5757575757576
			10.8181818181818	-17.5656565656566
			10.8181818181818	-17.5555555555556
			10.8282828282828	-17.5454545454545
			10.8282828282828	-17.5353535353535
			10.8383838383838	-17.5252525252525
			10.8484848484848	-17.5151515151515
			10.8585858585859	-17.5050505050505
			10.8686868686869	-17.4949494949495
			10.8787878787879	-17.4848484848485
			10.8787878787879	-17.4747474747475
			10.8888888888889	-17.4646464646465
			10.8989898989899	-17.4545454545455
			10.9090909090909	-17.4545454545455
			10.9191919191919	-17.4444444444444
			10.9292929292929	-17.4343434343434
			10.9393939393939	-17.4242424242424
			10.9494949494949	-17.4242424242424
			10.959595959596	-17.4141414141414
			10.969696969697	-17.4141414141414
			10.979797979798	-17.4040404040404
			10.989898989899	-17.4040404040404
			11	-17.3939393939394
			11.010101010101	-17.3838383838384
			11.020202020202	-17.3838383838384
			11.030303030303	-17.3838383838384
			11.040404040404	-17.3737373737374
			11.0505050505051	-17.3737373737374
			11.0606060606061	-17.3636363636364
			11.0707070707071	-17.3636363636364
			11.0808080808081	-17.3535353535354
			11.0909090909091	-17.3535353535354
			11.1010101010101	-17.3535353535354
			11.1111111111111	-17.3434343434343
			11.1212121212121	-17.3434343434343
			11.1313131313131	-17.3434343434343
			11.1414141414141	-17.3333333333333
			11.1515151515152	-17.3333333333333
			11.1616161616162	-17.3333333333333
			11.1717171717172	-17.3232323232323
			11.1818181818182	-17.3232323232323
			11.1919191919192	-17.3232323232323
			11.2020202020202	-17.3131313131313
			11.2121212121212	-17.3131313131313
			11.2222222222222	-17.3131313131313
			11.2323232323232	-17.3131313131313
			11.2424242424242	-17.3030303030303
			11.2525252525253	-17.3030303030303
			11.2626262626263	-17.3030303030303
			11.2727272727273	-17.3030303030303
			11.2828282828283	-17.2929292929293
			11.2929292929293	-17.2929292929293
			11.3030303030303	-17.2929292929293
			11.3131313131313	-17.2929292929293
			11.3232323232323	-17.2828282828283
			11.3333333333333	-17.2828282828283
			11.3434343434343	-17.2828282828283
			11.3535353535354	-17.2828282828283
			11.3636363636364	-17.2828282828283
			11.3737373737374	-17.2727272727273
			11.3838383838384	-17.2727272727273
			11.3939393939394	-17.2626262626263
			11.4040404040404	-17.2626262626263
			11.4141414141414	-17.2626262626263
			11.4242424242424	-17.2525252525253
			11.4343434343434	-17.2525252525253
			11.4444444444444	-17.2525252525253
			11.4545454545455	-17.2424242424242
			11.4646464646465	-17.2424242424242
			11.4747474747475	-17.2424242424242
			11.4848484848485	-17.2323232323232
			11.4949494949495	-17.2323232323232
			11.5050505050505	-17.2323232323232
			11.5151515151515	-17.2222222222222
			11.5252525252525	-17.2222222222222
			11.5353535353535	-17.2222222222222
			11.5454545454545	-17.2222222222222
			11.5555555555556	-17.2323232323232
			11.5656565656566	-17.2323232323232
			11.5757575757576	-17.2323232323232
			11.5858585858586	-17.2323232323232
			11.5959595959596	-17.2424242424242
			11.6060606060606	-17.2424242424242
			11.6161616161616	-17.2424242424242
			11.6262626262626	-17.2525252525253
			11.6363636363636	-17.2525252525253
			11.6464646464646	-17.2525252525253
			11.6565656565657	-17.2626262626263
			11.6666666666667	-17.2626262626263
			11.6767676767677	-17.2727272727273
			11.6868686868687	-17.2727272727273
			11.6969696969697	-17.2727272727273
			11.7070707070707	-17.2828282828283
			11.7171717171717	-17.2828282828283
			11.7272727272727	-17.2828282828283
			11.7373737373737	-17.2828282828283
			11.7474747474747	-17.2828282828283
			11.7575757575758	-17.2828282828283
			11.7676767676768	-17.2828282828283
			11.7777777777778	-17.2828282828283
			11.7878787878788	-17.2828282828283
			11.7979797979798	-17.2828282828283
			11.8080808080808	-17.2828282828283
			11.8181818181818	-17.2828282828283
			11.8282828282828	-17.2828282828283
			11.8383838383838	-17.2828282828283
			11.8484848484848	-17.2828282828283
			11.8585858585859	-17.2828282828283
			11.8686868686869	-17.2828282828283
			11.8787878787879	-17.2828282828283
		</Outline2>
		<Outline3 type=matrix rownames=FALSE colnames=FALSE nrow=157 ncol=2 as.numeric=TRUE >
			11.8787878787879	-17.2828282828283
			11.8888888888889	-17.2828282828283
			11.8989898989899	-17.2828282828283
			11.9090909090909	-17.2828282828283
			11.9191919191919	-17.2929292929293
			11.9292929292929	-17.2929292929293
			11.9393939393939	-17.2929292929293
			11.9494949494949	-17.2929292929293
			11.959595959596	-17.2929292929293
			11.969696969697	-17.3030303030303
			11.979797979798	-17.3030303030303
			11.989898989899	-17.3030303030303
			12	-17.3030303030303
			12.010101010101	-17.3030303030303
			12.020202020202	-17.3131313131313
			12.030303030303	-17.3131313131313
			12.040404040404	-17.3131313131313
			12.0505050505051	-17.3232323232323
			12.0606060606061	-17.3232323232323
			12.0707070707071	-17.3232323232323
			12.0808080808081	-17.3232323232323
			12.0808080808081	-17.3333333333333
			12.0909090909091	-17.3333333333333
			12.1010101010101	-17.3333333333333
			12.1111111111111	-17.3333333333333
			12.1212121212121	-17.3434343434343
			12.1313131313131	-17.3434343434343
			12.1414141414141	-17.3535353535354
			12.1515151515152	-17.3535353535354
			12.1616161616162	-17.3535353535354
			12.1717171717172	-17.3636363636364
			12.1818181818182	-17.3636363636364
			12.1818181818182	-17.3737373737374
			12.1919191919192	-17.3737373737374
			12.2020202020202	-17.3838383838384
			12.2121212121212	-17.3838383838384
			12.2222222222222	-17.3939393939394
			12.2323232323232	-17.4040404040404
			12.2424242424242	-17.4141414141414
			12.2525252525253	-17.4141414141414
			12.2626262626263	-17.4242424242424
			12.2727272727273	-17.4343434343434
			12.2828282828283	-17.4444444444444
			12.2929292929293	-17.4545454545455
			12.3030303030303	-17.4646464646465
			12.3131313131313	-17.4646464646465
			12.3232323232323	-17.4747474747475
			12.3333333333333	-17.4848484848485
			12.3434343434343	-17.4949494949495
			12.3535353535354	-17.5050505050505
			12.3535353535354	-17.5151515151515
			12.3636363636364	-17.5252525252525
			12.3636363636364	-17.5353535353535
			12.3636363636364	-17.5454545454545
			12.3737373737374	-17.5454545454545
			12.3737373737374	-17.5555555555556
			12.3838383838384	-17.5656565656566
			12.3838383838384	-17.5757575757576
			12.3838383838384	-17.5858585858586
			12.3939393939394	-17.5959595959596
			12.3939393939394	-17.6060606060606
			12.4040404040404	-17.6161616161616
			12.4040404040404	-17.6262626262626
			12.4040404040404	-17.6363636363636
			12.4141414141414	-17.6464646464646
			12.4141414141414	-17.6565656565657
			12.4141414141414	-17.6666666666667
			12.4141414141414	-17.6767676767677
			12.4242424242424	-17.6868686868687
			12.4242424242424	-17.6969696969697
			12.4242424242424	-17.7070707070707
			12.4242424242424	-17.7171717171717
			12.4343434343434	-17.7272727272727
			12.4343434343434	-17.7373737373737
			12.4343434343434	-17.7474747474747
			12.4343434343434	-17.7575757575758
			12.4343434343434	-17.7676767676768
			12.4343434343434	-17.7777777777778
			12.4444444444444	-17.7878787878788
			12.4444444444444	-17.7979797979798
			12.4444444444444	-17.8080808080808
			12.4444444444444	-17.8181818181818
			12.4545454545455	-17.8282828282828
			12.4545454545455	-17.8383838383838
			12.4545454545455	-17.8484848484849
			12.4545454545455	-17.8585858585859
			12.4646464646465	-17.8686868686869
			12.4646464646465	-17.8787878787879
			12.4646464646465	-17.8888888888889
			12.4646464646465	-17.8989898989899
			12.4747474747475	-17.8989898989899
			12.4747474747475	-17.9090909090909
			12.4747474747475	-17.9191919191919
			12.4848484848485	-17.9292929292929
			12.4848484848485	-17.9393939393939
			12.4949494949495	-17.949494949495
			12.4949494949495	-17.959595959596
			12.4949494949495	-17.969696969697
			12.5050505050505	-17.979797979798
			12.5050505050505	-17.989898989899
			12.5050505050505	-18
			12.5151515151515	-18.010101010101
			12.5151515151515	-18.020202020202
			12.5151515151515	-18.030303030303
			12.5151515151515	-18.040404040404
			12.5252525252525	-18.0505050505051
			12.5252525252525	-18.0606060606061
			12.5252525252525	-18.0707070707071
			12.5252525252525	-18.0808080808081
			12.5353535353535	-18.0909090909091
			12.5353535353535	-18.1010101010101
			12.5353535353535	-18.1111111111111
			12.5454545454545	-18.1212121212121
			12.5454545454545	-18.1313131313131
			12.5454545454545	-18.1414141414141
			12.5454545454545	-18.1515151515152
			12.5454545454545	-18.1616161616162
			12.5555555555556	-18.1717171717172
			12.5555555555556	-18.1818181818182
			12.5555555555556	-18.1919191919192
			12.5555555555556	-18.2020202020202
			12.5656565656566	-18.2121212121212
			12.5656565656566	-18.2222222222222
			12.5656565656566	-18.2323232323232
			12.5656565656566	-18.2424242424242
			12.5656565656566	-18.2525252525253
			12.5757575757576	-18.2626262626263
			12.5757575757576	-18.2727272727273
			12.5757575757576	-18.2828282828283
			12.5757575757576	-18.2929292929293
			12.5757575757576	-18.3030303030303
			12.5858585858586	-18.3131313131313
			12.5858585858586	-18.3232323232323
			12.5858585858586	-18.3333333333333
			12.5858585858586	-18.3434343434343
			12.5858585858586	-18.3535353535354
			12.5858585858586	-18.3636363636364
			12.5858585858586	-18.3737373737374
			12.5858585858586	-18.3838383838384
			12.5858585858586	-18.3939393939394
			12.5858585858586	-18.4040404040404
			12.5858585858586	-18.4141414141414
			12.5858585858586	-18.4242424242424
			12.5858585858586	-18.4343434343434
			12.5858585858586	-18.4444444444444
			12.5858585858586	-18.4545454545455
			12.5858585858586	-18.4646464646465
			12.5858585858586	-18.4747474747475
			12.5858585858586	-18.4848484848485
			12.5757575757576	-18.4949494949495
			12.5757575757576	-18.5050505050505
			12.5757575757576	-18.5151515151515
			12.5757575757576	-18.5252525252525
			12.5757575757576	-18.5353535353535
			12.5757575757576	-18.5454545454545
			12.5757575757576	-18.5555555555556
			12.5757575757576	-18.5656565656566
		</Outline3>
		<Outline4 type=matrix rownames=FALSE colnames=FALSE nrow=165 ncol=2 as.numeric=TRUE >
			12.5757575757576	-18.5656565656566
			12.5757575757576	-18.5757575757576
			12.5656565656566	-18.5858585858586
			12.5656565656566	-18.5959595959596
			12.5555555555556	-18.6060606060606
			12.5555555555556	-18.6161616161616
			12.5555555555556	-18.6262626262626
			12.5454545454545	-18.6363636363636
			12.5454545454545	-18.6464646464646
			12.5353535353535	-18.6565656565657
			12.5353535353535	-18.6666666666667
			12.5252525252525	-18.6767676767677
			12.5252525252525	-18.6868686868687
			12.5151515151515	-18.6969696969697
			12.5151515151515	-18.7070707070707
			12.5151515151515	-18.7171717171717
			12.5050505050505	-18.7272727272727
			12.5050505050505	-18.7373737373737
			12.4949494949495	-18.7474747474747
			12.4949494949495	-18.7575757575758
			12.4949494949495	-18.7676767676768
			12.4848484848485	-18.7676767676768
			12.4848484848485	-18.7777777777778
			12.4747474747475	-18.7878787878788
			12.4747474747475	-18.7979797979798
			12.4646464646465	-18.8080808080808
			12.4646464646465	-18.8181818181818
			12.4646464646465	-18.8282828282828
			12.4545454545455	-18.8383838383838
			12.4444444444444	-18.8484848484849
			12.4444444444444	-18.8585858585859
			12.4343434343434	-18.8686868686869
			12.4242424242424	-18.8787878787879
			12.4242424242424	-18.8888888888889
			12.4141414141414	-18.8989898989899
			12.4141414141414	-18.9090909090909
			12.4040404040404	-18.9191919191919
			12.3939393939394	-18.9292929292929
			12.3939393939394	-18.9393939393939
			12.3838383838384	-18.949494949495
			12.3838383838384	-18.959595959596
			12.3737373737374	-18.969696969697
			12.3737373737374	-18.979797979798
			12.3636363636364	-18.989898989899
			12.3535353535354	-19
			12.3434343434343	-19.010101010101
			12.3434343434343	-19.020202020202
			12.3333333333333	-19.030303030303
			12.3333333333333	-19.040404040404
			12.3232323232323	-19.0505050505051
			12.3232323232323	-19.0606060606061
			12.3131313131313	-19.0606060606061
			12.3131313131313	-19.0707070707071
			12.3030303030303	-19.0808080808081
			12.3030303030303	-19.0909090909091
			12.2929292929293	-19.0909090909091
			12.2929292929293	-19.1010101010101
			12.2828282828283	-19.1111111111111
			12.2828282828283	-19.1212121212121
			12.2727272727273	-19.1212121212121
			12.2727272727273	-19.1313131313131
			12.2626262626263	-19.1414141414141
			12.2525252525253	-19.1515151515152
			12.2424242424242	-19.1616161616162
			12.2424242424242	-19.1717171717172
			12.2323232323232	-19.1818181818182
			12.2222222222222	-19.1919191919192
			12.2222222222222	-19.2020202020202
			12.2121212121212	-19.2121212121212
			12.2020202020202	-19.2222222222222
			12.1919191919192	-19.2323232323232
			12.1919191919192	-19.2424242424242
			12.1818181818182	-19.2525252525253
			12.1818181818182	-19.2626262626263
			12.1717171717172	-19.2626262626263
			12.1717171717172	-19.2727272727273
			12.1616161616162	-19.2828282828283
			12.1616161616162	-19.2929292929293
			12.1515151515152	-19.3030303030303
			12.1515151515152	-19.3131313131313
			12.1414141414141	-19.3232323232323
			12.1414141414141	-19.3333333333333
			12.1313131313131	-19.3333333333333
			12.1313131313131	-19.3434343434343
			12.1212121212121	-19.3535353535354
			12.1111111111111	-19.3636363636364
			12.1010101010101	-19.3737373737374
			12.1010101010101	-19.3838383838384
			12.0909090909091	-19.3939393939394
			12.0808080808081	-19.4040404040404
			12.0707070707071	-19.4040404040404
			12.0707070707071	-19.4141414141414
			12.0606060606061	-19.4242424242424
			12.0505050505051	-19.4343434343434
			12.040404040404	-19.4444444444444
			12.030303030303	-19.4545454545455
			12.020202020202	-19.4646464646465
			12.010101010101	-19.4747474747475
			12	-19.4848484848485
			11.989898989899	-19.4949494949495
			11.979797979798	-19.4949494949495
			11.969696969697	-19.5050505050505
			11.959595959596	-19.5151515151515
			11.9494949494949	-19.5252525252525
			11.9494949494949	-19.5353535353535
			11.9393939393939	-19.5353535353535
			11.9292929292929	-19.5454545454545
			11.9191919191919	-19.5555555555556
			11.9090909090909	-19.5656565656566
			11.8989898989899	-19.5656565656566
			11.8888888888889	-19.5757575757576
			11.8787878787879	-19.5757575757576
			11.8787878787879	-19.5858585858586
			11.8686868686869	-19.5858585858586
			11.8585858585859	-19.5858585858586
			11.8484848484848	-19.5959595959596
			11.8383838383838	-19.5959595959596
			11.8282828282828	-19.5959595959596
			11.8181818181818	-19.6060606060606
			11.8080808080808	-19.6060606060606
			11.7979797979798	-19.6060606060606
			11.7878787878788	-19.6060606060606
			11.7777777777778	-19.6060606060606
			11.7676767676768	-19.6060606060606
			11.7575757575758	-19.6161616161616
			11.7474747474747	-19.6161616161616
			11.7373737373737	-19.6161616161616
			11.7272727272727	-19.6161616161616
			11.7171717171717	-19.6161616161616
			11.7070707070707	-19.6060606060606
			11.6969696969697	-19.6060606060606
			11.6868686868687	-19.6060606060606
			11.6767676767677	-19.6060606060606
			11.6666666666667	-19.6060606060606
			11.6565656565657	-19.6060606060606
			11.6565656565657	-19.5959595959596
			11.6464646464646	-19.5959595959596
			11.6363636363636	-19.5959595959596
			11.6262626262626	-19.5858585858586
			11.6161616161616	-19.5858585858586
			11.6060606060606	-19.5757575757576
			11.5959595959596	-19.5757575757576
			11.5858585858586	-19.5656565656566
			11.5757575757576	-19.5656565656566
			11.5656565656566	-19.5555555555556
			11.5555555555556	-19.5555555555556
			11.5454545454545	-19.5454545454545
			11.5353535353535	-19.5454545454545
			11.5353535353535	-19.5353535353535
			11.5252525252525	-19.5353535353535
			11.5151515151515	-19.5252525252525
			11.5050505050505	-19.5252525252525
			11.4949494949495	-19.5151515151515
			11.4848484848485	-19.5151515151515
			11.4747474747475	-19.5050505050505
			11.4646464646465	-19.5050505050505
			11.4646464646465	-19.4949494949495
			11.4545454545455	-19.4848484848485
			11.4444444444444	-19.4848484848485
			11.4343434343434	-19.4747474747475
			11.4242424242424	-19.4747474747475
			11.4242424242424	-19.4646464646465
			11.4141414141414	-19.4545454545455
			11.4040404040404	-19.4545454545455
			11.3939393939394	-19.4444444444444
		</Outline4>
	</curves.scaled>
	<ruler.points type=matrix rownames=TRUE colnames=FALSE nrow=2 ncol=2 as.numeric=TRUE >
		Ruler point 1	943	552
		Ruler point 2	1240	552
	</ruler.points>
</shapes>

