<shapes type=list>
	<ruler.pixel type=vector names=FALSE length=1 as.numeric=TRUE >167.011975618517</ruler.pixel>
	<ruler.interval type=vector names=FALSE length=1 as.numeric=TRUE >2</ruler.interval>
	<scaling.units type=vector names=FALSE length=1 as.numeric=FALSE >mm</scaling.units>
	<scaling type=vector names=FALSE length=1 as.numeric=TRUE >0.0119751891598979</scaling>
	<landmarks.pixel type=matrix rownames=TRUE colnames=FALSE nrow=4 ncol=2 as.numeric=TRUE >
		Labial	1157	2053
		Posterior	980	1876
		Lingual	1194	1751
		Anterior	1380	1924
	</landmarks.pixel>
	<landmarks.scaled type=matrix rownames=TRUE colnames=FALSE nrow=4 ncol=2 as.numeric=TRUE >
		Labial	13.8552938580019	-24.5850633452705
		Posterior	11.7356853767	-22.4654548639685
		Lingual	14.2983758569181	-20.9685562189813
		Anterior	16.5257610406592	-23.0402639436436
	</landmarks.scaled>
	<curves.control type=list>
		<Outline1 type=matrix rownames=FALSE colnames=FALSE nrow=21 ncol=2 as.numeric=TRUE >
			1157	2053
			1140	2058
			1118	2066
			1099	2072
			1077	2077
			1055	2082
			1036	2083
			1018	2082
			1002	2076
			989	2067
			978	2054
			971	2039
			969	2021
			967	1999
			968	1978
			968	1958
			970	1938
			974	1922
			977	1914
			980	1899
			980	1876
		</Outline1>
		<Outline2 type=matrix rownames=FALSE colnames=FALSE nrow=17 ncol=2 as.numeric=TRUE >
			980	1876
			984	1859
			991	1838
			999	1819
			1009	1798
			1019	1782
			1032	1765
			1045	1753
			1064	1742
			1080	1735
			1100	1730
			1116	1727
			1128	1727
			1143	1730
			1156	1736
			1174	1742
			1194	1751
		</Outline2>
		<Outline3 type=matrix rownames=FALSE colnames=FALSE nrow=15 ncol=2 as.numeric=TRUE >
			1194	1751
			1219	1758
			1243	1766
			1271	1773
			1288	1780
			1305	1788
			1324	1798
			1340	1808
			1354	1826
			1362	1842
			1372	1862
			1377	1879
			1378	1893
			1379	1909
			1380	1924
		</Outline3>
		<Outline4 type=matrix rownames=FALSE colnames=FALSE nrow=15 ncol=2 as.numeric=TRUE >
			1380	1924
			1376	1940
			1370	1959
			1361	1976
			1346	1992
			1329	2005
			1311	2018
			1296	2026
			1280	2034
			1265	2040
			1246	2046
			1232	2048
			1216	2047
			1198	2047
			1157	2053
		</Outline4>
	</curves.control>
	<curves.pixel type=list>
		<Outline1 type=matrix rownames=FALSE colnames=FALSE nrow=366 ncol=2 as.numeric=TRUE >
			1157	2053
			1156	2053
			1155	2054
			1154	2054
			1153	2054
			1152	2054
			1151	2055
			1150	2055
			1149	2055
			1149	2056
			1148	2056
			1147	2056
			1146	2057
			1145	2057
			1144	2057
			1143	2058
			1142	2058
			1141	2058
			1140	2058
			1139	2059
			1138	2059
			1137	2059
			1136	2060
			1135	2060
			1134	2060
			1133	2061
			1132	2061
			1131	2061
			1130	2062
			1129	2062
			1128	2062
			1127	2063
			1126	2063
			1125	2063
			1124	2064
			1123	2064
			1122	2064
			1121	2065
			1120	2065
			1119	2066
			1118	2066
			1117	2066
			1116	2067
			1115	2067
			1114	2067
			1113	2068
			1112	2068
			1111	2068
			1110	2069
			1109	2069
			1108	2069
			1107	2069
			1106	2069
			1106	2070
			1105	2070
			1104	2070
			1103	2070
			1102	2071
			1101	2071
			1100	2071
			1099	2072
			1098	2072
			1097	2072
			1096	2072
			1095	2073
			1094	2073
			1093	2073
			1092	2073
			1091	2074
			1090	2074
			1089	2074
			1088	2074
			1087	2075
			1086	2075
			1085	2075
			1084	2075
			1083	2076
			1082	2076
			1081	2076
			1080	2076
			1079	2077
			1078	2077
			1077	2077
			1076	2077
			1075	2078
			1074	2078
			1073	2078
			1072	2078
			1071	2078
			1070	2079
			1069	2079
			1068	2079
			1067	2079
			1066	2079
			1065	2079
			1064	2080
			1063	2080
			1062	2080
			1061	2080
			1060	2080
			1059	2081
			1058	2081
			1057	2081
			1056	2081
			1055	2081
			1054	2081
			1053	2081
			1052	2082
			1051	2082
			1050	2082
			1049	2082
			1048	2082
			1047	2082
			1046	2082
			1045	2082
			1044	2082
			1043	2083
			1042	2083
			1041	2083
			1040	2083
			1039	2083
			1038	2083
			1037	2083
			1036	2083
			1035	2083
			1034	2083
			1033	2083
			1032	2083
			1031	2083
			1030	2082
			1029	2082
			1028	2082
			1027	2082
			1026	2082
			1025	2082
			1024	2082
			1023	2082
			1022	2081
			1021	2081
			1020	2081
			1019	2081
			1018	2081
			1017	2080
			1016	2080
			1015	2080
			1014	2080
			1013	2080
			1013	2079
			1012	2079
			1011	2079
			1010	2079
			1009	2078
			1008	2078
			1007	2078
			1006	2077
			1005	2077
			1004	2077
			1003	2076
			1002	2076
			1001	2075
			1000	2075
			999	2074
			998	2073
			997	2072
			996	2072
			995	2071
			994	2070
			993	2069
			992	2069
			991	2068
			991	2067
			990	2066
			989	2065
			988	2064
			987	2064
			986	2063
			985	2062
			984	2061
			984	2060
			983	2059
			982	2058
			981	2057
			980	2056
			979	2056
			978	2055
			978	2054
			977	2053
			977	2052
			977	2051
			976	2050
			976	2049
			976	2048
			975	2048
			975	2047
			975	2046
			974	2045
			974	2044
			974	2043
			973	2042
			973	2041
			973	2040
			972	2039
			972	2038
			972	2037
			972	2036
			971	2035
			971	2034
			971	2033
			971	2032
			971	2031
			970	2031
			970	2030
			970	2029
			970	2028
			970	2027
			970	2026
			969	2025
			969	2024
			969	2023
			969	2022
			969	2021
			969	2020
			969	2019
			969	2018
			969	2017
			969	2016
			969	2015
			968	2014
			968	2013
			968	2012
			968	2011
			968	2010
			968	2009
			968	2008
			968	2007
			968	2006
			968	2005
			968	2004
			968	2003
			968	2002
			968	2001
			968	2000
			968	1999
			968	1998
			968	1997
			968	1996
			968	1995
			968	1994
			968	1993
			968	1992
			968	1991
			968	1990
			968	1989
			968	1988
			968	1987
			968	1986
			968	1985
			968	1984
			968	1983
			968	1982
			968	1981
			968	1980
			968	1979
			968	1978
			968	1977
			968	1976
			968	1975
			968	1974
			968	1973
			968	1972
			968	1971
			968	1970
			968	1969
			968	1968
			968	1967
			968	1966
			968	1965
			968	1964
			968	1963
			968	1962
			968	1961
			968	1960
			968	1959
			968	1958
			969	1957
			969	1956
			969	1955
			969	1954
			969	1953
			969	1952
			969	1951
			969	1950
			969	1949
			969	1948
			969	1947
			969	1946
			969	1945
			969	1944
			970	1943
			970	1942
			970	1941
			970	1940
			970	1939
			970	1938
			970	1937
			971	1936
			971	1935
			971	1934
			971	1933
			972	1932
			972	1931
			972	1930
			972	1929
			973	1928
			973	1927
			973	1926
			974	1925
			974	1924
			974	1923
			974	1922
			975	1921
			975	1920
			975	1919
			976	1918
			976	1917
			976	1916
			977	1915
			977	1914
			977	1913
			977	1912
			978	1911
			978	1910
			978	1909
			978	1908
			978	1907
			978	1906
			978	1905
			979	1904
			979	1903
			979	1902
			979	1901
			979	1900
			979	1899
			979	1898
			979	1897
			979	1896
			979	1895
			979	1894
			980	1893
			980	1892
			980	1891
			980	1890
			980	1889
			980	1888
			980	1887
			980	1886
			980	1885
			980	1884
			980	1883
			980	1882
			980	1881
			980	1880
			980	1879
			980	1878
			980	1877
			980	1876
		</Outline1>
		<Outline2 type=matrix rownames=FALSE colnames=FALSE nrow=285 ncol=2 as.numeric=TRUE >
			980	1876
			980	1875
			980	1874
			981	1873
			981	1872
			981	1871
			981	1870
			982	1870
			982	1869
			982	1868
			982	1867
			983	1866
			983	1865
			983	1864
			983	1863
			984	1862
			984	1861
			984	1860
			985	1859
			985	1858
			985	1857
			985	1856
			986	1855
			986	1854
			986	1853
			987	1852
			987	1851
			987	1850
			987	1849
			988	1848
			988	1847
			988	1846
			989	1845
			989	1844
			989	1843
			990	1842
			990	1841
			990	1840
			991	1839
			991	1838
			991	1837
			992	1836
			992	1835
			993	1834
			993	1833
			994	1832
			994	1831
			994	1830
			995	1830
			995	1829
			995	1828
			996	1827
			996	1826
			997	1825
			997	1824
			997	1823
			998	1823
			998	1822
			998	1821
			999	1820
			999	1819
			1000	1818
			1000	1817
			1001	1816
			1001	1815
			1002	1814
			1002	1813
			1002	1812
			1003	1811
			1003	1810
			1004	1809
			1004	1808
			1005	1807
			1005	1806
			1006	1805
			1006	1804
			1007	1803
			1007	1802
			1007	1801
			1008	1800
			1008	1799
			1009	1798
			1009	1797
			1010	1797
			1010	1796
			1011	1795
			1011	1794
			1012	1794
			1012	1793
			1013	1792
			1013	1791
			1014	1790
			1015	1789
			1016	1788
			1016	1787
			1017	1786
			1017	1785
			1018	1784
			1019	1783
			1019	1782
			1020	1781
			1021	1780
			1021	1779
			1022	1779
			1023	1778
			1023	1777
			1024	1776
			1025	1775
			1025	1774
			1026	1773
			1027	1772
			1028	1771
			1028	1770
			1029	1769
			1030	1768
			1031	1767
			1031	1766
			1032	1765
			1033	1764
			1034	1764
			1034	1763
			1035	1762
			1036	1762
			1037	1761
			1037	1760
			1038	1760
			1039	1759
			1040	1758
			1041	1758
			1042	1757
			1043	1756
			1044	1755
			1045	1754
			1046	1753
			1047	1753
			1048	1752
			1049	1751
			1050	1751
			1051	1750
			1052	1750
			1052	1749
			1053	1749
			1054	1748
			1055	1747
			1056	1747
			1057	1746
			1058	1746
			1059	1745
			1060	1744
			1061	1744
			1062	1743
			1063	1743
			1064	1742
			1065	1742
			1066	1741
			1067	1741
			1068	1740
			1069	1740
			1070	1740
			1071	1739
			1072	1739
			1073	1738
			1074	1738
			1075	1737
			1076	1737
			1077	1737
			1078	1737
			1079	1736
			1080	1736
			1081	1736
			1082	1735
			1083	1735
			1084	1734
			1085	1734
			1086	1734
			1087	1734
			1088	1733
			1089	1733
			1090	1733
			1091	1732
			1092	1732
			1093	1732
			1094	1731
			1095	1731
			1096	1731
			1097	1731
			1098	1730
			1099	1730
			1100	1730
			1101	1730
			1102	1730
			1103	1729
			1104	1729
			1105	1729
			1106	1729
			1107	1729
			1108	1729
			1109	1729
			1110	1728
			1111	1728
			1112	1728
			1113	1728
			1114	1728
			1115	1728
			1116	1728
			1117	1728
			1118	1727
			1119	1727
			1120	1727
			1121	1727
			1122	1727
			1123	1727
			1124	1727
			1125	1727
			1126	1727
			1127	1727
			1128	1727
			1129	1727
			1130	1727
			1131	1728
			1132	1728
			1133	1728
			1134	1728
			1135	1729
			1136	1729
			1137	1729
			1138	1729
			1139	1730
			1140	1730
			1141	1730
			1142	1731
			1143	1731
			1144	1731
			1145	1732
			1146	1732
			1147	1732
			1148	1733
			1149	1733
			1150	1733
			1151	1734
			1152	1734
			1153	1735
			1154	1735
			1155	1735
			1155	1736
			1156	1736
			1157	1736
			1158	1737
			1159	1737
			1160	1737
			1161	1738
			1162	1738
			1163	1739
			1164	1739
			1165	1739
			1166	1740
			1167	1740
			1168	1740
			1169	1741
			1170	1741
			1171	1741
			1171	1742
			1172	1742
			1173	1742
			1174	1743
			1175	1743
			1176	1743
			1177	1744
			1178	1744
			1179	1745
			1180	1745
			1181	1745
			1182	1746
			1183	1746
			1184	1747
			1185	1747
			1186	1748
			1187	1748
			1188	1748
			1189	1749
			1190	1749
			1191	1750
			1192	1750
			1193	1751
			1194	1751
		</Outline2>
		<Outline3 type=matrix rownames=FALSE colnames=FALSE nrow=267 ncol=2 as.numeric=TRUE >
			1194	1751
			1195	1751
			1196	1752
			1197	1752
			1198	1752
			1199	1752
			1199	1753
			1200	1753
			1201	1753
			1202	1753
			1203	1754
			1204	1754
			1205	1754
			1206	1754
			1207	1755
			1208	1755
			1209	1755
			1210	1756
			1211	1756
			1212	1756
			1213	1757
			1214	1757
			1215	1757
			1216	1757
			1217	1758
			1218	1758
			1219	1758
			1220	1759
			1221	1759
			1222	1759
			1223	1759
			1224	1760
			1225	1760
			1226	1761
			1227	1761
			1228	1761
			1229	1761
			1230	1762
			1231	1762
			1232	1763
			1233	1763
			1234	1763
			1235	1763
			1235	1764
			1236	1764
			1237	1764
			1238	1764
			1239	1765
			1240	1765
			1241	1765
			1242	1766
			1243	1766
			1244	1766
			1245	1766
			1246	1767
			1247	1767
			1248	1767
			1249	1768
			1250	1768
			1251	1768
			1252	1768
			1253	1769
			1254	1769
			1255	1769
			1256	1769
			1257	1770
			1258	1770
			1259	1770
			1260	1771
			1261	1771
			1262	1771
			1263	1771
			1264	1772
			1265	1772
			1266	1772
			1267	1773
			1268	1773
			1269	1773
			1270	1774
			1271	1774
			1272	1774
			1273	1775
			1274	1775
			1275	1775
			1276	1776
			1277	1776
			1278	1776
			1279	1777
			1280	1777
			1281	1777
			1282	1778
			1283	1778
			1284	1778
			1285	1779
			1286	1779
			1287	1780
			1288	1780
			1289	1781
			1290	1781
			1291	1781
			1292	1782
			1293	1782
			1294	1783
			1295	1783
			1296	1784
			1297	1784
			1298	1785
			1299	1785
			1300	1786
			1301	1786
			1302	1787
			1303	1787
			1304	1788
			1305	1788
			1306	1789
			1307	1789
			1308	1790
			1309	1790
			1310	1791
			1311	1792
			1312	1792
			1313	1792
			1314	1793
			1315	1793
			1316	1794
			1317	1794
			1318	1795
			1319	1795
			1320	1796
			1321	1796
			1322	1797
			1323	1797
			1324	1798
			1325	1798
			1325	1799
			1326	1799
			1327	1800
			1328	1800
			1329	1801
			1329	1802
			1330	1802
			1331	1803
			1332	1803
			1332	1804
			1333	1804
			1334	1805
			1335	1806
			1336	1807
			1337	1808
			1338	1809
			1339	1809
			1340	1810
			1341	1811
			1341	1812
			1342	1813
			1343	1814
			1344	1815
			1345	1815
			1346	1816
			1347	1817
			1348	1818
			1348	1819
			1349	1820
			1350	1821
			1351	1822
			1352	1823
			1353	1824
			1353	1825
			1354	1826
			1355	1827
			1355	1828
			1356	1829
			1356	1830
			1357	1831
			1357	1832
			1358	1833
			1358	1834
			1359	1835
			1359	1836
			1360	1837
			1360	1838
			1361	1839
			1361	1840
			1362	1841
			1362	1842
			1363	1843
			1363	1844
			1364	1845
			1364	1846
			1365	1847
			1365	1848
			1365	1849
			1366	1850
			1367	1851
			1367	1852
			1368	1853
			1368	1854
			1369	1855
			1369	1856
			1370	1857
			1370	1858
			1371	1859
			1371	1860
			1372	1861
			1372	1862
			1372	1863
			1373	1864
			1373	1865
			1373	1866
			1373	1867
			1374	1868
			1374	1869
			1374	1870
			1374	1871
			1375	1872
			1375	1873
			1375	1874
			1375	1875
			1376	1876
			1376	1877
			1376	1878
			1376	1879
			1376	1880
			1376	1881
			1377	1882
			1377	1883
			1377	1884
			1377	1885
			1377	1886
			1377	1887
			1378	1888
			1378	1889
			1378	1890
			1378	1891
			1378	1892
			1378	1893
			1378	1894
			1378	1895
			1378	1896
			1378	1897
			1378	1898
			1378	1899
			1378	1900
			1379	1901
			1379	1902
			1379	1903
			1379	1904
			1379	1905
			1379	1906
			1379	1907
			1379	1908
			1379	1909
			1379	1910
			1379	1911
			1379	1912
			1379	1913
			1379	1914
			1379	1915
			1379	1916
			1380	1917
			1380	1918
			1380	1919
			1380	1920
			1380	1921
			1380	1922
			1380	1923
			1380	1924
		</Outline3>
		<Outline4 type=matrix rownames=FALSE colnames=FALSE nrow=269 ncol=2 as.numeric=TRUE >
			1380	1924
			1380	1925
			1380	1926
			1379	1926
			1379	1927
			1379	1928
			1379	1929
			1379	1930
			1378	1930
			1378	1931
			1378	1932
			1378	1933
			1377	1934
			1377	1935
			1377	1936
			1376	1937
			1376	1938
			1376	1939
			1376	1940
			1375	1941
			1375	1942
			1375	1943
			1375	1944
			1374	1945
			1374	1946
			1374	1947
			1373	1948
			1373	1949
			1373	1950
			1372	1951
			1372	1952
			1372	1953
			1372	1954
			1371	1955
			1371	1956
			1371	1957
			1370	1958
			1370	1959
			1370	1960
			1369	1961
			1369	1962
			1368	1962
			1368	1963
			1367	1964
			1367	1965
			1366	1966
			1366	1967
			1365	1968
			1364	1969
			1363	1970
			1363	1971
			1362	1972
			1361	1973
			1360	1974
			1360	1975
			1359	1976
			1358	1977
			1357	1978
			1357	1979
			1356	1980
			1355	1981
			1354	1982
			1354	1983
			1353	1984
			1352	1985
			1351	1986
			1350	1987
			1350	1988
			1349	1989
			1348	1989
			1348	1990
			1347	1991
			1346	1992
			1345	1993
			1344	1994
			1343	1994
			1342	1995
			1341	1996
			1340	1996
			1339	1997
			1338	1998
			1337	1999
			1336	2000
			1335	2000
			1334	2001
			1333	2002
			1332	2003
			1331	2004
			1330	2004
			1329	2005
			1328	2005
			1327	2006
			1327	2007
			1326	2007
			1325	2008
			1324	2008
			1323	2009
			1323	2010
			1322	2010
			1321	2011
			1320	2011
			1319	2012
			1318	2013
			1317	2014
			1316	2014
			1315	2015
			1314	2016
			1313	2017
			1312	2017
			1311	2018
			1310	2018
			1309	2019
			1308	2019
			1308	2020
			1307	2020
			1306	2021
			1305	2021
			1304	2022
			1303	2022
			1302	2022
			1302	2023
			1301	2023
			1300	2024
			1299	2024
			1298	2025
			1297	2025
			1297	2026
			1296	2026
			1295	2026
			1294	2027
			1293	2027
			1292	2028
			1291	2028
			1290	2029
			1289	2030
			1288	2030
			1287	2031
			1286	2031
			1285	2032
			1284	2032
			1283	2032
			1283	2033
			1282	2033
			1281	2033
			1281	2034
			1280	2034
			1279	2034
			1278	2035
			1277	2035
			1276	2036
			1275	2036
			1274	2036
			1273	2037
			1272	2037
			1271	2038
			1270	2038
			1269	2038
			1268	2039
			1267	2039
			1266	2039
			1265	2040
			1264	2040
			1263	2040
			1262	2041
			1261	2041
			1260	2041
			1259	2042
			1258	2042
			1257	2042
			1256	2043
			1255	2043
			1254	2043
			1253	2044
			1252	2044
			1251	2044
			1250	2045
			1249	2045
			1248	2046
			1247	2046
			1246	2046
			1245	2046
			1244	2046
			1243	2046
			1242	2046
			1241	2047
			1240	2047
			1239	2047
			1238	2047
			1237	2047
			1236	2047
			1235	2047
			1234	2047
			1233	2047
			1232	2047
			1231	2047
			1230	2047
			1229	2047
			1228	2047
			1227	2047
			1226	2047
			1225	2047
			1224	2047
			1223	2047
			1222	2047
			1221	2047
			1220	2047
			1219	2047
			1218	2047
			1217	2047
			1216	2047
			1215	2047
			1214	2047
			1213	2047
			1212	2047
			1211	2047
			1210	2047
			1209	2047
			1208	2047
			1207	2047
			1206	2047
			1205	2047
			1204	2047
			1203	2048
			1202	2048
			1201	2048
			1200	2048
			1199	2048
			1198	2048
			1197	2048
			1196	2048
			1195	2048
			1194	2048
			1193	2048
			1192	2048
			1191	2049
			1190	2049
			1189	2049
			1188	2049
			1187	2049
			1186	2049
			1185	2049
			1184	2049
			1183	2050
			1182	2050
			1181	2050
			1180	2050
			1179	2050
			1178	2050
			1177	2050
			1176	2050
			1175	2051
			1174	2051
			1173	2051
			1172	2051
			1171	2051
			1170	2051
			1169	2051
			1168	2051
			1167	2052
			1166	2052
			1165	2052
			1164	2052
			1163	2052
			1162	2052
			1161	2052
			1160	2053
			1159	2053
			1158	2053
			1157	2053
		</Outline4>
	</curves.pixel>
	<curves.scaled type=list>
		<Outline1 type=matrix rownames=FALSE colnames=FALSE nrow=366 ncol=2 as.numeric=TRUE >
			13.8552938580019	-24.5850633452705
			13.843318668842	-24.5850633452705
			13.8313434796821	-24.5970385344304
			13.8193682905222	-24.5970385344304
			13.8073931013623	-24.5970385344304
			13.7954179122024	-24.5970385344304
			13.7834427230425	-24.6090137235903
			13.7714675338826	-24.6090137235903
			13.7594923447227	-24.6090137235903
			13.7594923447227	-24.6209889127502
			13.7475171555628	-24.6209889127502
			13.7355419664029	-24.6209889127502
			13.723566777243	-24.6329641019101
			13.7115915880831	-24.6329641019101
			13.6996163989232	-24.6329641019101
			13.6876412097633	-24.64493929107
			13.6756660206034	-24.64493929107
			13.6636908314436	-24.64493929107
			13.6517156422837	-24.64493929107
			13.6397404531238	-24.6569144802299
			13.6277652639639	-24.6569144802299
			13.615790074804	-24.6569144802299
			13.6038148856441	-24.6688896693898
			13.5918396964842	-24.6688896693898
			13.5798645073243	-24.6688896693898
			13.5678893181644	-24.6808648585497
			13.5559141290045	-24.6808648585497
			13.5439389398446	-24.6808648585497
			13.5319637506847	-24.6928400477096
			13.5199885615248	-24.6928400477096
			13.5080133723649	-24.6928400477096
			13.496038183205	-24.7048152368695
			13.4840629940451	-24.7048152368695
			13.4720878048852	-24.7048152368695
			13.4601126157253	-24.7167904260294
			13.4481374265654	-24.7167904260294
			13.4361622374055	-24.7167904260294
			13.4241870482456	-24.7287656151892
			13.4122118590857	-24.7287656151892
			13.4002366699258	-24.7407408043491
			13.3882614807659	-24.7407408043491
			13.376286291606	-24.7407408043491
			13.3643111024461	-24.752715993509
			13.3523359132862	-24.752715993509
			13.3403607241263	-24.752715993509
			13.3283855349664	-24.7646911826689
			13.3164103458065	-24.7646911826689
			13.3044351566466	-24.7646911826689
			13.2924599674867	-24.7766663718288
			13.2804847783268	-24.7766663718288
			13.2685095891669	-24.7766663718288
			13.256534400007	-24.7766663718288
			13.2445592108471	-24.7766663718288
			13.2445592108471	-24.7886415609887
			13.2325840216872	-24.7886415609887
			13.2206088325273	-24.7886415609887
			13.2086336433674	-24.7886415609887
			13.1966584542075	-24.8006167501486
			13.1846832650476	-24.8006167501486
			13.1727080758877	-24.8006167501486
			13.1607328867278	-24.8125919393085
			13.1487576975679	-24.8125919393085
			13.136782508408	-24.8125919393085
			13.1248073192481	-24.8125919393085
			13.1128321300882	-24.8245671284684
			13.1008569409283	-24.8245671284684
			13.0888817517684	-24.8245671284684
			13.0769065626086	-24.8245671284684
			13.0649313734487	-24.8365423176283
			13.0529561842888	-24.8365423176283
			13.0409809951289	-24.8365423176283
			13.029005805969	-24.8365423176283
			13.0170306168091	-24.8485175067882
			13.0050554276492	-24.8485175067882
			12.9930802384893	-24.8485175067882
			12.9811050493294	-24.8485175067882
			12.9691298601695	-24.8604926959481
			12.9571546710096	-24.8604926959481
			12.9451794818497	-24.8604926959481
			12.9332042926898	-24.8604926959481
			12.9212291035299	-24.872467885108
			12.90925391437	-24.872467885108
			12.8972787252101	-24.872467885108
			12.8853035360502	-24.872467885108
			12.8733283468903	-24.8844430742679
			12.8613531577304	-24.8844430742679
			12.8493779685705	-24.8844430742679
			12.8374027794106	-24.8844430742679
			12.8254275902507	-24.8844430742679
			12.8134524010908	-24.8964182634278
			12.8014772119309	-24.8964182634278
			12.789502022771	-24.8964182634278
			12.7775268336111	-24.8964182634278
			12.7655516444512	-24.8964182634278
			12.7535764552913	-24.8964182634278
			12.7416012661314	-24.9083934525877
			12.7296260769715	-24.9083934525877
			12.7176508878116	-24.9083934525877
			12.7056756986517	-24.9083934525877
			12.6937005094918	-24.9083934525877
			12.6817253203319	-24.9203686417476
			12.669750131172	-24.9203686417476
			12.6577749420121	-24.9203686417476
			12.6457997528522	-24.9203686417476
			12.6338245636923	-24.9203686417476
			12.6218493745324	-24.9203686417476
			12.6098741853725	-24.9203686417476
			12.5978989962126	-24.9323438309075
			12.5859238070527	-24.9323438309075
			12.5739486178928	-24.9323438309075
			12.5619734287329	-24.9323438309075
			12.549998239573	-24.9323438309075
			12.5380230504131	-24.9323438309075
			12.5260478612532	-24.9323438309075
			12.5140726720933	-24.9323438309075
			12.5020974829335	-24.9323438309075
			12.4901222937736	-24.9443190200674
			12.4781471046137	-24.9443190200674
			12.4661719154538	-24.9443190200674
			12.4541967262939	-24.9443190200674
			12.442221537134	-24.9443190200674
			12.4302463479741	-24.9443190200674
			12.4182711588142	-24.9443190200674
			12.4062959696543	-24.9443190200674
			12.3943207804944	-24.9443190200674
			12.3823455913345	-24.9443190200674
			12.3703704021746	-24.9443190200674
			12.3583952130147	-24.9443190200674
			12.3464200238548	-24.9443190200674
			12.3344448346949	-24.9323438309075
			12.322469645535	-24.9323438309075
			12.3104944563751	-24.9323438309075
			12.2985192672152	-24.9323438309075
			12.2865440780553	-24.9323438309075
			12.2745688888954	-24.9323438309075
			12.2625936997355	-24.9323438309075
			12.2506185105756	-24.9323438309075
			12.2386433214157	-24.9203686417476
			12.2266681322558	-24.9203686417476
			12.2146929430959	-24.9203686417476
			12.202717753936	-24.9203686417476
			12.1907425647761	-24.9203686417476
			12.1787673756162	-24.9083934525877
			12.1667921864563	-24.9083934525877
			12.1548169972964	-24.9083934525877
			12.1428418081365	-24.9083934525877
			12.1308666189766	-24.9083934525877
			12.1308666189766	-24.8964182634278
			12.1188914298167	-24.8964182634278
			12.1069162406568	-24.8964182634278
			12.0949410514969	-24.8964182634278
			12.082965862337	-24.8844430742679
			12.0709906731771	-24.8844430742679
			12.0590154840172	-24.8844430742679
			12.0470402948573	-24.872467885108
			12.0350651056974	-24.872467885108
			12.0230899165375	-24.872467885108
			12.0111147273776	-24.8604926959481
			11.9991395382177	-24.8604926959481
			11.9871643490578	-24.8485175067882
			11.9751891598979	-24.8485175067882
			11.963213970738	-24.8365423176283
			11.9512387815781	-24.8245671284684
			11.9392635924182	-24.8125919393085
			11.9272884032584	-24.8125919393085
			11.9153132140985	-24.8006167501486
			11.9033380249386	-24.7886415609887
			11.8913628357787	-24.7766663718288
			11.8793876466188	-24.7766663718288
			11.8674124574589	-24.7646911826689
			11.8674124574589	-24.752715993509
			11.855437268299	-24.7407408043491
			11.8434620791391	-24.7287656151892
			11.8314868899792	-24.7167904260294
			11.8195117008193	-24.7167904260294
			11.8075365116594	-24.7048152368695
			11.7955613224995	-24.6928400477096
			11.7835861333396	-24.6808648585497
			11.7835861333396	-24.6688896693898
			11.7716109441797	-24.6569144802299
			11.7596357550198	-24.64493929107
			11.7476605658599	-24.6329641019101
			11.7356853767	-24.6209889127502
			11.7237101875401	-24.6209889127502
			11.7117349983802	-24.6090137235903
			11.7117349983802	-24.5970385344304
			11.6997598092203	-24.5850633452705
			11.6997598092203	-24.5730881561106
			11.6997598092203	-24.5611129669507
			11.6877846200604	-24.5491377777908
			11.6877846200604	-24.5371625886309
			11.6877846200604	-24.525187399471
			11.6758094309005	-24.525187399471
			11.6758094309005	-24.5132122103111
			11.6758094309005	-24.5012370211512
			11.6638342417406	-24.4892618319913
			11.6638342417406	-24.4772866428314
			11.6638342417406	-24.4653114536715
			11.6518590525807	-24.4533362645116
			11.6518590525807	-24.4413610753517
			11.6518590525807	-24.4293858861918
			11.6398838634208	-24.4174106970319
			11.6398838634208	-24.405435507872
			11.6398838634208	-24.3934603187121
			11.6398838634208	-24.3814851295522
			11.6279086742609	-24.3695099403923
			11.6279086742609	-24.3575347512324
			11.6279086742609	-24.3455595620725
			11.6279086742609	-24.3335843729126
			11.6279086742609	-24.3216091837527
			11.615933485101	-24.3216091837527
			11.615933485101	-24.3096339945928
			11.615933485101	-24.2976588054329
			11.615933485101	-24.285683616273
			11.615933485101	-24.2737084271131
			11.615933485101	-24.2617332379532
			11.6039582959411	-24.2497580487933
			11.6039582959411	-24.2377828596334
			11.6039582959411	-24.2258076704735
			11.6039582959411	-24.2138324813136
			11.6039582959411	-24.2018572921537
			11.6039582959411	-24.1898821029938
			11.6039582959411	-24.1779069138339
			11.6039582959411	-24.165931724674
			11.6039582959411	-24.1539565355141
			11.6039582959411	-24.1419813463542
			11.6039582959411	-24.1300061571944
			11.5919831067812	-24.1180309680345
			11.5919831067812	-24.1060557788746
			11.5919831067812	-24.0940805897147
			11.5919831067812	-24.0821054005548
			11.5919831067812	-24.0701302113949
			11.5919831067812	-24.058155022235
			11.5919831067812	-24.0461798330751
			11.5919831067812	-24.0342046439152
			11.5919831067812	-24.0222294547553
			11.5919831067812	-24.0102542655954
			11.5919831067812	-23.9982790764355
			11.5919831067812	-23.9863038872756
			11.5919831067812	-23.9743286981157
			11.5919831067812	-23.9623535089558
			11.5919831067812	-23.9503783197959
			11.5919831067812	-23.938403130636
			11.5919831067812	-23.9264279414761
			11.5919831067812	-23.9144527523162
			11.5919831067812	-23.9024775631563
			11.5919831067812	-23.8905023739964
			11.5919831067812	-23.8785271848365
			11.5919831067812	-23.8665519956766
			11.5919831067812	-23.8545768065167
			11.5919831067812	-23.8426016173568
			11.5919831067812	-23.8306264281969
			11.5919831067812	-23.818651239037
			11.5919831067812	-23.8066760498771
			11.5919831067812	-23.7947008607172
			11.5919831067812	-23.7827256715573
			11.5919831067812	-23.7707504823974
			11.5919831067812	-23.7587752932375
			11.5919831067812	-23.7468001040776
			11.5919831067812	-23.7348249149177
			11.5919831067812	-23.7228497257578
			11.5919831067812	-23.7108745365979
			11.5919831067812	-23.698899347438
			11.5919831067812	-23.6869241582781
			11.5919831067812	-23.6749489691182
			11.5919831067812	-23.6629737799583
			11.5919831067812	-23.6509985907984
			11.5919831067812	-23.6390234016385
			11.5919831067812	-23.6270482124786
			11.5919831067812	-23.6150730233187
			11.5919831067812	-23.6030978341588
			11.5919831067812	-23.5911226449989
			11.5919831067812	-23.579147455839
			11.5919831067812	-23.5671722666791
			11.5919831067812	-23.5551970775192
			11.5919831067812	-23.5432218883594
			11.5919831067812	-23.5312466991995
			11.5919831067812	-23.5192715100396
			11.5919831067812	-23.5072963208797
			11.5919831067812	-23.4953211317198
			11.5919831067812	-23.4833459425599
			11.5919831067812	-23.4713707534
			11.5919831067812	-23.4593955642401
			11.5919831067812	-23.4474203750802
			11.6039582959411	-23.4354451859203
			11.6039582959411	-23.4234699967604
			11.6039582959411	-23.4114948076005
			11.6039582959411	-23.3995196184406
			11.6039582959411	-23.3875444292807
			11.6039582959411	-23.3755692401208
			11.6039582959411	-23.3635940509609
			11.6039582959411	-23.351618861801
			11.6039582959411	-23.3396436726411
			11.6039582959411	-23.3276684834812
			11.6039582959411	-23.3156932943213
			11.6039582959411	-23.3037181051614
			11.6039582959411	-23.2917429160015
			11.6039582959411	-23.2797677268416
			11.615933485101	-23.2677925376817
			11.615933485101	-23.2558173485218
			11.615933485101	-23.2438421593619
			11.615933485101	-23.231866970202
			11.615933485101	-23.2198917810421
			11.615933485101	-23.2079165918822
			11.615933485101	-23.1959414027223
			11.6279086742609	-23.1839662135624
			11.6279086742609	-23.1719910244025
			11.6279086742609	-23.1600158352426
			11.6279086742609	-23.1480406460827
			11.6398838634208	-23.1360654569228
			11.6398838634208	-23.1240902677629
			11.6398838634208	-23.112115078603
			11.6398838634208	-23.1001398894431
			11.6518590525807	-23.0881647002832
			11.6518590525807	-23.0761895111233
			11.6518590525807	-23.0642143219634
			11.6638342417406	-23.0522391328035
			11.6638342417406	-23.0402639436436
			11.6638342417406	-23.0282887544837
			11.6638342417406	-23.0163135653238
			11.6758094309005	-23.0043383761639
			11.6758094309005	-22.992363187004
			11.6758094309005	-22.9803879978441
			11.6877846200604	-22.9684128086842
			11.6877846200604	-22.9564376195244
			11.6877846200604	-22.9444624303645
			11.6997598092203	-22.9324872412046
			11.6997598092203	-22.9205120520447
			11.6997598092203	-22.9085368628848
			11.6997598092203	-22.8965616737249
			11.7117349983802	-22.884586484565
			11.7117349983802	-22.8726112954051
			11.7117349983802	-22.8606361062452
			11.7117349983802	-22.8486609170853
			11.7117349983802	-22.8366857279254
			11.7117349983802	-22.8247105387655
			11.7117349983802	-22.8127353496056
			11.7237101875401	-22.8007601604457
			11.7237101875401	-22.7887849712858
			11.7237101875401	-22.7768097821259
			11.7237101875401	-22.764834592966
			11.7237101875401	-22.7528594038061
			11.7237101875401	-22.7408842146462
			11.7237101875401	-22.7289090254863
			11.7237101875401	-22.7169338363264
			11.7237101875401	-22.7049586471665
			11.7237101875401	-22.6929834580066
			11.7237101875401	-22.6810082688467
			11.7356853767	-22.6690330796868
			11.7356853767	-22.6570578905269
			11.7356853767	-22.645082701367
			11.7356853767	-22.6331075122071
			11.7356853767	-22.6211323230472
			11.7356853767	-22.6091571338873
			11.7356853767	-22.5971819447274
			11.7356853767	-22.5852067555675
			11.7356853767	-22.5732315664076
			11.7356853767	-22.5612563772477
			11.7356853767	-22.5492811880878
			11.7356853767	-22.5373059989279
			11.7356853767	-22.525330809768
			11.7356853767	-22.5133556206081
			11.7356853767	-22.5013804314482
			11.7356853767	-22.4894052422883
			11.7356853767	-22.4774300531284
			11.7356853767	-22.4654548639685
		</Outline1>
		<Outline2 type=matrix rownames=FALSE colnames=FALSE nrow=285 ncol=2 as.numeric=TRUE >
			11.7356853767	-22.4654548639685
			11.7356853767	-22.4534796748086
			11.7356853767	-22.4415044856487
			11.7476605658599	-22.4295292964888
			11.7476605658599	-22.4175541073289
			11.7476605658599	-22.405578918169
			11.7476605658599	-22.3936037290092
			11.7596357550198	-22.3936037290092
			11.7596357550198	-22.3816285398493
			11.7596357550198	-22.3696533506894
			11.7596357550198	-22.3576781615295
			11.7716109441797	-22.3457029723696
			11.7716109441797	-22.3337277832097
			11.7716109441797	-22.3217525940498
			11.7716109441797	-22.3097774048899
			11.7835861333396	-22.29780221573
			11.7835861333396	-22.2858270265701
			11.7835861333396	-22.2738518374102
			11.7955613224995	-22.2618766482503
			11.7955613224995	-22.2499014590904
			11.7955613224995	-22.2379262699305
			11.7955613224995	-22.2259510807706
			11.8075365116594	-22.2139758916107
			11.8075365116594	-22.2020007024508
			11.8075365116594	-22.1900255132909
			11.8195117008193	-22.178050324131
			11.8195117008193	-22.1660751349711
			11.8195117008193	-22.1540999458112
			11.8195117008193	-22.1421247566513
			11.8314868899792	-22.1301495674914
			11.8314868899792	-22.1181743783315
			11.8314868899792	-22.1061991891716
			11.8434620791391	-22.0942240000117
			11.8434620791391	-22.0822488108518
			11.8434620791391	-22.0702736216919
			11.855437268299	-22.058298432532
			11.855437268299	-22.0463232433721
			11.855437268299	-22.0343480542122
			11.8674124574589	-22.0223728650523
			11.8674124574589	-22.0103976758924
			11.8674124574589	-21.9984224867325
			11.8793876466188	-21.9864472975726
			11.8793876466188	-21.9744721084127
			11.8913628357787	-21.9624969192528
			11.8913628357787	-21.9505217300929
			11.9033380249386	-21.938546540933
			11.9033380249386	-21.9265713517731
			11.9033380249386	-21.9145961626132
			11.9153132140985	-21.9145961626132
			11.9153132140985	-21.9026209734533
			11.9153132140985	-21.8906457842934
			11.9272884032584	-21.8786705951335
			11.9272884032584	-21.8666954059736
			11.9392635924182	-21.8547202168137
			11.9392635924182	-21.8427450276538
			11.9392635924182	-21.8307698384939
			11.9512387815781	-21.8307698384939
			11.9512387815781	-21.818794649334
			11.9512387815781	-21.8068194601742
			11.963213970738	-21.7948442710143
			11.963213970738	-21.7828690818544
			11.9751891598979	-21.7708938926945
			11.9751891598979	-21.7589187035346
			11.9871643490578	-21.7469435143747
			11.9871643490578	-21.7349683252148
			11.9991395382177	-21.7229931360549
			11.9991395382177	-21.711017946895
			11.9991395382177	-21.6990427577351
			12.0111147273776	-21.6870675685752
			12.0111147273776	-21.6750923794153
			12.0230899165375	-21.6631171902554
			12.0230899165375	-21.6511420010955
			12.0350651056974	-21.6391668119356
			12.0350651056974	-21.6271916227757
			12.0470402948573	-21.6152164336158
			12.0470402948573	-21.6032412444559
			12.0590154840172	-21.591266055296
			12.0590154840172	-21.5792908661361
			12.0590154840172	-21.5673156769762
			12.0709906731771	-21.5553404878163
			12.0709906731771	-21.5433652986564
			12.082965862337	-21.5313901094965
			12.082965862337	-21.5194149203366
			12.0949410514969	-21.5194149203366
			12.0949410514969	-21.5074397311767
			12.1069162406568	-21.4954645420168
			12.1069162406568	-21.4834893528569
			12.1188914298167	-21.4834893528569
			12.1188914298167	-21.471514163697
			12.1308666189766	-21.4595389745371
			12.1308666189766	-21.4475637853772
			12.1428418081365	-21.4355885962173
			12.1548169972964	-21.4236134070574
			12.1667921864563	-21.4116382178975
			12.1667921864563	-21.3996630287376
			12.1787673756162	-21.3876878395777
			12.1787673756162	-21.3757126504178
			12.1907425647761	-21.3637374612579
			12.202717753936	-21.351762272098
			12.202717753936	-21.3397870829381
			12.2146929430959	-21.3278118937782
			12.2266681322558	-21.3158367046183
			12.2266681322558	-21.3038615154584
			12.2386433214157	-21.3038615154584
			12.2506185105756	-21.2918863262985
			12.2506185105756	-21.2799111371386
			12.2625936997355	-21.2679359479787
			12.2745688888954	-21.2559607588188
			12.2745688888954	-21.2439855696589
			12.2865440780553	-21.232010380499
			12.2985192672152	-21.2200351913392
			12.3104944563751	-21.2080600021793
			12.3104944563751	-21.1960848130194
			12.322469645535	-21.1841096238595
			12.3344448346949	-21.1721344346996
			12.3464200238548	-21.1601592455397
			12.3464200238548	-21.1481840563798
			12.3583952130147	-21.1362088672199
			12.3703704021746	-21.12423367806
			12.3823455913345	-21.12423367806
			12.3823455913345	-21.1122584889001
			12.3943207804944	-21.1002832997402
			12.4062959696543	-21.1002832997402
			12.4182711588142	-21.0883081105803
			12.4182711588142	-21.0763329214204
			12.4302463479741	-21.0763329214204
			12.442221537134	-21.0643577322605
			12.4541967262939	-21.0523825431006
			12.4661719154538	-21.0523825431006
			12.4781471046137	-21.0404073539407
			12.4901222937736	-21.0284321647808
			12.5020974829335	-21.0164569756209
			12.5140726720933	-21.004481786461
			12.5260478612532	-20.9925065973011
			12.5380230504131	-20.9925065973011
			12.549998239573	-20.9805314081412
			12.5619734287329	-20.9685562189813
			12.5739486178928	-20.9685562189813
			12.5859238070527	-20.9565810298214
			12.5978989962126	-20.9565810298214
			12.5978989962126	-20.9446058406615
			12.6098741853725	-20.9446058406615
			12.6218493745324	-20.9326306515016
			12.6338245636923	-20.9206554623417
			12.6457997528522	-20.9206554623417
			12.6577749420121	-20.9086802731818
			12.669750131172	-20.9086802731818
			12.6817253203319	-20.8967050840219
			12.6937005094918	-20.884729894862
			12.7056756986517	-20.884729894862
			12.7176508878116	-20.8727547057021
			12.7296260769715	-20.8727547057021
			12.7416012661314	-20.8607795165422
			12.7535764552913	-20.8607795165422
			12.7655516444512	-20.8488043273823
			12.7775268336111	-20.8488043273823
			12.789502022771	-20.8368291382224
			12.8014772119309	-20.8368291382224
			12.8134524010908	-20.8368291382224
			12.8254275902507	-20.8248539490625
			12.8374027794106	-20.8248539490625
			12.8493779685705	-20.8128787599026
			12.8613531577304	-20.8128787599026
			12.8733283468903	-20.8009035707427
			12.8853035360502	-20.8009035707427
			12.8972787252101	-20.8009035707427
			12.90925391437	-20.8009035707427
			12.9212291035299	-20.7889283815828
			12.9332042926898	-20.7889283815828
			12.9451794818497	-20.7889283815828
			12.9571546710096	-20.7769531924229
			12.9691298601695	-20.7769531924229
			12.9811050493294	-20.764978003263
			12.9930802384893	-20.764978003263
			13.0050554276492	-20.764978003263
			13.0170306168091	-20.764978003263
			13.029005805969	-20.7530028141031
			13.0409809951289	-20.7530028141031
			13.0529561842888	-20.7530028141031
			13.0649313734487	-20.7410276249432
			13.0769065626086	-20.7410276249432
			13.0888817517684	-20.7410276249432
			13.1008569409283	-20.7290524357833
			13.1128321300882	-20.7290524357833
			13.1248073192481	-20.7290524357833
			13.136782508408	-20.7290524357833
			13.1487576975679	-20.7170772466234
			13.1607328867278	-20.7170772466234
			13.1727080758877	-20.7170772466234
			13.1846832650476	-20.7170772466234
			13.1966584542075	-20.7170772466234
			13.2086336433674	-20.7051020574635
			13.2206088325273	-20.7051020574635
			13.2325840216872	-20.7051020574635
			13.2445592108471	-20.7051020574635
			13.256534400007	-20.7051020574635
			13.2685095891669	-20.7051020574635
			13.2804847783268	-20.7051020574635
			13.2924599674867	-20.6931268683036
			13.3044351566466	-20.6931268683036
			13.3164103458065	-20.6931268683036
			13.3283855349664	-20.6931268683036
			13.3403607241263	-20.6931268683036
			13.3523359132862	-20.6931268683036
			13.3643111024461	-20.6931268683036
			13.376286291606	-20.6931268683036
			13.3882614807659	-20.6811516791437
			13.4002366699258	-20.6811516791437
			13.4122118590857	-20.6811516791437
			13.4241870482456	-20.6811516791437
			13.4361622374055	-20.6811516791437
			13.4481374265654	-20.6811516791437
			13.4601126157253	-20.6811516791437
			13.4720878048852	-20.6811516791437
			13.4840629940451	-20.6811516791437
			13.496038183205	-20.6811516791437
			13.5080133723649	-20.6811516791437
			13.5199885615248	-20.6811516791437
			13.5319637506847	-20.6811516791437
			13.5439389398446	-20.6931268683036
			13.5559141290045	-20.6931268683036
			13.5678893181644	-20.6931268683036
			13.5798645073243	-20.6931268683036
			13.5918396964842	-20.7051020574635
			13.6038148856441	-20.7051020574635
			13.615790074804	-20.7051020574635
			13.6277652639639	-20.7051020574635
			13.6397404531238	-20.7170772466234
			13.6517156422837	-20.7170772466234
			13.6636908314436	-20.7170772466234
			13.6756660206034	-20.7290524357833
			13.6876412097633	-20.7290524357833
			13.6996163989232	-20.7290524357833
			13.7115915880831	-20.7410276249432
			13.723566777243	-20.7410276249432
			13.7355419664029	-20.7410276249432
			13.7475171555628	-20.7530028141031
			13.7594923447227	-20.7530028141031
			13.7714675338826	-20.7530028141031
			13.7834427230425	-20.764978003263
			13.7954179122024	-20.764978003263
			13.8073931013623	-20.7769531924229
			13.8193682905222	-20.7769531924229
			13.8313434796821	-20.7769531924229
			13.8313434796821	-20.7889283815828
			13.843318668842	-20.7889283815828
			13.8552938580019	-20.7889283815828
			13.8672690471618	-20.8009035707427
			13.8792442363217	-20.8009035707427
			13.8912194254816	-20.8009035707427
			13.9031946146415	-20.8128787599026
			13.9151698038014	-20.8128787599026
			13.9271449929613	-20.8248539490625
			13.9391201821212	-20.8248539490625
			13.9510953712811	-20.8248539490625
			13.963070560441	-20.8368291382224
			13.9750457496009	-20.8368291382224
			13.9870209387608	-20.8368291382224
			13.9989961279207	-20.8488043273823
			14.0109713170806	-20.8488043273823
			14.0229465062405	-20.8488043273823
			14.0229465062405	-20.8607795165422
			14.0349216954004	-20.8607795165422
			14.0468968845603	-20.8607795165422
			14.0588720737202	-20.8727547057021
			14.0708472628801	-20.8727547057021
			14.08282245204	-20.8727547057021
			14.0947976411999	-20.884729894862
			14.1067728303598	-20.884729894862
			14.1187480195197	-20.8967050840219
			14.1307232086796	-20.8967050840219
			14.1426983978395	-20.8967050840219
			14.1546735869994	-20.9086802731818
			14.1666487761593	-20.9086802731818
			14.1786239653192	-20.9206554623417
			14.1905991544791	-20.9206554623417
			14.202574343639	-20.9326306515016
			14.2145495327989	-20.9326306515016
			14.2265247219588	-20.9326306515016
			14.2384999111187	-20.9446058406615
			14.2504751002785	-20.9446058406615
			14.2624502894384	-20.9565810298214
			14.2744254785983	-20.9565810298214
			14.2864006677582	-20.9685562189813
			14.2983758569181	-20.9685562189813
		</Outline2>
		<Outline3 type=matrix rownames=FALSE colnames=FALSE nrow=267 ncol=2 as.numeric=TRUE >
			14.2983758569181	-20.9685562189813
			14.310351046078	-20.9685562189813
			14.3223262352379	-20.9805314081412
			14.3343014243978	-20.9805314081412
			14.3462766135577	-20.9805314081412
			14.3582518027176	-20.9805314081412
			14.3582518027176	-20.9925065973011
			14.3702269918775	-20.9925065973011
			14.3822021810374	-20.9925065973011
			14.3941773701973	-20.9925065973011
			14.4061525593572	-21.004481786461
			14.4181277485171	-21.004481786461
			14.430102937677	-21.004481786461
			14.4420781268369	-21.004481786461
			14.4540533159968	-21.0164569756209
			14.4660285051567	-21.0164569756209
			14.4780036943166	-21.0164569756209
			14.4899788834765	-21.0284321647808
			14.5019540726364	-21.0284321647808
			14.5139292617963	-21.0284321647808
			14.5259044509562	-21.0404073539407
			14.5378796401161	-21.0404073539407
			14.549854829276	-21.0404073539407
			14.5618300184359	-21.0404073539407
			14.5738052075958	-21.0523825431006
			14.5857803967557	-21.0523825431006
			14.5977555859156	-21.0523825431006
			14.6097307750755	-21.0643577322605
			14.6217059642354	-21.0643577322605
			14.6336811533953	-21.0643577322605
			14.6456563425552	-21.0643577322605
			14.6576315317151	-21.0763329214204
			14.669606720875	-21.0763329214204
			14.6815819100349	-21.0883081105803
			14.6935570991948	-21.0883081105803
			14.7055322883547	-21.0883081105803
			14.7175074775146	-21.0883081105803
			14.7294826666745	-21.1002832997402
			14.7414578558344	-21.1002832997402
			14.7534330449943	-21.1122584889001
			14.7654082341542	-21.1122584889001
			14.7773834233141	-21.1122584889001
			14.789358612474	-21.1122584889001
			14.789358612474	-21.12423367806
			14.8013338016339	-21.12423367806
			14.8133089907938	-21.12423367806
			14.8252841799537	-21.12423367806
			14.8372593691135	-21.1362088672199
			14.8492345582734	-21.1362088672199
			14.8612097474333	-21.1362088672199
			14.8731849365932	-21.1481840563798
			14.8851601257531	-21.1481840563798
			14.897135314913	-21.1481840563798
			14.9091105040729	-21.1481840563798
			14.9210856932328	-21.1601592455397
			14.9330608823927	-21.1601592455397
			14.9450360715526	-21.1601592455397
			14.9570112607125	-21.1721344346996
			14.9689864498724	-21.1721344346996
			14.9809616390323	-21.1721344346996
			14.9929368281922	-21.1721344346996
			15.0049120173521	-21.1841096238595
			15.016887206512	-21.1841096238595
			15.0288623956719	-21.1841096238595
			15.0408375848318	-21.1841096238595
			15.0528127739917	-21.1960848130194
			15.0647879631516	-21.1960848130194
			15.0767631523115	-21.1960848130194
			15.0887383414714	-21.2080600021793
			15.1007135306313	-21.2080600021793
			15.1126887197912	-21.2080600021793
			15.1246639089511	-21.2080600021793
			15.136639098111	-21.2200351913392
			15.1486142872709	-21.2200351913392
			15.1605894764308	-21.2200351913392
			15.1725646655907	-21.232010380499
			15.1845398547506	-21.232010380499
			15.1965150439105	-21.232010380499
			15.2084902330704	-21.2439855696589
			15.2204654222303	-21.2439855696589
			15.2324406113902	-21.2439855696589
			15.2444158005501	-21.2559607588188
			15.25639098971	-21.2559607588188
			15.2683661788699	-21.2559607588188
			15.2803413680298	-21.2679359479787
			15.2923165571897	-21.2679359479787
			15.3042917463496	-21.2679359479787
			15.3162669355095	-21.2799111371386
			15.3282421246694	-21.2799111371386
			15.3402173138293	-21.2799111371386
			15.3521925029892	-21.2918863262985
			15.3641676921491	-21.2918863262985
			15.376142881309	-21.2918863262985
			15.3881180704689	-21.3038615154584
			15.4000932596288	-21.3038615154584
			15.4120684487887	-21.3158367046183
			15.4240436379485	-21.3158367046183
			15.4360188271084	-21.3278118937782
			15.4479940162683	-21.3278118937782
			15.4599692054282	-21.3278118937782
			15.4719443945881	-21.3397870829381
			15.483919583748	-21.3397870829381
			15.4958947729079	-21.351762272098
			15.5078699620678	-21.351762272098
			15.5198451512277	-21.3637374612579
			15.5318203403876	-21.3637374612579
			15.5437955295475	-21.3757126504178
			15.5557707187074	-21.3757126504178
			15.5677459078673	-21.3876878395777
			15.5797210970272	-21.3876878395777
			15.5916962861871	-21.3996630287376
			15.603671475347	-21.3996630287376
			15.6156466645069	-21.4116382178975
			15.6276218536668	-21.4116382178975
			15.6395970428267	-21.4236134070574
			15.6515722319866	-21.4236134070574
			15.6635474211465	-21.4355885962173
			15.6755226103064	-21.4355885962173
			15.6874977994663	-21.4475637853772
			15.6994729886262	-21.4595389745371
			15.7114481777861	-21.4595389745371
			15.723423366946	-21.4595389745371
			15.7353985561059	-21.471514163697
			15.7473737452658	-21.471514163697
			15.7593489344257	-21.4834893528569
			15.7713241235856	-21.4834893528569
			15.7832993127455	-21.4954645420168
			15.7952745019054	-21.4954645420168
			15.8072496910653	-21.5074397311767
			15.8192248802252	-21.5074397311767
			15.8312000693851	-21.5194149203366
			15.843175258545	-21.5194149203366
			15.8551504477049	-21.5313901094965
			15.8671256368648	-21.5313901094965
			15.8671256368648	-21.5433652986564
			15.8791008260247	-21.5433652986564
			15.8910760151846	-21.5553404878163
			15.9030512043445	-21.5553404878163
			15.9150263935044	-21.5673156769762
			15.9150263935044	-21.5792908661361
			15.9270015826643	-21.5792908661361
			15.9389767718242	-21.591266055296
			15.9509519609841	-21.591266055296
			15.9509519609841	-21.6032412444559
			15.962927150144	-21.6032412444559
			15.9749023393039	-21.6152164336158
			15.9868775284638	-21.6271916227757
			15.9988527176236	-21.6391668119356
			16.0108279067835	-21.6511420010955
			16.0228030959434	-21.6631171902554
			16.0347782851033	-21.6631171902554
			16.0467534742632	-21.6750923794153
			16.0587286634231	-21.6870675685752
			16.0587286634231	-21.6990427577351
			16.070703852583	-21.711017946895
			16.0826790417429	-21.7229931360549
			16.0946542309028	-21.7349683252148
			16.1066294200627	-21.7349683252148
			16.1186046092226	-21.7469435143747
			16.1305797983825	-21.7589187035346
			16.1425549875424	-21.7708938926945
			16.1425549875424	-21.7828690818544
			16.1545301767023	-21.7948442710143
			16.1665053658622	-21.8068194601742
			16.1784805550221	-21.818794649334
			16.190455744182	-21.8307698384939
			16.2024309333419	-21.8427450276538
			16.2024309333419	-21.8547202168137
			16.2144061225018	-21.8666954059736
			16.2263813116617	-21.8786705951335
			16.2263813116617	-21.8906457842934
			16.2383565008216	-21.9026209734533
			16.2383565008216	-21.9145961626132
			16.2503316899815	-21.9265713517731
			16.2503316899815	-21.938546540933
			16.2623068791414	-21.9505217300929
			16.2623068791414	-21.9624969192528
			16.2742820683013	-21.9744721084127
			16.2742820683013	-21.9864472975726
			16.2862572574612	-21.9984224867325
			16.2862572574612	-22.0103976758924
			16.2982324466211	-22.0223728650523
			16.2982324466211	-22.0343480542122
			16.310207635781	-22.0463232433721
			16.310207635781	-22.058298432532
			16.3221828249409	-22.0702736216919
			16.3221828249409	-22.0822488108518
			16.3341580141008	-22.0942240000117
			16.3341580141008	-22.1061991891716
			16.3461332032607	-22.1181743783315
			16.3461332032607	-22.1301495674914
			16.3461332032607	-22.1421247566513
			16.3581083924206	-22.1540999458112
			16.3700835815805	-22.1660751349711
			16.3700835815805	-22.178050324131
			16.3820587707404	-22.1900255132909
			16.3820587707404	-22.2020007024508
			16.3940339599003	-22.2139758916107
			16.3940339599003	-22.2259510807706
			16.4060091490602	-22.2379262699305
			16.4060091490602	-22.2499014590904
			16.4179843382201	-22.2618766482503
			16.4179843382201	-22.2738518374102
			16.42995952738	-22.2858270265701
			16.42995952738	-22.29780221573
			16.42995952738	-22.3097774048899
			16.4419347165399	-22.3217525940498
			16.4419347165399	-22.3337277832097
			16.4419347165399	-22.3457029723696
			16.4419347165399	-22.3576781615295
			16.4539099056998	-22.3696533506894
			16.4539099056998	-22.3816285398493
			16.4539099056998	-22.3936037290092
			16.4539099056998	-22.405578918169
			16.4658850948597	-22.4175541073289
			16.4658850948597	-22.4295292964888
			16.4658850948597	-22.4415044856487
			16.4658850948597	-22.4534796748086
			16.4778602840196	-22.4654548639685
			16.4778602840196	-22.4774300531284
			16.4778602840196	-22.4894052422883
			16.4778602840196	-22.5013804314482
			16.4778602840196	-22.5133556206081
			16.4778602840196	-22.525330809768
			16.4898354731795	-22.5373059989279
			16.4898354731795	-22.5492811880878
			16.4898354731795	-22.5612563772477
			16.4898354731795	-22.5732315664076
			16.4898354731795	-22.5852067555675
			16.4898354731795	-22.5971819447274
			16.5018106623394	-22.6091571338873
			16.5018106623394	-22.6211323230472
			16.5018106623394	-22.6331075122071
			16.5018106623394	-22.645082701367
			16.5018106623394	-22.6570578905269
			16.5018106623394	-22.6690330796868
			16.5018106623394	-22.6810082688467
			16.5018106623394	-22.6929834580066
			16.5018106623394	-22.7049586471665
			16.5018106623394	-22.7169338363264
			16.5018106623394	-22.7289090254863
			16.5018106623394	-22.7408842146462
			16.5018106623394	-22.7528594038061
			16.5137858514993	-22.764834592966
			16.5137858514993	-22.7768097821259
			16.5137858514993	-22.7887849712858
			16.5137858514993	-22.8007601604457
			16.5137858514993	-22.8127353496056
			16.5137858514993	-22.8247105387655
			16.5137858514993	-22.8366857279254
			16.5137858514993	-22.8486609170853
			16.5137858514993	-22.8606361062452
			16.5137858514993	-22.8726112954051
			16.5137858514993	-22.884586484565
			16.5137858514993	-22.8965616737249
			16.5137858514993	-22.9085368628848
			16.5137858514993	-22.9205120520447
			16.5137858514993	-22.9324872412046
			16.5137858514993	-22.9444624303645
			16.5257610406592	-22.9564376195244
			16.5257610406592	-22.9684128086842
			16.5257610406592	-22.9803879978441
			16.5257610406592	-22.992363187004
			16.5257610406592	-23.0043383761639
			16.5257610406592	-23.0163135653238
			16.5257610406592	-23.0282887544837
			16.5257610406592	-23.0402639436436
		</Outline3>
		<Outline4 type=matrix rownames=FALSE colnames=FALSE nrow=269 ncol=2 as.numeric=TRUE >
			16.5257610406592	-23.0402639436436
			16.5257610406592	-23.0522391328035
			16.5257610406592	-23.0642143219634
			16.5137858514993	-23.0642143219634
			16.5137858514993	-23.0761895111233
			16.5137858514993	-23.0881647002832
			16.5137858514993	-23.1001398894431
			16.5137858514993	-23.112115078603
			16.5018106623394	-23.112115078603
			16.5018106623394	-23.1240902677629
			16.5018106623394	-23.1360654569228
			16.5018106623394	-23.1480406460827
			16.4898354731795	-23.1600158352426
			16.4898354731795	-23.1719910244025
			16.4898354731795	-23.1839662135624
			16.4778602840196	-23.1959414027223
			16.4778602840196	-23.2079165918822
			16.4778602840196	-23.2198917810421
			16.4778602840196	-23.231866970202
			16.4658850948597	-23.2438421593619
			16.4658850948597	-23.2558173485218
			16.4658850948597	-23.2677925376817
			16.4658850948597	-23.2797677268416
			16.4539099056998	-23.2917429160015
			16.4539099056998	-23.3037181051614
			16.4539099056998	-23.3156932943213
			16.4419347165399	-23.3276684834812
			16.4419347165399	-23.3396436726411
			16.4419347165399	-23.351618861801
			16.42995952738	-23.3635940509609
			16.42995952738	-23.3755692401208
			16.42995952738	-23.3875444292807
			16.42995952738	-23.3995196184406
			16.4179843382201	-23.4114948076005
			16.4179843382201	-23.4234699967604
			16.4179843382201	-23.4354451859203
			16.4060091490602	-23.4474203750802
			16.4060091490602	-23.4593955642401
			16.4060091490602	-23.4713707534
			16.3940339599003	-23.4833459425599
			16.3940339599003	-23.4953211317198
			16.3820587707404	-23.4953211317198
			16.3820587707404	-23.5072963208797
			16.3700835815805	-23.5192715100396
			16.3700835815805	-23.5312466991995
			16.3581083924206	-23.5432218883594
			16.3581083924206	-23.5551970775192
			16.3461332032607	-23.5671722666791
			16.3341580141008	-23.579147455839
			16.3221828249409	-23.5911226449989
			16.3221828249409	-23.6030978341588
			16.310207635781	-23.6150730233187
			16.2982324466211	-23.6270482124786
			16.2862572574612	-23.6390234016385
			16.2862572574612	-23.6509985907984
			16.2742820683013	-23.6629737799583
			16.2623068791414	-23.6749489691182
			16.2503316899815	-23.6869241582781
			16.2503316899815	-23.698899347438
			16.2383565008216	-23.7108745365979
			16.2263813116617	-23.7228497257578
			16.2144061225018	-23.7348249149177
			16.2144061225018	-23.7468001040776
			16.2024309333419	-23.7587752932375
			16.190455744182	-23.7707504823974
			16.1784805550221	-23.7827256715573
			16.1665053658622	-23.7947008607172
			16.1665053658622	-23.8066760498771
			16.1545301767023	-23.818651239037
			16.1425549875424	-23.818651239037
			16.1425549875424	-23.8306264281969
			16.1305797983825	-23.8426016173568
			16.1186046092226	-23.8545768065167
			16.1066294200627	-23.8665519956766
			16.0946542309028	-23.8785271848365
			16.0826790417429	-23.8785271848365
			16.070703852583	-23.8905023739964
			16.0587286634231	-23.9024775631563
			16.0467534742632	-23.9024775631563
			16.0347782851033	-23.9144527523162
			16.0228030959434	-23.9264279414761
			16.0108279067835	-23.938403130636
			15.9988527176236	-23.9503783197959
			15.9868775284638	-23.9503783197959
			15.9749023393039	-23.9623535089558
			15.962927150144	-23.9743286981157
			15.9509519609841	-23.9863038872756
			15.9389767718242	-23.9982790764355
			15.9270015826643	-23.9982790764355
			15.9150263935044	-24.0102542655954
			15.9030512043445	-24.0102542655954
			15.8910760151846	-24.0222294547553
			15.8910760151846	-24.0342046439152
			15.8791008260247	-24.0342046439152
			15.8671256368648	-24.0461798330751
			15.8551504477049	-24.0461798330751
			15.843175258545	-24.058155022235
			15.843175258545	-24.0701302113949
			15.8312000693851	-24.0701302113949
			15.8192248802252	-24.0821054005548
			15.8072496910653	-24.0821054005548
			15.7952745019054	-24.0940805897147
			15.7832993127455	-24.1060557788746
			15.7713241235856	-24.1180309680345
			15.7593489344257	-24.1180309680345
			15.7473737452658	-24.1300061571944
			15.7353985561059	-24.1419813463542
			15.723423366946	-24.1539565355141
			15.7114481777861	-24.1539565355141
			15.6994729886262	-24.165931724674
			15.6874977994663	-24.165931724674
			15.6755226103064	-24.1779069138339
			15.6635474211465	-24.1779069138339
			15.6635474211465	-24.1898821029938
			15.6515722319866	-24.1898821029938
			15.6395970428267	-24.2018572921537
			15.6276218536668	-24.2018572921537
			15.6156466645069	-24.2138324813136
			15.603671475347	-24.2138324813136
			15.5916962861871	-24.2138324813136
			15.5916962861871	-24.2258076704735
			15.5797210970272	-24.2258076704735
			15.5677459078673	-24.2377828596334
			15.5557707187074	-24.2377828596334
			15.5437955295475	-24.2497580487933
			15.5318203403876	-24.2497580487933
			15.5318203403876	-24.2617332379532
			15.5198451512277	-24.2617332379532
			15.5078699620678	-24.2617332379532
			15.4958947729079	-24.2737084271131
			15.483919583748	-24.2737084271131
			15.4719443945881	-24.285683616273
			15.4599692054282	-24.285683616273
			15.4479940162683	-24.2976588054329
			15.4360188271084	-24.3096339945928
			15.4240436379485	-24.3096339945928
			15.4120684487887	-24.3216091837527
			15.4000932596288	-24.3216091837527
			15.3881180704689	-24.3335843729126
			15.376142881309	-24.3335843729126
			15.3641676921491	-24.3335843729126
			15.3641676921491	-24.3455595620725
			15.3521925029892	-24.3455595620725
			15.3402173138293	-24.3455595620725
			15.3402173138293	-24.3575347512324
			15.3282421246694	-24.3575347512324
			15.3162669355095	-24.3575347512324
			15.3042917463496	-24.3695099403923
			15.2923165571897	-24.3695099403923
			15.2803413680298	-24.3814851295522
			15.2683661788699	-24.3814851295522
			15.25639098971	-24.3814851295522
			15.2444158005501	-24.3934603187121
			15.2324406113902	-24.3934603187121
			15.2204654222303	-24.405435507872
			15.2084902330704	-24.405435507872
			15.1965150439105	-24.405435507872
			15.1845398547506	-24.4174106970319
			15.1725646655907	-24.4174106970319
			15.1605894764308	-24.4174106970319
			15.1486142872709	-24.4293858861918
			15.136639098111	-24.4293858861918
			15.1246639089511	-24.4293858861918
			15.1126887197912	-24.4413610753517
			15.1007135306313	-24.4413610753517
			15.0887383414714	-24.4413610753517
			15.0767631523115	-24.4533362645116
			15.0647879631516	-24.4533362645116
			15.0528127739917	-24.4533362645116
			15.0408375848318	-24.4653114536715
			15.0288623956719	-24.4653114536715
			15.016887206512	-24.4653114536715
			15.0049120173521	-24.4772866428314
			14.9929368281922	-24.4772866428314
			14.9809616390323	-24.4772866428314
			14.9689864498724	-24.4892618319913
			14.9570112607125	-24.4892618319913
			14.9450360715526	-24.5012370211512
			14.9330608823927	-24.5012370211512
			14.9210856932328	-24.5012370211512
			14.9091105040729	-24.5012370211512
			14.897135314913	-24.5012370211512
			14.8851601257531	-24.5012370211512
			14.8731849365932	-24.5012370211512
			14.8612097474333	-24.5132122103111
			14.8492345582734	-24.5132122103111
			14.8372593691135	-24.5132122103111
			14.8252841799537	-24.5132122103111
			14.8133089907938	-24.5132122103111
			14.8013338016339	-24.5132122103111
			14.789358612474	-24.5132122103111
			14.7773834233141	-24.5132122103111
			14.7654082341542	-24.5132122103111
			14.7534330449943	-24.5132122103111
			14.7414578558344	-24.5132122103111
			14.7294826666745	-24.5132122103111
			14.7175074775146	-24.5132122103111
			14.7055322883547	-24.5132122103111
			14.6935570991948	-24.5132122103111
			14.6815819100349	-24.5132122103111
			14.669606720875	-24.5132122103111
			14.6576315317151	-24.5132122103111
			14.6456563425552	-24.5132122103111
			14.6336811533953	-24.5132122103111
			14.6217059642354	-24.5132122103111
			14.6097307750755	-24.5132122103111
			14.5977555859156	-24.5132122103111
			14.5857803967557	-24.5132122103111
			14.5738052075958	-24.5132122103111
			14.5618300184359	-24.5132122103111
			14.549854829276	-24.5132122103111
			14.5378796401161	-24.5132122103111
			14.5259044509562	-24.5132122103111
			14.5139292617963	-24.5132122103111
			14.5019540726364	-24.5132122103111
			14.4899788834765	-24.5132122103111
			14.4780036943166	-24.5132122103111
			14.4660285051567	-24.5132122103111
			14.4540533159968	-24.5132122103111
			14.4420781268369	-24.5132122103111
			14.430102937677	-24.5132122103111
			14.4181277485171	-24.5132122103111
			14.4061525593572	-24.525187399471
			14.3941773701973	-24.525187399471
			14.3822021810374	-24.525187399471
			14.3702269918775	-24.525187399471
			14.3582518027176	-24.525187399471
			14.3462766135577	-24.525187399471
			14.3343014243978	-24.525187399471
			14.3223262352379	-24.525187399471
			14.310351046078	-24.525187399471
			14.2983758569181	-24.525187399471
			14.2864006677582	-24.525187399471
			14.2744254785983	-24.525187399471
			14.2624502894384	-24.5371625886309
			14.2504751002785	-24.5371625886309
			14.2384999111187	-24.5371625886309
			14.2265247219588	-24.5371625886309
			14.2145495327989	-24.5371625886309
			14.202574343639	-24.5371625886309
			14.1905991544791	-24.5371625886309
			14.1786239653192	-24.5371625886309
			14.1666487761593	-24.5491377777908
			14.1546735869994	-24.5491377777908
			14.1426983978395	-24.5491377777908
			14.1307232086796	-24.5491377777908
			14.1187480195197	-24.5491377777908
			14.1067728303598	-24.5491377777908
			14.0947976411999	-24.5491377777908
			14.08282245204	-24.5491377777908
			14.0708472628801	-24.5611129669507
			14.0588720737202	-24.5611129669507
			14.0468968845603	-24.5611129669507
			14.0349216954004	-24.5611129669507
			14.0229465062405	-24.5611129669507
			14.0109713170806	-24.5611129669507
			13.9989961279207	-24.5611129669507
			13.9870209387608	-24.5611129669507
			13.9750457496009	-24.5730881561106
			13.963070560441	-24.5730881561106
			13.9510953712811	-24.5730881561106
			13.9391201821212	-24.5730881561106
			13.9271449929613	-24.5730881561106
			13.9151698038014	-24.5730881561106
			13.9031946146415	-24.5730881561106
			13.8912194254816	-24.5850633452705
			13.8792442363217	-24.5850633452705
			13.8672690471618	-24.5850633452705
			13.8552938580019	-24.5850633452705
		</Outline4>
	</curves.scaled>
	<ruler.points type=matrix rownames=TRUE colnames=FALSE nrow=2 ncol=2 as.numeric=TRUE >
		Ruler point 1	1133	1523
		Ruler point 2	1300	1521
	</ruler.points>
</shapes>

