<shapes type=list>
	<ruler.pixel type=vector names=FALSE length=1 as.numeric=TRUE >92.0217365626187</ruler.pixel>
	<ruler.interval type=vector names=FALSE length=1 as.numeric=TRUE >1</ruler.interval>
	<scaling.units type=vector names=FALSE length=1 as.numeric=FALSE >mm</scaling.units>
	<scaling type=vector names=FALSE length=1 as.numeric=TRUE >0.0108669977046078</scaling>
	<landmarks.pixel type=matrix rownames=TRUE colnames=FALSE nrow=4 ncol=2 as.numeric=TRUE >
		Labial	979	609
		Posterior	873	543
		Lingual	974	467
		Anterior	1078	537
	</landmarks.pixel>
	<landmarks.scaled type=matrix rownames=TRUE colnames=FALSE nrow=4 ncol=2 as.numeric=TRUE >
		Labial	10.638790752811	-6.61800160210614
		Posterior	9.4868889961226	-5.90077975360203
		Lingual	10.584455764288	-5.07488792805184
		Anterior	11.7146235255672	-5.83557776737438
	</landmarks.scaled>
	<curves.control type=list>
		<Outline1 type=matrix rownames=FALSE colnames=FALSE nrow=21 ncol=2 as.numeric=TRUE >
			979	609
			970	613
			960	619
			953	625
			949	633
			944	640
			937	645
			928	648
			916	647
			906	646
			896	644
			888	639
			881	632
			876	626
			873	617
			870	606
			869	593
			868	580
			869	568
			871	555
			873	543
		</Outline1>
		<Outline2 type=matrix rownames=FALSE colnames=FALSE nrow=15 ncol=2 as.numeric=TRUE >
			873	543
			875	532
			878	517
			882	502
			887	491
			893	481
			901	475
			911	468
			922	465
			932	462
			939	461
			948	460
			956	462
			964	465
			974	467
		</Outline2>
		<Outline3 type=matrix rownames=FALSE colnames=FALSE nrow=15 ncol=2 as.numeric=TRUE >
			974	467
			984	469
			994	471
			1005	472
			1015	473
			1026	475
			1035	479
			1046	483
			1054	490
			1061	497
			1067	504
			1073	513
			1076	520
			1079	528
			1078	537
		</Outline3>
		<Outline4 type=matrix rownames=FALSE colnames=FALSE nrow=19 ncol=2 as.numeric=TRUE >
			1078	537
			1077	546
			1076	556
			1074	563
			1074	570
			1074	576
			1071	583
			1068	587
			1063	589
			1057	589
			1050	594
			1044	600
			1033	606
			1023	610
			1013	611
			1004	610
			997	609
			989	608
			979	609
		</Outline4>
	</curves.control>
	<curves.pixel type=list>
		<Outline1 type=matrix rownames=FALSE colnames=FALSE nrow=200 ncol=2 as.numeric=TRUE >
			979	609
			978	609
			977	610
			976	610
			976	611
			975	611
			974	611
			973	612
			972	612
			971	613
			970	613
			969	614
			968	614
			967	615
			966	615
			966	616
			965	616
			964	617
			963	617
			962	618
			961	618
			960	619
			959	620
			958	621
			957	622
			956	623
			955	624
			954	625
			954	626
			953	626
			952	627
			952	628
			951	629
			951	630
			950	631
			950	632
			949	633
			948	634
			947	635
			947	636
			946	637
			945	638
			944	639
			943	640
			942	641
			941	642
			940	643
			939	644
			938	644
			937	645
			936	645
			935	646
			934	646
			933	646
			932	646
			931	647
			930	647
			929	647
			928	647
			927	647
			926	647
			925	647
			924	647
			923	647
			922	647
			921	647
			920	647
			919	647
			918	647
			917	647
			916	647
			915	647
			914	647
			913	647
			912	647
			911	646
			910	646
			909	646
			908	646
			907	646
			906	646
			905	646
			904	645
			903	645
			902	645
			901	645
			900	645
			899	645
			898	644
			897	644
			896	644
			895	644
			895	643
			894	643
			893	642
			892	642
			892	641
			891	641
			890	640
			889	639
			888	638
			887	638
			886	637
			886	636
			885	636
			884	635
			883	634
			882	633
			881	632
			880	631
			880	630
			879	629
			878	628
			877	627
			877	626
			876	625
			876	624
			875	623
			875	622
			875	621
			874	620
			874	619
			873	618
			873	617
			873	616
			872	615
			872	614
			872	613
			872	612
			872	611
			871	611
			871	610
			871	609
			871	608
			871	607
			871	606
			870	605
			870	604
			870	603
			870	602
			870	601
			870	600
			870	599
			869	598
			869	597
			869	596
			869	595
			869	594
			869	593
			869	592
			869	591
			869	590
			869	589
			869	588
			869	587
			869	586
			869	585
			869	584
			869	583
			869	582
			869	581
			869	580
			869	579
			869	578
			869	577
			869	576
			869	575
			869	574
			869	573
			869	572
			869	571
			869	570
			869	569
			869	568
			869	567
			869	566
			869	565
			870	564
			870	563
			870	562
			870	561
			870	560
			870	559
			871	558
			871	557
			871	556
			871	555
			871	554
			871	553
			871	552
			872	552
			872	551
			872	550
			872	549
			872	548
			872	547
			873	546
			873	545
			873	544
			873	543
		</Outline1>
		<Outline2 type=matrix rownames=FALSE colnames=FALSE nrow=152 ncol=2 as.numeric=TRUE >
			873	543
			873	542
			873	541
			874	540
			874	539
			874	538
			874	537
			874	536
			874	535
			875	535
			875	534
			875	533
			875	532
			875	531
			876	530
			876	529
			876	528
			876	527
			876	526
			876	525
			877	524
			877	523
			877	522
			877	521
			877	520
			878	519
			878	518
			878	517
			878	516
			879	515
			879	514
			879	513
			879	512
			880	511
			880	510
			880	509
			880	508
			881	508
			881	507
			881	506
			881	505
			882	505
			882	504
			882	503
			882	502
			883	502
			883	501
			883	500
			884	499
			884	498
			885	497
			885	496
			885	495
			886	494
			886	493
			887	492
			887	491
			888	490
			888	489
			889	489
			889	488
			890	487
			890	486
			891	486
			891	485
			892	484
			892	483
			893	483
			893	482
			894	481
			895	481
			895	480
			896	479
			897	478
			898	477
			899	477
			900	476
			901	475
			902	475
			903	474
			904	473
			905	473
			906	472
			907	471
			908	471
			909	470
			910	470
			911	469
			912	469
			913	468
			914	468
			915	467
			916	467
			917	467
			918	466
			919	466
			920	466
			921	465
			922	465
			923	465
			924	464
			925	464
			926	464
			927	464
			928	463
			929	463
			930	463
			931	463
			931	462
			932	462
			933	462
			934	462
			935	462
			936	461
			937	461
			938	461
			939	461
			940	461
			941	461
			942	461
			943	461
			944	461
			945	461
			946	461
			947	461
			948	461
			949	461
			950	461
			951	461
			952	461
			953	461
			954	462
			955	462
			956	462
			957	462
			958	463
			959	463
			960	463
			961	464
			962	464
			963	464
			964	465
			965	465
			966	465
			967	465
			968	466
			969	466
			970	466
			971	466
			972	467
			973	467
			974	467
		</Outline2>
		<Outline3 type=matrix rownames=FALSE colnames=FALSE nrow=131 ncol=2 as.numeric=TRUE >
			974	467
			975	467
			976	467
			977	468
			978	468
			979	468
			980	468
			981	468
			982	469
			983	469
			984	469
			985	469
			986	469
			987	470
			988	470
			989	470
			990	470
			991	470
			992	471
			993	471
			994	471
			995	471
			996	471
			997	471
			998	471
			999	471
			1000	472
			1001	472
			1002	472
			1003	472
			1004	472
			1005	472
			1006	472
			1007	472
			1008	472
			1009	472
			1010	472
			1011	473
			1012	473
			1013	473
			1014	473
			1015	473
			1016	473
			1017	473
			1018	474
			1019	474
			1020	474
			1021	474
			1022	474
			1023	475
			1024	475
			1025	475
			1026	476
			1027	476
			1028	476
			1029	476
			1029	477
			1030	477
			1031	477
			1032	478
			1033	478
			1034	478
			1035	479
			1036	480
			1037	480
			1038	480
			1039	481
			1040	481
			1041	482
			1042	482
			1043	482
			1044	483
			1045	484
			1046	484
			1047	485
			1048	485
			1049	486
			1050	487
			1051	488
			1052	488
			1053	489
			1054	490
			1055	491
			1056	492
			1057	493
			1058	494
			1059	495
			1060	496
			1061	497
			1062	498
			1062	499
			1063	500
			1064	501
			1065	502
			1066	503
			1067	504
			1067	505
			1068	506
			1069	507
			1070	508
			1070	509
			1071	510
			1071	511
			1072	512
			1073	513
			1073	514
			1074	515
			1074	516
			1074	517
			1075	517
			1075	518
			1075	519
			1076	519
			1076	520
			1076	521
			1077	522
			1077	523
			1077	524
			1077	525
			1078	526
			1078	527
			1078	528
			1078	529
			1078	530
			1078	531
			1078	532
			1078	533
			1078	534
			1078	535
			1078	536
			1078	537
		</Outline3>
		<Outline4 type=matrix rownames=FALSE colnames=FALSE nrow=144 ncol=2 as.numeric=TRUE >
			1078	537
			1078	538
			1078	539
			1078	540
			1078	541
			1077	542
			1077	543
			1077	544
			1077	545
			1077	546
			1077	547
			1077	548
			1077	549
			1077	550
			1077	551
			1076	551
			1076	552
			1076	553
			1076	554
			1076	555
			1076	556
			1076	557
			1075	558
			1075	559
			1075	560
			1075	561
			1075	562
			1075	563
			1074	564
			1074	565
			1074	566
			1074	567
			1074	568
			1074	569
			1074	570
			1074	571
			1074	572
			1074	573
			1074	574
			1073	575
			1073	576
			1073	577
			1073	578
			1072	579
			1072	580
			1072	581
			1072	582
			1071	583
			1070	584
			1069	585
			1068	586
			1067	587
			1066	587
			1065	588
			1064	589
			1063	589
			1062	589
			1061	589
			1060	589
			1059	590
			1058	590
			1057	590
			1056	591
			1055	591
			1054	592
			1053	592
			1052	593
			1051	593
			1050	594
			1049	595
			1048	596
			1047	596
			1047	597
			1046	598
			1045	598
			1044	599
			1043	600
			1042	600
			1041	601
			1040	602
			1039	603
			1038	603
			1037	604
			1036	605
			1035	605
			1034	605
			1033	606
			1032	606
			1031	607
			1030	607
			1029	608
			1028	608
			1027	608
			1026	608
			1026	609
			1025	609
			1024	609
			1023	609
			1022	609
			1022	610
			1021	610
			1020	610
			1019	610
			1018	610
			1017	610
			1017	611
			1016	611
			1015	611
			1014	611
			1013	611
			1012	611
			1011	611
			1010	611
			1009	611
			1008	610
			1007	610
			1006	610
			1005	610
			1004	610
			1003	610
			1002	610
			1001	610
			1000	609
			999	609
			998	609
			997	609
			996	609
			995	609
			994	609
			993	609
			992	609
			991	609
			990	609
			989	609
			988	609
			987	609
			986	609
			985	609
			984	609
			983	609
			982	609
			981	609
			980	609
			979	609
		</Outline4>
	</curves.pixel>
	<curves.scaled type=list>
		<Outline1 type=matrix rownames=FALSE colnames=FALSE nrow=200 ncol=2 as.numeric=TRUE >
			10.638790752811	-6.61800160210614
			10.6279237551064	-6.61800160210614
			10.6170567574018	-6.62886859981075
			10.6061897596972	-6.62886859981075
			10.6061897596972	-6.63973559751536
			10.5953227619926	-6.63973559751536
			10.584455764288	-6.63973559751536
			10.5735887665834	-6.65060259521996
			10.5627217688788	-6.65060259521996
			10.5518547711742	-6.66146959292457
			10.5409877734696	-6.66146959292457
			10.5301207757649	-6.67233659062918
			10.5192537780603	-6.67233659062918
			10.5083867803557	-6.68320358833379
			10.4975197826511	-6.68320358833379
			10.4975197826511	-6.6940705860384
			10.4866527849465	-6.6940705860384
			10.4757857872419	-6.704937583743
			10.4649187895373	-6.704937583743
			10.4540517918327	-6.71580458144761
			10.4431847941281	-6.71580458144761
			10.4323177964235	-6.72667157915222
			10.4214507987189	-6.73753857685683
			10.4105838010143	-6.74840557456143
			10.3997168033096	-6.75927257226604
			10.388849805605	-6.77013956997065
			10.3779828079004	-6.78100656767526
			10.3671158101958	-6.79187356537987
			10.3671158101958	-6.80274056308447
			10.3562488124912	-6.80274056308447
			10.3453818147866	-6.81360756078908
			10.3453818147866	-6.82447455849369
			10.334514817082	-6.8353415561983
			10.334514817082	-6.8462085539029
			10.3236478193774	-6.85707555160751
			10.3236478193774	-6.86794254931212
			10.3127808216728	-6.87880954701673
			10.3019138239682	-6.88967654472134
			10.2910468262636	-6.90054354242594
			10.2910468262636	-6.91141054013055
			10.280179828559	-6.92227753783516
			10.2693128308544	-6.93314453553977
			10.2584458331497	-6.94401153324437
			10.2475788354451	-6.95487853094898
			10.2367118377405	-6.96574552865359
			10.2258448400359	-6.9766125263582
			10.2149778423313	-6.98747952406281
			10.2041108446267	-6.99834652176741
			10.1932438469221	-6.99834652176741
			10.1823768492175	-7.00921351947202
			10.1715098515129	-7.00921351947202
			10.1606428538083	-7.02008051717663
			10.1497758561037	-7.02008051717663
			10.1389088583991	-7.02008051717663
			10.1280418606945	-7.02008051717663
			10.1171748629898	-7.03094751488124
			10.1063078652852	-7.03094751488124
			10.0954408675806	-7.03094751488124
			10.084573869876	-7.03094751488124
			10.0737068721714	-7.03094751488124
			10.0628398744668	-7.03094751488124
			10.0519728767622	-7.03094751488124
			10.0411058790576	-7.03094751488124
			10.030238881353	-7.03094751488124
			10.0193718836484	-7.03094751488124
			10.0085048859438	-7.03094751488124
			9.99763788823916	-7.03094751488124
			9.98677089053455	-7.03094751488124
			9.97590389282995	-7.03094751488124
			9.96503689512534	-7.03094751488124
			9.95416989742073	-7.03094751488124
			9.94330289971612	-7.03094751488124
			9.93243590201152	-7.03094751488124
			9.92156890430691	-7.03094751488124
			9.9107019066023	-7.03094751488124
			9.89983490889769	-7.02008051717663
			9.88896791119308	-7.02008051717663
			9.87810091348848	-7.02008051717663
			9.86723391578387	-7.02008051717663
			9.85636691807926	-7.02008051717663
			9.84549992037465	-7.02008051717663
			9.83463292267005	-7.02008051717663
			9.82376592496544	-7.00921351947202
			9.81289892726083	-7.00921351947202
			9.80203192955622	-7.00921351947202
			9.79116493185161	-7.00921351947202
			9.78029793414701	-7.00921351947202
			9.7694309364424	-7.00921351947202
			9.75856393873779	-6.99834652176741
			9.74769694103318	-6.99834652176741
			9.73682994332858	-6.99834652176741
			9.72596294562397	-6.99834652176741
			9.72596294562397	-6.98747952406281
			9.71509594791936	-6.98747952406281
			9.70422895021475	-6.9766125263582
			9.69336195251014	-6.9766125263582
			9.69336195251014	-6.96574552865359
			9.68249495480554	-6.96574552865359
			9.67162795710093	-6.95487853094898
			9.66076095939632	-6.94401153324437
			9.64989396169171	-6.93314453553977
			9.6390269639871	-6.93314453553977
			9.6281599662825	-6.92227753783516
			9.6281599662825	-6.91141054013055
			9.61729296857789	-6.91141054013055
			9.60642597087328	-6.90054354242594
			9.59555897316868	-6.88967654472134
			9.58469197546407	-6.87880954701673
			9.57382497775946	-6.86794254931212
			9.56295798005485	-6.85707555160751
			9.56295798005485	-6.8462085539029
			9.55209098235024	-6.8353415561983
			9.54122398464563	-6.82447455849369
			9.53035698694103	-6.81360756078908
			9.53035698694103	-6.80274056308447
			9.51948998923642	-6.79187356537987
			9.51948998923642	-6.78100656767526
			9.50862299153181	-6.77013956997065
			9.50862299153181	-6.75927257226604
			9.50862299153181	-6.74840557456143
			9.4977559938272	-6.73753857685683
			9.4977559938272	-6.72667157915222
			9.4868889961226	-6.71580458144761
			9.4868889961226	-6.704937583743
			9.4868889961226	-6.6940705860384
			9.47602199841799	-6.68320358833379
			9.47602199841799	-6.67233659062918
			9.47602199841799	-6.66146959292457
			9.47602199841799	-6.65060259521996
			9.47602199841799	-6.63973559751536
			9.46515500071338	-6.63973559751536
			9.46515500071338	-6.62886859981075
			9.46515500071338	-6.61800160210614
			9.46515500071338	-6.60713460440153
			9.46515500071338	-6.59626760669693
			9.46515500071338	-6.58540060899232
			9.45428800300877	-6.57453361128771
			9.45428800300877	-6.5636666135831
			9.45428800300877	-6.55279961587849
			9.45428800300877	-6.54193261817389
			9.45428800300877	-6.53106562046928
			9.45428800300877	-6.52019862276467
			9.45428800300877	-6.50933162506006
			9.44342100530416	-6.49846462735546
			9.44342100530416	-6.48759762965085
			9.44342100530416	-6.47673063194624
			9.44342100530416	-6.46586363424163
			9.44342100530416	-6.45499663653702
			9.44342100530416	-6.44412963883242
			9.44342100530416	-6.43326264112781
			9.44342100530416	-6.4223956434232
			9.44342100530416	-6.41152864571859
			9.44342100530416	-6.40066164801399
			9.44342100530416	-6.38979465030938
			9.44342100530416	-6.37892765260477
			9.44342100530416	-6.36806065490016
			9.44342100530416	-6.35719365719555
			9.44342100530416	-6.34632665949095
			9.44342100530416	-6.33545966178634
			9.44342100530416	-6.32459266408173
			9.44342100530416	-6.31372566637712
			9.44342100530416	-6.30285866867252
			9.44342100530416	-6.29199167096791
			9.44342100530416	-6.2811246732633
			9.44342100530416	-6.27025767555869
			9.44342100530416	-6.25939067785408
			9.44342100530416	-6.24852368014948
			9.44342100530416	-6.23765668244487
			9.44342100530416	-6.22678968474026
			9.44342100530416	-6.21592268703565
			9.44342100530416	-6.20505568933105
			9.44342100530416	-6.19418869162644
			9.44342100530416	-6.18332169392183
			9.44342100530416	-6.17245469621722
			9.44342100530416	-6.16158769851261
			9.44342100530416	-6.15072070080801
			9.44342100530416	-6.1398537031034
			9.45428800300877	-6.12898670539879
			9.45428800300877	-6.11811970769418
			9.45428800300877	-6.10725270998958
			9.45428800300877	-6.09638571228497
			9.45428800300877	-6.08551871458036
			9.45428800300877	-6.07465171687575
			9.46515500071338	-6.06378471917114
			9.46515500071338	-6.05291772146654
			9.46515500071338	-6.04205072376193
			9.46515500071338	-6.03118372605732
			9.46515500071338	-6.02031672835271
			9.46515500071338	-6.0094497306481
			9.46515500071338	-5.9985827329435
			9.47602199841799	-5.9985827329435
			9.47602199841799	-5.98771573523889
			9.47602199841799	-5.97684873753428
			9.47602199841799	-5.96598173982967
			9.47602199841799	-5.95511474212507
			9.47602199841799	-5.94424774442046
			9.4868889961226	-5.93338074671585
			9.4868889961226	-5.92251374901124
			9.4868889961226	-5.91164675130663
			9.4868889961226	-5.90077975360203
		</Outline1>
		<Outline2 type=matrix rownames=FALSE colnames=FALSE nrow=152 ncol=2 as.numeric=TRUE >
			9.4868889961226	-5.90077975360203
			9.4868889961226	-5.88991275589742
			9.4868889961226	-5.87904575819281
			9.4977559938272	-5.8681787604882
			9.4977559938272	-5.8573117627836
			9.4977559938272	-5.84644476507899
			9.4977559938272	-5.83557776737438
			9.4977559938272	-5.82471076966977
			9.4977559938272	-5.81384377196516
			9.50862299153181	-5.81384377196516
			9.50862299153181	-5.80297677426056
			9.50862299153181	-5.79210977655595
			9.50862299153181	-5.78124277885134
			9.50862299153181	-5.77037578114673
			9.51948998923642	-5.75950878344213
			9.51948998923642	-5.74864178573752
			9.51948998923642	-5.73777478803291
			9.51948998923642	-5.7269077903283
			9.51948998923642	-5.7160407926237
			9.51948998923642	-5.70517379491909
			9.53035698694103	-5.69430679721448
			9.53035698694103	-5.68343979950987
			9.53035698694103	-5.67257280180526
			9.53035698694103	-5.66170580410066
			9.53035698694103	-5.65083880639605
			9.54122398464563	-5.63997180869144
			9.54122398464563	-5.62910481098683
			9.54122398464563	-5.61823781328223
			9.54122398464563	-5.60737081557762
			9.55209098235024	-5.59650381787301
			9.55209098235024	-5.5856368201684
			9.55209098235024	-5.57476982246379
			9.55209098235024	-5.56390282475919
			9.56295798005485	-5.55303582705458
			9.56295798005485	-5.54216882934997
			9.56295798005485	-5.53130183164536
			9.56295798005485	-5.52043483394075
			9.57382497775946	-5.52043483394075
			9.57382497775946	-5.50956783623615
			9.57382497775946	-5.49870083853154
			9.57382497775946	-5.48783384082693
			9.58469197546407	-5.48783384082693
			9.58469197546407	-5.47696684312232
			9.58469197546407	-5.46609984541772
			9.58469197546407	-5.45523284771311
			9.59555897316868	-5.45523284771311
			9.59555897316868	-5.4443658500085
			9.59555897316868	-5.43349885230389
			9.60642597087328	-5.42263185459928
			9.60642597087328	-5.41176485689468
			9.61729296857789	-5.40089785919007
			9.61729296857789	-5.39003086148546
			9.61729296857789	-5.37916386378085
			9.6281599662825	-5.36829686607625
			9.6281599662825	-5.35742986837164
			9.6390269639871	-5.34656287066703
			9.6390269639871	-5.33569587296242
			9.64989396169171	-5.32482887525781
			9.64989396169171	-5.31396187755321
			9.66076095939632	-5.31396187755321
			9.66076095939632	-5.3030948798486
			9.67162795710093	-5.29222788214399
			9.67162795710093	-5.28136088443938
			9.68249495480554	-5.28136088443938
			9.68249495480554	-5.27049388673478
			9.69336195251014	-5.25962688903017
			9.69336195251014	-5.24875989132556
			9.70422895021475	-5.24875989132556
			9.70422895021475	-5.23789289362095
			9.71509594791936	-5.22702589591634
			9.72596294562397	-5.22702589591634
			9.72596294562397	-5.21615889821174
			9.73682994332858	-5.20529190050713
			9.74769694103318	-5.19442490280252
			9.75856393873779	-5.18355790509791
			9.7694309364424	-5.18355790509791
			9.78029793414701	-5.17269090739331
			9.79116493185161	-5.1618239096887
			9.80203192955622	-5.1618239096887
			9.81289892726083	-5.15095691198409
			9.82376592496544	-5.14008991427948
			9.83463292267005	-5.14008991427948
			9.84549992037465	-5.12922291657487
			9.85636691807926	-5.11835591887027
			9.86723391578387	-5.11835591887027
			9.87810091348848	-5.10748892116566
			9.88896791119308	-5.10748892116566
			9.89983490889769	-5.09662192346105
			9.9107019066023	-5.09662192346105
			9.92156890430691	-5.08575492575644
			9.93243590201152	-5.08575492575644
			9.94330289971612	-5.07488792805184
			9.95416989742073	-5.07488792805184
			9.96503689512534	-5.07488792805184
			9.97590389282995	-5.06402093034723
			9.98677089053455	-5.06402093034723
			9.99763788823916	-5.06402093034723
			10.0085048859438	-5.05315393264262
			10.0193718836484	-5.05315393264262
			10.030238881353	-5.05315393264262
			10.0411058790576	-5.04228693493801
			10.0519728767622	-5.04228693493801
			10.0628398744668	-5.04228693493801
			10.0737068721714	-5.04228693493801
			10.084573869876	-5.0314199372334
			10.0954408675806	-5.0314199372334
			10.1063078652852	-5.0314199372334
			10.1171748629898	-5.0314199372334
			10.1171748629898	-5.0205529395288
			10.1280418606945	-5.0205529395288
			10.1389088583991	-5.0205529395288
			10.1497758561037	-5.0205529395288
			10.1606428538083	-5.0205529395288
			10.1715098515129	-5.00968594182419
			10.1823768492175	-5.00968594182419
			10.1932438469221	-5.00968594182419
			10.2041108446267	-5.00968594182419
			10.2149778423313	-5.00968594182419
			10.2258448400359	-5.00968594182419
			10.2367118377405	-5.00968594182419
			10.2475788354451	-5.00968594182419
			10.2584458331497	-5.00968594182419
			10.2693128308544	-5.00968594182419
			10.280179828559	-5.00968594182419
			10.2910468262636	-5.00968594182419
			10.3019138239682	-5.00968594182419
			10.3127808216728	-5.00968594182419
			10.3236478193774	-5.00968594182419
			10.334514817082	-5.00968594182419
			10.3453818147866	-5.00968594182419
			10.3562488124912	-5.00968594182419
			10.3671158101958	-5.0205529395288
			10.3779828079004	-5.0205529395288
			10.388849805605	-5.0205529395288
			10.3997168033096	-5.0205529395288
			10.4105838010143	-5.0314199372334
			10.4214507987189	-5.0314199372334
			10.4323177964235	-5.0314199372334
			10.4431847941281	-5.04228693493801
			10.4540517918327	-5.04228693493801
			10.4649187895373	-5.04228693493801
			10.4757857872419	-5.05315393264262
			10.4866527849465	-5.05315393264262
			10.4975197826511	-5.05315393264262
			10.5083867803557	-5.05315393264262
			10.5192537780603	-5.06402093034723
			10.5301207757649	-5.06402093034723
			10.5409877734696	-5.06402093034723
			10.5518547711742	-5.06402093034723
			10.5627217688788	-5.07488792805184
			10.5735887665834	-5.07488792805184
			10.584455764288	-5.07488792805184
		</Outline2>
		<Outline3 type=matrix rownames=FALSE colnames=FALSE nrow=131 ncol=2 as.numeric=TRUE >
			10.584455764288	-5.07488792805184
			10.5953227619926	-5.07488792805184
			10.6061897596972	-5.07488792805184
			10.6170567574018	-5.08575492575644
			10.6279237551064	-5.08575492575644
			10.638790752811	-5.08575492575644
			10.6496577505156	-5.08575492575644
			10.6605247482202	-5.08575492575644
			10.6713917459248	-5.09662192346105
			10.6822587436295	-5.09662192346105
			10.6931257413341	-5.09662192346105
			10.7039927390387	-5.09662192346105
			10.7148597367433	-5.09662192346105
			10.7257267344479	-5.10748892116566
			10.7365937321525	-5.10748892116566
			10.7474607298571	-5.10748892116566
			10.7583277275617	-5.10748892116566
			10.7691947252663	-5.10748892116566
			10.7800617229709	-5.11835591887027
			10.7909287206755	-5.11835591887027
			10.8017957183801	-5.11835591887027
			10.8126627160847	-5.11835591887027
			10.8235297137894	-5.11835591887027
			10.834396711494	-5.11835591887027
			10.8452637091986	-5.11835591887027
			10.8561307069032	-5.11835591887027
			10.8669977046078	-5.12922291657487
			10.8778647023124	-5.12922291657487
			10.888731700017	-5.12922291657487
			10.8995986977216	-5.12922291657487
			10.9104656954262	-5.12922291657487
			10.9213326931308	-5.12922291657487
			10.9321996908354	-5.12922291657487
			10.94306668854	-5.12922291657487
			10.9539336862446	-5.12922291657487
			10.9648006839493	-5.12922291657487
			10.9756676816539	-5.12922291657487
			10.9865346793585	-5.14008991427948
			10.9974016770631	-5.14008991427948
			11.0082686747677	-5.14008991427948
			11.0191356724723	-5.14008991427948
			11.0300026701769	-5.14008991427948
			11.0408696678815	-5.14008991427948
			11.0517366655861	-5.14008991427948
			11.0626036632907	-5.15095691198409
			11.0734706609953	-5.15095691198409
			11.0843376586999	-5.15095691198409
			11.0952046564045	-5.15095691198409
			11.1060716541092	-5.15095691198409
			11.1169386518138	-5.1618239096887
			11.1278056495184	-5.1618239096887
			11.138672647223	-5.1618239096887
			11.1495396449276	-5.17269090739331
			11.1604066426322	-5.17269090739331
			11.1712736403368	-5.17269090739331
			11.1821406380414	-5.17269090739331
			11.1821406380414	-5.18355790509791
			11.193007635746	-5.18355790509791
			11.2038746334506	-5.18355790509791
			11.2147416311552	-5.19442490280252
			11.2256086288598	-5.19442490280252
			11.2364756265645	-5.19442490280252
			11.2473426242691	-5.20529190050713
			11.2582096219737	-5.21615889821174
			11.2690766196783	-5.21615889821174
			11.2799436173829	-5.21615889821174
			11.2908106150875	-5.22702589591634
			11.3016776127921	-5.22702589591634
			11.3125446104967	-5.23789289362095
			11.3234116082013	-5.23789289362095
			11.3342786059059	-5.23789289362095
			11.3451456036105	-5.24875989132556
			11.3560126013151	-5.25962688903017
			11.3668795990197	-5.25962688903017
			11.3777465967244	-5.27049388673478
			11.388613594429	-5.27049388673478
			11.3994805921336	-5.28136088443938
			11.4103475898382	-5.29222788214399
			11.4212145875428	-5.3030948798486
			11.4320815852474	-5.3030948798486
			11.442948582952	-5.31396187755321
			11.4538155806566	-5.32482887525781
			11.4646825783612	-5.33569587296242
			11.4755495760658	-5.34656287066703
			11.4864165737704	-5.35742986837164
			11.497283571475	-5.36829686607625
			11.5081505691796	-5.37916386378085
			11.5190175668843	-5.39003086148546
			11.5298845645889	-5.40089785919007
			11.5407515622935	-5.41176485689468
			11.5407515622935	-5.42263185459928
			11.5516185599981	-5.43349885230389
			11.5624855577027	-5.4443658500085
			11.5733525554073	-5.45523284771311
			11.5842195531119	-5.46609984541772
			11.5950865508165	-5.47696684312232
			11.5950865508165	-5.48783384082693
			11.6059535485211	-5.49870083853154
			11.6168205462257	-5.50956783623615
			11.6276875439303	-5.52043483394075
			11.6276875439303	-5.53130183164536
			11.6385545416349	-5.54216882934997
			11.6385545416349	-5.55303582705458
			11.6494215393395	-5.56390282475919
			11.6602885370442	-5.57476982246379
			11.6602885370442	-5.5856368201684
			11.6711555347488	-5.59650381787301
			11.6711555347488	-5.60737081557762
			11.6711555347488	-5.61823781328223
			11.6820225324534	-5.61823781328223
			11.6820225324534	-5.62910481098683
			11.6820225324534	-5.63997180869144
			11.692889530158	-5.63997180869144
			11.692889530158	-5.65083880639605
			11.692889530158	-5.66170580410066
			11.7037565278626	-5.67257280180526
			11.7037565278626	-5.68343979950987
			11.7037565278626	-5.69430679721448
			11.7037565278626	-5.70517379491909
			11.7146235255672	-5.7160407926237
			11.7146235255672	-5.7269077903283
			11.7146235255672	-5.73777478803291
			11.7146235255672	-5.74864178573752
			11.7146235255672	-5.75950878344213
			11.7146235255672	-5.77037578114673
			11.7146235255672	-5.78124277885134
			11.7146235255672	-5.79210977655595
			11.7146235255672	-5.80297677426056
			11.7146235255672	-5.81384377196516
			11.7146235255672	-5.82471076966977
			11.7146235255672	-5.83557776737438
		</Outline3>
		<Outline4 type=matrix rownames=FALSE colnames=FALSE nrow=144 ncol=2 as.numeric=TRUE >
			11.7146235255672	-5.83557776737438
			11.7146235255672	-5.84644476507899
			11.7146235255672	-5.8573117627836
			11.7146235255672	-5.8681787604882
			11.7146235255672	-5.87904575819281
			11.7037565278626	-5.88991275589742
			11.7037565278626	-5.90077975360203
			11.7037565278626	-5.91164675130663
			11.7037565278626	-5.92251374901124
			11.7037565278626	-5.93338074671585
			11.7037565278626	-5.94424774442046
			11.7037565278626	-5.95511474212507
			11.7037565278626	-5.96598173982967
			11.7037565278626	-5.97684873753428
			11.7037565278626	-5.98771573523889
			11.692889530158	-5.98771573523889
			11.692889530158	-5.9985827329435
			11.692889530158	-6.0094497306481
			11.692889530158	-6.02031672835271
			11.692889530158	-6.03118372605732
			11.692889530158	-6.04205072376193
			11.692889530158	-6.05291772146654
			11.6820225324534	-6.06378471917114
			11.6820225324534	-6.07465171687575
			11.6820225324534	-6.08551871458036
			11.6820225324534	-6.09638571228497
			11.6820225324534	-6.10725270998958
			11.6820225324534	-6.11811970769418
			11.6711555347488	-6.12898670539879
			11.6711555347488	-6.1398537031034
			11.6711555347488	-6.15072070080801
			11.6711555347488	-6.16158769851261
			11.6711555347488	-6.17245469621722
			11.6711555347488	-6.18332169392183
			11.6711555347488	-6.19418869162644
			11.6711555347488	-6.20505568933105
			11.6711555347488	-6.21592268703565
			11.6711555347488	-6.22678968474026
			11.6711555347488	-6.23765668244487
			11.6602885370442	-6.24852368014948
			11.6602885370442	-6.25939067785408
			11.6602885370442	-6.27025767555869
			11.6602885370442	-6.2811246732633
			11.6494215393395	-6.29199167096791
			11.6494215393395	-6.30285866867252
			11.6494215393395	-6.31372566637712
			11.6494215393395	-6.32459266408173
			11.6385545416349	-6.33545966178634
			11.6276875439303	-6.34632665949095
			11.6168205462257	-6.35719365719555
			11.6059535485211	-6.36806065490016
			11.5950865508165	-6.37892765260477
			11.5842195531119	-6.37892765260477
			11.5733525554073	-6.38979465030938
			11.5624855577027	-6.40066164801399
			11.5516185599981	-6.40066164801399
			11.5407515622935	-6.40066164801399
			11.5298845645889	-6.40066164801399
			11.5190175668843	-6.40066164801399
			11.5081505691796	-6.41152864571859
			11.497283571475	-6.41152864571859
			11.4864165737704	-6.41152864571859
			11.4755495760658	-6.4223956434232
			11.4646825783612	-6.4223956434232
			11.4538155806566	-6.43326264112781
			11.442948582952	-6.43326264112781
			11.4320815852474	-6.44412963883242
			11.4212145875428	-6.44412963883242
			11.4103475898382	-6.45499663653702
			11.3994805921336	-6.46586363424163
			11.388613594429	-6.47673063194624
			11.3777465967244	-6.47673063194624
			11.3777465967244	-6.48759762965085
			11.3668795990197	-6.49846462735546
			11.3560126013151	-6.49846462735546
			11.3451456036105	-6.50933162506006
			11.3342786059059	-6.52019862276467
			11.3234116082013	-6.52019862276467
			11.3125446104967	-6.53106562046928
			11.3016776127921	-6.54193261817389
			11.2908106150875	-6.55279961587849
			11.2799436173829	-6.55279961587849
			11.2690766196783	-6.5636666135831
			11.2582096219737	-6.57453361128771
			11.2473426242691	-6.57453361128771
			11.2364756265645	-6.57453361128771
			11.2256086288598	-6.58540060899232
			11.2147416311552	-6.58540060899232
			11.2038746334506	-6.59626760669693
			11.193007635746	-6.59626760669693
			11.1821406380414	-6.60713460440153
			11.1712736403368	-6.60713460440153
			11.1604066426322	-6.60713460440153
			11.1495396449276	-6.60713460440153
			11.1495396449276	-6.61800160210614
			11.138672647223	-6.61800160210614
			11.1278056495184	-6.61800160210614
			11.1169386518138	-6.61800160210614
			11.1060716541092	-6.61800160210614
			11.1060716541092	-6.62886859981075
			11.0952046564045	-6.62886859981075
			11.0843376586999	-6.62886859981075
			11.0734706609953	-6.62886859981075
			11.0626036632907	-6.62886859981075
			11.0517366655861	-6.62886859981075
			11.0517366655861	-6.63973559751536
			11.0408696678815	-6.63973559751536
			11.0300026701769	-6.63973559751536
			11.0191356724723	-6.63973559751536
			11.0082686747677	-6.63973559751536
			10.9974016770631	-6.63973559751536
			10.9865346793585	-6.63973559751536
			10.9756676816539	-6.63973559751536
			10.9648006839493	-6.63973559751536
			10.9539336862446	-6.62886859981075
			10.94306668854	-6.62886859981075
			10.9321996908354	-6.62886859981075
			10.9213326931308	-6.62886859981075
			10.9104656954262	-6.62886859981075
			10.8995986977216	-6.62886859981075
			10.888731700017	-6.62886859981075
			10.8778647023124	-6.62886859981075
			10.8669977046078	-6.61800160210614
			10.8561307069032	-6.61800160210614
			10.8452637091986	-6.61800160210614
			10.834396711494	-6.61800160210614
			10.8235297137894	-6.61800160210614
			10.8126627160847	-6.61800160210614
			10.8017957183801	-6.61800160210614
			10.7909287206755	-6.61800160210614
			10.7800617229709	-6.61800160210614
			10.7691947252663	-6.61800160210614
			10.7583277275617	-6.61800160210614
			10.7474607298571	-6.61800160210614
			10.7365937321525	-6.61800160210614
			10.7257267344479	-6.61800160210614
			10.7148597367433	-6.61800160210614
			10.7039927390387	-6.61800160210614
			10.6931257413341	-6.61800160210614
			10.6822587436295	-6.61800160210614
			10.6713917459248	-6.61800160210614
			10.6605247482202	-6.61800160210614
			10.6496577505156	-6.61800160210614
			10.638790752811	-6.61800160210614
		</Outline4>
	</curves.scaled>
	<ruler.points type=matrix rownames=TRUE colnames=FALSE nrow=2 ncol=2 as.numeric=TRUE >
		Ruler point 1	838	343
		Ruler point 2	746	345
	</ruler.points>
</shapes>

