<shapes type=list>
	<ruler.pixel type=vector names=FALSE length=1 as.numeric=TRUE >94.3663075467086</ruler.pixel>
	<ruler.interval type=vector names=FALSE length=1 as.numeric=TRUE >8.2</ruler.interval>
	<scaling.units type=vector names=FALSE length=1 as.numeric=FALSE >mm</scaling.units>
	<scaling type=vector names=FALSE length=1 as.numeric=TRUE >0.0868954207617081</scaling>
	<landmarks.pixel type=matrix rownames=TRUE colnames=FALSE nrow=4 ncol=2 as.numeric=TRUE >
		Labial	1017	601
		Posterior	982	549
		Lingual	1035	516
		Anterior	1074	568
	</landmarks.pixel>
	<landmarks.scaled type=matrix rownames=TRUE colnames=FALSE nrow=4 ncol=2 as.numeric=TRUE >
		Labial	88.3726429146571	-52.2241478777866
		Posterior	85.3313031879974	-47.7055859981778
		Lingual	89.9367604883679	-44.8380371130414
		Anterior	93.3256818980745	-49.3565989926502
	</landmarks.scaled>
	<curves.control type=list>
		<Outline1 type=matrix rownames=FALSE colnames=FALSE nrow=13 ncol=2 as.numeric=TRUE >
			1017	601
			1010	601
			1005	601
			1001	605
			994	605
			987	605
			981	601
			977	596
			975	588
			975	579
			976	571
			978	561
			982	549
		</Outline1>
		<Outline2 type=matrix rownames=FALSE colnames=FALSE nrow=11 ncol=2 as.numeric=TRUE >
			982	549
			984	542
			986	535
			989	529
			992	524
			996	518
			1002	517
			1010	516
			1019	516
			1027	516
			1035	516
		</Outline2>
		<Outline3 type=matrix rownames=FALSE colnames=FALSE nrow=11 ncol=2 as.numeric=TRUE >
			1035	516
			1045	518
			1053	522
			1061	526
			1067	531
			1071	535
			1074	542
			1075	549
			1075	555
			1075	562
			1074	568
		</Outline3>
		<Outline4 type=matrix rownames=FALSE colnames=FALSE nrow=13 ncol=2 as.numeric=TRUE >
			1074	568
			1073	574
			1070	581
			1066	586
			1062	591
			1058	596
			1052	600
			1045	603
			1038	605
			1032	606
			1027	606
			1023	605
			1017	601
		</Outline4>
	</curves.control>
	<curves.pixel type=list>
		<Outline1 type=matrix rownames=FALSE colnames=FALSE nrow=89 ncol=2 as.numeric=TRUE >
			1017	601
			1016	601
			1015	601
			1014	601
			1013	601
			1012	601
			1011	601
			1010	601
			1009	601
			1008	601
			1007	601
			1006	601
			1005	601
			1004	602
			1003	603
			1002	603
			1001	604
			1000	604
			999	604
			998	605
			997	605
			996	605
			995	605
			994	605
			993	605
			992	605
			991	605
			990	605
			989	605
			988	604
			987	604
			986	603
			985	603
			984	603
			983	602
			982	601
			981	601
			980	600
			980	599
			979	598
			978	597
			978	596
			977	595
			977	594
			977	593
			976	592
			976	591
			975	590
			975	589
			975	588
			975	587
			975	586
			975	585
			975	584
			975	583
			975	582
			975	581
			975	580
			975	579
			975	578
			975	577
			976	576
			976	575
			976	574
			976	573
			976	572
			976	571
			976	570
			977	569
			977	568
			977	567
			977	566
			977	565
			978	564
			978	563
			978	562
			978	561
			979	560
			979	559
			979	558
			980	557
			980	556
			980	555
			980	554
			981	553
			981	552
			981	551
			982	550
			982	549
		</Outline1>
		<Outline2 type=matrix rownames=FALSE colnames=FALSE nrow=72 ncol=2 as.numeric=TRUE >
			982	549
			982	548
			983	547
			983	546
			983	545
			983	544
			984	543
			984	542
			984	541
			984	540
			985	539
			985	538
			985	537
			986	536
			986	535
			987	534
			987	533
			988	532
			988	531
			989	530
			989	529
			990	528
			990	527
			991	526
			991	525
			992	525
			992	524
			993	523
			994	522
			994	521
			995	520
			996	520
			997	519
			998	519
			998	518
			999	518
			1000	517
			1001	517
			1002	517
			1003	517
			1004	517
			1005	517
			1006	517
			1007	516
			1008	516
			1009	516
			1010	516
			1011	516
			1012	516
			1013	516
			1014	516
			1015	516
			1016	516
			1017	516
			1018	516
			1019	516
			1020	516
			1021	516
			1022	516
			1023	516
			1024	516
			1025	516
			1026	516
			1027	516
			1028	516
			1029	516
			1030	516
			1031	516
			1032	516
			1033	516
			1034	516
			1035	516
		</Outline2>
		<Outline3 type=matrix rownames=FALSE colnames=FALSE nrow=74 ncol=2 as.numeric=TRUE >
			1035	516
			1036	516
			1037	516
			1038	517
			1039	517
			1040	517
			1041	517
			1042	518
			1043	518
			1044	518
			1045	519
			1046	519
			1047	520
			1048	520
			1049	520
			1050	521
			1051	521
			1052	522
			1053	522
			1054	523
			1055	523
			1056	523
			1057	524
			1058	524
			1058	525
			1059	525
			1060	526
			1061	526
			1062	527
			1062	528
			1063	528
			1064	529
			1065	529
			1065	530
			1066	530
			1067	531
			1068	532
			1069	533
			1070	534
			1070	535
			1071	536
			1072	537
			1072	538
			1073	539
			1073	540
			1073	541
			1074	542
			1074	543
			1074	544
			1074	545
			1074	546
			1075	546
			1075	547
			1075	548
			1075	549
			1075	550
			1075	551
			1075	552
			1075	553
			1075	554
			1075	555
			1075	556
			1075	557
			1075	558
			1075	559
			1075	560
			1075	561
			1075	562
			1075	563
			1075	564
			1074	565
			1074	566
			1074	567
			1074	568
		</Outline3>
		<Outline4 type=matrix rownames=FALSE colnames=FALSE nrow=75 ncol=2 as.numeric=TRUE >
			1074	568
			1074	569
			1074	570
			1073	571
			1073	572
			1073	573
			1073	574
			1072	575
			1072	576
			1072	577
			1071	578
			1071	579
			1070	580
			1070	581
			1069	582
			1069	583
			1068	583
			1067	584
			1067	585
			1066	586
			1066	587
			1065	587
			1064	588
			1064	589
			1063	590
			1062	590
			1062	591
			1061	592
			1061	593
			1060	593
			1059	594
			1058	595
			1058	596
			1057	596
			1056	597
			1055	598
			1054	598
			1053	599
			1053	600
			1052	600
			1051	600
			1050	601
			1049	601
			1048	602
			1047	602
			1046	602
			1045	603
			1044	603
			1043	603
			1042	604
			1041	604
			1040	604
			1039	605
			1038	605
			1037	605
			1036	605
			1035	605
			1034	606
			1033	606
			1032	606
			1031	606
			1030	606
			1029	606
			1028	606
			1027	606
			1026	606
			1025	605
			1024	605
			1023	605
			1022	604
			1021	604
			1020	603
			1019	602
			1018	602
			1017	601
		</Outline4>
	</curves.pixel>
	<curves.scaled type=list>
		<Outline1 type=matrix rownames=FALSE colnames=FALSE nrow=89 ncol=2 as.numeric=TRUE >
			88.3726429146571	-52.2241478777866
			88.2857474938954	-52.2241478777866
			88.1988520731337	-52.2241478777866
			88.111956652372	-52.2241478777866
			88.0250612316103	-52.2241478777866
			87.9381658108486	-52.2241478777866
			87.8512703900869	-52.2241478777866
			87.7643749693252	-52.2241478777866
			87.6774795485635	-52.2241478777866
			87.5905841278018	-52.2241478777866
			87.5036887070401	-52.2241478777866
			87.4167932862784	-52.2241478777866
			87.3298978655167	-52.2241478777866
			87.2430024447549	-52.3110432985483
			87.1561070239932	-52.39793871931
			87.0692116032315	-52.39793871931
			86.9823161824698	-52.4848341400717
			86.8954207617081	-52.4848341400717
			86.8085253409464	-52.4848341400717
			86.7216299201847	-52.5717295608334
			86.634734499423	-52.5717295608334
			86.5478390786613	-52.5717295608334
			86.4609436578996	-52.5717295608334
			86.3740482371379	-52.5717295608334
			86.2871528163762	-52.5717295608334
			86.2002573956144	-52.5717295608334
			86.1133619748527	-52.5717295608334
			86.026466554091	-52.5717295608334
			85.9395711333293	-52.5717295608334
			85.8526757125676	-52.4848341400717
			85.7657802918059	-52.4848341400717
			85.6788848710442	-52.39793871931
			85.5919894502825	-52.39793871931
			85.5050940295208	-52.39793871931
			85.4181986087591	-52.3110432985483
			85.3313031879974	-52.2241478777866
			85.2444077672357	-52.2241478777866
			85.157512346474	-52.1372524570249
			85.157512346474	-52.0503570362632
			85.0706169257122	-51.9634616155015
			84.9837215049505	-51.8765661947397
			84.9837215049505	-51.789670773978
			84.8968260841888	-51.7027753532163
			84.8968260841888	-51.6158799324546
			84.8968260841888	-51.5289845116929
			84.8099306634271	-51.4420890909312
			84.8099306634271	-51.3551936701695
			84.7230352426654	-51.2682982494078
			84.7230352426654	-51.1814028286461
			84.7230352426654	-51.0945074078844
			84.7230352426654	-51.0076119871227
			84.7230352426654	-50.920716566361
			84.7230352426654	-50.8338211455992
			84.7230352426654	-50.7469257248375
			84.7230352426654	-50.6600303040758
			84.7230352426654	-50.5731348833141
			84.7230352426654	-50.4862394625524
			84.7230352426654	-50.3993440417907
			84.7230352426654	-50.312448621029
			84.7230352426654	-50.2255532002673
			84.7230352426654	-50.1386577795056
			84.8099306634271	-50.0517623587439
			84.8099306634271	-49.9648669379822
			84.8099306634271	-49.8779715172205
			84.8099306634271	-49.7910760964588
			84.8099306634271	-49.704180675697
			84.8099306634271	-49.6172852549353
			84.8099306634271	-49.5303898341736
			84.8968260841888	-49.4434944134119
			84.8968260841888	-49.3565989926502
			84.8968260841888	-49.2697035718885
			84.8968260841888	-49.1828081511268
			84.8968260841888	-49.0959127303651
			84.9837215049505	-49.0090173096034
			84.9837215049505	-48.9221218888417
			84.9837215049505	-48.83522646808
			84.9837215049505	-48.7483310473183
			85.0706169257122	-48.6614356265565
			85.0706169257122	-48.5745402057948
			85.0706169257122	-48.4876447850331
			85.157512346474	-48.4007493642714
			85.157512346474	-48.3138539435097
			85.157512346474	-48.226958522748
			85.157512346474	-48.1400631019863
			85.2444077672357	-48.0531676812246
			85.2444077672357	-47.9662722604629
			85.2444077672357	-47.8793768397012
			85.3313031879974	-47.7924814189395
			85.3313031879974	-47.7055859981778
		</Outline1>
		<Outline2 type=matrix rownames=FALSE colnames=FALSE nrow=72 ncol=2 as.numeric=TRUE >
			85.3313031879974	-47.7055859981778
			85.3313031879974	-47.618690577416
			85.4181986087591	-47.5317951566543
			85.4181986087591	-47.4448997358926
			85.4181986087591	-47.3580043151309
			85.4181986087591	-47.2711088943692
			85.5050940295208	-47.1842134736075
			85.5050940295208	-47.0973180528458
			85.5050940295208	-47.0104226320841
			85.5050940295208	-46.9235272113224
			85.5919894502825	-46.8366317905607
			85.5919894502825	-46.749736369799
			85.5919894502825	-46.6628409490373
			85.6788848710442	-46.5759455282755
			85.6788848710442	-46.4890501075138
			85.7657802918059	-46.4021546867521
			85.7657802918059	-46.3152592659904
			85.8526757125676	-46.2283638452287
			85.8526757125676	-46.141468424467
			85.9395711333293	-46.0545730037053
			85.9395711333293	-45.9676775829436
			86.026466554091	-45.8807821621819
			86.026466554091	-45.7938867414202
			86.1133619748527	-45.7069913206585
			86.1133619748527	-45.6200958998968
			86.2002573956144	-45.6200958998968
			86.2002573956144	-45.5332004791351
			86.2871528163762	-45.4463050583733
			86.3740482371379	-45.3594096376116
			86.3740482371379	-45.2725142168499
			86.4609436578996	-45.1856187960882
			86.5478390786613	-45.1856187960882
			86.634734499423	-45.0987233753265
			86.7216299201847	-45.0987233753265
			86.7216299201847	-45.0118279545648
			86.8085253409464	-45.0118279545648
			86.8954207617081	-44.9249325338031
			86.9823161824698	-44.9249325338031
			87.0692116032315	-44.9249325338031
			87.1561070239932	-44.9249325338031
			87.2430024447549	-44.9249325338031
			87.3298978655167	-44.9249325338031
			87.4167932862784	-44.9249325338031
			87.5036887070401	-44.8380371130414
			87.5905841278018	-44.8380371130414
			87.6774795485635	-44.8380371130414
			87.7643749693252	-44.8380371130414
			87.8512703900869	-44.8380371130414
			87.9381658108486	-44.8380371130414
			88.0250612316103	-44.8380371130414
			88.111956652372	-44.8380371130414
			88.1988520731337	-44.8380371130414
			88.2857474938954	-44.8380371130414
			88.3726429146571	-44.8380371130414
			88.4595383354189	-44.8380371130414
			88.5464337561806	-44.8380371130414
			88.6333291769423	-44.8380371130414
			88.720224597704	-44.8380371130414
			88.8071200184657	-44.8380371130414
			88.8940154392274	-44.8380371130414
			88.9809108599891	-44.8380371130414
			89.0678062807508	-44.8380371130414
			89.1547017015125	-44.8380371130414
			89.2415971222742	-44.8380371130414
			89.3284925430359	-44.8380371130414
			89.4153879637977	-44.8380371130414
			89.5022833845594	-44.8380371130414
			89.5891788053211	-44.8380371130414
			89.6760742260828	-44.8380371130414
			89.7629696468445	-44.8380371130414
			89.8498650676062	-44.8380371130414
			89.9367604883679	-44.8380371130414
		</Outline2>
		<Outline3 type=matrix rownames=FALSE colnames=FALSE nrow=74 ncol=2 as.numeric=TRUE >
			89.9367604883679	-44.8380371130414
			90.0236559091296	-44.8380371130414
			90.1105513298913	-44.8380371130414
			90.197446750653	-44.9249325338031
			90.2843421714147	-44.9249325338031
			90.3712375921764	-44.9249325338031
			90.4581330129381	-44.9249325338031
			90.5450284336999	-45.0118279545648
			90.6319238544616	-45.0118279545648
			90.7188192752233	-45.0118279545648
			90.805714695985	-45.0987233753265
			90.8926101167467	-45.0987233753265
			90.9795055375084	-45.1856187960882
			91.0664009582701	-45.1856187960882
			91.1532963790318	-45.1856187960882
			91.2401917997935	-45.2725142168499
			91.3270872205552	-45.2725142168499
			91.4139826413169	-45.3594096376116
			91.5008780620786	-45.3594096376116
			91.5877734828403	-45.4463050583733
			91.6746689036021	-45.4463050583733
			91.7615643243638	-45.4463050583733
			91.8484597451255	-45.5332004791351
			91.9353551658872	-45.5332004791351
			91.9353551658872	-45.6200958998968
			92.0222505866489	-45.6200958998968
			92.1091460074106	-45.7069913206585
			92.1960414281723	-45.7069913206585
			92.282936848934	-45.7938867414202
			92.282936848934	-45.8807821621819
			92.3698322696957	-45.8807821621819
			92.4567276904574	-45.9676775829436
			92.5436231112191	-45.9676775829436
			92.5436231112191	-46.0545730037053
			92.6305185319809	-46.0545730037053
			92.7174139527426	-46.141468424467
			92.8043093735043	-46.2283638452287
			92.891204794266	-46.3152592659904
			92.9781002150277	-46.4021546867521
			92.9781002150277	-46.4890501075138
			93.0649956357894	-46.5759455282755
			93.1518910565511	-46.6628409490373
			93.1518910565511	-46.749736369799
			93.2387864773128	-46.8366317905607
			93.2387864773128	-46.9235272113224
			93.2387864773128	-47.0104226320841
			93.3256818980745	-47.0973180528458
			93.3256818980745	-47.1842134736075
			93.3256818980745	-47.2711088943692
			93.3256818980745	-47.3580043151309
			93.3256818980745	-47.4448997358926
			93.4125773188362	-47.4448997358926
			93.4125773188362	-47.5317951566543
			93.4125773188362	-47.618690577416
			93.4125773188362	-47.7055859981778
			93.4125773188362	-47.7924814189395
			93.4125773188362	-47.8793768397012
			93.4125773188362	-47.9662722604629
			93.4125773188362	-48.0531676812246
			93.4125773188362	-48.1400631019863
			93.4125773188362	-48.226958522748
			93.4125773188362	-48.3138539435097
			93.4125773188362	-48.4007493642714
			93.4125773188362	-48.4876447850331
			93.4125773188362	-48.5745402057948
			93.4125773188362	-48.6614356265565
			93.4125773188362	-48.7483310473183
			93.4125773188362	-48.83522646808
			93.4125773188362	-48.9221218888417
			93.4125773188362	-49.0090173096034
			93.3256818980745	-49.0959127303651
			93.3256818980745	-49.1828081511268
			93.3256818980745	-49.2697035718885
			93.3256818980745	-49.3565989926502
		</Outline3>
		<Outline4 type=matrix rownames=FALSE colnames=FALSE nrow=75 ncol=2 as.numeric=TRUE >
			93.3256818980745	-49.3565989926502
			93.3256818980745	-49.4434944134119
			93.3256818980745	-49.5303898341736
			93.2387864773128	-49.6172852549353
			93.2387864773128	-49.704180675697
			93.2387864773128	-49.7910760964588
			93.2387864773128	-49.8779715172205
			93.1518910565511	-49.9648669379822
			93.1518910565511	-50.0517623587439
			93.1518910565511	-50.1386577795056
			93.0649956357894	-50.2255532002673
			93.0649956357894	-50.312448621029
			92.9781002150277	-50.3993440417907
			92.9781002150277	-50.4862394625524
			92.891204794266	-50.5731348833141
			92.891204794266	-50.6600303040758
			92.8043093735043	-50.6600303040758
			92.7174139527426	-50.7469257248375
			92.7174139527426	-50.8338211455992
			92.6305185319809	-50.920716566361
			92.6305185319809	-51.0076119871227
			92.5436231112191	-51.0076119871227
			92.4567276904574	-51.0945074078844
			92.4567276904574	-51.1814028286461
			92.3698322696957	-51.2682982494078
			92.282936848934	-51.2682982494078
			92.282936848934	-51.3551936701695
			92.1960414281723	-51.4420890909312
			92.1960414281723	-51.5289845116929
			92.1091460074106	-51.5289845116929
			92.0222505866489	-51.6158799324546
			91.9353551658872	-51.7027753532163
			91.9353551658872	-51.789670773978
			91.8484597451255	-51.789670773978
			91.7615643243638	-51.8765661947397
			91.6746689036021	-51.9634616155015
			91.5877734828403	-51.9634616155015
			91.5008780620786	-52.0503570362632
			91.5008780620786	-52.1372524570249
			91.4139826413169	-52.1372524570249
			91.3270872205552	-52.1372524570249
			91.2401917997935	-52.2241478777866
			91.1532963790318	-52.2241478777866
			91.0664009582701	-52.3110432985483
			90.9795055375084	-52.3110432985483
			90.8926101167467	-52.3110432985483
			90.805714695985	-52.39793871931
			90.7188192752233	-52.39793871931
			90.6319238544616	-52.39793871931
			90.5450284336999	-52.4848341400717
			90.4581330129381	-52.4848341400717
			90.3712375921764	-52.4848341400717
			90.2843421714147	-52.5717295608334
			90.197446750653	-52.5717295608334
			90.1105513298913	-52.5717295608334
			90.0236559091296	-52.5717295608334
			89.9367604883679	-52.5717295608334
			89.8498650676062	-52.6586249815951
			89.7629696468445	-52.6586249815951
			89.6760742260828	-52.6586249815951
			89.5891788053211	-52.6586249815951
			89.5022833845594	-52.6586249815951
			89.4153879637977	-52.6586249815951
			89.3284925430359	-52.6586249815951
			89.2415971222742	-52.6586249815951
			89.1547017015125	-52.6586249815951
			89.0678062807508	-52.5717295608334
			88.9809108599891	-52.5717295608334
			88.8940154392274	-52.5717295608334
			88.8071200184657	-52.4848341400717
			88.720224597704	-52.4848341400717
			88.6333291769423	-52.39793871931
			88.5464337561806	-52.3110432985483
			88.4595383354189	-52.3110432985483
			88.3726429146571	-52.2241478777866
		</Outline4>
	</curves.scaled>
	<ruler.points type=matrix rownames=TRUE colnames=FALSE nrow=2 ncol=2 as.numeric=TRUE >
		Ruler point 1	981	552
		Ruler point 2	1074	568
	</ruler.points>
</shapes>

