<shapes type=list>
	<ruler.pixel type=vector names=FALSE length=1 as.numeric=TRUE >220</ruler.pixel>
	<ruler.interval type=vector names=FALSE length=1 as.numeric=TRUE >1</ruler.interval>
	<scaling.units type=vector names=FALSE length=1 as.numeric=FALSE >mm</scaling.units>
	<scaling type=vector names=FALSE length=1 as.numeric=TRUE >0.00454545454545455</scaling>
	<landmarks.pixel type=matrix rownames=TRUE colnames=FALSE nrow=4 ncol=2 as.numeric=TRUE >
		Labial	1759	1298
		Posterior	1571	1129
		Lingual	1775	990
		Anterior	1962	1155
	</landmarks.pixel>
	<landmarks.scaled type=matrix rownames=TRUE colnames=FALSE nrow=4 ncol=2 as.numeric=TRUE >
		Labial	7.99545454545455	-5.9
		Posterior	7.14090909090909	-5.13181818181818
		Lingual	8.06818181818182	-4.5
		Anterior	8.91818181818182	-5.25
	</landmarks.scaled>
	<curves.control type=list>
		<Outline1 type=matrix rownames=FALSE colnames=FALSE nrow=19 ncol=2 as.numeric=TRUE >
			1759	1298
			1742	1302
			1719	1307
			1699	1310
			1674	1315
			1652	1315
			1632	1315
			1613	1310
			1599	1301
			1584	1291
			1574	1278
			1566	1264
			1561	1248
			1560	1225
			1560	1202
			1562	1176
			1566	1157
			1567	1143
			1571	1129
		</Outline1>
		<Outline2 type=matrix rownames=FALSE colnames=FALSE nrow=17 ncol=2 as.numeric=TRUE >
			1571	1129
			1577	1108
			1583	1083
			1591	1058
			1600	1037
			1612	1021
			1628	1004
			1641	990
			1659	977
			1676	971
			1693	968
			1712	972
			1725	978
			1742	985
			1753	988
			1764	992
			1775	990
		</Outline2>
		<Outline3 type=matrix rownames=FALSE colnames=FALSE nrow=15 ncol=2 as.numeric=TRUE >
			1775	990
			1795	992
			1811	996
			1832	1001
			1853	1009
			1877	1019
			1896	1026
			1913	1037
			1924	1050
			1938	1065
			1948	1082
			1956	1098
			1962	1114
			1966	1132
			1962	1155
		</Outline3>
		<Outline4 type=matrix rownames=FALSE colnames=FALSE nrow=15 ncol=2 as.numeric=TRUE >
			1962	1155
			1959	1176
			1950	1196
			1940	1214
			1923	1233
			1906	1247
			1888	1259
			1864	1270
			1847	1276
			1831	1279
			1821	1279
			1806	1281
			1793	1283
			1776	1290
			1759	1298
		</Outline4>
	</curves.control>
	<curves.pixel type=list>
		<Outline1 type=matrix rownames=FALSE colnames=FALSE nrow=339 ncol=2 as.numeric=TRUE >
			1759	1298
			1758	1298
			1757	1298
			1756	1299
			1755	1299
			1754	1299
			1753	1300
			1752	1300
			1751	1300
			1750	1300
			1749	1300
			1748	1301
			1747	1301
			1746	1301
			1745	1301
			1744	1302
			1743	1302
			1742	1302
			1741	1302
			1740	1302
			1739	1303
			1738	1303
			1737	1303
			1736	1303
			1735	1304
			1734	1304
			1733	1304
			1732	1304
			1731	1304
			1730	1305
			1729	1305
			1728	1305
			1727	1305
			1726	1306
			1725	1306
			1724	1306
			1723	1306
			1722	1306
			1721	1307
			1720	1307
			1719	1307
			1718	1307
			1717	1307
			1716	1307
			1715	1308
			1714	1308
			1713	1308
			1712	1308
			1711	1308
			1710	1308
			1709	1309
			1708	1309
			1707	1309
			1706	1309
			1705	1309
			1704	1309
			1703	1310
			1702	1310
			1701	1310
			1700	1310
			1699	1310
			1698	1310
			1697	1311
			1696	1311
			1695	1311
			1694	1311
			1693	1311
			1692	1312
			1691	1312
			1690	1312
			1689	1312
			1688	1312
			1687	1313
			1686	1313
			1685	1313
			1684	1313
			1683	1313
			1682	1313
			1681	1314
			1680	1314
			1679	1314
			1678	1314
			1677	1314
			1676	1315
			1675	1315
			1674	1315
			1673	1315
			1672	1315
			1671	1315
			1670	1315
			1669	1315
			1668	1315
			1667	1315
			1666	1315
			1665	1315
			1664	1315
			1663	1315
			1662	1315
			1661	1315
			1660	1315
			1659	1315
			1658	1315
			1657	1315
			1656	1315
			1655	1315
			1654	1315
			1653	1315
			1652	1315
			1651	1315
			1650	1315
			1649	1315
			1648	1315
			1647	1315
			1646	1315
			1645	1315
			1644	1315
			1643	1315
			1642	1315
			1641	1315
			1640	1315
			1639	1315
			1638	1315
			1637	1315
			1636	1315
			1635	1315
			1634	1315
			1633	1315
			1632	1315
			1631	1315
			1630	1315
			1629	1314
			1628	1314
			1627	1314
			1626	1313
			1625	1313
			1624	1313
			1623	1312
			1622	1312
			1621	1311
			1620	1311
			1619	1311
			1618	1310
			1617	1310
			1616	1310
			1615	1309
			1614	1309
			1613	1308
			1612	1308
			1611	1308
			1610	1307
			1609	1307
			1608	1306
			1607	1306
			1607	1305
			1606	1305
			1605	1304
			1604	1304
			1603	1304
			1602	1303
			1601	1302
			1600	1301
			1599	1301
			1598	1300
			1597	1299
			1596	1299
			1595	1298
			1594	1297
			1593	1297
			1592	1296
			1591	1295
			1590	1294
			1589	1294
			1588	1293
			1587	1292
			1586	1291
			1585	1290
			1584	1289
			1583	1288
			1582	1287
			1581	1286
			1580	1285
			1579	1284
			1578	1283
			1577	1282
			1576	1281
			1575	1280
			1575	1279
			1574	1278
			1573	1277
			1573	1276
			1573	1275
			1572	1275
			1572	1274
			1571	1273
			1571	1272
			1570	1271
			1570	1270
			1569	1269
			1569	1268
			1568	1267
			1568	1266
			1568	1265
			1567	1264
			1566	1263
			1566	1262
			1565	1261
			1565	1260
			1565	1259
			1564	1258
			1564	1257
			1564	1256
			1563	1255
			1563	1254
			1563	1253
			1562	1252
			1562	1251
			1562	1250
			1561	1249
			1561	1248
			1561	1247
			1561	1246
			1561	1245
			1561	1244
			1561	1243
			1561	1242
			1561	1241
			1561	1240
			1561	1239
			1561	1238
			1561	1237
			1561	1236
			1561	1235
			1560	1234
			1560	1233
			1560	1232
			1560	1231
			1560	1230
			1560	1229
			1560	1228
			1560	1227
			1560	1226
			1560	1225
			1560	1224
			1560	1223
			1560	1222
			1560	1221
			1560	1220
			1560	1219
			1560	1218
			1560	1217
			1560	1216
			1560	1215
			1560	1214
			1560	1213
			1560	1212
			1560	1211
			1560	1210
			1560	1209
			1560	1208
			1560	1207
			1560	1206
			1560	1205
			1560	1204
			1560	1203
			1560	1202
			1560	1201
			1560	1200
			1560	1199
			1560	1198
			1560	1197
			1560	1196
			1561	1195
			1561	1194
			1561	1193
			1561	1192
			1561	1191
			1561	1190
			1561	1189
			1561	1188
			1561	1187
			1561	1186
			1562	1185
			1562	1184
			1562	1183
			1562	1182
			1562	1181
			1562	1180
			1562	1179
			1563	1178
			1563	1177
			1563	1176
			1563	1175
			1563	1174
			1563	1173
			1563	1172
			1563	1171
			1564	1170
			1564	1169
			1564	1168
			1564	1167
			1564	1166
			1564	1165
			1565	1165
			1565	1164
			1565	1163
			1565	1162
			1565	1161
			1565	1160
			1566	1159
			1566	1158
			1566	1157
			1566	1156
			1566	1155
			1566	1154
			1566	1153
			1566	1152
			1567	1151
			1567	1150
			1567	1149
			1567	1148
			1567	1147
			1567	1146
			1567	1145
			1568	1144
			1568	1143
			1568	1142
			1568	1141
			1568	1140
			1569	1139
			1569	1138
			1569	1137
			1569	1136
			1569	1135
			1570	1134
			1570	1133
			1570	1132
			1570	1131
			1571	1130
			1571	1129
		</Outline1>
		<Outline2 type=matrix rownames=FALSE colnames=FALSE nrow=281 ncol=2 as.numeric=TRUE >
			1571	1129
			1571	1128
			1572	1127
			1572	1126
			1572	1125
			1572	1124
			1573	1123
			1573	1122
			1573	1121
			1574	1120
			1574	1119
			1574	1118
			1574	1117
			1575	1116
			1575	1115
			1575	1114
			1575	1113
			1576	1112
			1576	1111
			1576	1110
			1577	1109
			1577	1108
			1577	1107
			1577	1106
			1578	1105
			1578	1104
			1578	1103
			1578	1102
			1578	1101
			1579	1101
			1579	1100
			1579	1099
			1579	1098
			1580	1097
			1580	1096
			1580	1095
			1580	1094
			1581	1093
			1581	1092
			1581	1091
			1581	1090
			1582	1089
			1582	1088
			1582	1087
			1582	1086
			1582	1085
			1583	1084
			1583	1083
			1583	1082
			1584	1081
			1584	1080
			1584	1079
			1585	1078
			1585	1077
			1585	1076
			1585	1075
			1586	1074
			1586	1073
			1587	1072
			1587	1071
			1587	1070
			1588	1069
			1588	1068
			1588	1067
			1589	1066
			1589	1065
			1589	1064
			1590	1063
			1590	1062
			1591	1061
			1591	1060
			1591	1059
			1592	1058
			1592	1057
			1592	1056
			1593	1055
			1593	1054
			1593	1053
			1594	1053
			1594	1052
			1594	1051
			1595	1050
			1595	1049
			1595	1048
			1596	1047
			1596	1046
			1597	1045
			1597	1044
			1598	1043
			1598	1042
			1599	1041
			1599	1040
			1599	1039
			1600	1038
			1600	1037
			1601	1036
			1602	1035
			1602	1034
			1603	1033
			1604	1032
			1605	1031
			1605	1030
			1606	1029
			1607	1028
			1608	1027
			1608	1026
			1609	1025
			1610	1024
			1611	1023
			1612	1022
			1612	1021
			1613	1021
			1614	1020
			1615	1019
			1616	1018
			1617	1017
			1617	1016
			1618	1015
			1619	1014
			1620	1013
			1621	1012
			1622	1011
			1623	1010
			1624	1009
			1625	1008
			1625	1007
			1626	1006
			1627	1005
			1628	1004
			1629	1003
			1630	1002
			1631	1001
			1631	1000
			1632	1000
			1633	999
			1634	998
			1635	997
			1636	996
			1637	995
			1638	994
			1639	993
			1640	992
			1641	991
			1642	990
			1643	990
			1643	989
			1644	989
			1645	988
			1645	987
			1646	987
			1647	986
			1648	986
			1648	985
			1649	985
			1650	984
			1651	983
			1652	982
			1653	982
			1654	981
			1655	980
			1656	979
			1657	978
			1658	978
			1659	977
			1660	977
			1661	976
			1662	976
			1663	976
			1664	975
			1665	975
			1666	975
			1667	974
			1668	974
			1669	974
			1670	974
			1670	973
			1671	973
			1672	973
			1673	973
			1674	972
			1675	972
			1676	972
			1677	972
			1678	971
			1679	971
			1680	971
			1681	970
			1682	970
			1683	970
			1684	970
			1685	970
			1686	969
			1687	969
			1688	969
			1689	969
			1690	969
			1691	968
			1692	968
			1693	968
			1694	968
			1695	968
			1696	969
			1697	969
			1698	969
			1699	969
			1700	970
			1701	970
			1702	970
			1703	970
			1704	971
			1705	971
			1706	971
			1707	971
			1708	972
			1709	972
			1710	972
			1711	973
			1712	973
			1713	973
			1714	974
			1715	974
			1716	974
			1717	975
			1718	975
			1719	976
			1720	976
			1721	976
			1722	977
			1723	977
			1724	977
			1725	978
			1726	978
			1727	979
			1728	979
			1729	980
			1730	980
			1731	980
			1732	981
			1733	981
			1734	982
			1735	982
			1736	982
			1737	983
			1738	983
			1739	983
			1740	984
			1741	984
			1742	984
			1743	985
			1744	985
			1745	986
			1746	986
			1747	986
			1748	987
			1749	987
			1750	987
			1751	987
			1752	988
			1753	988
			1754	988
			1755	989
			1756	989
			1757	989
			1758	990
			1759	990
			1760	990
			1761	990
			1762	990
			1763	990
			1764	991
			1765	991
			1766	991
			1767	991
			1768	991
			1769	991
			1770	991
			1771	991
			1772	990
			1773	990
			1774	990
			1775	990
		</Outline2>
		<Outline3 type=matrix rownames=FALSE colnames=FALSE nrow=274 ncol=2 as.numeric=TRUE >
			1775	990
			1776	990
			1777	990
			1778	990
			1779	990
			1780	991
			1781	991
			1782	991
			1783	991
			1784	991
			1785	991
			1786	991
			1787	991
			1788	992
			1789	992
			1790	992
			1791	992
			1792	992
			1793	992
			1794	993
			1795	993
			1796	993
			1797	993
			1798	993
			1799	993
			1800	994
			1801	994
			1802	994
			1803	994
			1804	994
			1805	995
			1806	995
			1807	995
			1808	995
			1809	996
			1810	996
			1811	996
			1812	996
			1813	996
			1813	997
			1814	997
			1815	997
			1816	997
			1817	997
			1817	998
			1818	998
			1819	998
			1820	998
			1821	999
			1822	999
			1823	999
			1824	999
			1825	1000
			1826	1000
			1827	1000
			1828	1000
			1829	1001
			1830	1001
			1831	1001
			1832	1002
			1833	1002
			1834	1003
			1835	1003
			1836	1003
			1837	1003
			1838	1004
			1839	1004
			1840	1004
			1841	1005
			1842	1005
			1843	1005
			1844	1006
			1845	1006
			1846	1006
			1847	1007
			1848	1007
			1849	1008
			1850	1008
			1851	1008
			1852	1009
			1853	1009
			1854	1009
			1855	1010
			1856	1010
			1857	1011
			1858	1011
			1859	1012
			1860	1012
			1861	1012
			1862	1013
			1863	1013
			1864	1013
			1865	1014
			1866	1014
			1867	1015
			1868	1015
			1869	1015
			1870	1016
			1871	1016
			1871	1017
			1872	1017
			1873	1017
			1874	1018
			1875	1018
			1876	1018
			1877	1019
			1878	1019
			1879	1020
			1880	1020
			1881	1020
			1882	1021
			1883	1021
			1884	1022
			1885	1022
			1886	1022
			1887	1023
			1888	1023
			1889	1023
			1890	1024
			1891	1024
			1892	1025
			1893	1025
			1894	1025
			1895	1026
			1896	1026
			1897	1026
			1897	1027
			1898	1027
			1899	1028
			1900	1028
			1901	1029
			1901	1030
			1902	1030
			1903	1031
			1904	1031
			1904	1032
			1905	1032
			1906	1033
			1907	1033
			1907	1034
			1908	1035
			1909	1035
			1909	1036
			1910	1036
			1911	1037
			1912	1038
			1913	1039
			1914	1040
			1915	1041
			1916	1041
			1916	1042
			1917	1043
			1918	1043
			1919	1044
			1919	1045
			1920	1046
			1921	1046
			1921	1047
			1922	1048
			1923	1049
			1924	1050
			1925	1051
			1926	1052
			1927	1053
			1928	1054
			1929	1055
			1930	1056
			1931	1057
			1931	1058
			1932	1059
			1933	1060
			1934	1061
			1934	1062
			1935	1063
			1936	1064
			1936	1065
			1937	1065
			1937	1066
			1938	1067
			1939	1068
			1939	1069
			1940	1069
			1940	1070
			1941	1071
			1942	1072
			1942	1073
			1943	1073
			1943	1074
			1944	1075
			1944	1076
			1945	1077
			1945	1078
			1946	1078
			1946	1079
			1947	1080
			1947	1081
			1948	1082
			1948	1083
			1949	1083
			1949	1084
			1949	1085
			1950	1086
			1950	1087
			1951	1087
			1951	1088
			1951	1089
			1952	1090
			1952	1091
			1953	1091
			1953	1092
			1953	1093
			1954	1094
			1954	1095
			1955	1096
			1955	1097
			1956	1098
			1956	1099
			1956	1100
			1957	1101
			1957	1102
			1958	1103
			1958	1104
			1958	1105
			1959	1106
			1959	1107
			1960	1108
			1960	1109
			1960	1110
			1961	1111
			1961	1112
			1962	1113
			1962	1114
			1962	1115
			1962	1116
			1963	1116
			1963	1117
			1963	1118
			1963	1119
			1963	1120
			1963	1121
			1963	1122
			1963	1123
			1964	1124
			1964	1125
			1964	1126
			1964	1127
			1964	1128
			1964	1129
			1964	1130
			1964	1131
			1964	1132
			1964	1133
			1964	1134
			1964	1135
			1964	1136
			1964	1137
			1964	1138
			1964	1139
			1964	1140
			1964	1141
			1964	1142
			1964	1143
			1963	1144
			1963	1145
			1963	1146
			1963	1147
			1963	1148
			1963	1149
			1963	1150
			1963	1151
			1962	1152
			1962	1153
			1962	1154
			1962	1155
		</Outline3>
		<Outline4 type=matrix rownames=FALSE colnames=FALSE nrow=255 ncol=2 as.numeric=TRUE >
			1962	1155
			1962	1156
			1962	1157
			1961	1158
			1961	1159
			1961	1160
			1961	1161
			1961	1162
			1961	1163
			1960	1164
			1960	1165
			1960	1166
			1960	1167
			1959	1168
			1959	1169
			1959	1170
			1959	1171
			1959	1172
			1958	1173
			1958	1174
			1958	1175
			1958	1176
			1957	1177
			1957	1178
			1956	1179
			1956	1180
			1956	1181
			1956	1182
			1955	1182
			1955	1183
			1955	1184
			1954	1185
			1954	1186
			1954	1187
			1953	1188
			1953	1189
			1953	1190
			1952	1190
			1952	1191
			1952	1192
			1951	1193
			1951	1194
			1950	1195
			1950	1196
			1949	1197
			1949	1198
			1949	1199
			1948	1199
			1948	1200
			1947	1201
			1946	1202
			1946	1203
			1945	1204
			1945	1205
			1944	1205
			1944	1206
			1943	1207
			1943	1208
			1942	1209
			1941	1210
			1941	1211
			1940	1211
			1940	1212
			1939	1213
			1938	1214
			1938	1215
			1937	1216
			1937	1217
			1936	1217
			1935	1218
			1935	1219
			1934	1220
			1933	1221
			1932	1222
			1932	1223
			1931	1224
			1930	1224
			1930	1225
			1929	1226
			1928	1227
			1927	1228
			1927	1229
			1926	1230
			1925	1231
			1924	1232
			1923	1233
			1922	1234
			1921	1235
			1920	1236
			1919	1236
			1918	1237
			1917	1238
			1916	1239
			1915	1239
			1914	1240
			1913	1241
			1912	1242
			1911	1242
			1910	1243
			1909	1244
			1908	1245
			1907	1245
			1906	1246
			1905	1247
			1904	1248
			1903	1248
			1902	1249
			1901	1250
			1900	1250
			1899	1251
			1898	1252
			1897	1253
			1896	1253
			1895	1254
			1894	1255
			1893	1255
			1892	1256
			1891	1257
			1890	1257
			1889	1258
			1888	1259
			1887	1259
			1886	1260
			1885	1261
			1884	1261
			1883	1261
			1882	1262
			1881	1262
			1880	1263
			1879	1263
			1878	1263
			1877	1264
			1876	1264
			1875	1265
			1874	1265
			1873	1266
			1872	1266
			1871	1267
			1870	1267
			1869	1268
			1868	1268
			1867	1268
			1866	1269
			1865	1269
			1864	1270
			1863	1270
			1862	1270
			1861	1271
			1860	1271
			1859	1272
			1858	1272
			1857	1272
			1856	1273
			1855	1273
			1854	1273
			1853	1274
			1852	1274
			1851	1275
			1850	1275
			1849	1275
			1848	1276
			1847	1276
			1846	1276
			1845	1276
			1844	1277
			1843	1277
			1842	1277
			1841	1277
			1840	1277
			1839	1277
			1838	1278
			1837	1278
			1836	1278
			1835	1278
			1834	1278
			1833	1278
			1832	1278
			1831	1278
			1830	1278
			1830	1279
			1829	1279
			1828	1279
			1827	1279
			1826	1279
			1825	1279
			1824	1279
			1823	1279
			1822	1279
			1821	1279
			1820	1279
			1819	1279
			1818	1279
			1817	1280
			1816	1280
			1815	1280
			1814	1280
			1813	1280
			1812	1280
			1811	1280
			1810	1280
			1810	1281
			1809	1281
			1808	1281
			1807	1281
			1806	1281
			1805	1281
			1804	1281
			1803	1282
			1802	1282
			1801	1282
			1800	1282
			1799	1282
			1798	1282
			1797	1282
			1796	1283
			1795	1283
			1794	1283
			1793	1283
			1792	1283
			1791	1284
			1790	1284
			1789	1285
			1788	1285
			1787	1286
			1786	1286
			1785	1286
			1784	1287
			1783	1287
			1782	1287
			1782	1288
			1781	1288
			1780	1289
			1779	1289
			1778	1289
			1777	1290
			1776	1290
			1775	1291
			1774	1291
			1773	1292
			1772	1292
			1771	1292
			1771	1293
			1770	1293
			1769	1293
			1769	1294
			1768	1294
			1767	1294
			1766	1295
			1765	1295
			1764	1296
			1763	1296
			1762	1297
			1761	1297
			1760	1298
			1759	1298
		</Outline4>
	</curves.pixel>
	<curves.scaled type=list>
		<Outline1 type=matrix rownames=FALSE colnames=FALSE nrow=339 ncol=2 as.numeric=TRUE >
			7.99545454545455	-5.9
			7.99090909090909	-5.9
			7.98636363636364	-5.9
			7.98181818181818	-5.90454545454545
			7.97727272727273	-5.90454545454545
			7.97272727272727	-5.90454545454545
			7.96818181818182	-5.90909090909091
			7.96363636363636	-5.90909090909091
			7.95909090909091	-5.90909090909091
			7.95454545454545	-5.90909090909091
			7.95	-5.90909090909091
			7.94545454545455	-5.91363636363636
			7.94090909090909	-5.91363636363636
			7.93636363636364	-5.91363636363636
			7.93181818181818	-5.91363636363636
			7.92727272727273	-5.91818181818182
			7.92272727272727	-5.91818181818182
			7.91818181818182	-5.91818181818182
			7.91363636363636	-5.91818181818182
			7.90909090909091	-5.91818181818182
			7.90454545454545	-5.92272727272727
			7.9	-5.92272727272727
			7.89545454545455	-5.92272727272727
			7.89090909090909	-5.92272727272727
			7.88636363636364	-5.92727272727273
			7.88181818181818	-5.92727272727273
			7.87727272727273	-5.92727272727273
			7.87272727272727	-5.92727272727273
			7.86818181818182	-5.92727272727273
			7.86363636363636	-5.93181818181818
			7.85909090909091	-5.93181818181818
			7.85454545454545	-5.93181818181818
			7.85	-5.93181818181818
			7.84545454545454	-5.93636363636364
			7.84090909090909	-5.93636363636364
			7.83636363636364	-5.93636363636364
			7.83181818181818	-5.93636363636364
			7.82727272727273	-5.93636363636364
			7.82272727272727	-5.94090909090909
			7.81818181818182	-5.94090909090909
			7.81363636363636	-5.94090909090909
			7.80909090909091	-5.94090909090909
			7.80454545454545	-5.94090909090909
			7.8	-5.94090909090909
			7.79545454545454	-5.94545454545455
			7.79090909090909	-5.94545454545455
			7.78636363636364	-5.94545454545455
			7.78181818181818	-5.94545454545455
			7.77727272727273	-5.94545454545455
			7.77272727272727	-5.94545454545455
			7.76818181818182	-5.95
			7.76363636363636	-5.95
			7.75909090909091	-5.95
			7.75454545454545	-5.95
			7.75	-5.95
			7.74545454545455	-5.95
			7.74090909090909	-5.95454545454545
			7.73636363636364	-5.95454545454545
			7.73181818181818	-5.95454545454545
			7.72727272727273	-5.95454545454545
			7.72272727272727	-5.95454545454545
			7.71818181818182	-5.95454545454545
			7.71363636363636	-5.95909090909091
			7.70909090909091	-5.95909090909091
			7.70454545454545	-5.95909090909091
			7.7	-5.95909090909091
			7.69545454545455	-5.95909090909091
			7.69090909090909	-5.96363636363636
			7.68636363636364	-5.96363636363636
			7.68181818181818	-5.96363636363636
			7.67727272727273	-5.96363636363636
			7.67272727272727	-5.96363636363636
			7.66818181818182	-5.96818181818182
			7.66363636363636	-5.96818181818182
			7.65909090909091	-5.96818181818182
			7.65454545454545	-5.96818181818182
			7.65	-5.96818181818182
			7.64545454545455	-5.96818181818182
			7.64090909090909	-5.97272727272727
			7.63636363636364	-5.97272727272727
			7.63181818181818	-5.97272727272727
			7.62727272727273	-5.97272727272727
			7.62272727272727	-5.97272727272727
			7.61818181818182	-5.97727272727273
			7.61363636363636	-5.97727272727273
			7.60909090909091	-5.97727272727273
			7.60454545454545	-5.97727272727273
			7.6	-5.97727272727273
			7.59545454545454	-5.97727272727273
			7.59090909090909	-5.97727272727273
			7.58636363636364	-5.97727272727273
			7.58181818181818	-5.97727272727273
			7.57727272727273	-5.97727272727273
			7.57272727272727	-5.97727272727273
			7.56818181818182	-5.97727272727273
			7.56363636363636	-5.97727272727273
			7.55909090909091	-5.97727272727273
			7.55454545454545	-5.97727272727273
			7.55	-5.97727272727273
			7.54545454545454	-5.97727272727273
			7.54090909090909	-5.97727272727273
			7.53636363636364	-5.97727272727273
			7.53181818181818	-5.97727272727273
			7.52727272727273	-5.97727272727273
			7.52272727272727	-5.97727272727273
			7.51818181818182	-5.97727272727273
			7.51363636363636	-5.97727272727273
			7.50909090909091	-5.97727272727273
			7.50454545454545	-5.97727272727273
			7.5	-5.97727272727273
			7.49545454545455	-5.97727272727273
			7.49090909090909	-5.97727272727273
			7.48636363636364	-5.97727272727273
			7.48181818181818	-5.97727272727273
			7.47727272727273	-5.97727272727273
			7.47272727272727	-5.97727272727273
			7.46818181818182	-5.97727272727273
			7.46363636363636	-5.97727272727273
			7.45909090909091	-5.97727272727273
			7.45454545454545	-5.97727272727273
			7.45	-5.97727272727273
			7.44545454545455	-5.97727272727273
			7.44090909090909	-5.97727272727273
			7.43636363636364	-5.97727272727273
			7.43181818181818	-5.97727272727273
			7.42727272727273	-5.97727272727273
			7.42272727272727	-5.97727272727273
			7.41818181818182	-5.97727272727273
			7.41363636363636	-5.97727272727273
			7.40909090909091	-5.97727272727273
			7.40454545454545	-5.97272727272727
			7.4	-5.97272727272727
			7.39545454545455	-5.97272727272727
			7.39090909090909	-5.96818181818182
			7.38636363636364	-5.96818181818182
			7.38181818181818	-5.96818181818182
			7.37727272727273	-5.96363636363636
			7.37272727272727	-5.96363636363636
			7.36818181818182	-5.95909090909091
			7.36363636363636	-5.95909090909091
			7.35909090909091	-5.95909090909091
			7.35454545454545	-5.95454545454545
			7.35	-5.95454545454545
			7.34545454545454	-5.95454545454545
			7.34090909090909	-5.95
			7.33636363636364	-5.95
			7.33181818181818	-5.94545454545455
			7.32727272727273	-5.94545454545455
			7.32272727272727	-5.94545454545455
			7.31818181818182	-5.94090909090909
			7.31363636363636	-5.94090909090909
			7.30909090909091	-5.93636363636364
			7.30454545454545	-5.93636363636364
			7.30454545454545	-5.93181818181818
			7.3	-5.93181818181818
			7.29545454545454	-5.92727272727273
			7.29090909090909	-5.92727272727273
			7.28636363636364	-5.92727272727273
			7.28181818181818	-5.92272727272727
			7.27727272727273	-5.91818181818182
			7.27272727272727	-5.91363636363636
			7.26818181818182	-5.91363636363636
			7.26363636363636	-5.90909090909091
			7.25909090909091	-5.90454545454545
			7.25454545454545	-5.90454545454545
			7.25	-5.9
			7.24545454545455	-5.89545454545455
			7.24090909090909	-5.89545454545455
			7.23636363636364	-5.89090909090909
			7.23181818181818	-5.88636363636364
			7.22727272727273	-5.88181818181818
			7.22272727272727	-5.88181818181818
			7.21818181818182	-5.87727272727273
			7.21363636363636	-5.87272727272727
			7.20909090909091	-5.86818181818182
			7.20454545454545	-5.86363636363636
			7.2	-5.85909090909091
			7.19545454545455	-5.85454545454545
			7.19090909090909	-5.85
			7.18636363636364	-5.84545454545454
			7.18181818181818	-5.84090909090909
			7.17727272727273	-5.83636363636364
			7.17272727272727	-5.83181818181818
			7.16818181818182	-5.82727272727273
			7.16363636363636	-5.82272727272727
			7.15909090909091	-5.81818181818182
			7.15909090909091	-5.81363636363636
			7.15454545454545	-5.80909090909091
			7.15	-5.80454545454545
			7.15	-5.8
			7.15	-5.79545454545454
			7.14545454545455	-5.79545454545454
			7.14545454545455	-5.79090909090909
			7.14090909090909	-5.78636363636364
			7.14090909090909	-5.78181818181818
			7.13636363636364	-5.77727272727273
			7.13636363636364	-5.77272727272727
			7.13181818181818	-5.76818181818182
			7.13181818181818	-5.76363636363636
			7.12727272727273	-5.75909090909091
			7.12727272727273	-5.75454545454545
			7.12727272727273	-5.75
			7.12272727272727	-5.74545454545455
			7.11818181818182	-5.74090909090909
			7.11818181818182	-5.73636363636364
			7.11363636363636	-5.73181818181818
			7.11363636363636	-5.72727272727273
			7.11363636363636	-5.72272727272727
			7.10909090909091	-5.71818181818182
			7.10909090909091	-5.71363636363636
			7.10909090909091	-5.70909090909091
			7.10454545454545	-5.70454545454545
			7.10454545454545	-5.7
			7.10454545454545	-5.69545454545455
			7.1	-5.69090909090909
			7.1	-5.68636363636364
			7.1	-5.68181818181818
			7.09545454545454	-5.67727272727273
			7.09545454545454	-5.67272727272727
			7.09545454545454	-5.66818181818182
			7.09545454545454	-5.66363636363636
			7.09545454545454	-5.65909090909091
			7.09545454545454	-5.65454545454545
			7.09545454545454	-5.65
			7.09545454545454	-5.64545454545455
			7.09545454545454	-5.64090909090909
			7.09545454545454	-5.63636363636364
			7.09545454545454	-5.63181818181818
			7.09545454545454	-5.62727272727273
			7.09545454545454	-5.62272727272727
			7.09545454545454	-5.61818181818182
			7.09545454545454	-5.61363636363636
			7.09090909090909	-5.60909090909091
			7.09090909090909	-5.60454545454545
			7.09090909090909	-5.6
			7.09090909090909	-5.59545454545454
			7.09090909090909	-5.59090909090909
			7.09090909090909	-5.58636363636364
			7.09090909090909	-5.58181818181818
			7.09090909090909	-5.57727272727273
			7.09090909090909	-5.57272727272727
			7.09090909090909	-5.56818181818182
			7.09090909090909	-5.56363636363636
			7.09090909090909	-5.55909090909091
			7.09090909090909	-5.55454545454545
			7.09090909090909	-5.55
			7.09090909090909	-5.54545454545454
			7.09090909090909	-5.54090909090909
			7.09090909090909	-5.53636363636364
			7.09090909090909	-5.53181818181818
			7.09090909090909	-5.52727272727273
			7.09090909090909	-5.52272727272727
			7.09090909090909	-5.51818181818182
			7.09090909090909	-5.51363636363636
			7.09090909090909	-5.50909090909091
			7.09090909090909	-5.50454545454545
			7.09090909090909	-5.5
			7.09090909090909	-5.49545454545455
			7.09090909090909	-5.49090909090909
			7.09090909090909	-5.48636363636364
			7.09090909090909	-5.48181818181818
			7.09090909090909	-5.47727272727273
			7.09090909090909	-5.47272727272727
			7.09090909090909	-5.46818181818182
			7.09090909090909	-5.46363636363636
			7.09090909090909	-5.45909090909091
			7.09090909090909	-5.45454545454545
			7.09090909090909	-5.45
			7.09090909090909	-5.44545454545455
			7.09090909090909	-5.44090909090909
			7.09090909090909	-5.43636363636364
			7.09545454545454	-5.43181818181818
			7.09545454545454	-5.42727272727273
			7.09545454545454	-5.42272727272727
			7.09545454545454	-5.41818181818182
			7.09545454545454	-5.41363636363636
			7.09545454545454	-5.40909090909091
			7.09545454545454	-5.40454545454545
			7.09545454545454	-5.4
			7.09545454545454	-5.39545454545455
			7.09545454545454	-5.39090909090909
			7.1	-5.38636363636364
			7.1	-5.38181818181818
			7.1	-5.37727272727273
			7.1	-5.37272727272727
			7.1	-5.36818181818182
			7.1	-5.36363636363636
			7.1	-5.35909090909091
			7.10454545454545	-5.35454545454545
			7.10454545454545	-5.35
			7.10454545454545	-5.34545454545454
			7.10454545454545	-5.34090909090909
			7.10454545454545	-5.33636363636364
			7.10454545454545	-5.33181818181818
			7.10454545454545	-5.32727272727273
			7.10454545454545	-5.32272727272727
			7.10909090909091	-5.31818181818182
			7.10909090909091	-5.31363636363636
			7.10909090909091	-5.30909090909091
			7.10909090909091	-5.30454545454545
			7.10909090909091	-5.3
			7.10909090909091	-5.29545454545454
			7.11363636363636	-5.29545454545454
			7.11363636363636	-5.29090909090909
			7.11363636363636	-5.28636363636364
			7.11363636363636	-5.28181818181818
			7.11363636363636	-5.27727272727273
			7.11363636363636	-5.27272727272727
			7.11818181818182	-5.26818181818182
			7.11818181818182	-5.26363636363636
			7.11818181818182	-5.25909090909091
			7.11818181818182	-5.25454545454545
			7.11818181818182	-5.25
			7.11818181818182	-5.24545454545455
			7.11818181818182	-5.24090909090909
			7.11818181818182	-5.23636363636364
			7.12272727272727	-5.23181818181818
			7.12272727272727	-5.22727272727273
			7.12272727272727	-5.22272727272727
			7.12272727272727	-5.21818181818182
			7.12272727272727	-5.21363636363636
			7.12272727272727	-5.20909090909091
			7.12272727272727	-5.20454545454545
			7.12727272727273	-5.2
			7.12727272727273	-5.19545454545455
			7.12727272727273	-5.19090909090909
			7.12727272727273	-5.18636363636364
			7.12727272727273	-5.18181818181818
			7.13181818181818	-5.17727272727273
			7.13181818181818	-5.17272727272727
			7.13181818181818	-5.16818181818182
			7.13181818181818	-5.16363636363636
			7.13181818181818	-5.15909090909091
			7.13636363636364	-5.15454545454545
			7.13636363636364	-5.15
			7.13636363636364	-5.14545454545455
			7.13636363636364	-5.14090909090909
			7.14090909090909	-5.13636363636364
			7.14090909090909	-5.13181818181818
		</Outline1>
		<Outline2 type=matrix rownames=FALSE colnames=FALSE nrow=281 ncol=2 as.numeric=TRUE >
			7.14090909090909	-5.13181818181818
			7.14090909090909	-5.12727272727273
			7.14545454545455	-5.12272727272727
			7.14545454545455	-5.11818181818182
			7.14545454545455	-5.11363636363636
			7.14545454545455	-5.10909090909091
			7.15	-5.10454545454545
			7.15	-5.1
			7.15	-5.09545454545454
			7.15454545454545	-5.09090909090909
			7.15454545454545	-5.08636363636364
			7.15454545454545	-5.08181818181818
			7.15454545454545	-5.07727272727273
			7.15909090909091	-5.07272727272727
			7.15909090909091	-5.06818181818182
			7.15909090909091	-5.06363636363636
			7.15909090909091	-5.05909090909091
			7.16363636363636	-5.05454545454545
			7.16363636363636	-5.05
			7.16363636363636	-5.04545454545454
			7.16818181818182	-5.04090909090909
			7.16818181818182	-5.03636363636364
			7.16818181818182	-5.03181818181818
			7.16818181818182	-5.02727272727273
			7.17272727272727	-5.02272727272727
			7.17272727272727	-5.01818181818182
			7.17272727272727	-5.01363636363636
			7.17272727272727	-5.00909090909091
			7.17272727272727	-5.00454545454545
			7.17727272727273	-5.00454545454545
			7.17727272727273	-5
			7.17727272727273	-4.99545454545455
			7.17727272727273	-4.99090909090909
			7.18181818181818	-4.98636363636364
			7.18181818181818	-4.98181818181818
			7.18181818181818	-4.97727272727273
			7.18181818181818	-4.97272727272727
			7.18636363636364	-4.96818181818182
			7.18636363636364	-4.96363636363636
			7.18636363636364	-4.95909090909091
			7.18636363636364	-4.95454545454545
			7.19090909090909	-4.95
			7.19090909090909	-4.94545454545455
			7.19090909090909	-4.94090909090909
			7.19090909090909	-4.93636363636364
			7.19090909090909	-4.93181818181818
			7.19545454545455	-4.92727272727273
			7.19545454545455	-4.92272727272727
			7.19545454545455	-4.91818181818182
			7.2	-4.91363636363636
			7.2	-4.90909090909091
			7.2	-4.90454545454545
			7.20454545454545	-4.9
			7.20454545454545	-4.89545454545455
			7.20454545454545	-4.89090909090909
			7.20454545454545	-4.88636363636364
			7.20909090909091	-4.88181818181818
			7.20909090909091	-4.87727272727273
			7.21363636363636	-4.87272727272727
			7.21363636363636	-4.86818181818182
			7.21363636363636	-4.86363636363636
			7.21818181818182	-4.85909090909091
			7.21818181818182	-4.85454545454545
			7.21818181818182	-4.85
			7.22272727272727	-4.84545454545454
			7.22272727272727	-4.84090909090909
			7.22272727272727	-4.83636363636364
			7.22727272727273	-4.83181818181818
			7.22727272727273	-4.82727272727273
			7.23181818181818	-4.82272727272727
			7.23181818181818	-4.81818181818182
			7.23181818181818	-4.81363636363636
			7.23636363636364	-4.80909090909091
			7.23636363636364	-4.80454545454545
			7.23636363636364	-4.8
			7.24090909090909	-4.79545454545454
			7.24090909090909	-4.79090909090909
			7.24090909090909	-4.78636363636364
			7.24545454545455	-4.78636363636364
			7.24545454545455	-4.78181818181818
			7.24545454545455	-4.77727272727273
			7.25	-4.77272727272727
			7.25	-4.76818181818182
			7.25	-4.76363636363636
			7.25454545454545	-4.75909090909091
			7.25454545454545	-4.75454545454545
			7.25909090909091	-4.75
			7.25909090909091	-4.74545454545455
			7.26363636363636	-4.74090909090909
			7.26363636363636	-4.73636363636364
			7.26818181818182	-4.73181818181818
			7.26818181818182	-4.72727272727273
			7.26818181818182	-4.72272727272727
			7.27272727272727	-4.71818181818182
			7.27272727272727	-4.71363636363636
			7.27727272727273	-4.70909090909091
			7.28181818181818	-4.70454545454545
			7.28181818181818	-4.7
			7.28636363636364	-4.69545454545455
			7.29090909090909	-4.69090909090909
			7.29545454545454	-4.68636363636364
			7.29545454545454	-4.68181818181818
			7.3	-4.67727272727273
			7.30454545454545	-4.67272727272727
			7.30909090909091	-4.66818181818182
			7.30909090909091	-4.66363636363636
			7.31363636363636	-4.65909090909091
			7.31818181818182	-4.65454545454545
			7.32272727272727	-4.65
			7.32727272727273	-4.64545454545455
			7.32727272727273	-4.64090909090909
			7.33181818181818	-4.64090909090909
			7.33636363636364	-4.63636363636364
			7.34090909090909	-4.63181818181818
			7.34545454545454	-4.62727272727273
			7.35	-4.62272727272727
			7.35	-4.61818181818182
			7.35454545454545	-4.61363636363636
			7.35909090909091	-4.60909090909091
			7.36363636363636	-4.60454545454545
			7.36818181818182	-4.6
			7.37272727272727	-4.59545454545454
			7.37727272727273	-4.59090909090909
			7.38181818181818	-4.58636363636364
			7.38636363636364	-4.58181818181818
			7.38636363636364	-4.57727272727273
			7.39090909090909	-4.57272727272727
			7.39545454545455	-4.56818181818182
			7.4	-4.56363636363636
			7.40454545454545	-4.55909090909091
			7.40909090909091	-4.55454545454545
			7.41363636363636	-4.55
			7.41363636363636	-4.54545454545454
			7.41818181818182	-4.54545454545454
			7.42272727272727	-4.54090909090909
			7.42727272727273	-4.53636363636364
			7.43181818181818	-4.53181818181818
			7.43636363636364	-4.52727272727273
			7.44090909090909	-4.52272727272727
			7.44545454545455	-4.51818181818182
			7.45	-4.51363636363636
			7.45454545454545	-4.50909090909091
			7.45909090909091	-4.50454545454545
			7.46363636363636	-4.5
			7.46818181818182	-4.5
			7.46818181818182	-4.49545454545455
			7.47272727272727	-4.49545454545455
			7.47727272727273	-4.49090909090909
			7.47727272727273	-4.48636363636364
			7.48181818181818	-4.48636363636364
			7.48636363636364	-4.48181818181818
			7.49090909090909	-4.48181818181818
			7.49090909090909	-4.47727272727273
			7.49545454545455	-4.47727272727273
			7.5	-4.47272727272727
			7.50454545454545	-4.46818181818182
			7.50909090909091	-4.46363636363636
			7.51363636363636	-4.46363636363636
			7.51818181818182	-4.45909090909091
			7.52272727272727	-4.45454545454545
			7.52727272727273	-4.45
			7.53181818181818	-4.44545454545455
			7.53636363636364	-4.44545454545455
			7.54090909090909	-4.44090909090909
			7.54545454545454	-4.44090909090909
			7.55	-4.43636363636364
			7.55454545454545	-4.43636363636364
			7.55909090909091	-4.43636363636364
			7.56363636363636	-4.43181818181818
			7.56818181818182	-4.43181818181818
			7.57272727272727	-4.43181818181818
			7.57727272727273	-4.42727272727273
			7.58181818181818	-4.42727272727273
			7.58636363636364	-4.42727272727273
			7.59090909090909	-4.42727272727273
			7.59090909090909	-4.42272727272727
			7.59545454545454	-4.42272727272727
			7.6	-4.42272727272727
			7.60454545454545	-4.42272727272727
			7.60909090909091	-4.41818181818182
			7.61363636363636	-4.41818181818182
			7.61818181818182	-4.41818181818182
			7.62272727272727	-4.41818181818182
			7.62727272727273	-4.41363636363636
			7.63181818181818	-4.41363636363636
			7.63636363636364	-4.41363636363636
			7.64090909090909	-4.40909090909091
			7.64545454545455	-4.40909090909091
			7.65	-4.40909090909091
			7.65454545454545	-4.40909090909091
			7.65909090909091	-4.40909090909091
			7.66363636363636	-4.40454545454545
			7.66818181818182	-4.40454545454545
			7.67272727272727	-4.40454545454545
			7.67727272727273	-4.40454545454545
			7.68181818181818	-4.40454545454545
			7.68636363636364	-4.4
			7.69090909090909	-4.4
			7.69545454545455	-4.4
			7.7	-4.4
			7.70454545454545	-4.4
			7.70909090909091	-4.40454545454545
			7.71363636363636	-4.40454545454545
			7.71818181818182	-4.40454545454545
			7.72272727272727	-4.40454545454545
			7.72727272727273	-4.40909090909091
			7.73181818181818	-4.40909090909091
			7.73636363636364	-4.40909090909091
			7.74090909090909	-4.40909090909091
			7.74545454545455	-4.41363636363636
			7.75	-4.41363636363636
			7.75454545454545	-4.41363636363636
			7.75909090909091	-4.41363636363636
			7.76363636363636	-4.41818181818182
			7.76818181818182	-4.41818181818182
			7.77272727272727	-4.41818181818182
			7.77727272727273	-4.42272727272727
			7.78181818181818	-4.42272727272727
			7.78636363636364	-4.42272727272727
			7.79090909090909	-4.42727272727273
			7.79545454545454	-4.42727272727273
			7.8	-4.42727272727273
			7.80454545454545	-4.43181818181818
			7.80909090909091	-4.43181818181818
			7.81363636363636	-4.43636363636364
			7.81818181818182	-4.43636363636364
			7.82272727272727	-4.43636363636364
			7.82727272727273	-4.44090909090909
			7.83181818181818	-4.44090909090909
			7.83636363636364	-4.44090909090909
			7.84090909090909	-4.44545454545455
			7.84545454545454	-4.44545454545455
			7.85	-4.45
			7.85454545454545	-4.45
			7.85909090909091	-4.45454545454545
			7.86363636363636	-4.45454545454545
			7.86818181818182	-4.45454545454545
			7.87272727272727	-4.45909090909091
			7.87727272727273	-4.45909090909091
			7.88181818181818	-4.46363636363636
			7.88636363636364	-4.46363636363636
			7.89090909090909	-4.46363636363636
			7.89545454545455	-4.46818181818182
			7.9	-4.46818181818182
			7.90454545454545	-4.46818181818182
			7.90909090909091	-4.47272727272727
			7.91363636363636	-4.47272727272727
			7.91818181818182	-4.47272727272727
			7.92272727272727	-4.47727272727273
			7.92727272727273	-4.47727272727273
			7.93181818181818	-4.48181818181818
			7.93636363636364	-4.48181818181818
			7.94090909090909	-4.48181818181818
			7.94545454545455	-4.48636363636364
			7.95	-4.48636363636364
			7.95454545454545	-4.48636363636364
			7.95909090909091	-4.48636363636364
			7.96363636363636	-4.49090909090909
			7.96818181818182	-4.49090909090909
			7.97272727272727	-4.49090909090909
			7.97727272727273	-4.49545454545455
			7.98181818181818	-4.49545454545455
			7.98636363636364	-4.49545454545455
			7.99090909090909	-4.5
			7.99545454545455	-4.5
			8	-4.5
			8.00454545454545	-4.5
			8.00909090909091	-4.5
			8.01363636363636	-4.5
			8.01818181818182	-4.50454545454545
			8.02272727272727	-4.50454545454545
			8.02727272727273	-4.50454545454545
			8.03181818181818	-4.50454545454545
			8.03636363636364	-4.50454545454545
			8.04090909090909	-4.50454545454545
			8.04545454545454	-4.50454545454545
			8.05	-4.50454545454545
			8.05454545454545	-4.5
			8.05909090909091	-4.5
			8.06363636363636	-4.5
			8.06818181818182	-4.5
		</Outline2>
		<Outline3 type=matrix rownames=FALSE colnames=FALSE nrow=274 ncol=2 as.numeric=TRUE >
			8.06818181818182	-4.5
			8.07272727272727	-4.5
			8.07727272727273	-4.5
			8.08181818181818	-4.5
			8.08636363636364	-4.5
			8.09090909090909	-4.50454545454545
			8.09545454545455	-4.50454545454545
			8.1	-4.50454545454545
			8.10454545454545	-4.50454545454545
			8.10909090909091	-4.50454545454545
			8.11363636363636	-4.50454545454545
			8.11818181818182	-4.50454545454545
			8.12272727272727	-4.50454545454545
			8.12727272727273	-4.50909090909091
			8.13181818181818	-4.50909090909091
			8.13636363636364	-4.50909090909091
			8.14090909090909	-4.50909090909091
			8.14545454545454	-4.50909090909091
			8.15	-4.50909090909091
			8.15454545454545	-4.51363636363636
			8.15909090909091	-4.51363636363636
			8.16363636363636	-4.51363636363636
			8.16818181818182	-4.51363636363636
			8.17272727272727	-4.51363636363636
			8.17727272727273	-4.51363636363636
			8.18181818181818	-4.51818181818182
			8.18636363636364	-4.51818181818182
			8.19090909090909	-4.51818181818182
			8.19545454545455	-4.51818181818182
			8.2	-4.51818181818182
			8.20454545454546	-4.52272727272727
			8.20909090909091	-4.52272727272727
			8.21363636363636	-4.52272727272727
			8.21818181818182	-4.52272727272727
			8.22272727272727	-4.52727272727273
			8.22727272727273	-4.52727272727273
			8.23181818181818	-4.52727272727273
			8.23636363636364	-4.52727272727273
			8.24090909090909	-4.52727272727273
			8.24090909090909	-4.53181818181818
			8.24545454545454	-4.53181818181818
			8.25	-4.53181818181818
			8.25454545454545	-4.53181818181818
			8.25909090909091	-4.53181818181818
			8.25909090909091	-4.53636363636364
			8.26363636363636	-4.53636363636364
			8.26818181818182	-4.53636363636364
			8.27272727272727	-4.53636363636364
			8.27727272727273	-4.54090909090909
			8.28181818181818	-4.54090909090909
			8.28636363636364	-4.54090909090909
			8.29090909090909	-4.54090909090909
			8.29545454545454	-4.54545454545454
			8.3	-4.54545454545454
			8.30454545454545	-4.54545454545454
			8.30909090909091	-4.54545454545454
			8.31363636363636	-4.55
			8.31818181818182	-4.55
			8.32272727272727	-4.55
			8.32727272727273	-4.55454545454545
			8.33181818181818	-4.55454545454545
			8.33636363636364	-4.55909090909091
			8.34090909090909	-4.55909090909091
			8.34545454545455	-4.55909090909091
			8.35	-4.55909090909091
			8.35454545454545	-4.56363636363636
			8.35909090909091	-4.56363636363636
			8.36363636363636	-4.56363636363636
			8.36818181818182	-4.56818181818182
			8.37272727272727	-4.56818181818182
			8.37727272727273	-4.56818181818182
			8.38181818181818	-4.57272727272727
			8.38636363636364	-4.57272727272727
			8.39090909090909	-4.57272727272727
			8.39545454545454	-4.57727272727273
			8.4	-4.57727272727273
			8.40454545454545	-4.58181818181818
			8.40909090909091	-4.58181818181818
			8.41363636363636	-4.58181818181818
			8.41818181818182	-4.58636363636364
			8.42272727272727	-4.58636363636364
			8.42727272727273	-4.58636363636364
			8.43181818181818	-4.59090909090909
			8.43636363636364	-4.59090909090909
			8.44090909090909	-4.59545454545454
			8.44545454545455	-4.59545454545454
			8.45	-4.6
			8.45454545454545	-4.6
			8.45909090909091	-4.6
			8.46363636363636	-4.60454545454545
			8.46818181818182	-4.60454545454545
			8.47272727272727	-4.60454545454545
			8.47727272727273	-4.60909090909091
			8.48181818181818	-4.60909090909091
			8.48636363636364	-4.61363636363636
			8.49090909090909	-4.61363636363636
			8.49545454545454	-4.61363636363636
			8.5	-4.61818181818182
			8.50454545454545	-4.61818181818182
			8.50454545454545	-4.62272727272727
			8.50909090909091	-4.62272727272727
			8.51363636363636	-4.62272727272727
			8.51818181818182	-4.62727272727273
			8.52272727272727	-4.62727272727273
			8.52727272727273	-4.62727272727273
			8.53181818181818	-4.63181818181818
			8.53636363636364	-4.63181818181818
			8.54090909090909	-4.63636363636364
			8.54545454545454	-4.63636363636364
			8.55	-4.63636363636364
			8.55454545454545	-4.64090909090909
			8.55909090909091	-4.64090909090909
			8.56363636363636	-4.64545454545455
			8.56818181818182	-4.64545454545455
			8.57272727272727	-4.64545454545455
			8.57727272727273	-4.65
			8.58181818181818	-4.65
			8.58636363636364	-4.65
			8.59090909090909	-4.65454545454545
			8.59545454545455	-4.65454545454545
			8.6	-4.65909090909091
			8.60454545454545	-4.65909090909091
			8.60909090909091	-4.65909090909091
			8.61363636363636	-4.66363636363636
			8.61818181818182	-4.66363636363636
			8.62272727272727	-4.66363636363636
			8.62272727272727	-4.66818181818182
			8.62727272727273	-4.66818181818182
			8.63181818181818	-4.67272727272727
			8.63636363636364	-4.67272727272727
			8.64090909090909	-4.67727272727273
			8.64090909090909	-4.68181818181818
			8.64545454545454	-4.68181818181818
			8.65	-4.68636363636364
			8.65454545454545	-4.68636363636364
			8.65454545454545	-4.69090909090909
			8.65909090909091	-4.69090909090909
			8.66363636363636	-4.69545454545455
			8.66818181818182	-4.69545454545455
			8.66818181818182	-4.7
			8.67272727272727	-4.70454545454545
			8.67727272727273	-4.70454545454545
			8.67727272727273	-4.70909090909091
			8.68181818181818	-4.70909090909091
			8.68636363636364	-4.71363636363636
			8.69090909090909	-4.71818181818182
			8.69545454545455	-4.72272727272727
			8.7	-4.72727272727273
			8.70454545454545	-4.73181818181818
			8.70909090909091	-4.73181818181818
			8.70909090909091	-4.73636363636364
			8.71363636363636	-4.74090909090909
			8.71818181818182	-4.74090909090909
			8.72272727272727	-4.74545454545455
			8.72272727272727	-4.75
			8.72727272727273	-4.75454545454545
			8.73181818181818	-4.75454545454545
			8.73181818181818	-4.75909090909091
			8.73636363636364	-4.76363636363636
			8.74090909090909	-4.76818181818182
			8.74545454545454	-4.77272727272727
			8.75	-4.77727272727273
			8.75454545454545	-4.78181818181818
			8.75909090909091	-4.78636363636364
			8.76363636363636	-4.79090909090909
			8.76818181818182	-4.79545454545454
			8.77272727272727	-4.8
			8.77727272727273	-4.80454545454545
			8.77727272727273	-4.80909090909091
			8.78181818181818	-4.81363636363636
			8.78636363636364	-4.81818181818182
			8.79090909090909	-4.82272727272727
			8.79090909090909	-4.82727272727273
			8.79545454545454	-4.83181818181818
			8.8	-4.83636363636364
			8.8	-4.84090909090909
			8.80454545454545	-4.84090909090909
			8.80454545454545	-4.84545454545454
			8.80909090909091	-4.85
			8.81363636363636	-4.85454545454545
			8.81363636363636	-4.85909090909091
			8.81818181818182	-4.85909090909091
			8.81818181818182	-4.86363636363636
			8.82272727272727	-4.86818181818182
			8.82727272727273	-4.87272727272727
			8.82727272727273	-4.87727272727273
			8.83181818181818	-4.87727272727273
			8.83181818181818	-4.88181818181818
			8.83636363636364	-4.88636363636364
			8.83636363636364	-4.89090909090909
			8.84090909090909	-4.89545454545455
			8.84090909090909	-4.9
			8.84545454545455	-4.9
			8.84545454545455	-4.90454545454545
			8.85	-4.90909090909091
			8.85	-4.91363636363636
			8.85454545454545	-4.91818181818182
			8.85454545454545	-4.92272727272727
			8.85909090909091	-4.92272727272727
			8.85909090909091	-4.92727272727273
			8.85909090909091	-4.93181818181818
			8.86363636363636	-4.93636363636364
			8.86363636363636	-4.94090909090909
			8.86818181818182	-4.94090909090909
			8.86818181818182	-4.94545454545455
			8.86818181818182	-4.95
			8.87272727272727	-4.95454545454545
			8.87272727272727	-4.95909090909091
			8.87727272727273	-4.95909090909091
			8.87727272727273	-4.96363636363636
			8.87727272727273	-4.96818181818182
			8.88181818181818	-4.97272727272727
			8.88181818181818	-4.97727272727273
			8.88636363636364	-4.98181818181818
			8.88636363636364	-4.98636363636364
			8.89090909090909	-4.99090909090909
			8.89090909090909	-4.99545454545455
			8.89090909090909	-5
			8.89545454545454	-5.00454545454545
			8.89545454545454	-5.00909090909091
			8.9	-5.01363636363636
			8.9	-5.01818181818182
			8.9	-5.02272727272727
			8.90454545454545	-5.02727272727273
			8.90454545454545	-5.03181818181818
			8.90909090909091	-5.03636363636364
			8.90909090909091	-5.04090909090909
			8.90909090909091	-5.04545454545454
			8.91363636363636	-5.05
			8.91363636363636	-5.05454545454545
			8.91818181818182	-5.05909090909091
			8.91818181818182	-5.06363636363636
			8.91818181818182	-5.06818181818182
			8.91818181818182	-5.07272727272727
			8.92272727272727	-5.07272727272727
			8.92272727272727	-5.07727272727273
			8.92272727272727	-5.08181818181818
			8.92272727272727	-5.08636363636364
			8.92272727272727	-5.09090909090909
			8.92272727272727	-5.09545454545454
			8.92272727272727	-5.1
			8.92272727272727	-5.10454545454545
			8.92727272727273	-5.10909090909091
			8.92727272727273	-5.11363636363636
			8.92727272727273	-5.11818181818182
			8.92727272727273	-5.12272727272727
			8.92727272727273	-5.12727272727273
			8.92727272727273	-5.13181818181818
			8.92727272727273	-5.13636363636364
			8.92727272727273	-5.14090909090909
			8.92727272727273	-5.14545454545455
			8.92727272727273	-5.15
			8.92727272727273	-5.15454545454545
			8.92727272727273	-5.15909090909091
			8.92727272727273	-5.16363636363636
			8.92727272727273	-5.16818181818182
			8.92727272727273	-5.17272727272727
			8.92727272727273	-5.17727272727273
			8.92727272727273	-5.18181818181818
			8.92727272727273	-5.18636363636364
			8.92727272727273	-5.19090909090909
			8.92727272727273	-5.19545454545455
			8.92272727272727	-5.2
			8.92272727272727	-5.20454545454545
			8.92272727272727	-5.20909090909091
			8.92272727272727	-5.21363636363636
			8.92272727272727	-5.21818181818182
			8.92272727272727	-5.22272727272727
			8.92272727272727	-5.22727272727273
			8.92272727272727	-5.23181818181818
			8.91818181818182	-5.23636363636364
			8.91818181818182	-5.24090909090909
			8.91818181818182	-5.24545454545455
			8.91818181818182	-5.25
		</Outline3>
		<Outline4 type=matrix rownames=FALSE colnames=FALSE nrow=255 ncol=2 as.numeric=TRUE >
			8.91818181818182	-5.25
			8.91818181818182	-5.25454545454545
			8.91818181818182	-5.25909090909091
			8.91363636363636	-5.26363636363636
			8.91363636363636	-5.26818181818182
			8.91363636363636	-5.27272727272727
			8.91363636363636	-5.27727272727273
			8.91363636363636	-5.28181818181818
			8.91363636363636	-5.28636363636364
			8.90909090909091	-5.29090909090909
			8.90909090909091	-5.29545454545454
			8.90909090909091	-5.3
			8.90909090909091	-5.30454545454545
			8.90454545454545	-5.30909090909091
			8.90454545454545	-5.31363636363636
			8.90454545454545	-5.31818181818182
			8.90454545454545	-5.32272727272727
			8.90454545454545	-5.32727272727273
			8.9	-5.33181818181818
			8.9	-5.33636363636364
			8.9	-5.34090909090909
			8.9	-5.34545454545454
			8.89545454545454	-5.35
			8.89545454545454	-5.35454545454545
			8.89090909090909	-5.35909090909091
			8.89090909090909	-5.36363636363636
			8.89090909090909	-5.36818181818182
			8.89090909090909	-5.37272727272727
			8.88636363636364	-5.37272727272727
			8.88636363636364	-5.37727272727273
			8.88636363636364	-5.38181818181818
			8.88181818181818	-5.38636363636364
			8.88181818181818	-5.39090909090909
			8.88181818181818	-5.39545454545455
			8.87727272727273	-5.4
			8.87727272727273	-5.40454545454545
			8.87727272727273	-5.40909090909091
			8.87272727272727	-5.40909090909091
			8.87272727272727	-5.41363636363636
			8.87272727272727	-5.41818181818182
			8.86818181818182	-5.42272727272727
			8.86818181818182	-5.42727272727273
			8.86363636363636	-5.43181818181818
			8.86363636363636	-5.43636363636364
			8.85909090909091	-5.44090909090909
			8.85909090909091	-5.44545454545455
			8.85909090909091	-5.45
			8.85454545454545	-5.45
			8.85454545454545	-5.45454545454545
			8.85	-5.45909090909091
			8.84545454545455	-5.46363636363636
			8.84545454545455	-5.46818181818182
			8.84090909090909	-5.47272727272727
			8.84090909090909	-5.47727272727273
			8.83636363636364	-5.47727272727273
			8.83636363636364	-5.48181818181818
			8.83181818181818	-5.48636363636364
			8.83181818181818	-5.49090909090909
			8.82727272727273	-5.49545454545455
			8.82272727272727	-5.5
			8.82272727272727	-5.50454545454545
			8.81818181818182	-5.50454545454545
			8.81818181818182	-5.50909090909091
			8.81363636363636	-5.51363636363636
			8.80909090909091	-5.51818181818182
			8.80909090909091	-5.52272727272727
			8.80454545454545	-5.52727272727273
			8.80454545454545	-5.53181818181818
			8.8	-5.53181818181818
			8.79545454545454	-5.53636363636364
			8.79545454545454	-5.54090909090909
			8.79090909090909	-5.54545454545454
			8.78636363636364	-5.55
			8.78181818181818	-5.55454545454545
			8.78181818181818	-5.55909090909091
			8.77727272727273	-5.56363636363636
			8.77272727272727	-5.56363636363636
			8.77272727272727	-5.56818181818182
			8.76818181818182	-5.57272727272727
			8.76363636363636	-5.57727272727273
			8.75909090909091	-5.58181818181818
			8.75909090909091	-5.58636363636364
			8.75454545454545	-5.59090909090909
			8.75	-5.59545454545454
			8.74545454545454	-5.6
			8.74090909090909	-5.60454545454545
			8.73636363636364	-5.60909090909091
			8.73181818181818	-5.61363636363636
			8.72727272727273	-5.61818181818182
			8.72272727272727	-5.61818181818182
			8.71818181818182	-5.62272727272727
			8.71363636363636	-5.62727272727273
			8.70909090909091	-5.63181818181818
			8.70454545454545	-5.63181818181818
			8.7	-5.63636363636364
			8.69545454545455	-5.64090909090909
			8.69090909090909	-5.64545454545455
			8.68636363636364	-5.64545454545455
			8.68181818181818	-5.65
			8.67727272727273	-5.65454545454545
			8.67272727272727	-5.65909090909091
			8.66818181818182	-5.65909090909091
			8.66363636363636	-5.66363636363636
			8.65909090909091	-5.66818181818182
			8.65454545454545	-5.67272727272727
			8.65	-5.67272727272727
			8.64545454545454	-5.67727272727273
			8.64090909090909	-5.68181818181818
			8.63636363636364	-5.68181818181818
			8.63181818181818	-5.68636363636364
			8.62727272727273	-5.69090909090909
			8.62272727272727	-5.69545454545455
			8.61818181818182	-5.69545454545455
			8.61363636363636	-5.7
			8.60909090909091	-5.70454545454545
			8.60454545454545	-5.70454545454545
			8.6	-5.70909090909091
			8.59545454545455	-5.71363636363636
			8.59090909090909	-5.71363636363636
			8.58636363636364	-5.71818181818182
			8.58181818181818	-5.72272727272727
			8.57727272727273	-5.72272727272727
			8.57272727272727	-5.72727272727273
			8.56818181818182	-5.73181818181818
			8.56363636363636	-5.73181818181818
			8.55909090909091	-5.73181818181818
			8.55454545454545	-5.73636363636364
			8.55	-5.73636363636364
			8.54545454545454	-5.74090909090909
			8.54090909090909	-5.74090909090909
			8.53636363636364	-5.74090909090909
			8.53181818181818	-5.74545454545455
			8.52727272727273	-5.74545454545455
			8.52272727272727	-5.75
			8.51818181818182	-5.75
			8.51363636363636	-5.75454545454545
			8.50909090909091	-5.75454545454545
			8.50454545454545	-5.75909090909091
			8.5	-5.75909090909091
			8.49545454545454	-5.76363636363636
			8.49090909090909	-5.76363636363636
			8.48636363636364	-5.76363636363636
			8.48181818181818	-5.76818181818182
			8.47727272727273	-5.76818181818182
			8.47272727272727	-5.77272727272727
			8.46818181818182	-5.77272727272727
			8.46363636363636	-5.77272727272727
			8.45909090909091	-5.77727272727273
			8.45454545454545	-5.77727272727273
			8.45	-5.78181818181818
			8.44545454545455	-5.78181818181818
			8.44090909090909	-5.78181818181818
			8.43636363636364	-5.78636363636364
			8.43181818181818	-5.78636363636364
			8.42727272727273	-5.78636363636364
			8.42272727272727	-5.79090909090909
			8.41818181818182	-5.79090909090909
			8.41363636363636	-5.79545454545454
			8.40909090909091	-5.79545454545454
			8.40454545454545	-5.79545454545454
			8.4	-5.8
			8.39545454545454	-5.8
			8.39090909090909	-5.8
			8.38636363636364	-5.8
			8.38181818181818	-5.80454545454545
			8.37727272727273	-5.80454545454545
			8.37272727272727	-5.80454545454545
			8.36818181818182	-5.80454545454545
			8.36363636363636	-5.80454545454545
			8.35909090909091	-5.80454545454545
			8.35454545454545	-5.80909090909091
			8.35	-5.80909090909091
			8.34545454545455	-5.80909090909091
			8.34090909090909	-5.80909090909091
			8.33636363636364	-5.80909090909091
			8.33181818181818	-5.80909090909091
			8.32727272727273	-5.80909090909091
			8.32272727272727	-5.80909090909091
			8.31818181818182	-5.80909090909091
			8.31818181818182	-5.81363636363636
			8.31363636363636	-5.81363636363636
			8.30909090909091	-5.81363636363636
			8.30454545454545	-5.81363636363636
			8.3	-5.81363636363636
			8.29545454545454	-5.81363636363636
			8.29090909090909	-5.81363636363636
			8.28636363636364	-5.81363636363636
			8.28181818181818	-5.81363636363636
			8.27727272727273	-5.81363636363636
			8.27272727272727	-5.81363636363636
			8.26818181818182	-5.81363636363636
			8.26363636363636	-5.81363636363636
			8.25909090909091	-5.81818181818182
			8.25454545454545	-5.81818181818182
			8.25	-5.81818181818182
			8.24545454545454	-5.81818181818182
			8.24090909090909	-5.81818181818182
			8.23636363636364	-5.81818181818182
			8.23181818181818	-5.81818181818182
			8.22727272727273	-5.81818181818182
			8.22727272727273	-5.82272727272727
			8.22272727272727	-5.82272727272727
			8.21818181818182	-5.82272727272727
			8.21363636363636	-5.82272727272727
			8.20909090909091	-5.82272727272727
			8.20454545454546	-5.82272727272727
			8.2	-5.82272727272727
			8.19545454545455	-5.82727272727273
			8.19090909090909	-5.82727272727273
			8.18636363636364	-5.82727272727273
			8.18181818181818	-5.82727272727273
			8.17727272727273	-5.82727272727273
			8.17272727272727	-5.82727272727273
			8.16818181818182	-5.82727272727273
			8.16363636363636	-5.83181818181818
			8.15909090909091	-5.83181818181818
			8.15454545454545	-5.83181818181818
			8.15	-5.83181818181818
			8.14545454545454	-5.83181818181818
			8.14090909090909	-5.83636363636364
			8.13636363636364	-5.83636363636364
			8.13181818181818	-5.84090909090909
			8.12727272727273	-5.84090909090909
			8.12272727272727	-5.84545454545454
			8.11818181818182	-5.84545454545454
			8.11363636363636	-5.84545454545454
			8.10909090909091	-5.85
			8.10454545454545	-5.85
			8.1	-5.85
			8.1	-5.85454545454545
			8.09545454545455	-5.85454545454545
			8.09090909090909	-5.85909090909091
			8.08636363636364	-5.85909090909091
			8.08181818181818	-5.85909090909091
			8.07727272727273	-5.86363636363636
			8.07272727272727	-5.86363636363636
			8.06818181818182	-5.86818181818182
			8.06363636363636	-5.86818181818182
			8.05909090909091	-5.87272727272727
			8.05454545454545	-5.87272727272727
			8.05	-5.87272727272727
			8.05	-5.87727272727273
			8.04545454545454	-5.87727272727273
			8.04090909090909	-5.87727272727273
			8.04090909090909	-5.88181818181818
			8.03636363636364	-5.88181818181818
			8.03181818181818	-5.88181818181818
			8.02727272727273	-5.88636363636364
			8.02272727272727	-5.88636363636364
			8.01818181818182	-5.89090909090909
			8.01363636363636	-5.89090909090909
			8.00909090909091	-5.89545454545455
			8.00454545454545	-5.89545454545455
			8	-5.9
			7.99545454545455	-5.9
		</Outline4>
	</curves.scaled>
	<ruler.points type=matrix rownames=TRUE colnames=FALSE nrow=2 ncol=2 as.numeric=TRUE >
		Ruler point 1	1743	919
		Ruler point 2	1963	919
	</ruler.points>
</shapes>

