<shapes type=list>
	<ruler.pixel type=vector names=FALSE length=1 as.numeric=TRUE >884.045813292501</ruler.pixel>
	<ruler.interval type=vector names=FALSE length=1 as.numeric=TRUE >10</ruler.interval>
	<scaling.units type=vector names=FALSE length=1 as.numeric=FALSE >mm</scaling.units>
	<scaling type=vector names=FALSE length=1 as.numeric=TRUE >0.0113116309693911</scaling>
	<landmarks.pixel type=matrix rownames=TRUE colnames=FALSE nrow=4 ncol=2 as.numeric=TRUE >
		Labial	2328	1616
		Posterior	2241	1579
		Lingual	2298	1499
		Anterior	2392	1540
	</landmarks.pixel>
	<landmarks.scaled type=matrix rownames=TRUE colnames=FALSE nrow=4 ncol=2 as.numeric=TRUE >
		Labial	26.3334768967425	-18.279595646536
		Posterior	25.3493650024055	-17.8610653006685
		Lingual	25.9941279676607	-16.9561348231173
		Anterior	27.0574212787835	-17.4199116928623
	</landmarks.scaled>
	<curves.control type=list>
		<Outline1 type=matrix rownames=FALSE colnames=FALSE nrow=15 ncol=2 as.numeric=TRUE >
			2328	1616
			2321	1620
			2314	1625
			2308	1629
			2303	1634
			2297	1637
			2291	1640
			2283	1642
			2275	1642
			2267	1642
			2258	1637
			2252	1632
			2246	1626
			2242	1621
			2241	1579
		</Outline1>
		<Outline2 type=matrix rownames=FALSE colnames=FALSE nrow=15 ncol=2 as.numeric=TRUE >
			2241	1579
			2243	1567
			2243	1559
			2242	1549
			2244	1540
			2245	1532
			2247	1523
			2250	1515
			2256	1509
			2260	1505
			2267	1502
			2275	1500
			2282	1500
			2289	1501
			2298	1499
		</Outline2>
		<Outline3 type=matrix rownames=FALSE colnames=FALSE nrow=13 ncol=2 as.numeric=TRUE >
			2298	1499
			2308	1498
			2318	1498
			2330	1497
			2340	1497
			2349	1497
			2360	1499
			2369	1503
			2376	1508
			2383	1517
			2385	1523
			2389	1530
			2392	1540
		</Outline3>
		<Outline4 type=matrix rownames=FALSE colnames=FALSE nrow=21 ncol=2 as.numeric=TRUE >
			2392	1540
			2395	1547
			2397	1554
			2398	1561
			2397	1567
			2396	1572
			2394	1577
			2392	1582
			2389	1587
			2387	1592
			2384	1597
			2380	1603
			2374	1609
			2368	1612
			2362	1614
			2354	1614
			2348	1614
			2340	1615
			2334	1615
			2331	1615
			2328	1616
		</Outline4>
	</curves.control>
	<curves.pixel type=list>
		<Outline1 type=matrix rownames=FALSE colnames=FALSE nrow=137 ncol=2 as.numeric=TRUE >
			2328	1616
			2327	1616
			2327	1617
			2326	1617
			2325	1618
			2324	1618
			2323	1619
			2322	1619
			2321	1620
			2321	1621
			2320	1621
			2319	1622
			2318	1622
			2317	1623
			2316	1623
			2316	1624
			2315	1624
			2314	1625
			2313	1626
			2312	1626
			2311	1627
			2310	1628
			2309	1628
			2309	1629
			2308	1630
			2307	1630
			2306	1631
			2306	1632
			2305	1632
			2304	1633
			2303	1634
			2302	1635
			2301	1635
			2300	1636
			2299	1636
			2298	1637
			2297	1637
			2296	1638
			2295	1638
			2294	1639
			2293	1639
			2292	1640
			2291	1640
			2290	1640
			2289	1640
			2288	1641
			2287	1641
			2286	1641
			2285	1641
			2284	1641
			2283	1642
			2282	1642
			2281	1642
			2280	1642
			2279	1642
			2278	1642
			2277	1642
			2276	1642
			2275	1642
			2274	1642
			2273	1642
			2272	1642
			2271	1642
			2270	1642
			2269	1641
			2268	1641
			2267	1641
			2266	1641
			2265	1640
			2264	1640
			2263	1639
			2262	1639
			2261	1638
			2260	1638
			2259	1637
			2258	1637
			2257	1636
			2256	1636
			2256	1635
			2255	1634
			2254	1633
			2253	1633
			2252	1632
			2251	1631
			2250	1630
			2249	1629
			2248	1628
			2247	1627
			2246	1626
			2245	1625
			2245	1624
			2245	1623
			2244	1622
			2244	1621
			2244	1620
			2244	1619
			2244	1618
			2243	1617
			2243	1616
			2243	1615
			2243	1614
			2243	1613
			2243	1612
			2243	1611
			2243	1610
			2242	1609
			2242	1608
			2242	1607
			2242	1606
			2242	1605
			2242	1604
			2242	1603
			2242	1602
			2242	1601
			2242	1600
			2242	1599
			2242	1598
			2242	1597
			2242	1596
			2242	1595
			2242	1594
			2241	1594
			2241	1593
			2241	1592
			2241	1591
			2241	1590
			2241	1589
			2241	1588
			2241	1587
			2241	1586
			2241	1585
			2241	1584
			2241	1583
			2241	1582
			2241	1581
			2241	1580
			2241	1579
		</Outline1>
		<Outline2 type=matrix rownames=FALSE colnames=FALSE nrow=114 ncol=2 as.numeric=TRUE >
			2241	1579
			2241	1578
			2241	1577
			2241	1576
			2242	1575
			2242	1574
			2242	1573
			2242	1572
			2242	1571
			2242	1570
			2242	1569
			2242	1568
			2243	1567
			2243	1566
			2243	1565
			2243	1564
			2243	1563
			2243	1562
			2243	1561
			2243	1560
			2243	1559
			2243	1558
			2243	1557
			2243	1556
			2243	1555
			2243	1554
			2243	1553
			2243	1552
			2243	1551
			2243	1550
			2243	1549
			2243	1548
			2243	1547
			2243	1546
			2243	1545
			2243	1544
			2243	1543
			2244	1542
			2244	1541
			2244	1540
			2244	1539
			2244	1538
			2244	1537
			2245	1536
			2245	1535
			2245	1534
			2245	1533
			2245	1532
			2245	1531
			2245	1530
			2246	1529
			2246	1528
			2246	1527
			2246	1526
			2247	1525
			2247	1524
			2247	1523
			2247	1522
			2248	1521
			2248	1520
			2249	1519
			2249	1518
			2250	1517
			2251	1516
			2251	1515
			2252	1514
			2252	1513
			2253	1512
			2254	1511
			2255	1511
			2255	1510
			2256	1509
			2257	1508
			2258	1507
			2259	1506
			2260	1505
			2261	1505
			2262	1504
			2263	1504
			2264	1503
			2265	1503
			2266	1502
			2267	1502
			2268	1502
			2269	1502
			2270	1501
			2271	1501
			2272	1501
			2273	1501
			2274	1501
			2275	1501
			2276	1500
			2277	1500
			2278	1500
			2279	1500
			2280	1500
			2281	1500
			2282	1500
			2283	1500
			2284	1500
			2285	1500
			2286	1500
			2287	1500
			2288	1500
			2289	1500
			2290	1500
			2291	1500
			2292	1500
			2293	1500
			2294	1500
			2295	1500
			2296	1499
			2297	1499
			2298	1499
		</Outline2>
		<Outline3 type=matrix rownames=FALSE colnames=FALSE nrow=114 ncol=2 as.numeric=TRUE >
			2298	1499
			2299	1499
			2300	1499
			2301	1499
			2302	1499
			2303	1499
			2304	1498
			2305	1498
			2306	1498
			2307	1498
			2308	1498
			2309	1498
			2310	1498
			2311	1498
			2312	1498
			2313	1498
			2314	1498
			2315	1498
			2316	1498
			2317	1498
			2318	1498
			2319	1498
			2320	1498
			2321	1498
			2322	1498
			2323	1498
			2324	1498
			2325	1497
			2326	1497
			2327	1497
			2328	1497
			2329	1497
			2330	1497
			2331	1497
			2332	1497
			2333	1497
			2334	1497
			2335	1497
			2336	1497
			2337	1497
			2338	1497
			2339	1497
			2340	1497
			2341	1497
			2342	1497
			2343	1497
			2344	1497
			2345	1497
			2346	1497
			2347	1497
			2348	1497
			2349	1497
			2350	1498
			2351	1498
			2352	1498
			2353	1498
			2354	1498
			2355	1498
			2356	1498
			2357	1498
			2358	1499
			2359	1499
			2360	1499
			2361	1499
			2362	1500
			2363	1500
			2363	1501
			2364	1501
			2365	1501
			2366	1502
			2367	1502
			2367	1503
			2368	1503
			2369	1503
			2370	1504
			2371	1505
			2372	1506
			2373	1506
			2374	1507
			2375	1507
			2376	1508
			2377	1509
			2378	1510
			2378	1511
			2379	1511
			2379	1512
			2380	1513
			2380	1514
			2381	1515
			2382	1516
			2382	1517
			2383	1518
			2384	1519
			2384	1520
			2384	1521
			2385	1522
			2385	1523
			2386	1524
			2386	1525
			2387	1526
			2387	1527
			2388	1528
			2388	1529
			2389	1530
			2389	1531
			2389	1532
			2390	1533
			2390	1534
			2390	1535
			2391	1536
			2391	1537
			2391	1538
			2392	1539
			2392	1540
		</Outline3>
		<Outline4 type=matrix rownames=FALSE colnames=FALSE nrow=118 ncol=2 as.numeric=TRUE >
			2392	1540
			2392	1541
			2393	1542
			2393	1543
			2394	1544
			2394	1545
			2394	1546
			2395	1547
			2395	1548
			2395	1549
			2396	1550
			2396	1551
			2396	1552
			2397	1552
			2397	1553
			2397	1554
			2397	1555
			2397	1556
			2397	1557
			2397	1558
			2397	1559
			2397	1560
			2397	1561
			2397	1562
			2397	1563
			2397	1564
			2397	1565
			2397	1566
			2397	1567
			2397	1568
			2397	1569
			2396	1570
			2396	1571
			2396	1572
			2395	1573
			2395	1574
			2395	1575
			2394	1576
			2394	1577
			2393	1578
			2393	1579
			2393	1580
			2392	1581
			2392	1582
			2391	1583
			2390	1584
			2390	1585
			2389	1586
			2389	1587
			2388	1588
			2388	1589
			2387	1590
			2387	1591
			2387	1592
			2386	1593
			2385	1594
			2385	1595
			2384	1596
			2384	1597
			2383	1598
			2383	1599
			2382	1599
			2382	1600
			2381	1601
			2380	1602
			2379	1603
			2379	1604
			2378	1605
			2377	1606
			2376	1607
			2375	1608
			2374	1609
			2373	1610
			2372	1610
			2371	1611
			2370	1611
			2369	1611
			2368	1612
			2367	1612
			2366	1613
			2365	1613
			2364	1613
			2363	1614
			2362	1614
			2361	1614
			2360	1614
			2359	1614
			2358	1614
			2357	1614
			2356	1614
			2355	1614
			2354	1614
			2353	1614
			2352	1614
			2351	1614
			2350	1614
			2349	1614
			2348	1614
			2347	1614
			2346	1614
			2345	1614
			2344	1614
			2343	1615
			2342	1615
			2341	1615
			2340	1615
			2339	1615
			2338	1615
			2337	1615
			2336	1615
			2335	1615
			2334	1615
			2333	1615
			2332	1615
			2331	1615
			2330	1615
			2329	1616
			2328	1616
		</Outline4>
	</curves.pixel>
	<curves.scaled type=list>
		<Outline1 type=matrix rownames=FALSE colnames=FALSE nrow=137 ncol=2 as.numeric=TRUE >
			26.3334768967425	-18.279595646536
			26.3221652657731	-18.279595646536
			26.3221652657731	-18.2909072775054
			26.3108536348037	-18.2909072775054
			26.2995420038343	-18.3022189084748
			26.2882303728649	-18.3022189084748
			26.2769187418955	-18.3135305394442
			26.2656071109261	-18.3135305394442
			26.2542954799567	-18.3248421704136
			26.2542954799567	-18.336153801383
			26.2429838489874	-18.336153801383
			26.231672218018	-18.3474654323524
			26.2203605870486	-18.3474654323524
			26.2090489560792	-18.3587770633218
			26.1977373251098	-18.3587770633218
			26.1977373251098	-18.3700886942911
			26.1864256941404	-18.3700886942911
			26.175114063171	-18.3814003252605
			26.1638024322016	-18.3927119562299
			26.1524908012322	-18.3927119562299
			26.1411791702628	-18.4040235871993
			26.1298675392934	-18.4153352181687
			26.1185559083241	-18.4153352181687
			26.1185559083241	-18.4266468491381
			26.1072442773547	-18.4379584801075
			26.0959326463853	-18.4379584801075
			26.0846210154159	-18.4492701110769
			26.0846210154159	-18.4605817420463
			26.0733093844465	-18.4605817420463
			26.0619977534771	-18.4718933730157
			26.0506861225077	-18.4832050039851
			26.0393744915383	-18.4945166349544
			26.0280628605689	-18.4945166349544
			26.0167512295995	-18.5058282659238
			26.0054395986301	-18.5058282659238
			25.9941279676607	-18.5171398968932
			25.9828163366914	-18.5171398968932
			25.971504705722	-18.5284515278626
			25.9601930747526	-18.5284515278626
			25.9488814437832	-18.539763158832
			25.9375698128138	-18.539763158832
			25.9262581818444	-18.5510747898014
			25.914946550875	-18.5510747898014
			25.9036349199056	-18.5510747898014
			25.8923232889362	-18.5510747898014
			25.8810116579668	-18.5623864207708
			25.8697000269974	-18.5623864207708
			25.8583883960281	-18.5623864207708
			25.8470767650587	-18.5623864207708
			25.8357651340893	-18.5623864207708
			25.8244535031199	-18.5736980517402
			25.8131418721505	-18.5736980517402
			25.8018302411811	-18.5736980517402
			25.7905186102117	-18.5736980517402
			25.7792069792423	-18.5736980517402
			25.7678953482729	-18.5736980517402
			25.7565837173035	-18.5736980517402
			25.7452720863341	-18.5736980517402
			25.7339604553648	-18.5736980517402
			25.7226488243954	-18.5736980517402
			25.711337193426	-18.5736980517402
			25.7000255624566	-18.5736980517402
			25.6887139314872	-18.5736980517402
			25.6774023005178	-18.5736980517402
			25.6660906695484	-18.5623864207708
			25.654779038579	-18.5623864207708
			25.6434674076096	-18.5623864207708
			25.6321557766402	-18.5623864207708
			25.6208441456708	-18.5510747898014
			25.6095325147014	-18.5510747898014
			25.5982208837321	-18.539763158832
			25.5869092527627	-18.539763158832
			25.5755976217933	-18.5284515278626
			25.5642859908239	-18.5284515278626
			25.5529743598545	-18.5171398968932
			25.5416627288851	-18.5171398968932
			25.5303510979157	-18.5058282659238
			25.5190394669463	-18.5058282659238
			25.5190394669463	-18.4945166349544
			25.5077278359769	-18.4832050039851
			25.4964162050075	-18.4718933730157
			25.4851045740381	-18.4718933730157
			25.4737929430688	-18.4605817420463
			25.4624813120994	-18.4492701110769
			25.45116968113	-18.4379584801075
			25.4398580501606	-18.4266468491381
			25.4285464191912	-18.4153352181687
			25.4172347882218	-18.4040235871993
			25.4059231572524	-18.3927119562299
			25.394611526283	-18.3814003252605
			25.394611526283	-18.3700886942911
			25.394611526283	-18.3587770633218
			25.3832998953136	-18.3474654323524
			25.3832998953136	-18.336153801383
			25.3832998953136	-18.3248421704136
			25.3832998953136	-18.3135305394442
			25.3832998953136	-18.3022189084748
			25.3719882643442	-18.2909072775054
			25.3719882643442	-18.279595646536
			25.3719882643442	-18.2682840155666
			25.3719882643442	-18.2569723845972
			25.3719882643442	-18.2456607536278
			25.3719882643442	-18.2343491226585
			25.3719882643442	-18.2230374916891
			25.3719882643442	-18.2117258607197
			25.3606766333748	-18.2004142297503
			25.3606766333748	-18.1891025987809
			25.3606766333748	-18.1777909678115
			25.3606766333748	-18.1664793368421
			25.3606766333748	-18.1551677058727
			25.3606766333748	-18.1438560749033
			25.3606766333748	-18.1325444439339
			25.3606766333748	-18.1212328129645
			25.3606766333748	-18.1099211819952
			25.3606766333748	-18.0986095510258
			25.3606766333748	-18.0872979200564
			25.3606766333748	-18.075986289087
			25.3606766333748	-18.0646746581176
			25.3606766333748	-18.0533630271482
			25.3606766333748	-18.0420513961788
			25.3606766333748	-18.0307397652094
			25.3493650024055	-18.0307397652094
			25.3493650024055	-18.01942813424
			25.3493650024055	-18.0081165032706
			25.3493650024055	-17.9968048723012
			25.3493650024055	-17.9854932413318
			25.3493650024055	-17.9741816103625
			25.3493650024055	-17.9628699793931
			25.3493650024055	-17.9515583484237
			25.3493650024055	-17.9402467174543
			25.3493650024055	-17.9289350864849
			25.3493650024055	-17.9176234555155
			25.3493650024055	-17.9063118245461
			25.3493650024055	-17.8950001935767
			25.3493650024055	-17.8836885626073
			25.3493650024055	-17.8723769316379
			25.3493650024055	-17.8610653006685
		</Outline1>
		<Outline2 type=matrix rownames=FALSE colnames=FALSE nrow=114 ncol=2 as.numeric=TRUE >
			25.3493650024055	-17.8610653006685
			25.3493650024055	-17.8497536696992
			25.3493650024055	-17.8384420387298
			25.3493650024055	-17.8271304077604
			25.3606766333748	-17.815818776791
			25.3606766333748	-17.8045071458216
			25.3606766333748	-17.7931955148522
			25.3606766333748	-17.7818838838828
			25.3606766333748	-17.7705722529134
			25.3606766333748	-17.759260621944
			25.3606766333748	-17.7479489909746
			25.3606766333748	-17.7366373600052
			25.3719882643442	-17.7253257290359
			25.3719882643442	-17.7140140980665
			25.3719882643442	-17.7027024670971
			25.3719882643442	-17.6913908361277
			25.3719882643442	-17.6800792051583
			25.3719882643442	-17.6687675741889
			25.3719882643442	-17.6574559432195
			25.3719882643442	-17.6461443122501
			25.3719882643442	-17.6348326812807
			25.3719882643442	-17.6235210503113
			25.3719882643442	-17.6122094193419
			25.3719882643442	-17.6008977883726
			25.3719882643442	-17.5895861574032
			25.3719882643442	-17.5782745264338
			25.3719882643442	-17.5669628954644
			25.3719882643442	-17.555651264495
			25.3719882643442	-17.5443396335256
			25.3719882643442	-17.5330280025562
			25.3719882643442	-17.5217163715868
			25.3719882643442	-17.5104047406174
			25.3719882643442	-17.499093109648
			25.3719882643442	-17.4877814786786
			25.3719882643442	-17.4764698477093
			25.3719882643442	-17.4651582167399
			25.3719882643442	-17.4538465857705
			25.3832998953136	-17.4425349548011
			25.3832998953136	-17.4312233238317
			25.3832998953136	-17.4199116928623
			25.3832998953136	-17.4086000618929
			25.3832998953136	-17.3972884309235
			25.3832998953136	-17.3859767999541
			25.394611526283	-17.3746651689847
			25.394611526283	-17.3633535380153
			25.394611526283	-17.3520419070459
			25.394611526283	-17.3407302760766
			25.394611526283	-17.3294186451072
			25.394611526283	-17.3181070141378
			25.394611526283	-17.3067953831684
			25.4059231572524	-17.295483752199
			25.4059231572524	-17.2841721212296
			25.4059231572524	-17.2728604902602
			25.4059231572524	-17.2615488592908
			25.4172347882218	-17.2502372283214
			25.4172347882218	-17.238925597352
			25.4172347882218	-17.2276139663826
			25.4172347882218	-17.2163023354133
			25.4285464191912	-17.2049907044439
			25.4285464191912	-17.1936790734745
			25.4398580501606	-17.1823674425051
			25.4398580501606	-17.1710558115357
			25.45116968113	-17.1597441805663
			25.4624813120994	-17.1484325495969
			25.4624813120994	-17.1371209186275
			25.4737929430688	-17.1258092876581
			25.4737929430688	-17.1144976566887
			25.4851045740381	-17.1031860257193
			25.4964162050075	-17.09187439475
			25.5077278359769	-17.09187439475
			25.5077278359769	-17.0805627637806
			25.5190394669463	-17.0692511328112
			25.5303510979157	-17.0579395018418
			25.5416627288851	-17.0466278708724
			25.5529743598545	-17.035316239903
			25.5642859908239	-17.0240046089336
			25.5755976217933	-17.0240046089336
			25.5869092527627	-17.0126929779642
			25.5982208837321	-17.0126929779642
			25.6095325147014	-17.0013813469948
			25.6208441456708	-17.0013813469948
			25.6321557766402	-16.9900697160254
			25.6434674076096	-16.9900697160254
			25.654779038579	-16.9900697160254
			25.6660906695484	-16.9900697160254
			25.6774023005178	-16.978758085056
			25.6887139314872	-16.978758085056
			25.7000255624566	-16.978758085056
			25.711337193426	-16.978758085056
			25.7226488243954	-16.978758085056
			25.7339604553648	-16.978758085056
			25.7452720863341	-16.9674464540867
			25.7565837173035	-16.9674464540867
			25.7678953482729	-16.9674464540867
			25.7792069792423	-16.9674464540867
			25.7905186102117	-16.9674464540867
			25.8018302411811	-16.9674464540867
			25.8131418721505	-16.9674464540867
			25.8244535031199	-16.9674464540867
			25.8357651340893	-16.9674464540867
			25.8470767650587	-16.9674464540867
			25.8583883960281	-16.9674464540867
			25.8697000269974	-16.9674464540867
			25.8810116579668	-16.9674464540867
			25.8923232889362	-16.9674464540867
			25.9036349199056	-16.9674464540867
			25.914946550875	-16.9674464540867
			25.9262581818444	-16.9674464540867
			25.9375698128138	-16.9674464540867
			25.9488814437832	-16.9674464540867
			25.9601930747526	-16.9674464540867
			25.971504705722	-16.9561348231173
			25.9828163366914	-16.9561348231173
			25.9941279676607	-16.9561348231173
		</Outline2>
		<Outline3 type=matrix rownames=FALSE colnames=FALSE nrow=114 ncol=2 as.numeric=TRUE >
			25.9941279676607	-16.9561348231173
			26.0054395986301	-16.9561348231173
			26.0167512295995	-16.9561348231173
			26.0280628605689	-16.9561348231173
			26.0393744915383	-16.9561348231173
			26.0506861225077	-16.9561348231173
			26.0619977534771	-16.9448231921479
			26.0733093844465	-16.9448231921479
			26.0846210154159	-16.9448231921479
			26.0959326463853	-16.9448231921479
			26.1072442773547	-16.9448231921479
			26.1185559083241	-16.9448231921479
			26.1298675392934	-16.9448231921479
			26.1411791702628	-16.9448231921479
			26.1524908012322	-16.9448231921479
			26.1638024322016	-16.9448231921479
			26.175114063171	-16.9448231921479
			26.1864256941404	-16.9448231921479
			26.1977373251098	-16.9448231921479
			26.2090489560792	-16.9448231921479
			26.2203605870486	-16.9448231921479
			26.231672218018	-16.9448231921479
			26.2429838489874	-16.9448231921479
			26.2542954799567	-16.9448231921479
			26.2656071109261	-16.9448231921479
			26.2769187418955	-16.9448231921479
			26.2882303728649	-16.9448231921479
			26.2995420038343	-16.9335115611785
			26.3108536348037	-16.9335115611785
			26.3221652657731	-16.9335115611785
			26.3334768967425	-16.9335115611785
			26.3447885277119	-16.9335115611785
			26.3561001586813	-16.9335115611785
			26.3674117896507	-16.9335115611785
			26.37872342062	-16.9335115611785
			26.3900350515894	-16.9335115611785
			26.4013466825588	-16.9335115611785
			26.4126583135282	-16.9335115611785
			26.4239699444976	-16.9335115611785
			26.435281575467	-16.9335115611785
			26.4465932064364	-16.9335115611785
			26.4579048374058	-16.9335115611785
			26.4692164683752	-16.9335115611785
			26.4805280993446	-16.9335115611785
			26.491839730314	-16.9335115611785
			26.5031513612833	-16.9335115611785
			26.5144629922527	-16.9335115611785
			26.5257746232221	-16.9335115611785
			26.5370862541915	-16.9335115611785
			26.5483978851609	-16.9335115611785
			26.5597095161303	-16.9335115611785
			26.5710211470997	-16.9335115611785
			26.5823327780691	-16.9448231921479
			26.5936444090385	-16.9448231921479
			26.6049560400079	-16.9448231921479
			26.6162676709773	-16.9448231921479
			26.6275793019466	-16.9448231921479
			26.638890932916	-16.9448231921479
			26.6502025638854	-16.9448231921479
			26.6615141948548	-16.9448231921479
			26.6728258258242	-16.9561348231173
			26.6841374567936	-16.9561348231173
			26.695449087763	-16.9561348231173
			26.7067607187324	-16.9561348231173
			26.7180723497018	-16.9674464540867
			26.7293839806712	-16.9674464540867
			26.7293839806712	-16.978758085056
			26.7406956116406	-16.978758085056
			26.75200724261	-16.978758085056
			26.7633188735793	-16.9900697160254
			26.7746305045487	-16.9900697160254
			26.7746305045487	-17.0013813469948
			26.7859421355181	-17.0013813469948
			26.7972537664875	-17.0013813469948
			26.8085653974569	-17.0126929779642
			26.8198770284263	-17.0240046089336
			26.8311886593957	-17.035316239903
			26.8425002903651	-17.035316239903
			26.8538119213345	-17.0466278708724
			26.8651235523039	-17.0466278708724
			26.8764351832733	-17.0579395018418
			26.8877468142426	-17.0692511328112
			26.899058445212	-17.0805627637806
			26.899058445212	-17.09187439475
			26.9103700761814	-17.09187439475
			26.9103700761814	-17.1031860257193
			26.9216817071508	-17.1144976566887
			26.9216817071508	-17.1258092876581
			26.9329933381202	-17.1371209186275
			26.9443049690896	-17.1484325495969
			26.9443049690896	-17.1597441805663
			26.955616600059	-17.1710558115357
			26.9669282310284	-17.1823674425051
			26.9669282310284	-17.1936790734745
			26.9669282310284	-17.2049907044439
			26.9782398619978	-17.2163023354133
			26.9782398619978	-17.2276139663826
			26.9895514929672	-17.238925597352
			26.9895514929672	-17.2502372283214
			27.0008631239366	-17.2615488592908
			27.0008631239366	-17.2728604902602
			27.0121747549059	-17.2841721212296
			27.0121747549059	-17.295483752199
			27.0234863858753	-17.3067953831684
			27.0234863858753	-17.3181070141378
			27.0234863858753	-17.3294186451072
			27.0347980168447	-17.3407302760766
			27.0347980168447	-17.3520419070459
			27.0347980168447	-17.3633535380153
			27.0461096478141	-17.3746651689847
			27.0461096478141	-17.3859767999541
			27.0461096478141	-17.3972884309235
			27.0574212787835	-17.4086000618929
			27.0574212787835	-17.4199116928623
		</Outline3>
		<Outline4 type=matrix rownames=FALSE colnames=FALSE nrow=118 ncol=2 as.numeric=TRUE >
			27.0574212787835	-17.4199116928623
			27.0574212787835	-17.4312233238317
			27.0687329097529	-17.4425349548011
			27.0687329097529	-17.4538465857705
			27.0800445407223	-17.4651582167399
			27.0800445407223	-17.4764698477093
			27.0800445407223	-17.4877814786786
			27.0913561716917	-17.499093109648
			27.0913561716917	-17.5104047406174
			27.0913561716917	-17.5217163715868
			27.1026678026611	-17.5330280025562
			27.1026678026611	-17.5443396335256
			27.1026678026611	-17.555651264495
			27.1139794336305	-17.555651264495
			27.1139794336305	-17.5669628954644
			27.1139794336305	-17.5782745264338
			27.1139794336305	-17.5895861574032
			27.1139794336305	-17.6008977883726
			27.1139794336305	-17.6122094193419
			27.1139794336305	-17.6235210503113
			27.1139794336305	-17.6348326812807
			27.1139794336305	-17.6461443122501
			27.1139794336305	-17.6574559432195
			27.1139794336305	-17.6687675741889
			27.1139794336305	-17.6800792051583
			27.1139794336305	-17.6913908361277
			27.1139794336305	-17.7027024670971
			27.1139794336305	-17.7140140980665
			27.1139794336305	-17.7253257290359
			27.1139794336305	-17.7366373600052
			27.1139794336305	-17.7479489909746
			27.1026678026611	-17.759260621944
			27.1026678026611	-17.7705722529134
			27.1026678026611	-17.7818838838828
			27.0913561716917	-17.7931955148522
			27.0913561716917	-17.8045071458216
			27.0913561716917	-17.815818776791
			27.0800445407223	-17.8271304077604
			27.0800445407223	-17.8384420387298
			27.0687329097529	-17.8497536696992
			27.0687329097529	-17.8610653006685
			27.0687329097529	-17.8723769316379
			27.0574212787835	-17.8836885626073
			27.0574212787835	-17.8950001935767
			27.0461096478141	-17.9063118245461
			27.0347980168447	-17.9176234555155
			27.0347980168447	-17.9289350864849
			27.0234863858753	-17.9402467174543
			27.0234863858753	-17.9515583484237
			27.0121747549059	-17.9628699793931
			27.0121747549059	-17.9741816103625
			27.0008631239366	-17.9854932413318
			27.0008631239366	-17.9968048723012
			27.0008631239366	-18.0081165032706
			26.9895514929672	-18.01942813424
			26.9782398619978	-18.0307397652094
			26.9782398619978	-18.0420513961788
			26.9669282310284	-18.0533630271482
			26.9669282310284	-18.0646746581176
			26.955616600059	-18.075986289087
			26.955616600059	-18.0872979200564
			26.9443049690896	-18.0872979200564
			26.9443049690896	-18.0986095510258
			26.9329933381202	-18.1099211819952
			26.9216817071508	-18.1212328129645
			26.9103700761814	-18.1325444439339
			26.9103700761814	-18.1438560749033
			26.899058445212	-18.1551677058727
			26.8877468142426	-18.1664793368421
			26.8764351832733	-18.1777909678115
			26.8651235523039	-18.1891025987809
			26.8538119213345	-18.2004142297503
			26.8425002903651	-18.2117258607197
			26.8311886593957	-18.2117258607197
			26.8198770284263	-18.2230374916891
			26.8085653974569	-18.2230374916891
			26.7972537664875	-18.2230374916891
			26.7859421355181	-18.2343491226585
			26.7746305045487	-18.2343491226585
			26.7633188735793	-18.2456607536278
			26.75200724261	-18.2456607536278
			26.7406956116406	-18.2456607536278
			26.7293839806712	-18.2569723845972
			26.7180723497018	-18.2569723845972
			26.7067607187324	-18.2569723845972
			26.695449087763	-18.2569723845972
			26.6841374567936	-18.2569723845972
			26.6728258258242	-18.2569723845972
			26.6615141948548	-18.2569723845972
			26.6502025638854	-18.2569723845972
			26.638890932916	-18.2569723845972
			26.6275793019466	-18.2569723845972
			26.6162676709773	-18.2569723845972
			26.6049560400079	-18.2569723845972
			26.5936444090385	-18.2569723845972
			26.5823327780691	-18.2569723845972
			26.5710211470997	-18.2569723845972
			26.5597095161303	-18.2569723845972
			26.5483978851609	-18.2569723845972
			26.5370862541915	-18.2569723845972
			26.5257746232221	-18.2569723845972
			26.5144629922527	-18.2569723845972
			26.5031513612833	-18.2682840155666
			26.491839730314	-18.2682840155666
			26.4805280993446	-18.2682840155666
			26.4692164683752	-18.2682840155666
			26.4579048374058	-18.2682840155666
			26.4465932064364	-18.2682840155666
			26.435281575467	-18.2682840155666
			26.4239699444976	-18.2682840155666
			26.4126583135282	-18.2682840155666
			26.4013466825588	-18.2682840155666
			26.3900350515894	-18.2682840155666
			26.37872342062	-18.2682840155666
			26.3674117896507	-18.2682840155666
			26.3561001586813	-18.2682840155666
			26.3447885277119	-18.279595646536
			26.3334768967425	-18.279595646536
		</Outline4>
	</curves.scaled>
	<ruler.points type=matrix rownames=TRUE colnames=FALSE nrow=2 ncol=2 as.numeric=TRUE >
		Ruler point 1	2998	2603
		Ruler point 2	2114	2594
	</ruler.points>
</shapes>

