<shapes type=list>
	<ruler.pixel type=vector names=FALSE length=1 as.numeric=TRUE >1452.06749154438</ruler.pixel>
	<ruler.interval type=vector names=FALSE length=1 as.numeric=TRUE >10</ruler.interval>
	<scaling.units type=vector names=FALSE length=1 as.numeric=FALSE >mm</scaling.units>
	<scaling type=vector names=FALSE length=1 as.numeric=TRUE >0.00688673223402601</scaling>
	<landmarks.pixel type=matrix rownames=TRUE colnames=FALSE nrow=4 ncol=2 as.numeric=TRUE >
		Labial	2692	1037
		Posterior	2589	1001
		Lingual	2642	903
		Anterior	2750	941
	</landmarks.pixel>
	<landmarks.scaled type=matrix rownames=TRUE colnames=FALSE nrow=4 ncol=2 as.numeric=TRUE >
		Labial	18.539083173998	-7.14154132668497
		Posterior	17.8297497538933	-6.89361896626003
		Lingual	18.1947465622967	-6.21871920732549
		Anterior	18.9385136435715	-6.48041503221847
	</landmarks.scaled>
	<curves.control type=list>
		<Outline1 type=matrix rownames=FALSE colnames=FALSE nrow=17 ncol=2 as.numeric=TRUE >
			2692	1037
			2686	1043
			2680	1049
			2672	1056
			2665	1060
			2658	1064
			2651	1067
			2644	1069
			2637	1070
			2629	1071
			2622	1070
			2614	1068
			2607	1064
			2600	1059
			2595	1054
			2592	1047
			2589	1001
		</Outline1>
		<Outline2 type=matrix rownames=FALSE colnames=FALSE nrow=15 ncol=2 as.numeric=TRUE >
			2589	1001
			2588	986
			2588	977
			2588	965
			2590	956
			2593	948
			2598	938
			2604	929
			2610	922
			2615	917
			2622	913
			2628	909
			2633	906
			2638	904
			2642	903
		</Outline2>
		<Outline3 type=matrix rownames=FALSE colnames=FALSE nrow=15 ncol=2 as.numeric=TRUE >
			2642	903
			2648	901
			2657	901
			2667	902
			2678	903
			2688	904
			2697	906
			2707	908
			2716	910
			2726	914
			2733	918
			2739	922
			2744	929
			2748	935
			2750	941
		</Outline3>
		<Outline4 type=matrix rownames=FALSE colnames=FALSE nrow=17 ncol=2 as.numeric=TRUE >
			2750	941
			2753	949
			2754	958
			2754	965
			2753	972
			2751	981
			2748	989
			2745	997
			2740	1004
			2734	1009
			2728	1013
			2722	1018
			2715	1022
			2708	1026
			2702	1028
			2697	1032
			2692	1037
		</Outline4>
	</curves.control>
	<curves.pixel type=list>
		<Outline1 type=matrix rownames=FALSE colnames=FALSE nrow=152 ncol=2 as.numeric=TRUE >
			2692	1037
			2691	1038
			2690	1039
			2689	1040
			2688	1041
			2687	1042
			2686	1043
			2685	1044
			2684	1045
			2683	1046
			2682	1047
			2681	1048
			2680	1049
			2679	1050
			2678	1050
			2677	1051
			2676	1052
			2675	1053
			2674	1054
			2673	1055
			2672	1056
			2671	1056
			2670	1057
			2669	1058
			2668	1058
			2667	1059
			2666	1060
			2665	1060
			2664	1061
			2663	1061
			2662	1062
			2661	1062
			2660	1063
			2659	1063
			2658	1064
			2657	1064
			2656	1065
			2655	1065
			2654	1066
			2653	1066
			2652	1066
			2651	1067
			2650	1067
			2649	1067
			2648	1068
			2647	1068
			2646	1068
			2645	1068
			2644	1069
			2643	1069
			2642	1069
			2641	1069
			2640	1070
			2639	1070
			2638	1070
			2637	1070
			2636	1070
			2635	1070
			2634	1070
			2633	1070
			2632	1070
			2631	1070
			2630	1070
			2629	1070
			2628	1070
			2627	1070
			2626	1070
			2625	1070
			2624	1070
			2623	1070
			2622	1070
			2621	1070
			2620	1070
			2619	1069
			2618	1069
			2617	1068
			2616	1068
			2615	1068
			2614	1067
			2613	1067
			2612	1067
			2611	1066
			2610	1066
			2609	1065
			2608	1065
			2608	1064
			2607	1064
			2606	1063
			2605	1063
			2604	1062
			2603	1061
			2602	1060
			2601	1059
			2600	1059
			2599	1058
			2598	1057
			2597	1056
			2596	1055
			2595	1054
			2595	1053
			2594	1052
			2594	1051
			2594	1050
			2594	1049
			2593	1048
			2593	1047
			2593	1046
			2593	1045
			2593	1044
			2593	1043
			2593	1042
			2592	1041
			2592	1040
			2592	1039
			2592	1038
			2592	1037
			2592	1036
			2592	1035
			2592	1034
			2592	1033
			2591	1032
			2591	1031
			2591	1030
			2591	1029
			2591	1028
			2591	1027
			2591	1026
			2591	1025
			2591	1024
			2591	1023
			2591	1022
			2590	1021
			2590	1020
			2590	1019
			2590	1018
			2590	1017
			2590	1016
			2590	1015
			2590	1014
			2590	1013
			2590	1012
			2590	1011
			2590	1010
			2590	1009
			2589	1008
			2589	1007
			2589	1006
			2589	1005
			2589	1004
			2589	1003
			2589	1002
			2589	1001
		</Outline1>
		<Outline2 type=matrix rownames=FALSE colnames=FALSE nrow=117 ncol=2 as.numeric=TRUE >
			2589	1001
			2589	1000
			2589	999
			2589	998
			2589	997
			2589	996
			2589	995
			2589	994
			2589	993
			2588	992
			2588	991
			2588	990
			2588	989
			2588	988
			2588	987
			2588	986
			2588	985
			2588	984
			2588	983
			2588	982
			2588	981
			2588	980
			2588	979
			2588	978
			2588	977
			2588	976
			2588	975
			2588	974
			2588	973
			2588	972
			2588	971
			2588	970
			2588	969
			2588	968
			2588	967
			2588	966
			2589	965
			2589	964
			2589	963
			2589	962
			2589	961
			2589	960
			2589	959
			2590	958
			2590	957
			2590	956
			2590	955
			2591	954
			2591	953
			2592	952
			2592	951
			2593	950
			2593	949
			2593	948
			2594	947
			2594	946
			2595	945
			2595	944
			2596	943
			2596	942
			2596	941
			2597	941
			2597	940
			2598	939
			2598	938
			2599	937
			2599	936
			2600	936
			2600	935
			2601	934
			2601	933
			2602	933
			2602	932
			2603	931
			2603	930
			2604	930
			2604	929
			2605	928
			2606	927
			2607	926
			2608	925
			2608	924
			2609	923
			2610	922
			2611	921
			2612	920
			2613	919
			2614	918
			2615	917
			2616	917
			2617	916
			2618	916
			2619	915
			2620	914
			2621	913
			2622	913
			2623	912
			2624	912
			2625	911
			2626	910
			2627	910
			2628	909
			2629	908
			2630	908
			2631	907
			2632	907
			2633	906
			2634	906
			2635	905
			2636	905
			2637	905
			2637	904
			2638	904
			2639	904
			2640	904
			2641	903
			2642	903
		</Outline2>
		<Outline3 type=matrix rownames=FALSE colnames=FALSE nrow=119 ncol=2 as.numeric=TRUE >
			2642	903
			2643	903
			2644	902
			2645	902
			2646	902
			2647	902
			2648	902
			2649	901
			2650	901
			2651	901
			2652	901
			2653	901
			2654	901
			2655	901
			2656	901
			2657	901
			2658	901
			2659	901
			2660	901
			2661	901
			2662	902
			2663	902
			2664	902
			2665	902
			2666	902
			2667	902
			2668	902
			2669	902
			2670	902
			2671	902
			2672	902
			2673	903
			2674	903
			2675	903
			2676	903
			2677	903
			2678	903
			2679	903
			2680	903
			2681	903
			2682	903
			2683	904
			2684	904
			2685	904
			2686	904
			2687	904
			2688	904
			2689	904
			2690	905
			2691	905
			2692	905
			2693	905
			2694	905
			2695	906
			2696	906
			2697	906
			2698	906
			2699	906
			2700	907
			2701	907
			2702	907
			2703	907
			2704	907
			2705	908
			2706	908
			2707	908
			2708	908
			2709	908
			2710	909
			2711	909
			2712	909
			2713	909
			2714	910
			2715	910
			2716	910
			2717	910
			2718	911
			2719	911
			2720	912
			2721	912
			2722	913
			2723	913
			2724	913
			2725	914
			2726	914
			2727	915
			2728	915
			2728	916
			2729	916
			2730	916
			2731	917
			2732	917
			2732	918
			2733	918
			2734	919
			2735	919
			2736	920
			2737	921
			2738	922
			2739	923
			2740	924
			2741	925
			2742	926
			2742	927
			2743	928
			2744	929
			2745	930
			2745	931
			2746	932
			2746	933
			2747	934
			2747	935
			2748	935
			2748	936
			2749	937
			2749	938
			2749	939
			2750	940
			2750	941
		</Outline3>
		<Outline4 type=matrix rownames=FALSE colnames=FALSE nrow=117 ncol=2 as.numeric=TRUE >
			2750	941
			2750	942
			2751	943
			2751	944
			2751	945
			2752	946
			2752	947
			2752	948
			2753	949
			2753	950
			2753	951
			2753	952
			2753	953
			2753	954
			2754	955
			2754	956
			2754	957
			2754	958
			2754	959
			2754	960
			2754	961
			2754	962
			2754	963
			2754	964
			2754	965
			2754	966
			2754	967
			2753	968
			2753	969
			2753	970
			2753	971
			2753	972
			2753	973
			2753	974
			2752	975
			2752	976
			2752	977
			2752	978
			2751	978
			2751	979
			2751	980
			2751	981
			2750	982
			2750	983
			2750	984
			2749	985
			2749	986
			2749	987
			2748	988
			2748	989
			2748	990
			2747	991
			2747	992
			2746	993
			2746	994
			2745	995
			2745	996
			2744	997
			2744	998
			2743	999
			2742	1000
			2742	1001
			2741	1002
			2740	1003
			2740	1004
			2739	1005
			2738	1006
			2737	1006
			2736	1007
			2736	1008
			2735	1008
			2734	1009
			2733	1009
			2732	1010
			2731	1011
			2730	1012
			2729	1012
			2728	1013
			2727	1014
			2726	1015
			2725	1016
			2724	1016
			2723	1017
			2722	1018
			2721	1019
			2720	1019
			2719	1019
			2719	1020
			2718	1020
			2717	1021
			2716	1022
			2715	1022
			2714	1022
			2713	1023
			2712	1024
			2711	1024
			2710	1025
			2709	1025
			2708	1026
			2707	1026
			2706	1026
			2705	1027
			2704	1027
			2703	1027
			2703	1028
			2702	1028
			2701	1029
			2700	1029
			2700	1030
			2699	1031
			2698	1031
			2697	1032
			2696	1033
			2695	1034
			2694	1035
			2693	1036
			2692	1037
		</Outline4>
	</curves.pixel>
	<curves.scaled type=list>
		<Outline1 type=matrix rownames=FALSE colnames=FALSE nrow=152 ncol=2 as.numeric=TRUE >
			18.539083173998	-7.14154132668497
			18.532196441764	-7.148428058919
			18.52530970953	-7.15531479115302
			18.5184229772959	-7.16220152338705
			18.5115362450619	-7.16908825562108
			18.5046495128279	-7.1759749878551
			18.4977627805939	-7.18286172008913
			18.4908760483598	-7.18974845232315
			18.4839893161258	-7.19663518455718
			18.4771025838918	-7.20352191679121
			18.4702158516578	-7.21040864902523
			18.4633291194237	-7.21729538125926
			18.4564423871897	-7.22418211349328
			18.4495556549557	-7.23106884572731
			18.4426689227217	-7.23106884572731
			18.4357821904876	-7.23795557796134
			18.4288954582536	-7.24484231019536
			18.4220087260196	-7.25172904242939
			18.4151219937855	-7.25861577466341
			18.4082352615515	-7.26550250689744
			18.4013485293175	-7.27238923913147
			18.3944617970835	-7.27238923913147
			18.3875750648494	-7.27927597136549
			18.3806883326154	-7.28616270359952
			18.3738016003814	-7.28616270359952
			18.3669148681474	-7.29304943583354
			18.3600281359133	-7.29993616806757
			18.3531414036793	-7.29993616806757
			18.3462546714453	-7.3068229003016
			18.3393679392113	-7.3068229003016
			18.3324812069772	-7.31370963253562
			18.3255944747432	-7.31370963253562
			18.3187077425092	-7.32059636476965
			18.3118210102752	-7.32059636476965
			18.3049342780411	-7.32748309700367
			18.2980475458071	-7.32748309700367
			18.2911608135731	-7.3343698292377
			18.2842740813391	-7.3343698292377
			18.277387349105	-7.34125656147173
			18.270500616871	-7.34125656147173
			18.263613884637	-7.34125656147173
			18.2567271524029	-7.34814329370575
			18.2498404201689	-7.34814329370575
			18.2429536879349	-7.34814329370575
			18.2360669557009	-7.35503002593978
			18.2291802234668	-7.35503002593978
			18.2222934912328	-7.35503002593978
			18.2154067589988	-7.35503002593978
			18.2085200267648	-7.3619167581738
			18.2016332945307	-7.3619167581738
			18.1947465622967	-7.3619167581738
			18.1878598300627	-7.3619167581738
			18.1809730978287	-7.36880349040783
			18.1740863655946	-7.36880349040783
			18.1671996333606	-7.36880349040783
			18.1603129011266	-7.36880349040783
			18.1534261688926	-7.36880349040783
			18.1465394366585	-7.36880349040783
			18.1396527044245	-7.36880349040783
			18.1327659721905	-7.36880349040783
			18.1258792399565	-7.36880349040783
			18.1189925077224	-7.36880349040783
			18.1121057754884	-7.36880349040783
			18.1052190432544	-7.36880349040783
			18.0983323110204	-7.36880349040783
			18.0914455787863	-7.36880349040783
			18.0845588465523	-7.36880349040783
			18.0776721143183	-7.36880349040783
			18.0707853820842	-7.36880349040783
			18.0638986498502	-7.36880349040783
			18.0570119176162	-7.36880349040783
			18.0501251853822	-7.36880349040783
			18.0432384531481	-7.36880349040783
			18.0363517209141	-7.3619167581738
			18.0294649886801	-7.3619167581738
			18.0225782564461	-7.35503002593978
			18.015691524212	-7.35503002593978
			18.008804791978	-7.35503002593978
			18.001918059744	-7.34814329370575
			17.99503132751	-7.34814329370575
			17.9881445952759	-7.34814329370575
			17.9812578630419	-7.34125656147173
			17.9743711308079	-7.34125656147173
			17.9674843985739	-7.3343698292377
			17.9605976663398	-7.3343698292377
			17.9605976663398	-7.32748309700367
			17.9537109341058	-7.32748309700367
			17.9468242018718	-7.32059636476965
			17.9399374696378	-7.32059636476965
			17.9330507374037	-7.31370963253562
			17.9261640051697	-7.3068229003016
			17.9192772729357	-7.29993616806757
			17.9123905407017	-7.29304943583354
			17.9055038084676	-7.29304943583354
			17.8986170762336	-7.28616270359952
			17.8917303439996	-7.27927597136549
			17.8848436117655	-7.27238923913147
			17.8779568795315	-7.26550250689744
			17.8710701472975	-7.25861577466341
			17.8710701472975	-7.25172904242939
			17.8641834150635	-7.24484231019536
			17.8641834150635	-7.23795557796134
			17.8641834150635	-7.23106884572731
			17.8641834150635	-7.22418211349328
			17.8572966828294	-7.21729538125926
			17.8572966828294	-7.21040864902523
			17.8572966828294	-7.20352191679121
			17.8572966828294	-7.19663518455718
			17.8572966828294	-7.18974845232315
			17.8572966828294	-7.18286172008913
			17.8572966828294	-7.1759749878551
			17.8504099505954	-7.16908825562108
			17.8504099505954	-7.16220152338705
			17.8504099505954	-7.15531479115302
			17.8504099505954	-7.148428058919
			17.8504099505954	-7.14154132668497
			17.8504099505954	-7.13465459445095
			17.8504099505954	-7.12776786221692
			17.8504099505954	-7.12088112998289
			17.8504099505954	-7.11399439774887
			17.8435232183614	-7.10710766551484
			17.8435232183614	-7.10022093328082
			17.8435232183614	-7.09333420104679
			17.8435232183614	-7.08644746881276
			17.8435232183614	-7.07956073657874
			17.8435232183614	-7.07267400434471
			17.8435232183614	-7.06578727211069
			17.8435232183614	-7.05890053987666
			17.8435232183614	-7.05201380764263
			17.8435232183614	-7.04512707540861
			17.8435232183614	-7.03824034317458
			17.8366364861274	-7.03135361094056
			17.8366364861274	-7.02446687870653
			17.8366364861274	-7.0175801464725
			17.8366364861274	-7.01069341423848
			17.8366364861274	-7.00380668200445
			17.8366364861274	-6.99691994977043
			17.8366364861274	-6.9900332175364
			17.8366364861274	-6.98314648530237
			17.8366364861274	-6.97625975306835
			17.8366364861274	-6.96937302083432
			17.8366364861274	-6.96248628860029
			17.8366364861274	-6.95559955636627
			17.8366364861274	-6.94871282413224
			17.8297497538933	-6.94182609189822
			17.8297497538933	-6.93493935966419
			17.8297497538933	-6.92805262743016
			17.8297497538933	-6.92116589519614
			17.8297497538933	-6.91427916296211
			17.8297497538933	-6.90739243072809
			17.8297497538933	-6.90050569849406
			17.8297497538933	-6.89361896626003
		</Outline1>
		<Outline2 type=matrix rownames=FALSE colnames=FALSE nrow=117 ncol=2 as.numeric=TRUE >
			17.8297497538933	-6.89361896626003
			17.8297497538933	-6.88673223402601
			17.8297497538933	-6.87984550179198
			17.8297497538933	-6.87295876955796
			17.8297497538933	-6.86607203732393
			17.8297497538933	-6.85918530508991
			17.8297497538933	-6.85229857285588
			17.8297497538933	-6.84541184062185
			17.8297497538933	-6.83852510838783
			17.8228630216593	-6.8316383761538
			17.8228630216593	-6.82475164391978
			17.8228630216593	-6.81786491168575
			17.8228630216593	-6.81097817945172
			17.8228630216593	-6.8040914472177
			17.8228630216593	-6.79720471498367
			17.8228630216593	-6.79031798274965
			17.8228630216593	-6.78343125051562
			17.8228630216593	-6.77654451828159
			17.8228630216593	-6.76965778604757
			17.8228630216593	-6.76277105381354
			17.8228630216593	-6.75588432157952
			17.8228630216593	-6.74899758934549
			17.8228630216593	-6.74211085711146
			17.8228630216593	-6.73522412487744
			17.8228630216593	-6.72833739264341
			17.8228630216593	-6.72145066040938
			17.8228630216593	-6.71456392817536
			17.8228630216593	-6.70767719594133
			17.8228630216593	-6.70079046370731
			17.8228630216593	-6.69390373147328
			17.8228630216593	-6.68701699923925
			17.8228630216593	-6.68013026700523
			17.8228630216593	-6.6732435347712
			17.8228630216593	-6.66635680253718
			17.8228630216593	-6.65947007030315
			17.8228630216593	-6.65258333806912
			17.8297497538933	-6.6456966058351
			17.8297497538933	-6.63880987360107
			17.8297497538933	-6.63192314136705
			17.8297497538933	-6.62503640913302
			17.8297497538933	-6.61814967689899
			17.8297497538933	-6.61126294466497
			17.8297497538933	-6.60437621243094
			17.8366364861274	-6.59748948019692
			17.8366364861274	-6.59060274796289
			17.8366364861274	-6.58371601572886
			17.8366364861274	-6.57682928349484
			17.8435232183614	-6.56994255126081
			17.8435232183614	-6.56305581902679
			17.8504099505954	-6.55616908679276
			17.8504099505954	-6.54928235455873
			17.8572966828294	-6.54239562232471
			17.8572966828294	-6.53550889009068
			17.8572966828294	-6.52862215785666
			17.8641834150635	-6.52173542562263
			17.8641834150635	-6.5148486933886
			17.8710701472975	-6.50796196115458
			17.8710701472975	-6.50107522892055
			17.8779568795315	-6.49418849668653
			17.8779568795315	-6.4873017644525
			17.8779568795315	-6.48041503221847
			17.8848436117655	-6.48041503221847
			17.8848436117655	-6.47352829998445
			17.8917303439996	-6.46664156775042
			17.8917303439996	-6.4597548355164
			17.8986170762336	-6.45286810328237
			17.8986170762336	-6.44598137104834
			17.9055038084676	-6.44598137104834
			17.9055038084676	-6.43909463881432
			17.9123905407017	-6.43220790658029
			17.9123905407017	-6.42532117434627
			17.9192772729357	-6.42532117434627
			17.9192772729357	-6.41843444211224
			17.9261640051697	-6.41154770987821
			17.9261640051697	-6.40466097764419
			17.9330507374037	-6.40466097764419
			17.9330507374037	-6.39777424541016
			17.9399374696378	-6.39088751317614
			17.9468242018718	-6.38400078094211
			17.9537109341058	-6.37711404870808
			17.9605976663398	-6.37022731647406
			17.9605976663398	-6.36334058424003
			17.9674843985739	-6.35645385200601
			17.9743711308079	-6.34956711977198
			17.9812578630419	-6.34268038753795
			17.9881445952759	-6.33579365530393
			17.99503132751	-6.3289069230699
			18.001918059744	-6.32202019083588
			18.008804791978	-6.31513345860185
			18.015691524212	-6.31513345860185
			18.0225782564461	-6.30824672636782
			18.0294649886801	-6.30824672636782
			18.0363517209141	-6.3013599941338
			18.0432384531481	-6.29447326189977
			18.0501251853822	-6.28758652966575
			18.0570119176162	-6.28758652966575
			18.0638986498502	-6.28069979743172
			18.0707853820842	-6.28069979743172
			18.0776721143183	-6.27381306519769
			18.0845588465523	-6.26692633296367
			18.0914455787863	-6.26692633296367
			18.0983323110204	-6.26003960072964
			18.1052190432544	-6.25315286849562
			18.1121057754884	-6.25315286849562
			18.1189925077224	-6.24626613626159
			18.1258792399565	-6.24626613626159
			18.1327659721905	-6.23937940402756
			18.1396527044245	-6.23937940402756
			18.1465394366585	-6.23249267179354
			18.1534261688926	-6.23249267179354
			18.1603129011266	-6.23249267179354
			18.1603129011266	-6.22560593955951
			18.1671996333606	-6.22560593955951
			18.1740863655946	-6.22560593955951
			18.1809730978287	-6.22560593955951
			18.1878598300627	-6.21871920732549
			18.1947465622967	-6.21871920732549
		</Outline2>
		<Outline3 type=matrix rownames=FALSE colnames=FALSE nrow=119 ncol=2 as.numeric=TRUE >
			18.1947465622967	-6.21871920732549
			18.2016332945307	-6.21871920732549
			18.2085200267648	-6.21183247509146
			18.2154067589988	-6.21183247509146
			18.2222934912328	-6.21183247509146
			18.2291802234668	-6.21183247509146
			18.2360669557009	-6.21183247509146
			18.2429536879349	-6.20494574285743
			18.2498404201689	-6.20494574285743
			18.2567271524029	-6.20494574285743
			18.263613884637	-6.20494574285743
			18.270500616871	-6.20494574285743
			18.277387349105	-6.20494574285743
			18.2842740813391	-6.20494574285743
			18.2911608135731	-6.20494574285743
			18.2980475458071	-6.20494574285743
			18.3049342780411	-6.20494574285743
			18.3118210102752	-6.20494574285743
			18.3187077425092	-6.20494574285743
			18.3255944747432	-6.20494574285743
			18.3324812069772	-6.21183247509146
			18.3393679392113	-6.21183247509146
			18.3462546714453	-6.21183247509146
			18.3531414036793	-6.21183247509146
			18.3600281359133	-6.21183247509146
			18.3669148681474	-6.21183247509146
			18.3738016003814	-6.21183247509146
			18.3806883326154	-6.21183247509146
			18.3875750648494	-6.21183247509146
			18.3944617970835	-6.21183247509146
			18.4013485293175	-6.21183247509146
			18.4082352615515	-6.21871920732549
			18.4151219937855	-6.21871920732549
			18.4220087260196	-6.21871920732549
			18.4288954582536	-6.21871920732549
			18.4357821904876	-6.21871920732549
			18.4426689227217	-6.21871920732549
			18.4495556549557	-6.21871920732549
			18.4564423871897	-6.21871920732549
			18.4633291194237	-6.21871920732549
			18.4702158516578	-6.21871920732549
			18.4771025838918	-6.22560593955951
			18.4839893161258	-6.22560593955951
			18.4908760483598	-6.22560593955951
			18.4977627805939	-6.22560593955951
			18.5046495128279	-6.22560593955951
			18.5115362450619	-6.22560593955951
			18.5184229772959	-6.22560593955951
			18.52530970953	-6.23249267179354
			18.532196441764	-6.23249267179354
			18.539083173998	-6.23249267179354
			18.545969906232	-6.23249267179354
			18.5528566384661	-6.23249267179354
			18.5597433707001	-6.23937940402756
			18.5666301029341	-6.23937940402756
			18.5735168351681	-6.23937940402756
			18.5804035674022	-6.23937940402756
			18.5872902996362	-6.23937940402756
			18.5941770318702	-6.24626613626159
			18.6010637641042	-6.24626613626159
			18.6079504963383	-6.24626613626159
			18.6148372285723	-6.24626613626159
			18.6217239608063	-6.24626613626159
			18.6286106930404	-6.25315286849562
			18.6354974252744	-6.25315286849562
			18.6423841575084	-6.25315286849562
			18.6492708897424	-6.25315286849562
			18.6561576219765	-6.25315286849562
			18.6630443542105	-6.26003960072964
			18.6699310864445	-6.26003960072964
			18.6768178186785	-6.26003960072964
			18.6837045509126	-6.26003960072964
			18.6905912831466	-6.26692633296367
			18.6974780153806	-6.26692633296367
			18.7043647476146	-6.26692633296367
			18.7112514798487	-6.26692633296367
			18.7181382120827	-6.27381306519769
			18.7250249443167	-6.27381306519769
			18.7319116765507	-6.28069979743172
			18.7387984087848	-6.28069979743172
			18.7456851410188	-6.28758652966575
			18.7525718732528	-6.28758652966575
			18.7594586054868	-6.28758652966575
			18.7663453377209	-6.29447326189977
			18.7732320699549	-6.29447326189977
			18.7801188021889	-6.3013599941338
			18.787005534423	-6.3013599941338
			18.787005534423	-6.30824672636782
			18.793892266657	-6.30824672636782
			18.800778998891	-6.30824672636782
			18.807665731125	-6.31513345860185
			18.8145524633591	-6.31513345860185
			18.8145524633591	-6.32202019083588
			18.8214391955931	-6.32202019083588
			18.8283259278271	-6.3289069230699
			18.8352126600611	-6.3289069230699
			18.8420993922952	-6.33579365530393
			18.8489861245292	-6.34268038753795
			18.8558728567632	-6.34956711977198
			18.8627595889972	-6.35645385200601
			18.8696463212313	-6.36334058424003
			18.8765330534653	-6.37022731647406
			18.8834197856993	-6.37711404870808
			18.8834197856993	-6.38400078094211
			18.8903065179333	-6.39088751317614
			18.8971932501674	-6.39777424541016
			18.9040799824014	-6.40466097764419
			18.9040799824014	-6.41154770987821
			18.9109667146354	-6.41843444211224
			18.9109667146354	-6.42532117434627
			18.9178534468694	-6.43220790658029
			18.9178534468694	-6.43909463881432
			18.9247401791035	-6.43909463881432
			18.9247401791035	-6.44598137104834
			18.9316269113375	-6.45286810328237
			18.9316269113375	-6.4597548355164
			18.9316269113375	-6.46664156775042
			18.9385136435715	-6.47352829998445
			18.9385136435715	-6.48041503221847
		</Outline3>
		<Outline4 type=matrix rownames=FALSE colnames=FALSE nrow=117 ncol=2 as.numeric=TRUE >
			18.9385136435715	-6.48041503221847
			18.9385136435715	-6.4873017644525
			18.9454003758056	-6.49418849668653
			18.9454003758056	-6.50107522892055
			18.9454003758056	-6.50796196115458
			18.9522871080396	-6.5148486933886
			18.9522871080396	-6.52173542562263
			18.9522871080396	-6.52862215785666
			18.9591738402736	-6.53550889009068
			18.9591738402736	-6.54239562232471
			18.9591738402736	-6.54928235455873
			18.9591738402736	-6.55616908679276
			18.9591738402736	-6.56305581902679
			18.9591738402736	-6.56994255126081
			18.9660605725076	-6.57682928349484
			18.9660605725076	-6.58371601572886
			18.9660605725076	-6.59060274796289
			18.9660605725076	-6.59748948019692
			18.9660605725076	-6.60437621243094
			18.9660605725076	-6.61126294466497
			18.9660605725076	-6.61814967689899
			18.9660605725076	-6.62503640913302
			18.9660605725076	-6.63192314136705
			18.9660605725076	-6.63880987360107
			18.9660605725076	-6.6456966058351
			18.9660605725076	-6.65258333806912
			18.9660605725076	-6.65947007030315
			18.9591738402736	-6.66635680253718
			18.9591738402736	-6.6732435347712
			18.9591738402736	-6.68013026700523
			18.9591738402736	-6.68701699923925
			18.9591738402736	-6.69390373147328
			18.9591738402736	-6.70079046370731
			18.9591738402736	-6.70767719594133
			18.9522871080396	-6.71456392817536
			18.9522871080396	-6.72145066040938
			18.9522871080396	-6.72833739264341
			18.9522871080396	-6.73522412487744
			18.9454003758056	-6.73522412487744
			18.9454003758056	-6.74211085711146
			18.9454003758056	-6.74899758934549
			18.9454003758056	-6.75588432157952
			18.9385136435715	-6.76277105381354
			18.9385136435715	-6.76965778604757
			18.9385136435715	-6.77654451828159
			18.9316269113375	-6.78343125051562
			18.9316269113375	-6.79031798274965
			18.9316269113375	-6.79720471498367
			18.9247401791035	-6.8040914472177
			18.9247401791035	-6.81097817945172
			18.9247401791035	-6.81786491168575
			18.9178534468694	-6.82475164391978
			18.9178534468694	-6.8316383761538
			18.9109667146354	-6.83852510838783
			18.9109667146354	-6.84541184062185
			18.9040799824014	-6.85229857285588
			18.9040799824014	-6.85918530508991
			18.8971932501674	-6.86607203732393
			18.8971932501674	-6.87295876955796
			18.8903065179333	-6.87984550179198
			18.8834197856993	-6.88673223402601
			18.8834197856993	-6.89361896626003
			18.8765330534653	-6.90050569849406
			18.8696463212313	-6.90739243072809
			18.8696463212313	-6.91427916296211
			18.8627595889972	-6.92116589519614
			18.8558728567632	-6.92805262743016
			18.8489861245292	-6.92805262743016
			18.8420993922952	-6.93493935966419
			18.8420993922952	-6.94182609189822
			18.8352126600611	-6.94182609189822
			18.8283259278271	-6.94871282413224
			18.8214391955931	-6.94871282413224
			18.8145524633591	-6.95559955636627
			18.807665731125	-6.96248628860029
			18.800778998891	-6.96937302083432
			18.793892266657	-6.96937302083432
			18.787005534423	-6.97625975306835
			18.7801188021889	-6.98314648530237
			18.7732320699549	-6.9900332175364
			18.7663453377209	-6.99691994977043
			18.7594586054868	-6.99691994977043
			18.7525718732528	-7.00380668200445
			18.7456851410188	-7.01069341423848
			18.7387984087848	-7.0175801464725
			18.7319116765507	-7.0175801464725
			18.7250249443167	-7.0175801464725
			18.7250249443167	-7.02446687870653
			18.7181382120827	-7.02446687870653
			18.7112514798487	-7.03135361094056
			18.7043647476146	-7.03824034317458
			18.6974780153806	-7.03824034317458
			18.6905912831466	-7.03824034317458
			18.6837045509126	-7.04512707540861
			18.6768178186785	-7.05201380764263
			18.6699310864445	-7.05201380764263
			18.6630443542105	-7.05890053987666
			18.6561576219765	-7.05890053987666
			18.6492708897424	-7.06578727211069
			18.6423841575084	-7.06578727211069
			18.6354974252744	-7.06578727211069
			18.6286106930404	-7.07267400434471
			18.6217239608063	-7.07267400434471
			18.6148372285723	-7.07267400434471
			18.6148372285723	-7.07956073657874
			18.6079504963383	-7.07956073657874
			18.6010637641042	-7.08644746881276
			18.5941770318702	-7.08644746881276
			18.5941770318702	-7.09333420104679
			18.5872902996362	-7.10022093328082
			18.5804035674022	-7.10022093328082
			18.5735168351681	-7.10710766551484
			18.5666301029341	-7.11399439774887
			18.5597433707001	-7.12088112998289
			18.5528566384661	-7.12776786221692
			18.545969906232	-7.13465459445095
			18.539083173998	-7.14154132668497
		</Outline4>
	</curves.scaled>
	<ruler.points type=matrix rownames=TRUE colnames=FALSE nrow=2 ncol=2 as.numeric=TRUE >
		Ruler point 1	2399	2425
		Ruler point 2	947	2439
	</ruler.points>
</shapes>

