<shapes type=list>
	<ruler.pixel type=vector names=FALSE length=1 as.numeric=TRUE >589.030559478878</ruler.pixel>
	<ruler.interval type=vector names=FALSE length=1 as.numeric=TRUE >10</ruler.interval>
	<scaling.units type=vector names=FALSE length=1 as.numeric=FALSE >mm</scaling.units>
	<scaling type=vector names=FALSE length=1 as.numeric=TRUE >0.01697704786123</scaling>
	<landmarks.pixel type=matrix rownames=TRUE colnames=FALSE nrow=4 ncol=2 as.numeric=TRUE >
		Labial	2598	1639
		Posterior	2476	1591
		Lingual	2548	1486
		Anterior	2669	1534
	</landmarks.pixel>
	<landmarks.scaled type=matrix rownames=TRUE colnames=FALSE nrow=4 ncol=2 as.numeric=TRUE >
		Labial	44.1063703434756	-27.825381444556
		Posterior	42.0351705044055	-27.0104831472169
		Lingual	43.2575179504141	-25.2278931217878
		Anterior	45.3117407416229	-26.0427914191268
	</landmarks.scaled>
	<curves.control type=list>
		<Outline1 type=matrix rownames=FALSE colnames=FALSE nrow=17 ncol=2 as.numeric=TRUE >
			2598	1639
			2588	1643
			2581	1646
			2571	1648
			2565	1656
			2558	1663
			2550	1670
			2540	1676
			2526	1681
			2513	1682
			2499	1679
			2488	1674
			2481	1662
			2476	1653
			2475	1644
			2475	1637
			2476	1591
		</Outline1>
		<Outline2 type=matrix rownames=FALSE colnames=FALSE nrow=15 ncol=2 as.numeric=TRUE >
			2476	1591
			2473	1578
			2469	1566
			2468	1550
			2471	1534
			2478	1522
			2487	1511
			2495	1503
			2503	1499
			2511	1495
			2521	1491
			2531	1490
			2537	1490
			2542	1487
			2548	1486
		</Outline2>
		<Outline3 type=matrix rownames=FALSE colnames=FALSE nrow=15 ncol=2 as.numeric=TRUE >
			2548	1486
			2556	1483
			2564	1481
			2573	1481
			2582	1482
			2592	1483
			2602	1484
			2613	1485
			2626	1488
			2637	1493
			2647	1499
			2655	1505
			2661	1513
			2665	1520
			2669	1534
		</Outline3>
		<Outline4 type=matrix rownames=FALSE colnames=FALSE nrow=17 ncol=2 as.numeric=TRUE >
			2669	1534
			2669	1541
			2672	1549
			2674	1557
			2673	1564
			2669	1570
			2666	1581
			2658	1593
			2654	1600
			2652	1610
			2646	1620
			2638	1626
			2629	1631
			2618	1636
			2612	1636
			2605	1636
			2598	1639
		</Outline4>
	</curves.control>
	<curves.pixel type=list>
		<Outline1 type=matrix rownames=FALSE colnames=FALSE nrow=197 ncol=2 as.numeric=TRUE >
			2598	1639
			2597	1639
			2596	1640
			2595	1640
			2594	1641
			2593	1641
			2592	1641
			2591	1642
			2590	1642
			2589	1642
			2589	1643
			2588	1643
			2587	1643
			2586	1644
			2585	1644
			2584	1645
			2583	1645
			2582	1646
			2581	1646
			2580	1646
			2579	1646
			2578	1647
			2577	1647
			2576	1647
			2575	1648
			2574	1648
			2573	1649
			2572	1649
			2571	1650
			2570	1651
			2569	1652
			2568	1653
			2567	1654
			2566	1655
			2565	1656
			2564	1657
			2563	1658
			2562	1659
			2561	1660
			2560	1661
			2559	1662
			2558	1663
			2557	1663
			2556	1664
			2556	1665
			2555	1666
			2554	1667
			2553	1667
			2552	1668
			2551	1669
			2550	1670
			2549	1671
			2548	1671
			2547	1672
			2546	1672
			2545	1673
			2544	1673
			2543	1674
			2542	1674
			2541	1675
			2540	1675
			2539	1676
			2538	1676
			2537	1677
			2536	1677
			2535	1677
			2534	1678
			2533	1678
			2532	1679
			2531	1679
			2530	1680
			2529	1680
			2528	1680
			2527	1681
			2526	1681
			2525	1681
			2524	1681
			2523	1681
			2522	1681
			2521	1681
			2520	1681
			2519	1681
			2518	1681
			2517	1681
			2516	1681
			2515	1681
			2514	1681
			2513	1681
			2512	1681
			2511	1681
			2510	1681
			2509	1681
			2508	1681
			2507	1680
			2506	1680
			2505	1680
			2504	1680
			2503	1680
			2502	1680
			2501	1679
			2500	1679
			2499	1679
			2498	1678
			2497	1678
			2496	1678
			2496	1677
			2495	1677
			2494	1676
			2493	1676
			2492	1675
			2491	1674
			2490	1673
			2489	1672
			2488	1672
			2488	1671
			2487	1670
			2486	1670
			2486	1669
			2485	1668
			2485	1667
			2484	1667
			2483	1666
			2483	1665
			2482	1664
			2482	1663
			2481	1662
			2480	1661
			2480	1660
			2479	1659
			2479	1658
			2479	1657
			2478	1656
			2478	1655
			2477	1654
			2477	1653
			2477	1652
			2476	1651
			2476	1650
			2476	1649
			2476	1648
			2475	1647
			2475	1646
			2475	1645
			2475	1644
			2475	1643
			2475	1642
			2475	1641
			2475	1640
			2475	1639
			2475	1638
			2475	1637
			2475	1636
			2475	1635
			2475	1634
			2475	1633
			2475	1632
			2475	1631
			2475	1630
			2475	1629
			2475	1628
			2475	1627
			2475	1626
			2475	1625
			2475	1624
			2475	1623
			2475	1622
			2475	1621
			2475	1620
			2475	1619
			2475	1618
			2475	1617
			2475	1616
			2475	1615
			2476	1614
			2476	1613
			2476	1612
			2476	1611
			2476	1610
			2476	1609
			2476	1608
			2476	1607
			2476	1606
			2476	1605
			2476	1604
			2476	1603
			2476	1602
			2476	1601
			2476	1600
			2476	1599
			2476	1598
			2476	1597
			2476	1596
			2476	1595
			2476	1594
			2476	1593
			2476	1592
			2476	1591
		</Outline1>
		<Outline2 type=matrix rownames=FALSE colnames=FALSE nrow=148 ncol=2 as.numeric=TRUE >
			2476	1591
			2476	1590
			2475	1589
			2475	1588
			2475	1587
			2475	1586
			2475	1585
			2474	1584
			2474	1583
			2474	1582
			2473	1581
			2473	1580
			2473	1579
			2473	1578
			2472	1577
			2472	1576
			2472	1575
			2472	1574
			2471	1573
			2471	1572
			2471	1571
			2470	1570
			2470	1569
			2470	1568
			2469	1567
			2469	1566
			2469	1565
			2469	1564
			2469	1563
			2469	1562
			2469	1561
			2469	1560
			2469	1559
			2469	1558
			2469	1557
			2469	1556
			2469	1555
			2469	1554
			2469	1553
			2469	1552
			2469	1551
			2469	1550
			2469	1549
			2469	1548
			2469	1547
			2469	1546
			2469	1545
			2469	1544
			2470	1543
			2470	1542
			2470	1541
			2470	1540
			2470	1539
			2470	1538
			2470	1537
			2471	1536
			2471	1535
			2471	1534
			2472	1533
			2472	1532
			2473	1531
			2473	1530
			2474	1530
			2474	1529
			2475	1528
			2475	1527
			2476	1526
			2476	1525
			2477	1525
			2477	1524
			2478	1523
			2479	1522
			2479	1521
			2480	1521
			2480	1520
			2481	1519
			2481	1518
			2482	1517
			2483	1517
			2483	1516
			2484	1515
			2484	1514
			2485	1513
			2486	1513
			2486	1512
			2487	1511
			2488	1510
			2489	1509
			2490	1508
			2491	1507
			2492	1506
			2493	1505
			2494	1505
			2495	1504
			2496	1503
			2497	1503
			2497	1502
			2498	1502
			2499	1501
			2500	1501
			2501	1500
			2502	1500
			2503	1499
			2504	1498
			2505	1498
			2506	1497
			2507	1497
			2508	1496
			2509	1496
			2510	1495
			2511	1495
			2512	1495
			2513	1494
			2514	1494
			2515	1493
			2516	1493
			2517	1493
			2518	1492
			2519	1492
			2520	1491
			2521	1491
			2522	1491
			2523	1491
			2524	1491
			2525	1491
			2526	1491
			2527	1490
			2528	1490
			2529	1490
			2530	1490
			2531	1490
			2532	1490
			2533	1490
			2534	1490
			2535	1490
			2536	1490
			2537	1490
			2538	1489
			2539	1489
			2540	1488
			2541	1488
			2542	1488
			2543	1487
			2544	1487
			2545	1487
			2546	1486
			2547	1486
			2548	1486
		</Outline2>
		<Outline3 type=matrix rownames=FALSE colnames=FALSE nrow=148 ncol=2 as.numeric=TRUE >
			2548	1486
			2549	1486
			2550	1485
			2551	1485
			2552	1485
			2553	1484
			2554	1484
			2555	1484
			2556	1483
			2557	1483
			2558	1483
			2558	1482
			2559	1482
			2560	1482
			2561	1482
			2562	1481
			2563	1481
			2564	1481
			2565	1481
			2566	1481
			2567	1481
			2568	1481
			2569	1481
			2570	1481
			2571	1481
			2572	1481
			2573	1481
			2574	1481
			2575	1481
			2576	1481
			2577	1481
			2577	1482
			2578	1482
			2579	1482
			2580	1482
			2581	1482
			2582	1482
			2583	1482
			2584	1482
			2585	1482
			2586	1482
			2587	1482
			2587	1483
			2588	1483
			2589	1483
			2590	1483
			2591	1483
			2592	1483
			2593	1483
			2594	1483
			2595	1483
			2596	1483
			2597	1484
			2598	1484
			2599	1484
			2600	1484
			2601	1484
			2602	1484
			2603	1484
			2604	1484
			2605	1484
			2606	1484
			2607	1485
			2608	1485
			2609	1485
			2610	1485
			2611	1485
			2612	1485
			2613	1485
			2614	1486
			2615	1486
			2616	1486
			2617	1486
			2618	1486
			2619	1487
			2620	1487
			2621	1487
			2622	1487
			2623	1487
			2624	1488
			2625	1488
			2626	1488
			2627	1488
			2628	1489
			2629	1489
			2629	1490
			2630	1490
			2631	1490
			2632	1491
			2633	1491
			2633	1492
			2634	1492
			2635	1492
			2636	1493
			2637	1494
			2638	1494
			2639	1495
			2640	1495
			2641	1496
			2642	1496
			2643	1497
			2644	1497
			2645	1498
			2646	1498
			2646	1499
			2647	1499
			2648	1500
			2649	1500
			2649	1501
			2650	1501
			2651	1502
			2651	1503
			2652	1503
			2653	1504
			2654	1505
			2655	1506
			2656	1507
			2657	1508
			2657	1509
			2658	1509
			2659	1510
			2659	1511
			2660	1512
			2661	1513
			2661	1514
			2662	1514
			2662	1515
			2663	1516
			2663	1517
			2663	1518
			2664	1519
			2664	1520
			2665	1521
			2665	1522
			2666	1523
			2666	1524
			2666	1525
			2666	1526
			2667	1526
			2667	1527
			2667	1528
			2667	1529
			2668	1529
			2668	1530
			2668	1531
			2668	1532
			2669	1533
			2669	1534
		</Outline3>
		<Outline4 type=matrix rownames=FALSE colnames=FALSE nrow=142 ncol=2 as.numeric=TRUE >
			2669	1534
			2669	1535
			2669	1536
			2669	1537
			2669	1538
			2669	1539
			2670	1540
			2670	1541
			2670	1542
			2670	1543
			2670	1544
			2671	1545
			2671	1546
			2671	1547
			2672	1548
			2672	1549
			2672	1550
			2673	1551
			2673	1552
			2673	1553
			2673	1554
			2673	1555
			2673	1556
			2673	1557
			2673	1558
			2673	1559
			2673	1560
			2673	1561
			2673	1562
			2673	1563
			2673	1564
			2672	1565
			2672	1566
			2671	1567
			2671	1568
			2670	1568
			2670	1569
			2670	1570
			2669	1571
			2669	1572
			2668	1573
			2668	1574
			2668	1575
			2668	1576
			2667	1577
			2667	1578
			2667	1579
			2666	1580
			2666	1581
			2665	1582
			2665	1583
			2664	1584
			2663	1585
			2663	1586
			2662	1587
			2661	1588
			2661	1589
			2660	1590
			2659	1591
			2659	1592
			2658	1593
			2658	1594
			2657	1595
			2656	1596
			2656	1597
			2655	1598
			2655	1599
			2654	1600
			2654	1601
			2654	1602
			2653	1603
			2653	1604
			2653	1605
			2652	1606
			2652	1607
			2652	1608
			2652	1609
			2651	1609
			2651	1610
			2651	1611
			2650	1611
			2650	1612
			2650	1613
			2649	1614
			2649	1615
			2648	1616
			2648	1617
			2647	1618
			2647	1619
			2646	1619
			2646	1620
			2645	1621
			2644	1621
			2644	1622
			2643	1622
			2642	1623
			2641	1624
			2640	1624
			2639	1625
			2638	1626
			2637	1626
			2636	1627
			2635	1628
			2634	1628
			2633	1629
			2632	1630
			2631	1630
			2630	1630
			2629	1631
			2628	1632
			2627	1632
			2626	1632
			2625	1633
			2624	1633
			2623	1633
			2623	1634
			2622	1634
			2621	1634
			2620	1634
			2620	1635
			2619	1635
			2618	1635
			2617	1635
			2616	1636
			2615	1636
			2614	1636
			2613	1636
			2612	1636
			2611	1636
			2610	1636
			2609	1636
			2608	1636
			2607	1636
			2606	1637
			2605	1637
			2604	1637
			2603	1637
			2602	1637
			2601	1638
			2600	1638
			2599	1639
			2598	1639
		</Outline4>
	</curves.pixel>
	<curves.scaled type=list>
		<Outline1 type=matrix rownames=FALSE colnames=FALSE nrow=197 ncol=2 as.numeric=TRUE >
			44.1063703434756	-27.825381444556
			44.0893932956143	-27.825381444556
			44.0724162477531	-27.8423584924172
			44.0554391998919	-27.8423584924172
			44.0384621520306	-27.8593355402784
			44.0214851041694	-27.8593355402784
			44.0045080563082	-27.8593355402784
			43.9875310084469	-27.8763125881397
			43.9705539605857	-27.8763125881397
			43.9535769127245	-27.8763125881397
			43.9535769127245	-27.8932896360009
			43.9365998648633	-27.8932896360009
			43.919622817002	-27.8932896360009
			43.9026457691408	-27.9102666838621
			43.8856687212796	-27.9102666838621
			43.8686916734183	-27.9272437317234
			43.8517146255571	-27.9272437317234
			43.8347375776959	-27.9442207795846
			43.8177605298346	-27.9442207795846
			43.8007834819734	-27.9442207795846
			43.7838064341122	-27.9442207795846
			43.766829386251	-27.9611978274458
			43.7498523383897	-27.9611978274458
			43.7328752905285	-27.9611978274458
			43.7158982426673	-27.9781748753071
			43.698921194806	-27.9781748753071
			43.6819441469448	-27.9951519231683
			43.6649670990836	-27.9951519231683
			43.6479900512223	-28.0121289710295
			43.6310130033611	-28.0291060188907
			43.6140359554999	-28.046083066752
			43.5970589076387	-28.0630601146132
			43.5800818597774	-28.0800371624744
			43.5631048119162	-28.0970142103357
			43.546127764055	-28.1139912581969
			43.5291507161937	-28.1309683060581
			43.5121736683325	-28.1479453539194
			43.4951966204713	-28.1649224017806
			43.47821957261	-28.1818994496418
			43.4612425247488	-28.198876497503
			43.4442654768876	-28.2158535453643
			43.4272884290264	-28.2328305932255
			43.4103113811651	-28.2328305932255
			43.3933343333039	-28.2498076410867
			43.3933343333039	-28.266784688948
			43.3763572854427	-28.2837617368092
			43.3593802375814	-28.3007387846704
			43.3424031897202	-28.3007387846704
			43.325426141859	-28.3177158325317
			43.3084490939977	-28.3346928803929
			43.2914720461365	-28.3516699282541
			43.2744949982753	-28.3686469761153
			43.2575179504141	-28.3686469761153
			43.2405409025528	-28.3856240239766
			43.2235638546916	-28.3856240239766
			43.2065868068304	-28.4026010718378
			43.1896097589691	-28.4026010718378
			43.1726327111079	-28.419578119699
			43.1556556632467	-28.419578119699
			43.1386786153854	-28.4365551675603
			43.1217015675242	-28.4365551675603
			43.104724519663	-28.4535322154215
			43.0877474718018	-28.4535322154215
			43.0707704239405	-28.4705092632827
			43.0537933760793	-28.4705092632827
			43.0368163282181	-28.4705092632827
			43.0198392803568	-28.487486311144
			43.0028622324956	-28.487486311144
			42.9858851846344	-28.5044633590052
			42.9689081367731	-28.5044633590052
			42.9519310889119	-28.5214404068664
			42.9349540410507	-28.5214404068664
			42.9179769931895	-28.5214404068664
			42.9009999453282	-28.5384174547276
			42.884022897467	-28.5384174547276
			42.8670458496058	-28.5384174547276
			42.8500688017445	-28.5384174547276
			42.8330917538833	-28.5384174547276
			42.8161147060221	-28.5384174547276
			42.7991376581608	-28.5384174547276
			42.7821606102996	-28.5384174547276
			42.7651835624384	-28.5384174547276
			42.7482065145772	-28.5384174547276
			42.7312294667159	-28.5384174547276
			42.7142524188547	-28.5384174547276
			42.6972753709935	-28.5384174547276
			42.6802983231322	-28.5384174547276
			42.663321275271	-28.5384174547276
			42.6463442274098	-28.5384174547276
			42.6293671795485	-28.5384174547276
			42.6123901316873	-28.5384174547276
			42.5954130838261	-28.5384174547276
			42.5784360359649	-28.5384174547276
			42.5614589881036	-28.5214404068664
			42.5444819402424	-28.5214404068664
			42.5275048923812	-28.5214404068664
			42.5105278445199	-28.5214404068664
			42.4935507966587	-28.5214404068664
			42.4765737487975	-28.5214404068664
			42.4595967009362	-28.5044633590052
			42.442619653075	-28.5044633590052
			42.4256426052138	-28.5044633590052
			42.4086655573526	-28.487486311144
			42.3916885094913	-28.487486311144
			42.3747114616301	-28.487486311144
			42.3747114616301	-28.4705092632827
			42.3577344137689	-28.4705092632827
			42.3407573659076	-28.4535322154215
			42.3237803180464	-28.4535322154215
			42.3068032701852	-28.4365551675603
			42.2898262223239	-28.419578119699
			42.2728491744627	-28.4026010718378
			42.2558721266015	-28.3856240239766
			42.2388950787403	-28.3856240239766
			42.2388950787403	-28.3686469761153
			42.221918030879	-28.3516699282541
			42.2049409830178	-28.3516699282541
			42.2049409830178	-28.3346928803929
			42.1879639351566	-28.3177158325317
			42.1879639351566	-28.3007387846704
			42.1709868872953	-28.3007387846704
			42.1540098394341	-28.2837617368092
			42.1540098394341	-28.266784688948
			42.1370327915729	-28.2498076410867
			42.1370327915729	-28.2328305932255
			42.1200557437116	-28.2158535453643
			42.1030786958504	-28.198876497503
			42.1030786958504	-28.1818994496418
			42.0861016479892	-28.1649224017806
			42.0861016479892	-28.1479453539194
			42.0861016479892	-28.1309683060581
			42.069124600128	-28.1139912581969
			42.069124600128	-28.0970142103357
			42.0521475522667	-28.0800371624744
			42.0521475522667	-28.0630601146132
			42.0521475522667	-28.046083066752
			42.0351705044055	-28.0291060188907
			42.0351705044055	-28.0121289710295
			42.0351705044055	-27.9951519231683
			42.0351705044055	-27.9781748753071
			42.0181934565443	-27.9611978274458
			42.0181934565443	-27.9442207795846
			42.0181934565443	-27.9272437317234
			42.0181934565443	-27.9102666838621
			42.0181934565443	-27.8932896360009
			42.0181934565443	-27.8763125881397
			42.0181934565443	-27.8593355402784
			42.0181934565443	-27.8423584924172
			42.0181934565443	-27.825381444556
			42.0181934565443	-27.8084043966948
			42.0181934565443	-27.7914273488335
			42.0181934565443	-27.7744503009723
			42.0181934565443	-27.7574732531111
			42.0181934565443	-27.7404962052498
			42.0181934565443	-27.7235191573886
			42.0181934565443	-27.7065421095274
			42.0181934565443	-27.6895650616661
			42.0181934565443	-27.6725880138049
			42.0181934565443	-27.6556109659437
			42.0181934565443	-27.6386339180825
			42.0181934565443	-27.6216568702212
			42.0181934565443	-27.60467982236
			42.0181934565443	-27.5877027744988
			42.0181934565443	-27.5707257266375
			42.0181934565443	-27.5537486787763
			42.0181934565443	-27.5367716309151
			42.0181934565443	-27.5197945830538
			42.0181934565443	-27.5028175351926
			42.0181934565443	-27.4858404873314
			42.0181934565443	-27.4688634394701
			42.0181934565443	-27.4518863916089
			42.0181934565443	-27.4349093437477
			42.0181934565443	-27.4179322958865
			42.0351705044055	-27.4009552480252
			42.0351705044055	-27.383978200164
			42.0351705044055	-27.3670011523028
			42.0351705044055	-27.3500241044415
			42.0351705044055	-27.3330470565803
			42.0351705044055	-27.3160700087191
			42.0351705044055	-27.2990929608578
			42.0351705044055	-27.2821159129966
			42.0351705044055	-27.2651388651354
			42.0351705044055	-27.2481618172742
			42.0351705044055	-27.2311847694129
			42.0351705044055	-27.2142077215517
			42.0351705044055	-27.1972306736905
			42.0351705044055	-27.1802536258292
			42.0351705044055	-27.163276577968
			42.0351705044055	-27.1462995301068
			42.0351705044055	-27.1293224822455
			42.0351705044055	-27.1123454343843
			42.0351705044055	-27.0953683865231
			42.0351705044055	-27.0783913386619
			42.0351705044055	-27.0614142908006
			42.0351705044055	-27.0444372429394
			42.0351705044055	-27.0274601950782
			42.0351705044055	-27.0104831472169
		</Outline1>
		<Outline2 type=matrix rownames=FALSE colnames=FALSE nrow=148 ncol=2 as.numeric=TRUE >
			42.0351705044055	-27.0104831472169
			42.0351705044055	-26.9935060993557
			42.0181934565443	-26.9765290514945
			42.0181934565443	-26.9595520036332
			42.0181934565443	-26.942574955772
			42.0181934565443	-26.9255979079108
			42.0181934565443	-26.9086208600496
			42.001216408683	-26.8916438121883
			42.001216408683	-26.8746667643271
			42.001216408683	-26.8576897164659
			41.9842393608218	-26.8407126686046
			41.9842393608218	-26.8237356207434
			41.9842393608218	-26.8067585728822
			41.9842393608218	-26.7897815250209
			41.9672623129606	-26.7728044771597
			41.9672623129606	-26.7558274292985
			41.9672623129606	-26.7388503814373
			41.9672623129606	-26.721873333576
			41.9502852650993	-26.7048962857148
			41.9502852650993	-26.6879192378536
			41.9502852650993	-26.6709421899923
			41.9333082172381	-26.6539651421311
			41.9333082172381	-26.6369880942699
			41.9333082172381	-26.6200110464086
			41.9163311693769	-26.6030339985474
			41.9163311693769	-26.5860569506862
			41.9163311693769	-26.569079902825
			41.9163311693769	-26.5521028549637
			41.9163311693769	-26.5351258071025
			41.9163311693769	-26.5181487592413
			41.9163311693769	-26.50117171138
			41.9163311693769	-26.4841946635188
			41.9163311693769	-26.4672176156576
			41.9163311693769	-26.4502405677963
			41.9163311693769	-26.4332635199351
			41.9163311693769	-26.4162864720739
			41.9163311693769	-26.3993094242127
			41.9163311693769	-26.3823323763514
			41.9163311693769	-26.3653553284902
			41.9163311693769	-26.348378280629
			41.9163311693769	-26.3314012327677
			41.9163311693769	-26.3144241849065
			41.9163311693769	-26.2974471370453
			41.9163311693769	-26.280470089184
			41.9163311693769	-26.2634930413228
			41.9163311693769	-26.2465159934616
			41.9163311693769	-26.2295389456004
			41.9163311693769	-26.2125618977391
			41.9333082172381	-26.1955848498779
			41.9333082172381	-26.1786078020167
			41.9333082172381	-26.1616307541554
			41.9333082172381	-26.1446537062942
			41.9333082172381	-26.127676658433
			41.9333082172381	-26.1106996105717
			41.9333082172381	-26.0937225627105
			41.9502852650993	-26.0767455148493
			41.9502852650993	-26.0597684669881
			41.9502852650993	-26.0427914191268
			41.9672623129606	-26.0258143712656
			41.9672623129606	-26.0088373234044
			41.9842393608218	-25.9918602755431
			41.9842393608218	-25.9748832276819
			42.001216408683	-25.9748832276819
			42.001216408683	-25.9579061798207
			42.0181934565443	-25.9409291319595
			42.0181934565443	-25.9239520840982
			42.0351705044055	-25.906975036237
			42.0351705044055	-25.8899979883758
			42.0521475522667	-25.8899979883758
			42.0521475522667	-25.8730209405145
			42.069124600128	-25.8560438926533
			42.0861016479892	-25.8390668447921
			42.0861016479892	-25.8220897969308
			42.1030786958504	-25.8220897969308
			42.1030786958504	-25.8051127490696
			42.1200557437116	-25.7881357012084
			42.1200557437116	-25.7711586533472
			42.1370327915729	-25.7541816054859
			42.1540098394341	-25.7541816054859
			42.1540098394341	-25.7372045576247
			42.1709868872953	-25.7202275097635
			42.1709868872953	-25.7032504619022
			42.1879639351566	-25.686273414041
			42.2049409830178	-25.686273414041
			42.2049409830178	-25.6692963661798
			42.221918030879	-25.6523193183185
			42.2388950787403	-25.6353422704573
			42.2558721266015	-25.6183652225961
			42.2728491744627	-25.6013881747349
			42.2898262223239	-25.5844111268736
			42.3068032701852	-25.5674340790124
			42.3237803180464	-25.5504570311512
			42.3407573659076	-25.5504570311512
			42.3577344137689	-25.5334799832899
			42.3747114616301	-25.5165029354287
			42.3916885094913	-25.5165029354287
			42.3916885094913	-25.4995258875675
			42.4086655573526	-25.4995258875675
			42.4256426052138	-25.4825488397062
			42.442619653075	-25.4825488397062
			42.4595967009362	-25.465571791845
			42.4765737487975	-25.465571791845
			42.4935507966587	-25.4485947439838
			42.5105278445199	-25.4316176961225
			42.5275048923812	-25.4316176961225
			42.5444819402424	-25.4146406482613
			42.5614589881036	-25.4146406482613
			42.5784360359649	-25.3976636004001
			42.5954130838261	-25.3976636004001
			42.6123901316873	-25.3806865525389
			42.6293671795485	-25.3806865525389
			42.6463442274098	-25.3806865525389
			42.663321275271	-25.3637095046776
			42.6802983231322	-25.3637095046776
			42.6972753709935	-25.3467324568164
			42.7142524188547	-25.3467324568164
			42.7312294667159	-25.3467324568164
			42.7482065145772	-25.3297554089552
			42.7651835624384	-25.3297554089552
			42.7821606102996	-25.3127783610939
			42.7991376581608	-25.3127783610939
			42.8161147060221	-25.3127783610939
			42.8330917538833	-25.3127783610939
			42.8500688017445	-25.3127783610939
			42.8670458496058	-25.3127783610939
			42.884022897467	-25.3127783610939
			42.9009999453282	-25.2958013132327
			42.9179769931895	-25.2958013132327
			42.9349540410507	-25.2958013132327
			42.9519310889119	-25.2958013132327
			42.9689081367731	-25.2958013132327
			42.9858851846344	-25.2958013132327
			43.0028622324956	-25.2958013132327
			43.0198392803568	-25.2958013132327
			43.0368163282181	-25.2958013132327
			43.0537933760793	-25.2958013132327
			43.0707704239405	-25.2958013132327
			43.0877474718018	-25.2788242653715
			43.104724519663	-25.2788242653715
			43.1217015675242	-25.2618472175102
			43.1386786153854	-25.2618472175102
			43.1556556632467	-25.2618472175102
			43.1726327111079	-25.244870169649
			43.1896097589691	-25.244870169649
			43.2065868068304	-25.244870169649
			43.2235638546916	-25.2278931217878
			43.2405409025528	-25.2278931217878
			43.2575179504141	-25.2278931217878
		</Outline2>
		<Outline3 type=matrix rownames=FALSE colnames=FALSE nrow=148 ncol=2 as.numeric=TRUE >
			43.2575179504141	-25.2278931217878
			43.2744949982753	-25.2278931217878
			43.2914720461365	-25.2109160739266
			43.3084490939977	-25.2109160739266
			43.325426141859	-25.2109160739266
			43.3424031897202	-25.1939390260653
			43.3593802375814	-25.1939390260653
			43.3763572854427	-25.1939390260653
			43.3933343333039	-25.1769619782041
			43.4103113811651	-25.1769619782041
			43.4272884290264	-25.1769619782041
			43.4272884290264	-25.1599849303429
			43.4442654768876	-25.1599849303429
			43.4612425247488	-25.1599849303429
			43.47821957261	-25.1599849303429
			43.4951966204713	-25.1430078824816
			43.5121736683325	-25.1430078824816
			43.5291507161937	-25.1430078824816
			43.546127764055	-25.1430078824816
			43.5631048119162	-25.1430078824816
			43.5800818597774	-25.1430078824816
			43.5970589076387	-25.1430078824816
			43.6140359554999	-25.1430078824816
			43.6310130033611	-25.1430078824816
			43.6479900512223	-25.1430078824816
			43.6649670990836	-25.1430078824816
			43.6819441469448	-25.1430078824816
			43.698921194806	-25.1430078824816
			43.7158982426673	-25.1430078824816
			43.7328752905285	-25.1430078824816
			43.7498523383897	-25.1430078824816
			43.7498523383897	-25.1599849303429
			43.766829386251	-25.1599849303429
			43.7838064341122	-25.1599849303429
			43.8007834819734	-25.1599849303429
			43.8177605298346	-25.1599849303429
			43.8347375776959	-25.1599849303429
			43.8517146255571	-25.1599849303429
			43.8686916734183	-25.1599849303429
			43.8856687212796	-25.1599849303429
			43.9026457691408	-25.1599849303429
			43.919622817002	-25.1599849303429
			43.919622817002	-25.1769619782041
			43.9365998648633	-25.1769619782041
			43.9535769127245	-25.1769619782041
			43.9705539605857	-25.1769619782041
			43.9875310084469	-25.1769619782041
			44.0045080563082	-25.1769619782041
			44.0214851041694	-25.1769619782041
			44.0384621520306	-25.1769619782041
			44.0554391998919	-25.1769619782041
			44.0724162477531	-25.1769619782041
			44.0893932956143	-25.1939390260653
			44.1063703434756	-25.1939390260653
			44.1233473913368	-25.1939390260653
			44.140324439198	-25.1939390260653
			44.1573014870592	-25.1939390260653
			44.1742785349205	-25.1939390260653
			44.1912555827817	-25.1939390260653
			44.2082326306429	-25.1939390260653
			44.2252096785042	-25.1939390260653
			44.2421867263654	-25.1939390260653
			44.2591637742266	-25.2109160739266
			44.2761408220879	-25.2109160739266
			44.2931178699491	-25.2109160739266
			44.3100949178103	-25.2109160739266
			44.3270719656715	-25.2109160739266
			44.3440490135328	-25.2109160739266
			44.361026061394	-25.2109160739266
			44.3780031092552	-25.2278931217878
			44.3949801571165	-25.2278931217878
			44.4119572049777	-25.2278931217878
			44.4289342528389	-25.2278931217878
			44.4459113007002	-25.2278931217878
			44.4628883485614	-25.244870169649
			44.4798653964226	-25.244870169649
			44.4968424442838	-25.244870169649
			44.5138194921451	-25.244870169649
			44.5307965400063	-25.244870169649
			44.5477735878675	-25.2618472175102
			44.5647506357288	-25.2618472175102
			44.58172768359	-25.2618472175102
			44.5987047314512	-25.2618472175102
			44.6156817793125	-25.2788242653715
			44.6326588271737	-25.2788242653715
			44.6326588271737	-25.2958013132327
			44.6496358750349	-25.2958013132327
			44.6666129228961	-25.2958013132327
			44.6835899707574	-25.3127783610939
			44.7005670186186	-25.3127783610939
			44.7005670186186	-25.3297554089552
			44.7175440664798	-25.3297554089552
			44.7345211143411	-25.3297554089552
			44.7514981622023	-25.3467324568164
			44.7684752100635	-25.3637095046776
			44.7854522579248	-25.3637095046776
			44.802429305786	-25.3806865525389
			44.8194063536472	-25.3806865525389
			44.8363834015084	-25.3976636004001
			44.8533604493697	-25.3976636004001
			44.8703374972309	-25.4146406482613
			44.8873145450921	-25.4146406482613
			44.9042915929534	-25.4316176961225
			44.9212686408146	-25.4316176961225
			44.9212686408146	-25.4485947439838
			44.9382456886758	-25.4485947439838
			44.9552227365371	-25.465571791845
			44.9721997843983	-25.465571791845
			44.9721997843983	-25.4825488397062
			44.9891768322595	-25.4825488397062
			45.0061538801207	-25.4995258875675
			45.0061538801207	-25.5165029354287
			45.023130927982	-25.5165029354287
			45.0401079758432	-25.5334799832899
			45.0570850237044	-25.5504570311512
			45.0740620715657	-25.5674340790124
			45.0910391194269	-25.5844111268736
			45.1080161672881	-25.6013881747349
			45.1080161672881	-25.6183652225961
			45.1249932151494	-25.6183652225961
			45.1419702630106	-25.6353422704573
			45.1419702630106	-25.6523193183185
			45.1589473108718	-25.6692963661798
			45.175924358733	-25.686273414041
			45.175924358733	-25.7032504619022
			45.1929014065943	-25.7032504619022
			45.1929014065943	-25.7202275097635
			45.2098784544555	-25.7372045576247
			45.2098784544555	-25.7541816054859
			45.2098784544555	-25.7711586533472
			45.2268555023167	-25.7881357012084
			45.2268555023167	-25.8051127490696
			45.243832550178	-25.8220897969308
			45.243832550178	-25.8390668447921
			45.2608095980392	-25.8560438926533
			45.2608095980392	-25.8730209405145
			45.2608095980392	-25.8899979883758
			45.2608095980392	-25.906975036237
			45.2777866459004	-25.906975036237
			45.2777866459004	-25.9239520840982
			45.2777866459004	-25.9409291319595
			45.2777866459004	-25.9579061798207
			45.2947636937617	-25.9579061798207
			45.2947636937617	-25.9748832276819
			45.2947636937617	-25.9918602755431
			45.2947636937617	-26.0088373234044
			45.3117407416229	-26.0258143712656
			45.3117407416229	-26.0427914191268
		</Outline3>
		<Outline4 type=matrix rownames=FALSE colnames=FALSE nrow=142 ncol=2 as.numeric=TRUE >
			45.3117407416229	-26.0427914191268
			45.3117407416229	-26.0597684669881
			45.3117407416229	-26.0767455148493
			45.3117407416229	-26.0937225627105
			45.3117407416229	-26.1106996105717
			45.3117407416229	-26.127676658433
			45.3287177894841	-26.1446537062942
			45.3287177894841	-26.1616307541554
			45.3287177894841	-26.1786078020167
			45.3287177894841	-26.1955848498779
			45.3287177894841	-26.2125618977391
			45.3456948373453	-26.2295389456004
			45.3456948373453	-26.2465159934616
			45.3456948373453	-26.2634930413228
			45.3626718852066	-26.280470089184
			45.3626718852066	-26.2974471370453
			45.3626718852066	-26.3144241849065
			45.3796489330678	-26.3314012327677
			45.3796489330678	-26.348378280629
			45.3796489330678	-26.3653553284902
			45.3796489330678	-26.3823323763514
			45.3796489330678	-26.3993094242127
			45.3796489330678	-26.4162864720739
			45.3796489330678	-26.4332635199351
			45.3796489330678	-26.4502405677963
			45.3796489330678	-26.4672176156576
			45.3796489330678	-26.4841946635188
			45.3796489330678	-26.50117171138
			45.3796489330678	-26.5181487592413
			45.3796489330678	-26.5351258071025
			45.3796489330678	-26.5521028549637
			45.3626718852066	-26.569079902825
			45.3626718852066	-26.5860569506862
			45.3456948373453	-26.6030339985474
			45.3456948373453	-26.6200110464086
			45.3287177894841	-26.6200110464086
			45.3287177894841	-26.6369880942699
			45.3287177894841	-26.6539651421311
			45.3117407416229	-26.6709421899923
			45.3117407416229	-26.6879192378536
			45.2947636937617	-26.7048962857148
			45.2947636937617	-26.721873333576
			45.2947636937617	-26.7388503814373
			45.2947636937617	-26.7558274292985
			45.2777866459004	-26.7728044771597
			45.2777866459004	-26.7897815250209
			45.2777866459004	-26.8067585728822
			45.2608095980392	-26.8237356207434
			45.2608095980392	-26.8407126686046
			45.243832550178	-26.8576897164659
			45.243832550178	-26.8746667643271
			45.2268555023167	-26.8916438121883
			45.2098784544555	-26.9086208600496
			45.2098784544555	-26.9255979079108
			45.1929014065943	-26.942574955772
			45.175924358733	-26.9595520036332
			45.175924358733	-26.9765290514945
			45.1589473108718	-26.9935060993557
			45.1419702630106	-27.0104831472169
			45.1419702630106	-27.0274601950782
			45.1249932151494	-27.0444372429394
			45.1249932151494	-27.0614142908006
			45.1080161672881	-27.0783913386619
			45.0910391194269	-27.0953683865231
			45.0910391194269	-27.1123454343843
			45.0740620715657	-27.1293224822455
			45.0740620715657	-27.1462995301068
			45.0570850237044	-27.163276577968
			45.0570850237044	-27.1802536258292
			45.0570850237044	-27.1972306736905
			45.0401079758432	-27.2142077215517
			45.0401079758432	-27.2311847694129
			45.0401079758432	-27.2481618172742
			45.023130927982	-27.2651388651354
			45.023130927982	-27.2821159129966
			45.023130927982	-27.2990929608578
			45.023130927982	-27.3160700087191
			45.0061538801207	-27.3160700087191
			45.0061538801207	-27.3330470565803
			45.0061538801207	-27.3500241044415
			44.9891768322595	-27.3500241044415
			44.9891768322595	-27.3670011523028
			44.9891768322595	-27.383978200164
			44.9721997843983	-27.4009552480252
			44.9721997843983	-27.4179322958865
			44.9552227365371	-27.4349093437477
			44.9552227365371	-27.4518863916089
			44.9382456886758	-27.4688634394701
			44.9382456886758	-27.4858404873314
			44.9212686408146	-27.4858404873314
			44.9212686408146	-27.5028175351926
			44.9042915929534	-27.5197945830538
			44.8873145450921	-27.5197945830538
			44.8873145450921	-27.5367716309151
			44.8703374972309	-27.5367716309151
			44.8533604493697	-27.5537486787763
			44.8363834015084	-27.5707257266375
			44.8194063536472	-27.5707257266375
			44.802429305786	-27.5877027744988
			44.7854522579248	-27.60467982236
			44.7684752100635	-27.60467982236
			44.7514981622023	-27.6216568702212
			44.7345211143411	-27.6386339180825
			44.7175440664798	-27.6386339180825
			44.7005670186186	-27.6556109659437
			44.6835899707574	-27.6725880138049
			44.6666129228961	-27.6725880138049
			44.6496358750349	-27.6725880138049
			44.6326588271737	-27.6895650616661
			44.6156817793125	-27.7065421095274
			44.5987047314512	-27.7065421095274
			44.58172768359	-27.7065421095274
			44.5647506357288	-27.7235191573886
			44.5477735878675	-27.7235191573886
			44.5307965400063	-27.7235191573886
			44.5307965400063	-27.7404962052498
			44.5138194921451	-27.7404962052498
			44.4968424442838	-27.7404962052498
			44.4798653964226	-27.7404962052498
			44.4798653964226	-27.7574732531111
			44.4628883485614	-27.7574732531111
			44.4459113007002	-27.7574732531111
			44.4289342528389	-27.7574732531111
			44.4119572049777	-27.7744503009723
			44.3949801571165	-27.7744503009723
			44.3780031092552	-27.7744503009723
			44.361026061394	-27.7744503009723
			44.3440490135328	-27.7744503009723
			44.3270719656715	-27.7744503009723
			44.3100949178103	-27.7744503009723
			44.2931178699491	-27.7744503009723
			44.2761408220879	-27.7744503009723
			44.2591637742266	-27.7744503009723
			44.2421867263654	-27.7914273488335
			44.2252096785042	-27.7914273488335
			44.2082326306429	-27.7914273488335
			44.1912555827817	-27.7914273488335
			44.1742785349205	-27.7914273488335
			44.1573014870592	-27.8084043966948
			44.140324439198	-27.8084043966948
			44.1233473913368	-27.825381444556
			44.1063703434756	-27.825381444556
		</Outline4>
	</curves.scaled>
	<ruler.points type=matrix rownames=TRUE colnames=FALSE nrow=2 ncol=2 as.numeric=TRUE >
		Ruler point 1	3112	2525
		Ruler point 2	2523	2531
	</ruler.points>
</shapes>

