<shapes type=list>
	<ruler.pixel type=vector names=FALSE length=1 as.numeric=TRUE >897.0802639675</ruler.pixel>
	<ruler.interval type=vector names=FALSE length=1 as.numeric=TRUE >10</ruler.interval>
	<scaling.units type=vector names=FALSE length=1 as.numeric=FALSE >mm</scaling.units>
	<scaling type=vector names=FALSE length=1 as.numeric=TRUE >0.011147274554646</scaling>
	<landmarks.pixel type=matrix rownames=TRUE colnames=FALSE nrow=4 ncol=2 as.numeric=TRUE >
		Labial	2518	1662
		Posterior	2421	1616
		Lingual	2474	1525
		Anterior	2574	1568
	</landmarks.pixel>
	<landmarks.scaled type=matrix rownames=TRUE colnames=FALSE nrow=4 ncol=2 as.numeric=TRUE >
		Labial	28.0688373285985	-18.5267703098216
		Posterior	26.9875516967979	-18.0139956803079
		Lingual	27.5783572481941	-16.9995936958351
		Anterior	28.6930847036587	-17.4789265016849
	</landmarks.scaled>
	<curves.control type=list>
		<Outline1 type=matrix rownames=FALSE colnames=FALSE nrow=19 ncol=2 as.numeric=TRUE >
			2518	1662
			2513	1667
			2507	1675
			2502	1682
			2497	1688
			2490	1695
			2484	1699
			2477	1703
			2468	1704
			2460	1704
			2452	1702
			2446	1699
			2440	1695
			2434	1690
			2429	1685
			2425	1678
			2423	1668
			2422	1652
			2421	1616
		</Outline1>
		<Outline2 type=matrix rownames=FALSE colnames=FALSE nrow=15 ncol=2 as.numeric=TRUE >
			2421	1616
			2421	1601
			2423	1589
			2425	1578
			2429	1569
			2432	1558
			2434	1549
			2436	1541
			2439	1535
			2443	1530
			2448	1528
			2454	1526
			2460	1525
			2467	1524
			2474	1525
		</Outline2>
		<Outline3 type=matrix rownames=FALSE colnames=FALSE nrow=15 ncol=2 as.numeric=TRUE >
			2474	1525
			2483	1526
			2491	1528
			2499	1529
			2508	1529
			2517	1528
			2527	1528
			2535	1528
			2543	1529
			2551	1531
			2557	1536
			2563	1543
			2566	1549
			2570	1557
			2574	1568
		</Outline3>
		<Outline4 type=matrix rownames=FALSE colnames=FALSE nrow=15 ncol=2 as.numeric=TRUE >
			2574	1568
			2578	1578
			2579	1587
			2580	1597
			2577	1607
			2574	1615
			2571	1622
			2565	1631
			2558	1638
			2550	1644
			2541	1648
			2535	1651
			2528	1655
			2523	1657
			2518	1662
		</Outline4>
	</curves.control>
	<curves.pixel type=list>
		<Outline1 type=matrix rownames=FALSE colnames=FALSE nrow=173 ncol=2 as.numeric=TRUE >
			2518	1662
			2518	1663
			2517	1663
			2516	1664
			2515	1665
			2514	1666
			2513	1667
			2512	1668
			2512	1669
			2511	1670
			2510	1671
			2510	1672
			2509	1672
			2508	1673
			2508	1674
			2507	1675
			2506	1676
			2506	1677
			2505	1678
			2504	1678
			2504	1679
			2503	1680
			2503	1681
			2502	1682
			2501	1683
			2500	1684
			2499	1685
			2499	1686
			2498	1687
			2497	1688
			2496	1689
			2495	1690
			2494	1691
			2493	1691
			2493	1692
			2492	1693
			2491	1693
			2491	1694
			2490	1694
			2489	1695
			2488	1696
			2487	1697
			2486	1698
			2485	1698
			2484	1699
			2483	1699
			2482	1700
			2481	1700
			2481	1701
			2480	1701
			2479	1702
			2478	1702
			2477	1702
			2476	1702
			2475	1703
			2474	1703
			2473	1703
			2472	1703
			2471	1704
			2470	1704
			2469	1704
			2468	1704
			2467	1704
			2466	1704
			2465	1704
			2464	1704
			2463	1704
			2462	1704
			2461	1704
			2460	1704
			2459	1703
			2458	1703
			2457	1703
			2456	1703
			2455	1703
			2454	1702
			2453	1702
			2452	1702
			2451	1701
			2450	1701
			2449	1701
			2449	1700
			2448	1700
			2447	1699
			2446	1699
			2445	1698
			2444	1698
			2443	1697
			2442	1696
			2441	1696
			2440	1695
			2439	1694
			2438	1694
			2438	1693
			2437	1692
			2436	1691
			2435	1691
			2434	1690
			2433	1689
			2432	1688
			2431	1687
			2430	1686
			2429	1685
			2428	1684
			2428	1683
			2427	1682
			2427	1681
			2427	1680
			2426	1679
			2426	1678
			2425	1677
			2425	1676
			2425	1675
			2425	1674
			2424	1674
			2424	1673
			2424	1672
			2424	1671
			2423	1670
			2423	1669
			2423	1668
			2423	1667
			2423	1666
			2423	1665
			2423	1664
			2423	1663
			2423	1662
			2423	1661
			2423	1660
			2423	1659
			2422	1658
			2422	1657
			2422	1656
			2422	1655
			2422	1654
			2422	1653
			2422	1652
			2422	1651
			2422	1650
			2422	1649
			2422	1648
			2422	1647
			2422	1646
			2422	1645
			2422	1644
			2422	1643
			2422	1642
			2422	1641
			2422	1640
			2422	1639
			2422	1638
			2422	1637
			2422	1636
			2422	1635
			2422	1634
			2421	1633
			2421	1632
			2421	1631
			2421	1630
			2421	1629
			2421	1628
			2421	1627
			2421	1626
			2421	1625
			2421	1624
			2421	1623
			2421	1622
			2421	1621
			2421	1620
			2421	1619
			2421	1618
			2421	1617
			2421	1616
		</Outline1>
		<Outline2 type=matrix rownames=FALSE colnames=FALSE nrow=120 ncol=2 as.numeric=TRUE >
			2421	1616
			2421	1615
			2421	1614
			2421	1613
			2421	1612
			2421	1611
			2421	1610
			2421	1609
			2421	1608
			2421	1607
			2421	1606
			2421	1605
			2421	1604
			2421	1603
			2421	1602
			2422	1601
			2422	1600
			2422	1599
			2422	1598
			2422	1597
			2422	1596
			2422	1595
			2422	1594
			2422	1593
			2422	1592
			2423	1592
			2423	1591
			2423	1590
			2423	1589
			2423	1588
			2423	1587
			2424	1586
			2424	1585
			2424	1584
			2424	1583
			2425	1582
			2425	1581
			2425	1580
			2425	1579
			2426	1578
			2426	1577
			2426	1576
			2427	1575
			2427	1574
			2427	1573
			2428	1572
			2428	1571
			2428	1570
			2429	1569
			2429	1568
			2430	1567
			2430	1566
			2430	1565
			2430	1564
			2431	1563
			2431	1562
			2431	1561
			2431	1560
			2432	1559
			2432	1558
			2432	1557
			2432	1556
			2433	1555
			2433	1554
			2433	1553
			2433	1552
			2434	1551
			2434	1550
			2434	1549
			2434	1548
			2435	1547
			2435	1546
			2435	1545
			2435	1544
			2436	1543
			2436	1542
			2437	1541
			2437	1540
			2437	1539
			2438	1538
			2438	1537
			2439	1536
			2439	1535
			2439	1534
			2440	1534
			2441	1533
			2441	1532
			2442	1532
			2443	1531
			2444	1530
			2445	1529
			2446	1529
			2447	1529
			2448	1528
			2449	1528
			2450	1527
			2451	1527
			2452	1527
			2453	1527
			2454	1526
			2455	1526
			2456	1526
			2457	1526
			2458	1525
			2459	1525
			2460	1525
			2461	1525
			2462	1525
			2463	1525
			2464	1525
			2465	1525
			2466	1525
			2467	1525
			2468	1525
			2469	1525
			2470	1525
			2471	1525
			2472	1525
			2473	1525
			2474	1525
		</Outline2>
		<Outline3 type=matrix rownames=FALSE colnames=FALSE nrow=119 ncol=2 as.numeric=TRUE >
			2474	1525
			2475	1525
			2476	1525
			2477	1525
			2478	1526
			2479	1526
			2480	1526
			2481	1526
			2482	1526
			2483	1526
			2484	1526
			2485	1527
			2486	1527
			2487	1527
			2488	1527
			2489	1527
			2490	1528
			2491	1528
			2492	1528
			2493	1528
			2494	1528
			2495	1528
			2496	1528
			2496	1529
			2497	1529
			2498	1529
			2499	1529
			2500	1529
			2501	1529
			2502	1529
			2503	1529
			2504	1529
			2505	1529
			2506	1529
			2507	1529
			2508	1529
			2509	1529
			2510	1529
			2511	1529
			2512	1529
			2513	1528
			2514	1528
			2515	1528
			2516	1528
			2517	1528
			2518	1528
			2519	1528
			2520	1528
			2521	1528
			2522	1528
			2523	1528
			2524	1528
			2525	1528
			2526	1528
			2527	1528
			2528	1528
			2529	1528
			2530	1528
			2531	1528
			2532	1528
			2533	1528
			2534	1528
			2535	1528
			2536	1528
			2537	1528
			2538	1528
			2539	1529
			2540	1529
			2541	1529
			2542	1529
			2543	1529
			2544	1529
			2545	1530
			2546	1530
			2547	1530
			2548	1531
			2549	1531
			2550	1531
			2551	1532
			2552	1533
			2553	1533
			2554	1534
			2555	1535
			2556	1535
			2557	1536
			2558	1537
			2559	1538
			2559	1539
			2560	1540
			2561	1541
			2562	1542
			2562	1543
			2563	1544
			2564	1545
			2564	1546
			2565	1547
			2565	1548
			2566	1549
			2566	1550
			2567	1551
			2567	1552
			2568	1553
			2568	1554
			2569	1555
			2569	1556
			2569	1557
			2570	1557
			2570	1558
			2571	1559
			2571	1560
			2571	1561
			2572	1562
			2572	1563
			2572	1564
			2573	1564
			2573	1565
			2573	1566
			2574	1567
			2574	1568
		</Outline3>
		<Outline4 type=matrix rownames=FALSE colnames=FALSE nrow=120 ncol=2 as.numeric=TRUE >
			2574	1568
			2574	1569
			2575	1570
			2575	1571
			2576	1572
			2576	1573
			2576	1574
			2577	1575
			2577	1576
			2577	1577
			2577	1578
			2578	1579
			2578	1580
			2578	1581
			2578	1582
			2578	1583
			2579	1584
			2579	1585
			2579	1586
			2579	1587
			2579	1588
			2579	1589
			2579	1590
			2579	1591
			2579	1592
			2579	1593
			2579	1594
			2579	1595
			2579	1596
			2579	1597
			2579	1598
			2579	1599
			2579	1600
			2578	1601
			2578	1602
			2578	1603
			2578	1604
			2577	1605
			2577	1606
			2577	1607
			2577	1608
			2576	1609
			2576	1610
			2576	1611
			2575	1611
			2575	1612
			2575	1613
			2574	1614
			2574	1615
			2573	1616
			2573	1617
			2573	1618
			2572	1619
			2572	1620
			2572	1621
			2571	1621
			2571	1622
			2570	1623
			2569	1624
			2569	1625
			2568	1626
			2568	1627
			2567	1628
			2566	1629
			2565	1630
			2565	1631
			2564	1631
			2563	1632
			2563	1633
			2562	1634
			2561	1635
			2560	1636
			2559	1637
			2558	1638
			2557	1639
			2556	1639
			2555	1640
			2554	1641
			2553	1642
			2552	1642
			2551	1643
			2550	1644
			2549	1644
			2548	1644
			2548	1645
			2547	1645
			2546	1645
			2546	1646
			2545	1646
			2544	1646
			2544	1647
			2543	1647
			2542	1647
			2542	1648
			2541	1648
			2540	1648
			2540	1649
			2539	1649
			2538	1649
			2537	1650
			2536	1650
			2535	1651
			2534	1652
			2533	1652
			2532	1653
			2531	1653
			2530	1654
			2529	1654
			2528	1655
			2527	1655
			2527	1656
			2526	1656
			2525	1656
			2524	1657
			2523	1658
			2522	1659
			2521	1659
			2520	1660
			2519	1661
			2518	1662
		</Outline4>
	</curves.pixel>
	<curves.scaled type=list>
		<Outline1 type=matrix rownames=FALSE colnames=FALSE nrow=173 ncol=2 as.numeric=TRUE >
			28.0688373285985	-18.5267703098216
			28.0688373285985	-18.5379175843762
			28.0576900540439	-18.5379175843762
			28.0465427794892	-18.5490648589309
			28.0353955049346	-18.5602121334855
			28.02424823038	-18.5713594080402
			28.0131009558253	-18.5825066825948
			28.0019536812707	-18.5936539571495
			28.0019536812707	-18.6048012317041
			27.990806406716	-18.6159485062588
			27.9796591321614	-18.6270957808134
			27.9796591321614	-18.6382430553681
			27.9685118576067	-18.6382430553681
			27.9573645830521	-18.6493903299227
			27.9573645830521	-18.6605376044773
			27.9462173084974	-18.671684879032
			27.9350700339428	-18.6828321535866
			27.9350700339428	-18.6939794281413
			27.9239227593881	-18.7051267026959
			27.9127754848335	-18.7051267026959
			27.9127754848335	-18.7162739772506
			27.9016282102788	-18.7274212518052
			27.9016282102788	-18.7385685263599
			27.8904809357242	-18.7497158009145
			27.8793336611696	-18.7608630754692
			27.8681863866149	-18.7720103500238
			27.8570391120603	-18.7831576245784
			27.8570391120603	-18.7943048991331
			27.8458918375056	-18.8054521736877
			27.834744562951	-18.8165994482424
			27.8235972883963	-18.827746722797
			27.8124500138417	-18.8388939973517
			27.801302739287	-18.8500412719063
			27.7901554647324	-18.8500412719063
			27.7901554647324	-18.861188546461
			27.7790081901777	-18.8723358210156
			27.7678609156231	-18.8723358210156
			27.7678609156231	-18.8834830955703
			27.7567136410684	-18.8834830955703
			27.7455663665138	-18.8946303701249
			27.7344190919592	-18.9057776446796
			27.7232718174045	-18.9169249192342
			27.7121245428499	-18.9280721937888
			27.7009772682952	-18.9280721937888
			27.6898299937406	-18.9392194683435
			27.6786827191859	-18.9392194683435
			27.6675354446313	-18.9503667428981
			27.6563881700766	-18.9503667428981
			27.6563881700766	-18.9615140174528
			27.645240895522	-18.9615140174528
			27.6340936209673	-18.9726612920074
			27.6229463464127	-18.9726612920074
			27.6117990718581	-18.9726612920074
			27.6006517973034	-18.9726612920074
			27.5895045227488	-18.9838085665621
			27.5783572481941	-18.9838085665621
			27.5672099736395	-18.9838085665621
			27.5560626990848	-18.9838085665621
			27.5449154245302	-18.9949558411167
			27.5337681499755	-18.9949558411167
			27.5226208754209	-18.9949558411167
			27.5114736008662	-18.9949558411167
			27.5003263263116	-18.9949558411167
			27.4891790517569	-18.9949558411167
			27.4780317772023	-18.9949558411167
			27.4668845026477	-18.9949558411167
			27.455737228093	-18.9949558411167
			27.4445899535384	-18.9949558411167
			27.4334426789837	-18.9949558411167
			27.4222954044291	-18.9949558411167
			27.4111481298744	-18.9838085665621
			27.4000008553198	-18.9838085665621
			27.3888535807651	-18.9838085665621
			27.3777063062105	-18.9838085665621
			27.3665590316558	-18.9838085665621
			27.3554117571012	-18.9726612920074
			27.3442644825465	-18.9726612920074
			27.3331172079919	-18.9726612920074
			27.3219699334373	-18.9615140174528
			27.3108226588826	-18.9615140174528
			27.299675384328	-18.9615140174528
			27.299675384328	-18.9503667428981
			27.2885281097733	-18.9503667428981
			27.2773808352187	-18.9392194683435
			27.266233560664	-18.9392194683435
			27.2550862861094	-18.9280721937888
			27.2439390115547	-18.9280721937888
			27.2327917370001	-18.9169249192342
			27.2216444624454	-18.9057776446796
			27.2104971878908	-18.9057776446796
			27.1993499133361	-18.8946303701249
			27.1882026387815	-18.8834830955703
			27.1770553642269	-18.8834830955703
			27.1770553642269	-18.8723358210156
			27.1659080896722	-18.861188546461
			27.1547608151176	-18.8500412719063
			27.1436135405629	-18.8500412719063
			27.1324662660083	-18.8388939973517
			27.1213189914536	-18.827746722797
			27.110171716899	-18.8165994482424
			27.0990244423443	-18.8054521736877
			27.0878771677897	-18.7943048991331
			27.076729893235	-18.7831576245784
			27.0655826186804	-18.7720103500238
			27.0655826186804	-18.7608630754692
			27.0544353441258	-18.7497158009145
			27.0544353441258	-18.7385685263599
			27.0544353441258	-18.7274212518052
			27.0432880695711	-18.7162739772506
			27.0432880695711	-18.7051267026959
			27.0321407950165	-18.6939794281413
			27.0321407950165	-18.6828321535866
			27.0321407950165	-18.671684879032
			27.0321407950165	-18.6605376044773
			27.0209935204618	-18.6605376044773
			27.0209935204618	-18.6493903299227
			27.0209935204618	-18.6382430553681
			27.0209935204618	-18.6270957808134
			27.0098462459072	-18.6159485062588
			27.0098462459072	-18.6048012317041
			27.0098462459072	-18.5936539571495
			27.0098462459072	-18.5825066825948
			27.0098462459072	-18.5713594080402
			27.0098462459072	-18.5602121334855
			27.0098462459072	-18.5490648589309
			27.0098462459072	-18.5379175843762
			27.0098462459072	-18.5267703098216
			27.0098462459072	-18.5156230352669
			27.0098462459072	-18.5044757607123
			27.0098462459072	-18.4933284861577
			26.9986989713525	-18.482181211603
			26.9986989713525	-18.4710339370484
			26.9986989713525	-18.4598866624937
			26.9986989713525	-18.4487393879391
			26.9986989713525	-18.4375921133844
			26.9986989713525	-18.4264448388298
			26.9986989713525	-18.4152975642751
			26.9986989713525	-18.4041502897205
			26.9986989713525	-18.3930030151658
			26.9986989713525	-18.3818557406112
			26.9986989713525	-18.3707084660565
			26.9986989713525	-18.3595611915019
			26.9986989713525	-18.3484139169473
			26.9986989713525	-18.3372666423926
			26.9986989713525	-18.326119367838
			26.9986989713525	-18.3149720932833
			26.9986989713525	-18.3038248187287
			26.9986989713525	-18.292677544174
			26.9986989713525	-18.2815302696194
			26.9986989713525	-18.2703829950647
			26.9986989713525	-18.2592357205101
			26.9986989713525	-18.2480884459554
			26.9986989713525	-18.2369411714008
			26.9986989713525	-18.2257938968461
			26.9986989713525	-18.2146466222915
			26.9875516967979	-18.2034993477369
			26.9875516967979	-18.1923520731822
			26.9875516967979	-18.1812047986276
			26.9875516967979	-18.1700575240729
			26.9875516967979	-18.1589102495183
			26.9875516967979	-18.1477629749636
			26.9875516967979	-18.136615700409
			26.9875516967979	-18.1254684258543
			26.9875516967979	-18.1143211512997
			26.9875516967979	-18.103173876745
			26.9875516967979	-18.0920266021904
			26.9875516967979	-18.0808793276358
			26.9875516967979	-18.0697320530811
			26.9875516967979	-18.0585847785265
			26.9875516967979	-18.0474375039718
			26.9875516967979	-18.0362902294172
			26.9875516967979	-18.0251429548625
			26.9875516967979	-18.0139956803079
		</Outline1>
		<Outline2 type=matrix rownames=FALSE colnames=FALSE nrow=120 ncol=2 as.numeric=TRUE >
			26.9875516967979	-18.0139956803079
			26.9875516967979	-18.0028484057532
			26.9875516967979	-17.9917011311986
			26.9875516967979	-17.9805538566439
			26.9875516967979	-17.9694065820893
			26.9875516967979	-17.9582593075346
			26.9875516967979	-17.94711203298
			26.9875516967979	-17.9359647584254
			26.9875516967979	-17.9248174838707
			26.9875516967979	-17.9136702093161
			26.9875516967979	-17.9025229347614
			26.9875516967979	-17.8913756602068
			26.9875516967979	-17.8802283856521
			26.9875516967979	-17.8690811110975
			26.9875516967979	-17.8579338365428
			26.9986989713525	-17.8467865619882
			26.9986989713525	-17.8356392874335
			26.9986989713525	-17.8244920128789
			26.9986989713525	-17.8133447383243
			26.9986989713525	-17.8021974637696
			26.9986989713525	-17.791050189215
			26.9986989713525	-17.7799029146603
			26.9986989713525	-17.7687556401057
			26.9986989713525	-17.757608365551
			26.9986989713525	-17.7464610909964
			27.0098462459072	-17.7464610909964
			27.0098462459072	-17.7353138164417
			27.0098462459072	-17.7241665418871
			27.0098462459072	-17.7130192673324
			27.0098462459072	-17.7018719927778
			27.0098462459072	-17.6907247182231
			27.0209935204618	-17.6795774436685
			27.0209935204618	-17.6684301691139
			27.0209935204618	-17.6572828945592
			27.0209935204618	-17.6461356200046
			27.0321407950165	-17.6349883454499
			27.0321407950165	-17.6238410708953
			27.0321407950165	-17.6126937963406
			27.0321407950165	-17.601546521786
			27.0432880695711	-17.5903992472313
			27.0432880695711	-17.5792519726767
			27.0432880695711	-17.568104698122
			27.0544353441258	-17.5569574235674
			27.0544353441258	-17.5458101490127
			27.0544353441258	-17.5346628744581
			27.0655826186804	-17.5235155999035
			27.0655826186804	-17.5123683253488
			27.0655826186804	-17.5012210507942
			27.076729893235	-17.4900737762395
			27.076729893235	-17.4789265016849
			27.0878771677897	-17.4677792271302
			27.0878771677897	-17.4566319525756
			27.0878771677897	-17.4454846780209
			27.0878771677897	-17.4343374034663
			27.0990244423443	-17.4231901289116
			27.0990244423443	-17.412042854357
			27.0990244423443	-17.4008955798023
			27.0990244423443	-17.3897483052477
			27.110171716899	-17.3786010306931
			27.110171716899	-17.3674537561384
			27.110171716899	-17.3563064815838
			27.110171716899	-17.3451592070291
			27.1213189914536	-17.3340119324745
			27.1213189914536	-17.3228646579198
			27.1213189914536	-17.3117173833652
			27.1213189914536	-17.3005701088105
			27.1324662660083	-17.2894228342559
			27.1324662660083	-17.2782755597012
			27.1324662660083	-17.2671282851466
			27.1324662660083	-17.255981010592
			27.1436135405629	-17.2448337360373
			27.1436135405629	-17.2336864614827
			27.1436135405629	-17.222539186928
			27.1436135405629	-17.2113919123734
			27.1547608151176	-17.2002446378187
			27.1547608151176	-17.1890973632641
			27.1659080896722	-17.1779500887094
			27.1659080896722	-17.1668028141548
			27.1659080896722	-17.1556555396001
			27.1770553642269	-17.1445082650455
			27.1770553642269	-17.1333609904908
			27.1882026387815	-17.1222137159362
			27.1882026387815	-17.1110664413816
			27.1882026387815	-17.0999191668269
			27.1993499133361	-17.0999191668269
			27.2104971878908	-17.0887718922723
			27.2104971878908	-17.0776246177176
			27.2216444624454	-17.0776246177176
			27.2327917370001	-17.066477343163
			27.2439390115547	-17.0553300686083
			27.2550862861094	-17.0441827940537
			27.266233560664	-17.0441827940537
			27.2773808352187	-17.0441827940537
			27.2885281097733	-17.033035519499
			27.299675384328	-17.033035519499
			27.3108226588826	-17.0218882449444
			27.3219699334373	-17.0218882449444
			27.3331172079919	-17.0218882449444
			27.3442644825465	-17.0218882449444
			27.3554117571012	-17.0107409703897
			27.3665590316558	-17.0107409703897
			27.3777063062105	-17.0107409703897
			27.3888535807651	-17.0107409703897
			27.4000008553198	-16.9995936958351
			27.4111481298744	-16.9995936958351
			27.4222954044291	-16.9995936958351
			27.4334426789837	-16.9995936958351
			27.4445899535384	-16.9995936958351
			27.455737228093	-16.9995936958351
			27.4668845026477	-16.9995936958351
			27.4780317772023	-16.9995936958351
			27.4891790517569	-16.9995936958351
			27.5003263263116	-16.9995936958351
			27.5114736008662	-16.9995936958351
			27.5226208754209	-16.9995936958351
			27.5337681499755	-16.9995936958351
			27.5449154245302	-16.9995936958351
			27.5560626990848	-16.9995936958351
			27.5672099736395	-16.9995936958351
			27.5783572481941	-16.9995936958351
		</Outline2>
		<Outline3 type=matrix rownames=FALSE colnames=FALSE nrow=119 ncol=2 as.numeric=TRUE >
			27.5783572481941	-16.9995936958351
			27.5895045227488	-16.9995936958351
			27.6006517973034	-16.9995936958351
			27.6117990718581	-16.9995936958351
			27.6229463464127	-17.0107409703897
			27.6340936209673	-17.0107409703897
			27.645240895522	-17.0107409703897
			27.6563881700766	-17.0107409703897
			27.6675354446313	-17.0107409703897
			27.6786827191859	-17.0107409703897
			27.6898299937406	-17.0107409703897
			27.7009772682952	-17.0218882449444
			27.7121245428499	-17.0218882449444
			27.7232718174045	-17.0218882449444
			27.7344190919592	-17.0218882449444
			27.7455663665138	-17.0218882449444
			27.7567136410684	-17.033035519499
			27.7678609156231	-17.033035519499
			27.7790081901777	-17.033035519499
			27.7901554647324	-17.033035519499
			27.801302739287	-17.033035519499
			27.8124500138417	-17.033035519499
			27.8235972883963	-17.033035519499
			27.8235972883963	-17.0441827940537
			27.834744562951	-17.0441827940537
			27.8458918375056	-17.0441827940537
			27.8570391120603	-17.0441827940537
			27.8681863866149	-17.0441827940537
			27.8793336611696	-17.0441827940537
			27.8904809357242	-17.0441827940537
			27.9016282102788	-17.0441827940537
			27.9127754848335	-17.0441827940537
			27.9239227593881	-17.0441827940537
			27.9350700339428	-17.0441827940537
			27.9462173084974	-17.0441827940537
			27.9573645830521	-17.0441827940537
			27.9685118576067	-17.0441827940537
			27.9796591321614	-17.0441827940537
			27.990806406716	-17.0441827940537
			28.0019536812707	-17.0441827940537
			28.0131009558253	-17.033035519499
			28.02424823038	-17.033035519499
			28.0353955049346	-17.033035519499
			28.0465427794892	-17.033035519499
			28.0576900540439	-17.033035519499
			28.0688373285985	-17.033035519499
			28.0799846031532	-17.033035519499
			28.0911318777078	-17.033035519499
			28.1022791522625	-17.033035519499
			28.1134264268171	-17.033035519499
			28.1245737013718	-17.033035519499
			28.1357209759264	-17.033035519499
			28.1468682504811	-17.033035519499
			28.1580155250357	-17.033035519499
			28.1691627995903	-17.033035519499
			28.180310074145	-17.033035519499
			28.1914573486996	-17.033035519499
			28.2026046232543	-17.033035519499
			28.2137518978089	-17.033035519499
			28.2248991723636	-17.033035519499
			28.2360464469182	-17.033035519499
			28.2471937214729	-17.033035519499
			28.2583409960275	-17.033035519499
			28.2694882705822	-17.033035519499
			28.2806355451368	-17.033035519499
			28.2917828196915	-17.033035519499
			28.3029300942461	-17.0441827940537
			28.3140773688007	-17.0441827940537
			28.3252246433554	-17.0441827940537
			28.33637191791	-17.0441827940537
			28.3475191924647	-17.0441827940537
			28.3586664670193	-17.0441827940537
			28.369813741574	-17.0553300686083
			28.3809610161286	-17.0553300686083
			28.3921082906833	-17.0553300686083
			28.4032555652379	-17.066477343163
			28.4144028397926	-17.066477343163
			28.4255501143472	-17.066477343163
			28.4366973889019	-17.0776246177176
			28.4478446634565	-17.0887718922723
			28.4589919380111	-17.0887718922723
			28.4701392125658	-17.0999191668269
			28.4812864871204	-17.1110664413816
			28.4924337616751	-17.1110664413816
			28.5035810362297	-17.1222137159362
			28.5147283107844	-17.1333609904908
			28.525875585339	-17.1445082650455
			28.525875585339	-17.1556555396001
			28.5370228598937	-17.1668028141548
			28.5481701344483	-17.1779500887094
			28.559317409003	-17.1890973632641
			28.559317409003	-17.2002446378187
			28.5704646835576	-17.2113919123734
			28.5816119581123	-17.222539186928
			28.5816119581123	-17.2336864614827
			28.5927592326669	-17.2448337360373
			28.5927592326669	-17.255981010592
			28.6039065072215	-17.2671282851466
			28.6039065072215	-17.2782755597012
			28.6150537817762	-17.2894228342559
			28.6150537817762	-17.3005701088105
			28.6262010563308	-17.3117173833652
			28.6262010563308	-17.3228646579198
			28.6373483308855	-17.3340119324745
			28.6373483308855	-17.3451592070291
			28.6373483308855	-17.3563064815838
			28.6484956054401	-17.3563064815838
			28.6484956054401	-17.3674537561384
			28.6596428799948	-17.3786010306931
			28.6596428799948	-17.3897483052477
			28.6596428799948	-17.4008955798023
			28.6707901545494	-17.412042854357
			28.6707901545494	-17.4231901289116
			28.6707901545494	-17.4343374034663
			28.6819374291041	-17.4343374034663
			28.6819374291041	-17.4454846780209
			28.6819374291041	-17.4566319525756
			28.6930847036587	-17.4677792271302
			28.6930847036587	-17.4789265016849
		</Outline3>
		<Outline4 type=matrix rownames=FALSE colnames=FALSE nrow=120 ncol=2 as.numeric=TRUE >
			28.6930847036587	-17.4789265016849
			28.6930847036587	-17.4900737762395
			28.7042319782134	-17.5012210507942
			28.7042319782134	-17.5123683253488
			28.715379252768	-17.5235155999035
			28.715379252768	-17.5346628744581
			28.715379252768	-17.5458101490127
			28.7265265273226	-17.5569574235674
			28.7265265273226	-17.568104698122
			28.7265265273226	-17.5792519726767
			28.7265265273226	-17.5903992472313
			28.7376738018773	-17.601546521786
			28.7376738018773	-17.6126937963406
			28.7376738018773	-17.6238410708953
			28.7376738018773	-17.6349883454499
			28.7376738018773	-17.6461356200046
			28.7488210764319	-17.6572828945592
			28.7488210764319	-17.6684301691139
			28.7488210764319	-17.6795774436685
			28.7488210764319	-17.6907247182231
			28.7488210764319	-17.7018719927778
			28.7488210764319	-17.7130192673324
			28.7488210764319	-17.7241665418871
			28.7488210764319	-17.7353138164417
			28.7488210764319	-17.7464610909964
			28.7488210764319	-17.757608365551
			28.7488210764319	-17.7687556401057
			28.7488210764319	-17.7799029146603
			28.7488210764319	-17.791050189215
			28.7488210764319	-17.8021974637696
			28.7488210764319	-17.8133447383243
			28.7488210764319	-17.8244920128789
			28.7488210764319	-17.8356392874335
			28.7376738018773	-17.8467865619882
			28.7376738018773	-17.8579338365428
			28.7376738018773	-17.8690811110975
			28.7376738018773	-17.8802283856521
			28.7265265273226	-17.8913756602068
			28.7265265273226	-17.9025229347614
			28.7265265273226	-17.9136702093161
			28.7265265273226	-17.9248174838707
			28.715379252768	-17.9359647584254
			28.715379252768	-17.94711203298
			28.715379252768	-17.9582593075346
			28.7042319782134	-17.9582593075346
			28.7042319782134	-17.9694065820893
			28.7042319782134	-17.9805538566439
			28.6930847036587	-17.9917011311986
			28.6930847036587	-18.0028484057532
			28.6819374291041	-18.0139956803079
			28.6819374291041	-18.0251429548625
			28.6819374291041	-18.0362902294172
			28.6707901545494	-18.0474375039718
			28.6707901545494	-18.0585847785265
			28.6707901545494	-18.0697320530811
			28.6596428799948	-18.0697320530811
			28.6596428799948	-18.0808793276358
			28.6484956054401	-18.0920266021904
			28.6373483308855	-18.103173876745
			28.6373483308855	-18.1143211512997
			28.6262010563308	-18.1254684258543
			28.6262010563308	-18.136615700409
			28.6150537817762	-18.1477629749636
			28.6039065072215	-18.1589102495183
			28.5927592326669	-18.1700575240729
			28.5927592326669	-18.1812047986276
			28.5816119581123	-18.1812047986276
			28.5704646835576	-18.1923520731822
			28.5704646835576	-18.2034993477369
			28.559317409003	-18.2146466222915
			28.5481701344483	-18.2257938968461
			28.5370228598937	-18.2369411714008
			28.525875585339	-18.2480884459554
			28.5147283107844	-18.2592357205101
			28.5035810362297	-18.2703829950647
			28.4924337616751	-18.2703829950647
			28.4812864871204	-18.2815302696194
			28.4701392125658	-18.292677544174
			28.4589919380111	-18.3038248187287
			28.4478446634565	-18.3038248187287
			28.4366973889019	-18.3149720932833
			28.4255501143472	-18.326119367838
			28.4144028397926	-18.326119367838
			28.4032555652379	-18.326119367838
			28.4032555652379	-18.3372666423926
			28.3921082906833	-18.3372666423926
			28.3809610161286	-18.3372666423926
			28.3809610161286	-18.3484139169473
			28.369813741574	-18.3484139169473
			28.3586664670193	-18.3484139169473
			28.3586664670193	-18.3595611915019
			28.3475191924647	-18.3595611915019
			28.33637191791	-18.3595611915019
			28.33637191791	-18.3707084660565
			28.3252246433554	-18.3707084660565
			28.3140773688007	-18.3707084660565
			28.3140773688007	-18.3818557406112
			28.3029300942461	-18.3818557406112
			28.2917828196915	-18.3818557406112
			28.2806355451368	-18.3930030151658
			28.2694882705822	-18.3930030151658
			28.2583409960275	-18.4041502897205
			28.2471937214729	-18.4152975642751
			28.2360464469182	-18.4152975642751
			28.2248991723636	-18.4264448388298
			28.2137518978089	-18.4264448388298
			28.2026046232543	-18.4375921133844
			28.1914573486996	-18.4375921133844
			28.180310074145	-18.4487393879391
			28.1691627995903	-18.4487393879391
			28.1691627995903	-18.4598866624937
			28.1580155250357	-18.4598866624937
			28.1468682504811	-18.4598866624937
			28.1357209759264	-18.4710339370484
			28.1245737013718	-18.482181211603
			28.1134264268171	-18.4933284861577
			28.1022791522625	-18.4933284861577
			28.0911318777078	-18.5044757607123
			28.0799846031532	-18.5156230352669
			28.0688373285985	-18.5267703098216
		</Outline4>
	</curves.scaled>
	<ruler.points type=matrix rownames=TRUE colnames=FALSE nrow=2 ncol=2 as.numeric=TRUE >
		Ruler point 1	3226	2447
		Ruler point 2	2329	2459
	</ruler.points>
</shapes>

