<shapes type=list>
	<ruler.pixel type=vector names=FALSE length=1 as.numeric=TRUE >591.084596314267</ruler.pixel>
	<ruler.interval type=vector names=FALSE length=1 as.numeric=TRUE >10</ruler.interval>
	<scaling.units type=vector names=FALSE length=1 as.numeric=FALSE >mm</scaling.units>
	<scaling type=vector names=FALSE length=1 as.numeric=TRUE >0.016918052106848</scaling>
	<landmarks.pixel type=matrix rownames=TRUE colnames=FALSE nrow=4 ncol=2 as.numeric=TRUE >
		Labial	2276	1848
		Posterior	2146	1800
		Lingual	2205	1679
		Anterior	2342	1715
	</landmarks.pixel>
	<landmarks.scaled type=matrix rownames=TRUE colnames=FALSE nrow=4 ncol=2 as.numeric=TRUE >
		Labial	38.5054865951861	-31.2645602934552
		Posterior	36.3061398212959	-30.4524937923264
		Lingual	37.3043048955999	-28.4054094873978
		Anterior	39.6220780342381	-29.0144593632444
	</landmarks.scaled>
	<curves.control type=list>
		<Outline1 type=matrix rownames=FALSE colnames=FALSE nrow=19 ncol=2 as.numeric=TRUE >
			2276	1848
			2266	1854
			2257	1862
			2245	1870
			2236	1875
			2224	1879
			2213	1881
			2200	1881
			2189	1879
			2179	1875
			2169	1869
			2162	1863
			2157	1854
			2153	1847
			2150	1840
			2147	1829
			2147	1819
			2146	1808
			2146	1800
		</Outline1>
		<Outline2 type=matrix rownames=FALSE colnames=FALSE nrow=15 ncol=2 as.numeric=TRUE >
			2146	1800
			2143	1781
			2141	1769
			2140	1757
			2143	1744
			2146	1731
			2150	1721
			2154	1712
			2159	1705
			2165	1698
			2171	1693
			2177	1687
			2185	1683
			2194	1679
			2205	1679
		</Outline2>
		<Outline3 type=matrix rownames=FALSE colnames=FALSE nrow=13 ncol=2 as.numeric=TRUE >
			2205	1679
			2219	1677
			2232	1677
			2246	1675
			2263	1672
			2280	1671
			2293	1672
			2305	1676
			2314	1680
			2323	1688
			2331	1696
			2336	1705
			2342	1715
		</Outline3>
		<Outline4 type=matrix rownames=FALSE colnames=FALSE nrow=13 ncol=2 as.numeric=TRUE >
			2342	1715
			2345	1730
			2346	1743
			2346	1757
			2341	1773
			2338	1787
			2333	1798
			2327	1809
			2321	1818
			2311	1827
			2301	1833
			2290	1839
			2276	1848
		</Outline4>
	</curves.control>
	<curves.pixel type=list>
		<Outline1 type=matrix rownames=FALSE colnames=FALSE nrow=188 ncol=2 as.numeric=TRUE >
			2276	1848
			2275	1849
			2274	1849
			2273	1850
			2272	1850
			2271	1851
			2270	1852
			2269	1853
			2268	1853
			2267	1854
			2266	1855
			2265	1856
			2264	1856
			2263	1857
			2262	1857
			2262	1858
			2261	1859
			2260	1859
			2260	1860
			2259	1860
			2258	1861
			2257	1862
			2256	1862
			2256	1863
			2255	1864
			2254	1864
			2253	1865
			2252	1865
			2251	1866
			2250	1867
			2249	1867
			2248	1868
			2247	1868
			2247	1869
			2246	1869
			2245	1870
			2244	1870
			2243	1871
			2242	1871
			2242	1872
			2241	1872
			2240	1873
			2239	1873
			2238	1874
			2237	1874
			2236	1875
			2235	1875
			2234	1876
			2233	1876
			2232	1876
			2231	1877
			2230	1877
			2229	1877
			2228	1878
			2227	1878
			2226	1878
			2225	1878
			2224	1878
			2224	1879
			2223	1879
			2222	1879
			2221	1879
			2220	1879
			2220	1880
			2219	1880
			2218	1880
			2217	1880
			2216	1880
			2215	1881
			2214	1881
			2213	1881
			2212	1881
			2211	1881
			2210	1881
			2209	1881
			2208	1881
			2207	1881
			2206	1881
			2205	1881
			2204	1881
			2203	1881
			2202	1881
			2201	1881
			2200	1880
			2199	1880
			2198	1880
			2197	1880
			2196	1880
			2195	1880
			2194	1880
			2193	1880
			2192	1879
			2191	1879
			2190	1879
			2189	1879
			2188	1879
			2187	1878
			2186	1878
			2185	1877
			2184	1877
			2183	1876
			2182	1876
			2181	1875
			2180	1875
			2179	1874
			2178	1874
			2177	1873
			2176	1873
			2175	1872
			2174	1872
			2173	1871
			2172	1871
			2171	1870
			2170	1869
			2169	1869
			2168	1868
			2167	1867
			2166	1866
			2165	1865
			2164	1864
			2163	1863
			2163	1862
			2162	1861
			2161	1860
			2160	1860
			2160	1859
			2159	1858
			2158	1857
			2158	1856
			2158	1855
			2157	1855
			2157	1854
			2157	1853
			2156	1853
			2156	1852
			2156	1851
			2155	1850
			2155	1849
			2154	1848
			2153	1847
			2153	1846
			2152	1845
			2152	1844
			2152	1843
			2151	1842
			2151	1841
			2150	1840
			2150	1839
			2149	1838
			2149	1837
			2149	1836
			2149	1835
			2149	1834
			2148	1833
			2148	1832
			2148	1831
			2148	1830
			2148	1829
			2148	1828
			2148	1827
			2147	1827
			2147	1826
			2147	1825
			2147	1824
			2147	1823
			2147	1822
			2147	1821
			2147	1820
			2147	1819
			2147	1818
			2147	1817
			2147	1816
			2147	1815
			2147	1814
			2146	1813
			2146	1812
			2146	1811
			2146	1810
			2146	1809
			2146	1808
			2146	1807
			2146	1806
			2146	1805
			2146	1804
			2146	1803
			2146	1802
			2146	1801
			2146	1800
		</Outline1>
		<Outline2 type=matrix rownames=FALSE colnames=FALSE nrow=150 ncol=2 as.numeric=TRUE >
			2146	1800
			2146	1799
			2146	1798
			2146	1797
			2145	1796
			2145	1795
			2145	1794
			2145	1793
			2145	1792
			2145	1791
			2144	1790
			2144	1789
			2144	1788
			2144	1787
			2144	1786
			2144	1785
			2143	1784
			2143	1783
			2143	1782
			2143	1781
			2143	1780
			2143	1779
			2142	1778
			2142	1777
			2142	1776
			2142	1775
			2142	1774
			2142	1773
			2142	1772
			2141	1772
			2141	1771
			2141	1770
			2141	1769
			2141	1768
			2141	1767
			2141	1766
			2141	1765
			2141	1764
			2141	1763
			2141	1762
			2141	1761
			2141	1760
			2141	1759
			2141	1758
			2141	1757
			2141	1756
			2141	1755
			2141	1754
			2141	1753
			2141	1752
			2142	1751
			2142	1750
			2142	1749
			2142	1748
			2142	1747
			2143	1746
			2143	1745
			2143	1744
			2143	1743
			2143	1742
			2144	1741
			2144	1740
			2144	1739
			2144	1738
			2145	1737
			2145	1736
			2145	1735
			2145	1734
			2146	1733
			2146	1732
			2147	1731
			2147	1730
			2147	1729
			2148	1728
			2148	1727
			2148	1726
			2148	1725
			2149	1725
			2149	1724
			2149	1723
			2150	1722
			2150	1721
			2151	1720
			2151	1719
			2152	1718
			2152	1717
			2153	1716
			2153	1715
			2153	1714
			2154	1713
			2154	1712
			2155	1711
			2156	1710
			2156	1709
			2157	1709
			2157	1708
			2158	1707
			2158	1706
			2159	1705
			2159	1704
			2160	1704
			2161	1703
			2161	1702
			2162	1701
			2163	1701
			2164	1700
			2164	1699
			2165	1699
			2166	1698
			2166	1697
			2167	1697
			2168	1696
			2168	1695
			2169	1695
			2170	1694
			2171	1693
			2172	1692
			2173	1691
			2174	1690
			2175	1689
			2176	1689
			2177	1688
			2178	1687
			2179	1687
			2180	1686
			2181	1685
			2182	1685
			2183	1684
			2184	1684
			2185	1683
			2186	1683
			2187	1682
			2188	1682
			2189	1681
			2190	1681
			2191	1681
			2192	1681
			2193	1680
			2194	1680
			2195	1680
			2196	1680
			2197	1680
			2198	1679
			2199	1679
			2200	1679
			2201	1679
			2202	1679
			2203	1679
			2204	1679
			2205	1679
		</Outline2>
		<Outline3 type=matrix rownames=FALSE colnames=FALSE nrow=149 ncol=2 as.numeric=TRUE >
			2205	1679
			2206	1679
			2207	1679
			2208	1679
			2209	1678
			2210	1678
			2211	1678
			2212	1678
			2213	1678
			2214	1678
			2215	1678
			2216	1678
			2217	1678
			2218	1678
			2219	1677
			2220	1677
			2221	1677
			2222	1677
			2223	1677
			2224	1677
			2225	1677
			2226	1677
			2227	1677
			2228	1677
			2229	1677
			2230	1677
			2231	1677
			2232	1677
			2233	1677
			2234	1677
			2235	1677
			2236	1676
			2237	1676
			2238	1676
			2239	1676
			2240	1676
			2241	1676
			2242	1675
			2243	1675
			2244	1675
			2245	1675
			2246	1675
			2247	1675
			2248	1675
			2249	1674
			2250	1674
			2251	1674
			2252	1674
			2253	1674
			2254	1674
			2255	1673
			2256	1673
			2257	1673
			2258	1673
			2259	1673
			2260	1673
			2261	1672
			2262	1672
			2263	1672
			2264	1672
			2265	1672
			2266	1672
			2267	1672
			2268	1672
			2269	1672
			2270	1672
			2271	1672
			2272	1672
			2273	1672
			2274	1672
			2275	1672
			2276	1672
			2277	1672
			2278	1672
			2279	1672
			2280	1672
			2281	1672
			2282	1672
			2283	1672
			2284	1672
			2285	1672
			2286	1672
			2287	1672
			2288	1672
			2289	1672
			2290	1672
			2291	1672
			2292	1672
			2293	1672
			2294	1672
			2295	1673
			2296	1673
			2297	1673
			2298	1674
			2299	1674
			2300	1674
			2301	1675
			2302	1675
			2303	1676
			2304	1676
			2305	1676
			2306	1677
			2307	1677
			2308	1677
			2309	1678
			2310	1678
			2311	1679
			2312	1679
			2313	1680
			2314	1680
			2315	1681
			2316	1682
			2317	1683
			2318	1684
			2319	1684
			2320	1685
			2321	1686
			2322	1687
			2323	1688
			2323	1689
			2324	1690
			2325	1690
			2326	1691
			2327	1692
			2328	1693
			2329	1694
			2330	1695
			2331	1696
			2332	1697
			2332	1698
			2333	1699
			2333	1700
			2334	1701
			2334	1702
			2335	1703
			2336	1704
			2336	1705
			2337	1706
			2338	1707
			2338	1708
			2338	1709
			2339	1709
			2339	1710
			2339	1711
			2340	1711
			2340	1712
			2341	1713
			2341	1714
			2342	1715
		</Outline3>
		<Outline4 type=matrix rownames=FALSE colnames=FALSE nrow=153 ncol=2 as.numeric=TRUE >
			2342	1715
			2342	1716
			2342	1717
			2343	1718
			2343	1719
			2343	1720
			2343	1721
			2343	1722
			2343	1723
			2344	1724
			2344	1725
			2344	1726
			2344	1727
			2344	1728
			2344	1729
			2345	1730
			2345	1731
			2345	1732
			2345	1733
			2345	1734
			2345	1735
			2345	1736
			2345	1737
			2346	1738
			2346	1739
			2346	1740
			2346	1741
			2346	1742
			2346	1743
			2346	1744
			2346	1745
			2346	1746
			2346	1747
			2346	1748
			2346	1749
			2346	1750
			2346	1751
			2345	1752
			2345	1753
			2345	1754
			2345	1755
			2345	1756
			2345	1757
			2345	1758
			2344	1759
			2344	1760
			2344	1761
			2344	1762
			2344	1763
			2343	1764
			2343	1765
			2343	1766
			2343	1767
			2342	1768
			2342	1769
			2342	1770
			2342	1771
			2341	1772
			2341	1773
			2341	1774
			2341	1775
			2340	1776
			2340	1777
			2340	1778
			2340	1779
			2339	1780
			2339	1781
			2339	1782
			2338	1783
			2338	1784
			2338	1785
			2337	1786
			2337	1787
			2337	1788
			2336	1789
			2336	1790
			2336	1791
			2335	1792
			2335	1793
			2335	1794
			2334	1795
			2334	1796
			2334	1797
			2333	1798
			2332	1799
			2332	1800
			2331	1801
			2331	1802
			2330	1803
			2329	1804
			2329	1805
			2328	1806
			2328	1807
			2327	1808
			2327	1809
			2326	1810
			2325	1811
			2325	1812
			2324	1813
			2324	1814
			2323	1815
			2323	1816
			2322	1816
			2321	1817
			2321	1818
			2320	1819
			2319	1820
			2318	1821
			2317	1821
			2316	1822
			2315	1823
			2314	1824
			2313	1825
			2312	1825
			2311	1826
			2310	1827
			2309	1827
			2308	1828
			2307	1829
			2306	1830
			2305	1831
			2304	1831
			2303	1832
			2302	1832
			2301	1833
			2300	1833
			2299	1834
			2298	1834
			2298	1835
			2297	1835
			2296	1836
			2295	1837
			2294	1837
			2293	1838
			2292	1838
			2291	1839
			2290	1840
			2289	1840
			2288	1841
			2287	1841
			2286	1842
			2285	1842
			2285	1843
			2284	1843
			2283	1843
			2283	1844
			2282	1844
			2281	1845
			2280	1845
			2279	1846
			2278	1847
			2277	1847
			2276	1848
		</Outline4>
	</curves.pixel>
	<curves.scaled type=list>
		<Outline1 type=matrix rownames=FALSE colnames=FALSE nrow=188 ncol=2 as.numeric=TRUE >
			38.5054865951861	-31.2645602934552
			38.4885685430793	-31.281478345562
			38.4716504909724	-31.281478345562
			38.4547324388656	-31.2983963976688
			38.4378143867587	-31.2983963976688
			38.4208963346519	-31.3153144497757
			38.403978282545	-31.3322325018825
			38.3870602304382	-31.3491505539894
			38.3701421783313	-31.3491505539894
			38.3532241262245	-31.3660686060962
			38.3363060741176	-31.3829866582031
			38.3193880220108	-31.3999047103099
			38.3024699699039	-31.3999047103099
			38.2855519177971	-31.4168227624168
			38.2686338656902	-31.4168227624168
			38.2686338656902	-31.4337408145236
			38.2517158135834	-31.4506588666305
			38.2347977614765	-31.4506588666305
			38.2347977614765	-31.4675769187373
			38.2178797093697	-31.4675769187373
			38.2009616572628	-31.4844949708442
			38.184043605156	-31.501413022951
			38.1671255530491	-31.501413022951
			38.1671255530491	-31.5183310750579
			38.1502075009423	-31.5352491271647
			38.1332894488354	-31.5352491271647
			38.1163713967286	-31.5521671792716
			38.0994533446218	-31.5521671792716
			38.0825352925149	-31.5690852313784
			38.0656172404081	-31.5860032834853
			38.0486991883012	-31.5860032834853
			38.0317811361944	-31.6029213355921
			38.0148630840875	-31.6029213355921
			38.0148630840875	-31.619839387699
			37.9979450319807	-31.619839387699
			37.9810269798738	-31.6367574398058
			37.964108927767	-31.6367574398058
			37.9471908756601	-31.6536754919127
			37.9302728235533	-31.6536754919127
			37.9302728235533	-31.6705935440195
			37.9133547714464	-31.6705935440195
			37.8964367193396	-31.6875115961264
			37.8795186672327	-31.6875115961264
			37.8626006151259	-31.7044296482332
			37.845682563019	-31.7044296482332
			37.8287645109122	-31.7213477003401
			37.8118464588053	-31.7213477003401
			37.7949284066985	-31.7382657524469
			37.7780103545916	-31.7382657524469
			37.7610923024848	-31.7382657524469
			37.7441742503779	-31.7551838045537
			37.7272561982711	-31.7551838045537
			37.7103381461643	-31.7551838045537
			37.6934200940574	-31.7721018566606
			37.6765020419506	-31.7721018566606
			37.6595839898437	-31.7721018566606
			37.6426659377369	-31.7721018566606
			37.62574788563	-31.7721018566606
			37.62574788563	-31.7890199087674
			37.6088298335232	-31.7890199087674
			37.5919117814163	-31.7890199087674
			37.5749937293095	-31.7890199087674
			37.5580756772026	-31.7890199087674
			37.5580756772026	-31.8059379608743
			37.5411576250958	-31.8059379608743
			37.5242395729889	-31.8059379608743
			37.5073215208821	-31.8059379608743
			37.4904034687752	-31.8059379608743
			37.4734854166684	-31.8228560129811
			37.4565673645615	-31.8228560129811
			37.4396493124547	-31.8228560129811
			37.4227312603478	-31.8228560129811
			37.405813208241	-31.8228560129811
			37.3888951561341	-31.8228560129811
			37.3719771040273	-31.8228560129811
			37.3550590519204	-31.8228560129811
			37.3381409998136	-31.8228560129811
			37.3212229477067	-31.8228560129811
			37.3043048955999	-31.8228560129811
			37.2873868434931	-31.8228560129811
			37.2704687913862	-31.8228560129811
			37.2535507392794	-31.8228560129811
			37.2366326871725	-31.8228560129811
			37.2197146350657	-31.8059379608743
			37.2027965829588	-31.8059379608743
			37.185878530852	-31.8059379608743
			37.1689604787451	-31.8059379608743
			37.1520424266383	-31.8059379608743
			37.1351243745314	-31.8059379608743
			37.1182063224246	-31.8059379608743
			37.1012882703177	-31.8059379608743
			37.0843702182109	-31.7890199087674
			37.067452166104	-31.7890199087674
			37.0505341139972	-31.7890199087674
			37.0336160618903	-31.7890199087674
			37.0166980097835	-31.7890199087674
			36.9997799576766	-31.7721018566606
			36.9828619055698	-31.7721018566606
			36.9659438534629	-31.7551838045537
			36.9490258013561	-31.7551838045537
			36.9321077492492	-31.7382657524469
			36.9151896971424	-31.7382657524469
			36.8982716450355	-31.7213477003401
			36.8813535929287	-31.7213477003401
			36.8644355408219	-31.7044296482332
			36.847517488715	-31.7044296482332
			36.8305994366082	-31.6875115961264
			36.8136813845013	-31.6875115961264
			36.7967633323945	-31.6705935440195
			36.7798452802876	-31.6705935440195
			36.7629272281808	-31.6536754919127
			36.7460091760739	-31.6536754919127
			36.7290911239671	-31.6367574398058
			36.7121730718602	-31.619839387699
			36.6952550197534	-31.619839387699
			36.6783369676465	-31.6029213355921
			36.6614189155397	-31.5860032834853
			36.6445008634328	-31.5690852313784
			36.627582811326	-31.5521671792716
			36.6106647592191	-31.5352491271647
			36.5937467071123	-31.5183310750579
			36.5937467071123	-31.501413022951
			36.5768286550054	-31.4844949708442
			36.5599106028986	-31.4675769187373
			36.5429925507917	-31.4675769187373
			36.5429925507917	-31.4506588666305
			36.5260744986849	-31.4337408145236
			36.509156446578	-31.4168227624168
			36.509156446578	-31.3999047103099
			36.509156446578	-31.3829866582031
			36.4922383944712	-31.3829866582031
			36.4922383944712	-31.3660686060962
			36.4922383944712	-31.3491505539894
			36.4753203423643	-31.3491505539894
			36.4753203423643	-31.3322325018825
			36.4753203423643	-31.3153144497757
			36.4584022902575	-31.2983963976688
			36.4584022902575	-31.281478345562
			36.4414842381507	-31.2645602934552
			36.4245661860438	-31.2476422413483
			36.4245661860438	-31.2307241892415
			36.407648133937	-31.2138061371346
			36.407648133937	-31.1968880850278
			36.407648133937	-31.1799700329209
			36.3907300818301	-31.1630519808141
			36.3907300818301	-31.1461339287072
			36.3738120297233	-31.1292158766004
			36.3738120297233	-31.1122978244935
			36.3568939776164	-31.0953797723867
			36.3568939776164	-31.0784617202798
			36.3568939776164	-31.061543668173
			36.3568939776164	-31.0446256160661
			36.3568939776164	-31.0277075639593
			36.3399759255096	-31.0107895118524
			36.3399759255096	-30.9938714597456
			36.3399759255096	-30.9769534076387
			36.3399759255096	-30.9600353555319
			36.3399759255096	-30.943117303425
			36.3399759255096	-30.9261992513182
			36.3399759255096	-30.9092811992113
			36.3230578734027	-30.9092811992113
			36.3230578734027	-30.8923631471045
			36.3230578734027	-30.8754450949976
			36.3230578734027	-30.8585270428908
			36.3230578734027	-30.841608990784
			36.3230578734027	-30.8246909386771
			36.3230578734027	-30.8077728865703
			36.3230578734027	-30.7908548344634
			36.3230578734027	-30.7739367823566
			36.3230578734027	-30.7570187302497
			36.3230578734027	-30.7401006781429
			36.3230578734027	-30.723182626036
			36.3230578734027	-30.7062645739292
			36.3230578734027	-30.6893465218223
			36.3061398212959	-30.6724284697155
			36.3061398212959	-30.6555104176086
			36.3061398212959	-30.6385923655018
			36.3061398212959	-30.6216743133949
			36.3061398212959	-30.6047562612881
			36.3061398212959	-30.5878382091812
			36.3061398212959	-30.5709201570744
			36.3061398212959	-30.5540021049675
			36.3061398212959	-30.5370840528607
			36.3061398212959	-30.5201660007538
			36.3061398212959	-30.503247948647
			36.3061398212959	-30.4863298965401
			36.3061398212959	-30.4694118444333
			36.3061398212959	-30.4524937923264
		</Outline1>
		<Outline2 type=matrix rownames=FALSE colnames=FALSE nrow=150 ncol=2 as.numeric=TRUE >
			36.3061398212959	-30.4524937923264
			36.3061398212959	-30.4355757402196
			36.3061398212959	-30.4186576881128
			36.3061398212959	-30.4017396360059
			36.289221769189	-30.3848215838991
			36.289221769189	-30.3679035317922
			36.289221769189	-30.3509854796854
			36.289221769189	-30.3340674275785
			36.289221769189	-30.3171493754717
			36.289221769189	-30.3002313233648
			36.2723037170822	-30.283313271258
			36.2723037170822	-30.2663952191511
			36.2723037170822	-30.2494771670443
			36.2723037170822	-30.2325591149374
			36.2723037170822	-30.2156410628306
			36.2723037170822	-30.1987230107237
			36.2553856649753	-30.1818049586169
			36.2553856649753	-30.16488690651
			36.2553856649753	-30.1479688544032
			36.2553856649753	-30.1310508022963
			36.2553856649753	-30.1141327501895
			36.2553856649753	-30.0972146980826
			36.2384676128685	-30.0802966459758
			36.2384676128685	-30.0633785938689
			36.2384676128685	-30.0464605417621
			36.2384676128685	-30.0295424896552
			36.2384676128685	-30.0126244375484
			36.2384676128685	-29.9957063854416
			36.2384676128685	-29.9787883333347
			36.2215495607616	-29.9787883333347
			36.2215495607616	-29.9618702812279
			36.2215495607616	-29.944952229121
			36.2215495607616	-29.9280341770142
			36.2215495607616	-29.9111161249073
			36.2215495607616	-29.8941980728005
			36.2215495607616	-29.8772800206936
			36.2215495607616	-29.8603619685868
			36.2215495607616	-29.8434439164799
			36.2215495607616	-29.8265258643731
			36.2215495607616	-29.8096078122662
			36.2215495607616	-29.7926897601594
			36.2215495607616	-29.7757717080525
			36.2215495607616	-29.7588536559457
			36.2215495607616	-29.7419356038388
			36.2215495607616	-29.725017551732
			36.2215495607616	-29.7080994996251
			36.2215495607616	-29.6911814475183
			36.2215495607616	-29.6742633954114
			36.2215495607616	-29.6573453433046
			36.2215495607616	-29.6404272911977
			36.2384676128685	-29.6235092390909
			36.2384676128685	-29.606591186984
			36.2384676128685	-29.5896731348772
			36.2384676128685	-29.5727550827703
			36.2384676128685	-29.5558370306635
			36.2553856649753	-29.5389189785567
			36.2553856649753	-29.5220009264498
			36.2553856649753	-29.505082874343
			36.2553856649753	-29.4881648222361
			36.2553856649753	-29.4712467701293
			36.2723037170822	-29.4543287180224
			36.2723037170822	-29.4374106659156
			36.2723037170822	-29.4204926138087
			36.2723037170822	-29.4035745617019
			36.289221769189	-29.386656509595
			36.289221769189	-29.3697384574882
			36.289221769189	-29.3528204053813
			36.289221769189	-29.3359023532745
			36.3061398212959	-29.3189843011676
			36.3061398212959	-29.3020662490608
			36.3230578734027	-29.2851481969539
			36.3230578734027	-29.2682301448471
			36.3230578734027	-29.2513120927402
			36.3399759255096	-29.2343940406334
			36.3399759255096	-29.2174759885265
			36.3399759255096	-29.2005579364197
			36.3399759255096	-29.1836398843128
			36.3568939776164	-29.1836398843128
			36.3568939776164	-29.166721832206
			36.3568939776164	-29.1498037800991
			36.3738120297233	-29.1328857279923
			36.3738120297233	-29.1159676758855
			36.3907300818301	-29.0990496237786
			36.3907300818301	-29.0821315716718
			36.407648133937	-29.0652135195649
			36.407648133937	-29.0482954674581
			36.4245661860438	-29.0313774153512
			36.4245661860438	-29.0144593632444
			36.4245661860438	-28.9975413111375
			36.4414842381507	-28.9806232590307
			36.4414842381507	-28.9637052069238
			36.4584022902575	-28.946787154817
			36.4753203423643	-28.9298691027101
			36.4753203423643	-28.9129510506033
			36.4922383944712	-28.9129510506033
			36.4922383944712	-28.8960329984964
			36.509156446578	-28.8791149463896
			36.509156446578	-28.8621968942827
			36.5260744986849	-28.8452788421759
			36.5260744986849	-28.828360790069
			36.5429925507917	-28.828360790069
			36.5599106028986	-28.8114427379622
			36.5599106028986	-28.7945246858553
			36.5768286550054	-28.7776066337485
			36.5937467071123	-28.7776066337485
			36.6106647592191	-28.7606885816416
			36.6106647592191	-28.7437705295348
			36.627582811326	-28.7437705295348
			36.6445008634328	-28.7268524774279
			36.6445008634328	-28.7099344253211
			36.6614189155397	-28.7099344253211
			36.6783369676465	-28.6930163732143
			36.6783369676465	-28.6760983211074
			36.6952550197534	-28.6760983211074
			36.7121730718602	-28.6591802690006
			36.7290911239671	-28.6422622168937
			36.7460091760739	-28.6253441647869
			36.7629272281808	-28.60842611268
			36.7798452802876	-28.5915080605732
			36.7967633323945	-28.5745900084663
			36.8136813845013	-28.5745900084663
			36.8305994366082	-28.5576719563595
			36.847517488715	-28.5407539042526
			36.8644355408219	-28.5407539042526
			36.8813535929287	-28.5238358521458
			36.8982716450355	-28.5069178000389
			36.9151896971424	-28.5069178000389
			36.9321077492492	-28.4899997479321
			36.9490258013561	-28.4899997479321
			36.9659438534629	-28.4730816958252
			36.9828619055698	-28.4730816958252
			36.9997799576766	-28.4561636437184
			37.0166980097835	-28.4561636437184
			37.0336160618903	-28.4392455916115
			37.0505341139972	-28.4392455916115
			37.067452166104	-28.4392455916115
			37.0843702182109	-28.4392455916115
			37.1012882703177	-28.4223275395047
			37.1182063224246	-28.4223275395047
			37.1351243745314	-28.4223275395047
			37.1520424266383	-28.4223275395047
			37.1689604787451	-28.4223275395047
			37.185878530852	-28.4054094873978
			37.2027965829588	-28.4054094873978
			37.2197146350657	-28.4054094873978
			37.2366326871725	-28.4054094873978
			37.2535507392794	-28.4054094873978
			37.2704687913862	-28.4054094873978
			37.2873868434931	-28.4054094873978
			37.3043048955999	-28.4054094873978
		</Outline2>
		<Outline3 type=matrix rownames=FALSE colnames=FALSE nrow=149 ncol=2 as.numeric=TRUE >
			37.3043048955999	-28.4054094873978
			37.3212229477067	-28.4054094873978
			37.3381409998136	-28.4054094873978
			37.3550590519204	-28.4054094873978
			37.3719771040273	-28.388491435291
			37.3888951561341	-28.388491435291
			37.405813208241	-28.388491435291
			37.4227312603478	-28.388491435291
			37.4396493124547	-28.388491435291
			37.4565673645615	-28.388491435291
			37.4734854166684	-28.388491435291
			37.4904034687752	-28.388491435291
			37.5073215208821	-28.388491435291
			37.5242395729889	-28.388491435291
			37.5411576250958	-28.3715733831841
			37.5580756772026	-28.3715733831841
			37.5749937293095	-28.3715733831841
			37.5919117814163	-28.3715733831841
			37.6088298335232	-28.3715733831841
			37.62574788563	-28.3715733831841
			37.6426659377369	-28.3715733831841
			37.6595839898437	-28.3715733831841
			37.6765020419506	-28.3715733831841
			37.6934200940574	-28.3715733831841
			37.7103381461643	-28.3715733831841
			37.7272561982711	-28.3715733831841
			37.7441742503779	-28.3715733831841
			37.7610923024848	-28.3715733831841
			37.7780103545916	-28.3715733831841
			37.7949284066985	-28.3715733831841
			37.8118464588053	-28.3715733831841
			37.8287645109122	-28.3546553310773
			37.845682563019	-28.3546553310773
			37.8626006151259	-28.3546553310773
			37.8795186672327	-28.3546553310773
			37.8964367193396	-28.3546553310773
			37.9133547714464	-28.3546553310773
			37.9302728235533	-28.3377372789704
			37.9471908756601	-28.3377372789704
			37.964108927767	-28.3377372789704
			37.9810269798738	-28.3377372789704
			37.9979450319807	-28.3377372789704
			38.0148630840875	-28.3377372789704
			38.0317811361944	-28.3377372789704
			38.0486991883012	-28.3208192268636
			38.0656172404081	-28.3208192268636
			38.0825352925149	-28.3208192268636
			38.0994533446218	-28.3208192268636
			38.1163713967286	-28.3208192268636
			38.1332894488354	-28.3208192268636
			38.1502075009423	-28.3039011747567
			38.1671255530491	-28.3039011747567
			38.184043605156	-28.3039011747567
			38.2009616572628	-28.3039011747567
			38.2178797093697	-28.3039011747567
			38.2347977614765	-28.3039011747567
			38.2517158135834	-28.2869831226499
			38.2686338656902	-28.2869831226499
			38.2855519177971	-28.2869831226499
			38.3024699699039	-28.2869831226499
			38.3193880220108	-28.2869831226499
			38.3363060741176	-28.2869831226499
			38.3532241262245	-28.2869831226499
			38.3701421783313	-28.2869831226499
			38.3870602304382	-28.2869831226499
			38.403978282545	-28.2869831226499
			38.4208963346519	-28.2869831226499
			38.4378143867587	-28.2869831226499
			38.4547324388656	-28.2869831226499
			38.4716504909724	-28.2869831226499
			38.4885685430793	-28.2869831226499
			38.5054865951861	-28.2869831226499
			38.522404647293	-28.2869831226499
			38.5393226993998	-28.2869831226499
			38.5562407515066	-28.2869831226499
			38.5731588036135	-28.2869831226499
			38.5900768557203	-28.2869831226499
			38.6069949078272	-28.2869831226499
			38.623912959934	-28.2869831226499
			38.6408310120409	-28.2869831226499
			38.6577490641477	-28.2869831226499
			38.6746671162546	-28.2869831226499
			38.6915851683614	-28.2869831226499
			38.7085032204683	-28.2869831226499
			38.7254212725751	-28.2869831226499
			38.742339324682	-28.2869831226499
			38.7592573767888	-28.2869831226499
			38.7761754288957	-28.2869831226499
			38.7930934810025	-28.2869831226499
			38.8100115331094	-28.2869831226499
			38.8269295852162	-28.3039011747567
			38.8438476373231	-28.3039011747567
			38.8607656894299	-28.3039011747567
			38.8776837415368	-28.3208192268636
			38.8946017936436	-28.3208192268636
			38.9115198457505	-28.3208192268636
			38.9284378978573	-28.3377372789704
			38.9453559499642	-28.3377372789704
			38.962274002071	-28.3546553310773
			38.9791920541779	-28.3546553310773
			38.9961101062847	-28.3546553310773
			39.0130281583915	-28.3715733831841
			39.0299462104984	-28.3715733831841
			39.0468642626052	-28.3715733831841
			39.0637823147121	-28.388491435291
			39.0807003668189	-28.388491435291
			39.0976184189258	-28.4054094873978
			39.1145364710326	-28.4054094873978
			39.1314545231395	-28.4223275395047
			39.1483725752463	-28.4223275395047
			39.1652906273532	-28.4392455916115
			39.18220867946	-28.4561636437184
			39.1991267315669	-28.4730816958252
			39.2160447836737	-28.4899997479321
			39.2329628357806	-28.4899997479321
			39.2498808878874	-28.5069178000389
			39.2667989399943	-28.5238358521458
			39.2837169921011	-28.5407539042526
			39.300635044208	-28.5576719563595
			39.300635044208	-28.5745900084663
			39.3175530963148	-28.5915080605732
			39.3344711484217	-28.5915080605732
			39.3513892005285	-28.60842611268
			39.3683072526354	-28.6253441647869
			39.3852253047422	-28.6422622168937
			39.4021433568491	-28.6591802690006
			39.4190614089559	-28.6760983211074
			39.4359794610628	-28.6930163732143
			39.4528975131696	-28.7099344253211
			39.4528975131696	-28.7268524774279
			39.4698155652764	-28.7437705295348
			39.4698155652764	-28.7606885816416
			39.4867336173833	-28.7776066337485
			39.4867336173833	-28.7945246858553
			39.5036516694901	-28.8114427379622
			39.520569721597	-28.828360790069
			39.520569721597	-28.8452788421759
			39.5374877737038	-28.8621968942827
			39.5544058258107	-28.8791149463896
			39.5544058258107	-28.8960329984964
			39.5544058258107	-28.9129510506033
			39.5713238779175	-28.9129510506033
			39.5713238779175	-28.9298691027101
			39.5713238779175	-28.946787154817
			39.5882419300244	-28.946787154817
			39.5882419300244	-28.9637052069238
			39.6051599821312	-28.9806232590307
			39.6051599821312	-28.9975413111375
			39.6220780342381	-29.0144593632444
		</Outline3>
		<Outline4 type=matrix rownames=FALSE colnames=FALSE nrow=153 ncol=2 as.numeric=TRUE >
			39.6220780342381	-29.0144593632444
			39.6220780342381	-29.0313774153512
			39.6220780342381	-29.0482954674581
			39.6389960863449	-29.0652135195649
			39.6389960863449	-29.0821315716718
			39.6389960863449	-29.0990496237786
			39.6389960863449	-29.1159676758855
			39.6389960863449	-29.1328857279923
			39.6389960863449	-29.1498037800991
			39.6559141384518	-29.166721832206
			39.6559141384518	-29.1836398843128
			39.6559141384518	-29.2005579364197
			39.6559141384518	-29.2174759885265
			39.6559141384518	-29.2343940406334
			39.6559141384518	-29.2513120927402
			39.6728321905586	-29.2682301448471
			39.6728321905586	-29.2851481969539
			39.6728321905586	-29.3020662490608
			39.6728321905586	-29.3189843011676
			39.6728321905586	-29.3359023532745
			39.6728321905586	-29.3528204053813
			39.6728321905586	-29.3697384574882
			39.6728321905586	-29.386656509595
			39.6897502426655	-29.4035745617019
			39.6897502426655	-29.4204926138087
			39.6897502426655	-29.4374106659156
			39.6897502426655	-29.4543287180224
			39.6897502426655	-29.4712467701293
			39.6897502426655	-29.4881648222361
			39.6897502426655	-29.505082874343
			39.6897502426655	-29.5220009264498
			39.6897502426655	-29.5389189785567
			39.6897502426655	-29.5558370306635
			39.6897502426655	-29.5727550827703
			39.6897502426655	-29.5896731348772
			39.6897502426655	-29.606591186984
			39.6897502426655	-29.6235092390909
			39.6728321905586	-29.6404272911977
			39.6728321905586	-29.6573453433046
			39.6728321905586	-29.6742633954114
			39.6728321905586	-29.6911814475183
			39.6728321905586	-29.7080994996251
			39.6728321905586	-29.725017551732
			39.6728321905586	-29.7419356038388
			39.6559141384518	-29.7588536559457
			39.6559141384518	-29.7757717080525
			39.6559141384518	-29.7926897601594
			39.6559141384518	-29.8096078122662
			39.6559141384518	-29.8265258643731
			39.6389960863449	-29.8434439164799
			39.6389960863449	-29.8603619685868
			39.6389960863449	-29.8772800206936
			39.6389960863449	-29.8941980728005
			39.6220780342381	-29.9111161249073
			39.6220780342381	-29.9280341770142
			39.6220780342381	-29.944952229121
			39.6220780342381	-29.9618702812279
			39.6051599821312	-29.9787883333347
			39.6051599821312	-29.9957063854416
			39.6051599821312	-30.0126244375484
			39.6051599821312	-30.0295424896552
			39.5882419300244	-30.0464605417621
			39.5882419300244	-30.0633785938689
			39.5882419300244	-30.0802966459758
			39.5882419300244	-30.0972146980826
			39.5713238779175	-30.1141327501895
			39.5713238779175	-30.1310508022963
			39.5713238779175	-30.1479688544032
			39.5544058258107	-30.16488690651
			39.5544058258107	-30.1818049586169
			39.5544058258107	-30.1987230107237
			39.5374877737038	-30.2156410628306
			39.5374877737038	-30.2325591149374
			39.5374877737038	-30.2494771670443
			39.520569721597	-30.2663952191511
			39.520569721597	-30.283313271258
			39.520569721597	-30.3002313233648
			39.5036516694901	-30.3171493754717
			39.5036516694901	-30.3340674275785
			39.5036516694901	-30.3509854796854
			39.4867336173833	-30.3679035317922
			39.4867336173833	-30.3848215838991
			39.4867336173833	-30.4017396360059
			39.4698155652764	-30.4186576881128
			39.4528975131696	-30.4355757402196
			39.4528975131696	-30.4524937923264
			39.4359794610628	-30.4694118444333
			39.4359794610628	-30.4863298965401
			39.4190614089559	-30.503247948647
			39.4021433568491	-30.5201660007538
			39.4021433568491	-30.5370840528607
			39.3852253047422	-30.5540021049675
			39.3852253047422	-30.5709201570744
			39.3683072526354	-30.5878382091812
			39.3683072526354	-30.6047562612881
			39.3513892005285	-30.6216743133949
			39.3344711484217	-30.6385923655018
			39.3344711484217	-30.6555104176086
			39.3175530963148	-30.6724284697155
			39.3175530963148	-30.6893465218223
			39.300635044208	-30.7062645739292
			39.300635044208	-30.723182626036
			39.2837169921011	-30.723182626036
			39.2667989399943	-30.7401006781429
			39.2667989399943	-30.7570187302497
			39.2498808878874	-30.7739367823566
			39.2329628357806	-30.7908548344634
			39.2160447836737	-30.8077728865703
			39.1991267315669	-30.8077728865703
			39.18220867946	-30.8246909386771
			39.1652906273532	-30.841608990784
			39.1483725752463	-30.8585270428908
			39.1314545231395	-30.8754450949976
			39.1145364710326	-30.8754450949976
			39.0976184189258	-30.8923631471045
			39.0807003668189	-30.9092811992113
			39.0637823147121	-30.9092811992113
			39.0468642626052	-30.9261992513182
			39.0299462104984	-30.943117303425
			39.0130281583915	-30.9600353555319
			38.9961101062847	-30.9769534076387
			38.9791920541779	-30.9769534076387
			38.962274002071	-30.9938714597456
			38.9453559499642	-30.9938714597456
			38.9284378978573	-31.0107895118524
			38.9115198457505	-31.0107895118524
			38.8946017936436	-31.0277075639593
			38.8776837415368	-31.0277075639593
			38.8776837415368	-31.0446256160661
			38.8607656894299	-31.0446256160661
			38.8438476373231	-31.061543668173
			38.8269295852162	-31.0784617202798
			38.8100115331094	-31.0784617202798
			38.7930934810025	-31.0953797723867
			38.7761754288957	-31.0953797723867
			38.7592573767888	-31.1122978244935
			38.742339324682	-31.1292158766004
			38.7254212725751	-31.1292158766004
			38.7085032204683	-31.1461339287072
			38.6915851683614	-31.1461339287072
			38.6746671162546	-31.1630519808141
			38.6577490641477	-31.1630519808141
			38.6577490641477	-31.1799700329209
			38.6408310120409	-31.1799700329209
			38.623912959934	-31.1799700329209
			38.623912959934	-31.1968880850278
			38.6069949078272	-31.1968880850278
			38.5900768557203	-31.2138061371346
			38.5731588036135	-31.2138061371346
			38.5562407515066	-31.2307241892415
			38.5393226993998	-31.2476422413483
			38.522404647293	-31.2476422413483
			38.5054865951861	-31.2645602934552
		</Outline4>
	</curves.scaled>
	<ruler.points type=matrix rownames=TRUE colnames=FALSE nrow=2 ncol=2 as.numeric=TRUE >
		Ruler point 1	3319	2556
		Ruler point 2	2728	2566
	</ruler.points>
</shapes>

