<shapes type=list>
	<ruler.pixel type=vector names=FALSE length=1 as.numeric=TRUE >682</ruler.pixel>
	<ruler.interval type=vector names=FALSE length=1 as.numeric=TRUE >10</ruler.interval>
	<scaling.units type=vector names=FALSE length=1 as.numeric=FALSE >mm</scaling.units>
	<scaling type=vector names=FALSE length=1 as.numeric=TRUE >0.0146627565982405</scaling>
	<landmarks.pixel type=matrix rownames=TRUE colnames=FALSE nrow=4 ncol=2 as.numeric=TRUE >
		Labial	2549	1620
		Posterior	2451	1593
		Lingual	2494	1498
		Anterior	2591	1529
	</landmarks.pixel>
	<landmarks.scaled type=matrix rownames=TRUE colnames=FALSE nrow=4 ncol=2 as.numeric=TRUE >
		Labial	37.375366568915	-23.7536656891496
		Posterior	35.9384164222874	-23.3577712609971
		Lingual	36.5689149560117	-21.9648093841642
		Anterior	37.9912023460411	-22.4193548387097
	</landmarks.scaled>
	<curves.control type=list>
		<Outline1 type=matrix rownames=FALSE colnames=FALSE nrow=17 ncol=2 as.numeric=TRUE >
			2549	1620
			2542	1627
			2536	1634
			2529	1641
			2523	1649
			2515	1655
			2508	1660
			2500	1662
			2491	1662
			2482	1661
			2473	1657
			2466	1651
			2460	1644
			2456	1637
			2454	1630
			2452	1622
			2451	1593
		</Outline1>
		<Outline2 type=matrix rownames=FALSE colnames=FALSE nrow=13 ncol=2 as.numeric=TRUE >
			2451	1593
			2449	1584
			2446	1575
			2444	1564
			2444	1552
			2444	1541
			2446	1529
			2450	1520
			2456	1512
			2462	1507
			2470	1503
			2479	1500
			2494	1498
		</Outline2>
		<Outline3 type=matrix rownames=FALSE colnames=FALSE nrow=13 ncol=2 as.numeric=TRUE >
			2494	1498
			2501	1497
			2509	1495
			2519	1493
			2529	1492
			2540	1491
			2550	1492
			2560	1494
			2568	1498
			2575	1502
			2580	1507
			2586	1514
			2591	1529
		</Outline3>
		<Outline4 type=matrix rownames=FALSE colnames=FALSE nrow=15 ncol=2 as.numeric=TRUE >
			2591	1529
			2596	1538
			2601	1546
			2606	1556
			2606	1568
			2604	1574
			2601	1581
			2597	1587
			2592	1593
			2587	1598
			2581	1602
			2574	1606
			2566	1611
			2558	1613
			2549	1620
		</Outline4>
	</curves.control>
	<curves.pixel type=list>
		<Outline1 type=matrix rownames=FALSE colnames=FALSE nrow=154 ncol=2 as.numeric=TRUE >
			2549	1620
			2548	1621
			2547	1622
			2546	1623
			2545	1624
			2544	1625
			2543	1626
			2543	1627
			2542	1627
			2541	1628
			2540	1629
			2540	1630
			2539	1631
			2538	1632
			2537	1632
			2537	1633
			2536	1634
			2535	1635
			2534	1636
			2534	1637
			2533	1637
			2532	1638
			2531	1639
			2530	1640
			2530	1641
			2529	1642
			2528	1643
			2527	1643
			2527	1644
			2526	1645
			2525	1646
			2524	1647
			2524	1648
			2523	1649
			2522	1650
			2521	1650
			2520	1651
			2519	1652
			2518	1652
			2518	1653
			2517	1654
			2516	1654
			2515	1655
			2514	1656
			2513	1656
			2512	1657
			2511	1657
			2511	1658
			2510	1659
			2509	1659
			2508	1660
			2507	1660
			2506	1660
			2505	1661
			2504	1661
			2503	1661
			2502	1661
			2501	1661
			2500	1661
			2499	1662
			2498	1662
			2497	1662
			2496	1662
			2495	1662
			2494	1662
			2493	1662
			2492	1662
			2491	1662
			2490	1662
			2489	1662
			2488	1662
			2487	1661
			2486	1661
			2485	1661
			2484	1661
			2483	1660
			2482	1660
			2481	1660
			2480	1660
			2479	1659
			2478	1659
			2477	1658
			2476	1658
			2475	1658
			2474	1658
			2474	1657
			2473	1657
			2472	1656
			2471	1655
			2470	1654
			2469	1654
			2468	1653
			2467	1652
			2466	1651
			2465	1650
			2465	1649
			2464	1648
			2463	1647
			2462	1646
			2461	1645
			2460	1644
			2460	1643
			2459	1642
			2459	1641
			2458	1640
			2458	1639
			2457	1638
			2457	1637
			2456	1636
			2456	1635
			2455	1634
			2455	1633
			2455	1632
			2454	1632
			2454	1631
			2454	1630
			2454	1629
			2454	1628
			2453	1628
			2453	1627
			2453	1626
			2453	1625
			2453	1624
			2453	1623
			2453	1622
			2453	1621
			2453	1620
			2452	1619
			2452	1618
			2452	1617
			2452	1616
			2452	1615
			2452	1614
			2452	1613
			2452	1612
			2452	1611
			2452	1610
			2452	1609
			2452	1608
			2452	1607
			2452	1606
			2452	1605
			2451	1604
			2451	1603
			2451	1602
			2451	1601
			2451	1600
			2451	1599
			2451	1598
			2451	1597
			2451	1596
			2451	1595
			2451	1594
			2451	1593
		</Outline1>
		<Outline2 type=matrix rownames=FALSE colnames=FALSE nrow=126 ncol=2 as.numeric=TRUE >
			2451	1593
			2451	1592
			2451	1591
			2450	1590
			2450	1589
			2450	1588
			2449	1587
			2449	1586
			2449	1585
			2449	1584
			2448	1583
			2448	1582
			2448	1581
			2448	1580
			2447	1580
			2447	1579
			2447	1578
			2447	1577
			2446	1576
			2446	1575
			2446	1574
			2446	1573
			2445	1572
			2445	1571
			2445	1570
			2445	1569
			2445	1568
			2445	1567
			2445	1566
			2445	1565
			2445	1564
			2444	1564
			2444	1563
			2444	1562
			2444	1561
			2444	1560
			2444	1559
			2444	1558
			2444	1557
			2444	1556
			2444	1555
			2444	1554
			2444	1553
			2444	1552
			2444	1551
			2444	1550
			2444	1549
			2444	1548
			2444	1547
			2444	1546
			2444	1545
			2444	1544
			2444	1543
			2444	1542
			2444	1541
			2445	1540
			2445	1539
			2445	1538
			2445	1537
			2445	1536
			2445	1535
			2445	1534
			2445	1533
			2446	1532
			2446	1531
			2446	1530
			2446	1529
			2446	1528
			2447	1527
			2447	1526
			2448	1526
			2448	1525
			2448	1524
			2449	1523
			2450	1522
			2450	1521
			2451	1520
			2451	1519
			2452	1518
			2452	1517
			2453	1516
			2454	1515
			2455	1514
			2455	1513
			2456	1512
			2457	1511
			2458	1511
			2458	1510
			2459	1509
			2460	1509
			2461	1508
			2462	1508
			2463	1507
			2464	1506
			2465	1505
			2466	1505
			2467	1505
			2467	1504
			2468	1504
			2469	1504
			2470	1503
			2471	1503
			2472	1502
			2473	1502
			2474	1502
			2475	1501
			2476	1501
			2477	1501
			2478	1501
			2479	1501
			2479	1500
			2480	1500
			2481	1500
			2482	1500
			2483	1500
			2484	1500
			2485	1499
			2486	1499
			2487	1499
			2488	1499
			2489	1499
			2490	1498
			2491	1498
			2492	1498
			2493	1498
			2494	1498
		</Outline2>
		<Outline3 type=matrix rownames=FALSE colnames=FALSE nrow=114 ncol=2 as.numeric=TRUE >
			2494	1498
			2495	1498
			2496	1498
			2497	1498
			2498	1497
			2499	1497
			2500	1497
			2501	1497
			2502	1497
			2503	1496
			2504	1496
			2505	1496
			2506	1496
			2507	1496
			2507	1495
			2508	1495
			2509	1495
			2510	1495
			2511	1495
			2512	1494
			2513	1494
			2514	1494
			2515	1494
			2516	1494
			2517	1494
			2517	1493
			2518	1493
			2519	1493
			2520	1493
			2521	1493
			2522	1493
			2523	1493
			2524	1493
			2525	1492
			2526	1492
			2527	1492
			2528	1492
			2529	1492
			2530	1492
			2531	1492
			2532	1492
			2533	1492
			2534	1492
			2535	1492
			2536	1492
			2537	1492
			2538	1492
			2539	1492
			2540	1492
			2541	1492
			2542	1492
			2543	1492
			2544	1492
			2545	1492
			2546	1492
			2547	1492
			2548	1492
			2549	1492
			2550	1492
			2551	1492
			2552	1492
			2553	1493
			2554	1493
			2555	1493
			2556	1494
			2557	1494
			2558	1494
			2559	1494
			2560	1495
			2561	1495
			2562	1495
			2563	1496
			2564	1496
			2565	1497
			2566	1497
			2567	1498
			2568	1498
			2569	1498
			2569	1499
			2570	1499
			2571	1500
			2572	1501
			2573	1501
			2574	1502
			2575	1502
			2575	1503
			2576	1503
			2577	1504
			2578	1505
			2579	1506
			2580	1507
			2581	1508
			2582	1509
			2582	1510
			2583	1511
			2583	1512
			2584	1512
			2584	1513
			2585	1514
			2585	1515
			2586	1516
			2586	1517
			2587	1518
			2587	1519
			2588	1520
			2588	1521
			2588	1522
			2589	1523
			2589	1524
			2590	1525
			2590	1526
			2590	1527
			2591	1528
			2591	1529
		</Outline3>
		<Outline4 type=matrix rownames=FALSE colnames=FALSE nrow=112 ncol=2 as.numeric=TRUE >
			2591	1529
			2592	1530
			2592	1531
			2593	1532
			2593	1533
			2594	1534
			2594	1535
			2595	1536
			2596	1537
			2596	1538
			2597	1539
			2597	1540
			2598	1541
			2598	1542
			2599	1543
			2600	1544
			2600	1545
			2601	1546
			2601	1547
			2602	1548
			2602	1549
			2603	1550
			2603	1551
			2604	1552
			2604	1553
			2604	1554
			2604	1555
			2605	1556
			2605	1557
			2605	1558
			2605	1559
			2605	1560
			2606	1561
			2606	1562
			2606	1563
			2606	1564
			2606	1565
			2606	1566
			2606	1567
			2606	1568
			2606	1569
			2605	1570
			2605	1571
			2604	1572
			2604	1573
			2604	1574
			2603	1575
			2603	1576
			2603	1577
			2602	1578
			2602	1579
			2601	1580
			2601	1581
			2601	1582
			2600	1582
			2600	1583
			2599	1584
			2598	1585
			2598	1586
			2597	1587
			2596	1588
			2596	1589
			2595	1589
			2594	1590
			2594	1591
			2593	1592
			2592	1593
			2591	1594
			2590	1595
			2589	1596
			2588	1597
			2587	1598
			2586	1599
			2585	1599
			2584	1600
			2583	1601
			2582	1601
			2581	1602
			2580	1603
			2579	1603
			2578	1604
			2577	1604
			2577	1605
			2576	1605
			2575	1605
			2574	1606
			2573	1607
			2572	1607
			2571	1608
			2570	1609
			2569	1609
			2568	1610
			2567	1610
			2566	1611
			2565	1611
			2564	1612
			2563	1612
			2562	1612
			2561	1613
			2560	1613
			2559	1614
			2558	1614
			2557	1615
			2556	1615
			2555	1616
			2554	1617
			2553	1617
			2552	1618
			2551	1619
			2550	1619
			2550	1620
			2549	1620
		</Outline4>
	</curves.pixel>
	<curves.scaled type=list>
		<Outline1 type=matrix rownames=FALSE colnames=FALSE nrow=154 ncol=2 as.numeric=TRUE >
			37.375366568915	-23.7536656891496
			37.3607038123167	-23.7683284457478
			37.3460410557185	-23.782991202346
			37.3313782991202	-23.7976539589443
			37.316715542522	-23.8123167155425
			37.3020527859238	-23.8269794721408
			37.2873900293255	-23.841642228739
			37.2873900293255	-23.8563049853372
			37.2727272727273	-23.8563049853372
			37.258064516129	-23.8709677419355
			37.2434017595308	-23.8856304985337
			37.2434017595308	-23.900293255132
			37.2287390029326	-23.9149560117302
			37.2140762463343	-23.9296187683284
			37.1994134897361	-23.9296187683284
			37.1994134897361	-23.9442815249267
			37.1847507331378	-23.9589442815249
			37.1700879765396	-23.9736070381232
			37.1554252199413	-23.9882697947214
			37.1554252199413	-24.0029325513196
			37.1407624633431	-24.0029325513196
			37.1260997067449	-24.0175953079179
			37.1114369501466	-24.0322580645161
			37.0967741935484	-24.0469208211144
			37.0967741935484	-24.0615835777126
			37.0821114369502	-24.0762463343109
			37.0674486803519	-24.0909090909091
			37.0527859237537	-24.0909090909091
			37.0527859237537	-24.1055718475073
			37.0381231671554	-24.1202346041056
			37.0234604105572	-24.1348973607038
			37.0087976539589	-24.1495601173021
			37.0087976539589	-24.1642228739003
			36.9941348973607	-24.1788856304985
			36.9794721407625	-24.1935483870968
			36.9648093841642	-24.1935483870968
			36.950146627566	-24.208211143695
			36.9354838709677	-24.2228739002933
			36.9208211143695	-24.2228739002933
			36.9208211143695	-24.2375366568915
			36.9061583577713	-24.2521994134897
			36.891495601173	-24.2521994134897
			36.8768328445748	-24.266862170088
			36.8621700879765	-24.2815249266862
			36.8475073313783	-24.2815249266862
			36.8328445747801	-24.2961876832845
			36.8181818181818	-24.2961876832845
			36.8181818181818	-24.3108504398827
			36.8035190615836	-24.3255131964809
			36.7888563049853	-24.3255131964809
			36.7741935483871	-24.3401759530792
			36.7595307917889	-24.3401759530792
			36.7448680351906	-24.3401759530792
			36.7302052785924	-24.3548387096774
			36.7155425219941	-24.3548387096774
			36.7008797653959	-24.3548387096774
			36.6862170087977	-24.3548387096774
			36.6715542521994	-24.3548387096774
			36.6568914956012	-24.3548387096774
			36.6422287390029	-24.3695014662757
			36.6275659824047	-24.3695014662757
			36.6129032258065	-24.3695014662757
			36.5982404692082	-24.3695014662757
			36.58357771261	-24.3695014662757
			36.5689149560117	-24.3695014662757
			36.5542521994135	-24.3695014662757
			36.5395894428152	-24.3695014662757
			36.524926686217	-24.3695014662757
			36.5102639296188	-24.3695014662757
			36.4956011730205	-24.3695014662757
			36.4809384164223	-24.3695014662757
			36.466275659824	-24.3548387096774
			36.4516129032258	-24.3548387096774
			36.4369501466276	-24.3548387096774
			36.4222873900293	-24.3548387096774
			36.4076246334311	-24.3401759530792
			36.3929618768328	-24.3401759530792
			36.3782991202346	-24.3401759530792
			36.3636363636364	-24.3401759530792
			36.3489736070381	-24.3255131964809
			36.3343108504399	-24.3255131964809
			36.3196480938416	-24.3108504398827
			36.3049853372434	-24.3108504398827
			36.2903225806452	-24.3108504398827
			36.2756598240469	-24.3108504398827
			36.2756598240469	-24.2961876832845
			36.2609970674487	-24.2961876832845
			36.2463343108504	-24.2815249266862
			36.2316715542522	-24.266862170088
			36.217008797654	-24.2521994134897
			36.2023460410557	-24.2521994134897
			36.1876832844575	-24.2375366568915
			36.1730205278592	-24.2228739002933
			36.158357771261	-24.208211143695
			36.1436950146628	-24.1935483870968
			36.1436950146628	-24.1788856304985
			36.1290322580645	-24.1642228739003
			36.1143695014663	-24.1495601173021
			36.099706744868	-24.1348973607038
			36.0850439882698	-24.1202346041056
			36.0703812316716	-24.1055718475073
			36.0703812316716	-24.0909090909091
			36.0557184750733	-24.0762463343109
			36.0557184750733	-24.0615835777126
			36.0410557184751	-24.0469208211144
			36.0410557184751	-24.0322580645161
			36.0263929618768	-24.0175953079179
			36.0263929618768	-24.0029325513196
			36.0117302052786	-23.9882697947214
			36.0117302052786	-23.9736070381232
			35.9970674486804	-23.9589442815249
			35.9970674486804	-23.9442815249267
			35.9970674486804	-23.9296187683284
			35.9824046920821	-23.9296187683284
			35.9824046920821	-23.9149560117302
			35.9824046920821	-23.900293255132
			35.9824046920821	-23.8856304985337
			35.9824046920821	-23.8709677419355
			35.9677419354839	-23.8709677419355
			35.9677419354839	-23.8563049853372
			35.9677419354839	-23.841642228739
			35.9677419354839	-23.8269794721408
			35.9677419354839	-23.8123167155425
			35.9677419354839	-23.7976539589443
			35.9677419354839	-23.782991202346
			35.9677419354839	-23.7683284457478
			35.9677419354839	-23.7536656891496
			35.9530791788856	-23.7390029325513
			35.9530791788856	-23.7243401759531
			35.9530791788856	-23.7096774193548
			35.9530791788856	-23.6950146627566
			35.9530791788856	-23.6803519061584
			35.9530791788856	-23.6656891495601
			35.9530791788856	-23.6510263929619
			35.9530791788856	-23.6363636363636
			35.9530791788856	-23.6217008797654
			35.9530791788856	-23.6070381231672
			35.9530791788856	-23.5923753665689
			35.9530791788856	-23.5777126099707
			35.9530791788856	-23.5630498533724
			35.9530791788856	-23.5483870967742
			35.9530791788856	-23.533724340176
			35.9384164222874	-23.5190615835777
			35.9384164222874	-23.5043988269795
			35.9384164222874	-23.4897360703812
			35.9384164222874	-23.475073313783
			35.9384164222874	-23.4604105571848
			35.9384164222874	-23.4457478005865
			35.9384164222874	-23.4310850439883
			35.9384164222874	-23.41642228739
			35.9384164222874	-23.4017595307918
			35.9384164222874	-23.3870967741935
			35.9384164222874	-23.3724340175953
			35.9384164222874	-23.3577712609971
		</Outline1>
		<Outline2 type=matrix rownames=FALSE colnames=FALSE nrow=126 ncol=2 as.numeric=TRUE >
			35.9384164222874	-23.3577712609971
			35.9384164222874	-23.3431085043988
			35.9384164222874	-23.3284457478006
			35.9237536656892	-23.3137829912023
			35.9237536656892	-23.2991202346041
			35.9237536656892	-23.2844574780059
			35.9090909090909	-23.2697947214076
			35.9090909090909	-23.2551319648094
			35.9090909090909	-23.2404692082111
			35.9090909090909	-23.2258064516129
			35.8944281524927	-23.2111436950147
			35.8944281524927	-23.1964809384164
			35.8944281524927	-23.1818181818182
			35.8944281524927	-23.1671554252199
			35.8797653958944	-23.1671554252199
			35.8797653958944	-23.1524926686217
			35.8797653958944	-23.1378299120235
			35.8797653958944	-23.1231671554252
			35.8651026392962	-23.108504398827
			35.8651026392962	-23.0938416422287
			35.8651026392962	-23.0791788856305
			35.8651026392962	-23.0645161290323
			35.8504398826979	-23.049853372434
			35.8504398826979	-23.0351906158358
			35.8504398826979	-23.0205278592375
			35.8504398826979	-23.0058651026393
			35.8504398826979	-22.9912023460411
			35.8504398826979	-22.9765395894428
			35.8504398826979	-22.9618768328446
			35.8504398826979	-22.9472140762463
			35.8504398826979	-22.9325513196481
			35.8357771260997	-22.9325513196481
			35.8357771260997	-22.9178885630499
			35.8357771260997	-22.9032258064516
			35.8357771260997	-22.8885630498534
			35.8357771260997	-22.8739002932551
			35.8357771260997	-22.8592375366569
			35.8357771260997	-22.8445747800587
			35.8357771260997	-22.8299120234604
			35.8357771260997	-22.8152492668622
			35.8357771260997	-22.8005865102639
			35.8357771260997	-22.7859237536657
			35.8357771260997	-22.7712609970675
			35.8357771260997	-22.7565982404692
			35.8357771260997	-22.741935483871
			35.8357771260997	-22.7272727272727
			35.8357771260997	-22.7126099706745
			35.8357771260997	-22.6979472140762
			35.8357771260997	-22.683284457478
			35.8357771260997	-22.6686217008798
			35.8357771260997	-22.6539589442815
			35.8357771260997	-22.6392961876833
			35.8357771260997	-22.624633431085
			35.8357771260997	-22.6099706744868
			35.8357771260997	-22.5953079178886
			35.8504398826979	-22.5806451612903
			35.8504398826979	-22.5659824046921
			35.8504398826979	-22.5513196480938
			35.8504398826979	-22.5366568914956
			35.8504398826979	-22.5219941348974
			35.8504398826979	-22.5073313782991
			35.8504398826979	-22.4926686217009
			35.8504398826979	-22.4780058651026
			35.8651026392962	-22.4633431085044
			35.8651026392962	-22.4486803519062
			35.8651026392962	-22.4340175953079
			35.8651026392962	-22.4193548387097
			35.8651026392962	-22.4046920821114
			35.8797653958944	-22.3900293255132
			35.8797653958944	-22.375366568915
			35.8944281524927	-22.375366568915
			35.8944281524927	-22.3607038123167
			35.8944281524927	-22.3460410557185
			35.9090909090909	-22.3313782991202
			35.9237536656892	-22.316715542522
			35.9237536656892	-22.3020527859238
			35.9384164222874	-22.2873900293255
			35.9384164222874	-22.2727272727273
			35.9530791788856	-22.258064516129
			35.9530791788856	-22.2434017595308
			35.9677419354839	-22.2287390029326
			35.9824046920821	-22.2140762463343
			35.9970674486804	-22.1994134897361
			35.9970674486804	-22.1847507331378
			36.0117302052786	-22.1700879765396
			36.0263929618768	-22.1554252199413
			36.0410557184751	-22.1554252199413
			36.0410557184751	-22.1407624633431
			36.0557184750733	-22.1260997067449
			36.0703812316716	-22.1260997067449
			36.0850439882698	-22.1114369501466
			36.099706744868	-22.1114369501466
			36.1143695014663	-22.0967741935484
			36.1290322580645	-22.0821114369501
			36.1436950146628	-22.0674486803519
			36.158357771261	-22.0674486803519
			36.1730205278592	-22.0674486803519
			36.1730205278592	-22.0527859237537
			36.1876832844575	-22.0527859237537
			36.2023460410557	-22.0527859237537
			36.217008797654	-22.0381231671554
			36.2316715542522	-22.0381231671554
			36.2463343108504	-22.0234604105572
			36.2609970674487	-22.0234604105572
			36.2756598240469	-22.0234604105572
			36.2903225806452	-22.0087976539589
			36.3049853372434	-22.0087976539589
			36.3196480938416	-22.0087976539589
			36.3343108504399	-22.0087976539589
			36.3489736070381	-22.0087976539589
			36.3489736070381	-21.9941348973607
			36.3636363636364	-21.9941348973607
			36.3782991202346	-21.9941348973607
			36.3929618768328	-21.9941348973607
			36.4076246334311	-21.9941348973607
			36.4222873900293	-21.9941348973607
			36.4369501466276	-21.9794721407625
			36.4516129032258	-21.9794721407625
			36.466275659824	-21.9794721407625
			36.4809384164223	-21.9794721407625
			36.4956011730205	-21.9794721407625
			36.5102639296188	-21.9648093841642
			36.524926686217	-21.9648093841642
			36.5395894428152	-21.9648093841642
			36.5542521994135	-21.9648093841642
			36.5689149560117	-21.9648093841642
		</Outline2>
		<Outline3 type=matrix rownames=FALSE colnames=FALSE nrow=114 ncol=2 as.numeric=TRUE >
			36.5689149560117	-21.9648093841642
			36.58357771261	-21.9648093841642
			36.5982404692082	-21.9648093841642
			36.6129032258065	-21.9648093841642
			36.6275659824047	-21.950146627566
			36.6422287390029	-21.950146627566
			36.6568914956012	-21.950146627566
			36.6715542521994	-21.950146627566
			36.6862170087977	-21.950146627566
			36.7008797653959	-21.9354838709677
			36.7155425219941	-21.9354838709677
			36.7302052785924	-21.9354838709677
			36.7448680351906	-21.9354838709677
			36.7595307917889	-21.9354838709677
			36.7595307917889	-21.9208211143695
			36.7741935483871	-21.9208211143695
			36.7888563049853	-21.9208211143695
			36.8035190615836	-21.9208211143695
			36.8181818181818	-21.9208211143695
			36.8328445747801	-21.9061583577713
			36.8475073313783	-21.9061583577713
			36.8621700879765	-21.9061583577713
			36.8768328445748	-21.9061583577713
			36.891495601173	-21.9061583577713
			36.9061583577713	-21.9061583577713
			36.9061583577713	-21.891495601173
			36.9208211143695	-21.891495601173
			36.9354838709677	-21.891495601173
			36.950146627566	-21.891495601173
			36.9648093841642	-21.891495601173
			36.9794721407625	-21.891495601173
			36.9941348973607	-21.891495601173
			37.0087976539589	-21.891495601173
			37.0234604105572	-21.8768328445748
			37.0381231671554	-21.8768328445748
			37.0527859237537	-21.8768328445748
			37.0674486803519	-21.8768328445748
			37.0821114369502	-21.8768328445748
			37.0967741935484	-21.8768328445748
			37.1114369501466	-21.8768328445748
			37.1260997067449	-21.8768328445748
			37.1407624633431	-21.8768328445748
			37.1554252199413	-21.8768328445748
			37.1700879765396	-21.8768328445748
			37.1847507331378	-21.8768328445748
			37.1994134897361	-21.8768328445748
			37.2140762463343	-21.8768328445748
			37.2287390029326	-21.8768328445748
			37.2434017595308	-21.8768328445748
			37.258064516129	-21.8768328445748
			37.2727272727273	-21.8768328445748
			37.2873900293255	-21.8768328445748
			37.3020527859238	-21.8768328445748
			37.316715542522	-21.8768328445748
			37.3313782991202	-21.8768328445748
			37.3460410557185	-21.8768328445748
			37.3607038123167	-21.8768328445748
			37.375366568915	-21.8768328445748
			37.3900293255132	-21.8768328445748
			37.4046920821114	-21.8768328445748
			37.4193548387097	-21.8768328445748
			37.4340175953079	-21.891495601173
			37.4486803519062	-21.891495601173
			37.4633431085044	-21.891495601173
			37.4780058651026	-21.9061583577713
			37.4926686217009	-21.9061583577713
			37.5073313782991	-21.9061583577713
			37.5219941348974	-21.9061583577713
			37.5366568914956	-21.9208211143695
			37.5513196480938	-21.9208211143695
			37.5659824046921	-21.9208211143695
			37.5806451612903	-21.9354838709677
			37.5953079178886	-21.9354838709677
			37.6099706744868	-21.950146627566
			37.624633431085	-21.950146627566
			37.6392961876833	-21.9648093841642
			37.6539589442815	-21.9648093841642
			37.6686217008798	-21.9648093841642
			37.6686217008798	-21.9794721407625
			37.683284457478	-21.9794721407625
			37.6979472140763	-21.9941348973607
			37.7126099706745	-22.0087976539589
			37.7272727272727	-22.0087976539589
			37.741935483871	-22.0234604105572
			37.7565982404692	-22.0234604105572
			37.7565982404692	-22.0381231671554
			37.7712609970675	-22.0381231671554
			37.7859237536657	-22.0527859237537
			37.8005865102639	-22.0674486803519
			37.8152492668622	-22.0821114369501
			37.8299120234604	-22.0967741935484
			37.8445747800587	-22.1114369501466
			37.8592375366569	-22.1260997067449
			37.8592375366569	-22.1407624633431
			37.8739002932551	-22.1554252199413
			37.8739002932551	-22.1700879765396
			37.8885630498534	-22.1700879765396
			37.8885630498534	-22.1847507331378
			37.9032258064516	-22.1994134897361
			37.9032258064516	-22.2140762463343
			37.9178885630499	-22.2287390029326
			37.9178885630499	-22.2434017595308
			37.9325513196481	-22.258064516129
			37.9325513196481	-22.2727272727273
			37.9472140762463	-22.2873900293255
			37.9472140762463	-22.3020527859238
			37.9472140762463	-22.316715542522
			37.9618768328446	-22.3313782991202
			37.9618768328446	-22.3460410557185
			37.9765395894428	-22.3607038123167
			37.9765395894428	-22.375366568915
			37.9765395894428	-22.3900293255132
			37.9912023460411	-22.4046920821114
			37.9912023460411	-22.4193548387097
		</Outline3>
		<Outline4 type=matrix rownames=FALSE colnames=FALSE nrow=112 ncol=2 as.numeric=TRUE >
			37.9912023460411	-22.4193548387097
			38.0058651026393	-22.4340175953079
			38.0058651026393	-22.4486803519062
			38.0205278592375	-22.4633431085044
			38.0205278592375	-22.4780058651026
			38.0351906158358	-22.4926686217009
			38.0351906158358	-22.5073313782991
			38.049853372434	-22.5219941348974
			38.0645161290323	-22.5366568914956
			38.0645161290323	-22.5513196480938
			38.0791788856305	-22.5659824046921
			38.0791788856305	-22.5806451612903
			38.0938416422287	-22.5953079178886
			38.0938416422287	-22.6099706744868
			38.108504398827	-22.624633431085
			38.1231671554252	-22.6392961876833
			38.1231671554252	-22.6539589442815
			38.1378299120235	-22.6686217008798
			38.1378299120235	-22.683284457478
			38.1524926686217	-22.6979472140762
			38.1524926686217	-22.7126099706745
			38.1671554252199	-22.7272727272727
			38.1671554252199	-22.741935483871
			38.1818181818182	-22.7565982404692
			38.1818181818182	-22.7712609970675
			38.1818181818182	-22.7859237536657
			38.1818181818182	-22.8005865102639
			38.1964809384164	-22.8152492668622
			38.1964809384164	-22.8299120234604
			38.1964809384164	-22.8445747800587
			38.1964809384164	-22.8592375366569
			38.1964809384164	-22.8739002932551
			38.2111436950147	-22.8885630498534
			38.2111436950147	-22.9032258064516
			38.2111436950147	-22.9178885630499
			38.2111436950147	-22.9325513196481
			38.2111436950147	-22.9472140762463
			38.2111436950147	-22.9618768328446
			38.2111436950147	-22.9765395894428
			38.2111436950147	-22.9912023460411
			38.2111436950147	-23.0058651026393
			38.1964809384164	-23.0205278592375
			38.1964809384164	-23.0351906158358
			38.1818181818182	-23.049853372434
			38.1818181818182	-23.0645161290323
			38.1818181818182	-23.0791788856305
			38.1671554252199	-23.0938416422287
			38.1671554252199	-23.108504398827
			38.1671554252199	-23.1231671554252
			38.1524926686217	-23.1378299120235
			38.1524926686217	-23.1524926686217
			38.1378299120235	-23.1671554252199
			38.1378299120235	-23.1818181818182
			38.1378299120235	-23.1964809384164
			38.1231671554252	-23.1964809384164
			38.1231671554252	-23.2111436950147
			38.108504398827	-23.2258064516129
			38.0938416422287	-23.2404692082111
			38.0938416422287	-23.2551319648094
			38.0791788856305	-23.2697947214076
			38.0645161290323	-23.2844574780059
			38.0645161290323	-23.2991202346041
			38.049853372434	-23.2991202346041
			38.0351906158358	-23.3137829912023
			38.0351906158358	-23.3284457478006
			38.0205278592375	-23.3431085043988
			38.0058651026393	-23.3577712609971
			37.9912023460411	-23.3724340175953
			37.9765395894428	-23.3870967741935
			37.9618768328446	-23.4017595307918
			37.9472140762463	-23.41642228739
			37.9325513196481	-23.4310850439883
			37.9178885630499	-23.4457478005865
			37.9032258064516	-23.4457478005865
			37.8885630498534	-23.4604105571848
			37.8739002932551	-23.475073313783
			37.8592375366569	-23.475073313783
			37.8445747800587	-23.4897360703812
			37.8299120234604	-23.5043988269795
			37.8152492668622	-23.5043988269795
			37.8005865102639	-23.5190615835777
			37.7859237536657	-23.5190615835777
			37.7859237536657	-23.533724340176
			37.7712609970675	-23.533724340176
			37.7565982404692	-23.533724340176
			37.741935483871	-23.5483870967742
			37.7272727272727	-23.5630498533724
			37.7126099706745	-23.5630498533724
			37.6979472140763	-23.5777126099707
			37.683284457478	-23.5923753665689
			37.6686217008798	-23.5923753665689
			37.6539589442815	-23.6070381231672
			37.6392961876833	-23.6070381231672
			37.624633431085	-23.6217008797654
			37.6099706744868	-23.6217008797654
			37.5953079178886	-23.6363636363636
			37.5806451612903	-23.6363636363636
			37.5659824046921	-23.6363636363636
			37.5513196480938	-23.6510263929619
			37.5366568914956	-23.6510263929619
			37.5219941348974	-23.6656891495601
			37.5073313782991	-23.6656891495601
			37.4926686217009	-23.6803519061584
			37.4780058651026	-23.6803519061584
			37.4633431085044	-23.6950146627566
			37.4486803519062	-23.7096774193548
			37.4340175953079	-23.7096774193548
			37.4193548387097	-23.7243401759531
			37.4046920821114	-23.7390029325513
			37.3900293255132	-23.7390029325513
			37.3900293255132	-23.7536656891496
			37.375366568915	-23.7536656891496
		</Outline4>
	</curves.scaled>
	<ruler.points type=matrix rownames=TRUE colnames=FALSE nrow=2 ncol=2 as.numeric=TRUE >
		Ruler point 1	2779	2553
		Ruler point 2	2097	2553
	</ruler.points>
</shapes>

