<shapes type=list>
	<ruler.pixel type=vector names=FALSE length=1 as.numeric=TRUE >1393.12957042768</ruler.pixel>
	<ruler.interval type=vector names=FALSE length=1 as.numeric=TRUE >10</ruler.interval>
	<scaling.units type=vector names=FALSE length=1 as.numeric=FALSE >mm</scaling.units>
	<scaling type=vector names=FALSE length=1 as.numeric=TRUE >0.00717808322518781</scaling>
	<landmarks.pixel type=matrix rownames=TRUE colnames=FALSE nrow=4 ncol=2 as.numeric=TRUE >
		Labial	2405	1661
		Posterior	2301	1636
		Lingual	2337	1538
		Anterior	2442	1560
	</landmarks.pixel>
	<landmarks.scaled type=matrix rownames=TRUE colnames=FALSE nrow=4 ncol=2 as.numeric=TRUE >
		Labial	17.2632901565767	-11.922796237037
		Posterior	16.5167695011572	-11.7433441564073
		Lingual	16.7751804972639	-11.0398920003389
		Anterior	17.5288792359086	-11.197809831293
	</landmarks.scaled>
	<curves.control type=list>
		<Outline1 type=matrix rownames=FALSE colnames=FALSE nrow=17 ncol=2 as.numeric=TRUE >
			2405	1661
			2400	1667
			2394	1673
			2387	1680
			2379	1686
			2370	1692
			2362	1697
			2355	1700
			2349	1702
			2341	1703
			2333	1701
			2325	1698
			2318	1695
			2310	1690
			2305	1684
			2301	1675
			2301	1636
		</Outline1>
		<Outline2 type=matrix rownames=FALSE colnames=FALSE nrow=15 ncol=2 as.numeric=TRUE >
			2301	1636
			2300	1624
			2299	1613
			2298	1602
			2296	1591
			2295	1582
			2297	1572
			2301	1565
			2305	1560
			2309	1556
			2313	1552
			2318	1548
			2324	1544
			2330	1541
			2337	1538
		</Outline2>
		<Outline3 type=matrix rownames=FALSE colnames=FALSE nrow=17 ncol=2 as.numeric=TRUE >
			2337	1538
			2345	1535
			2353	1534
			2361	1532
			2369	1532
			2376	1531
			2383	1530
			2389	1529
			2396	1528
			2404	1528
			2411	1529
			2416	1531
			2420	1535
			2425	1540
			2430	1544
			2436	1549
			2442	1560
		</Outline3>
		<Outline4 type=matrix rownames=FALSE colnames=FALSE nrow=15 ncol=2 as.numeric=TRUE >
			2442	1560
			2447	1569
			2450	1575
			2452	1583
			2453	1592
			2453	1600
			2452	1606
			2450	1616
			2447	1623
			2442	1631
			2436	1636
			2431	1639
			2423	1644
			2414	1650
			2405	1661
		</Outline4>
	</curves.control>
	<curves.pixel type=list>
		<Outline1 type=matrix rownames=FALSE colnames=FALSE nrow=156 ncol=2 as.numeric=TRUE >
			2405	1661
			2405	1662
			2404	1662
			2404	1663
			2403	1663
			2403	1664
			2402	1664
			2402	1665
			2401	1666
			2400	1667
			2399	1668
			2398	1669
			2397	1670
			2396	1671
			2395	1672
			2394	1673
			2393	1674
			2392	1675
			2391	1675
			2391	1676
			2390	1677
			2389	1678
			2388	1679
			2387	1679
			2386	1680
			2386	1681
			2385	1682
			2384	1682
			2383	1683
			2382	1684
			2381	1684
			2380	1685
			2379	1686
			2378	1686
			2377	1687
			2376	1688
			2375	1688
			2374	1689
			2373	1690
			2372	1690
			2371	1691
			2370	1692
			2369	1692
			2368	1693
			2367	1694
			2366	1695
			2365	1695
			2364	1696
			2363	1696
			2362	1697
			2361	1697
			2360	1698
			2359	1698
			2358	1699
			2357	1699
			2356	1699
			2355	1700
			2354	1700
			2353	1701
			2352	1701
			2351	1701
			2350	1702
			2349	1702
			2348	1702
			2347	1702
			2346	1702
			2345	1702
			2344	1702
			2343	1702
			2342	1702
			2341	1702
			2340	1702
			2339	1702
			2338	1702
			2337	1702
			2336	1702
			2335	1701
			2334	1701
			2333	1701
			2332	1701
			2332	1700
			2331	1700
			2330	1700
			2329	1700
			2328	1699
			2327	1699
			2326	1698
			2325	1698
			2324	1698
			2323	1697
			2322	1697
			2321	1696
			2320	1696
			2319	1695
			2318	1695
			2317	1694
			2316	1694
			2315	1693
			2314	1692
			2313	1691
			2312	1691
			2311	1690
			2310	1689
			2309	1688
			2308	1687
			2307	1686
			2306	1685
			2305	1684
			2304	1683
			2304	1682
			2304	1681
			2304	1680
			2303	1679
			2303	1678
			2303	1677
			2303	1676
			2303	1675
			2303	1674
			2303	1673
			2302	1672
			2302	1671
			2302	1670
			2302	1669
			2302	1668
			2302	1667
			2302	1666
			2302	1665
			2302	1664
			2302	1663
			2302	1662
			2302	1661
			2301	1660
			2301	1659
			2301	1658
			2301	1657
			2301	1656
			2301	1655
			2301	1654
			2301	1653
			2301	1652
			2301	1651
			2301	1650
			2301	1649
			2301	1648
			2301	1647
			2301	1646
			2301	1645
			2301	1644
			2301	1643
			2301	1642
			2301	1641
			2301	1640
			2301	1639
			2301	1638
			2301	1637
			2301	1636
		</Outline1>
		<Outline2 type=matrix rownames=FALSE colnames=FALSE nrow=114 ncol=2 as.numeric=TRUE >
			2301	1636
			2301	1635
			2301	1634
			2301	1633
			2301	1632
			2301	1631
			2301	1630
			2300	1630
			2300	1629
			2300	1628
			2300	1627
			2300	1626
			2300	1625
			2300	1624
			2300	1623
			2300	1622
			2300	1621
			2300	1620
			2300	1619
			2299	1618
			2299	1617
			2299	1616
			2299	1615
			2299	1614
			2299	1613
			2299	1612
			2299	1611
			2299	1610
			2299	1609
			2299	1608
			2298	1608
			2298	1607
			2298	1606
			2298	1605
			2298	1604
			2298	1603
			2298	1602
			2298	1601
			2297	1600
			2297	1599
			2297	1598
			2297	1597
			2297	1596
			2297	1595
			2297	1594
			2296	1593
			2296	1592
			2296	1591
			2296	1590
			2296	1589
			2296	1588
			2296	1587
			2296	1586
			2296	1585
			2296	1584
			2296	1583
			2296	1582
			2296	1581
			2296	1580
			2296	1579
			2296	1578
			2296	1577
			2296	1576
			2296	1575
			2297	1574
			2297	1573
			2297	1572
			2297	1571
			2298	1571
			2298	1570
			2299	1569
			2299	1568
			2300	1567
			2301	1566
			2301	1565
			2302	1564
			2303	1563
			2304	1562
			2304	1561
			2305	1560
			2306	1559
			2307	1558
			2308	1557
			2309	1556
			2310	1555
			2311	1554
			2312	1553
			2313	1552
			2314	1551
			2315	1551
			2315	1550
			2316	1550
			2317	1549
			2318	1548
			2319	1547
			2320	1547
			2321	1546
			2322	1546
			2323	1545
			2323	1544
			2324	1544
			2325	1543
			2326	1543
			2327	1542
			2328	1542
			2329	1542
			2330	1541
			2331	1541
			2332	1540
			2333	1540
			2334	1539
			2335	1539
			2336	1538
			2337	1538
		</Outline2>
		<Outline3 type=matrix rownames=FALSE colnames=FALSE nrow=113 ncol=2 as.numeric=TRUE >
			2337	1538
			2338	1538
			2339	1537
			2340	1537
			2341	1537
			2342	1536
			2343	1536
			2344	1536
			2345	1535
			2346	1535
			2347	1535
			2348	1535
			2349	1535
			2350	1534
			2351	1534
			2352	1534
			2353	1534
			2354	1534
			2355	1534
			2356	1533
			2357	1533
			2358	1533
			2359	1533
			2360	1533
			2361	1533
			2361	1532
			2362	1532
			2363	1532
			2364	1532
			2365	1532
			2366	1532
			2367	1532
			2368	1532
			2369	1532
			2370	1532
			2371	1532
			2372	1532
			2373	1531
			2374	1531
			2375	1531
			2376	1531
			2377	1531
			2378	1531
			2379	1531
			2380	1530
			2381	1530
			2382	1530
			2383	1530
			2384	1530
			2385	1530
			2386	1529
			2387	1529
			2388	1529
			2389	1529
			2390	1529
			2391	1529
			2392	1529
			2393	1528
			2394	1528
			2395	1528
			2396	1528
			2397	1528
			2398	1528
			2399	1528
			2400	1528
			2401	1528
			2402	1528
			2403	1528
			2404	1528
			2405	1528
			2406	1528
			2407	1529
			2408	1529
			2409	1529
			2410	1529
			2411	1529
			2412	1529
			2413	1530
			2414	1530
			2415	1531
			2416	1532
			2417	1532
			2418	1533
			2419	1534
			2420	1535
			2421	1536
			2422	1537
			2423	1537
			2423	1538
			2424	1539
			2425	1540
			2426	1540
			2426	1541
			2427	1542
			2428	1542
			2429	1543
			2430	1544
			2431	1545
			2432	1546
			2433	1547
			2434	1548
			2435	1549
			2436	1550
			2436	1551
			2437	1552
			2438	1553
			2438	1554
			2439	1555
			2439	1556
			2440	1557
			2441	1558
			2441	1559
			2442	1560
		</Outline3>
		<Outline4 type=matrix rownames=FALSE colnames=FALSE nrow=115 ncol=2 as.numeric=TRUE >
			2442	1560
			2443	1561
			2443	1562
			2444	1563
			2444	1564
			2445	1565
			2445	1566
			2446	1567
			2446	1568
			2447	1568
			2447	1569
			2447	1570
			2448	1571
			2448	1572
			2449	1572
			2449	1573
			2449	1574
			2450	1575
			2450	1576
			2451	1577
			2451	1578
			2451	1579
			2451	1580
			2451	1581
			2452	1582
			2452	1583
			2452	1584
			2452	1585
			2452	1586
			2452	1587
			2453	1588
			2453	1589
			2453	1590
			2453	1591
			2453	1592
			2453	1593
			2453	1594
			2453	1595
			2453	1596
			2453	1597
			2453	1598
			2453	1599
			2453	1600
			2453	1601
			2453	1602
			2452	1603
			2452	1604
			2452	1605
			2452	1606
			2452	1607
			2452	1608
			2451	1609
			2451	1610
			2451	1611
			2451	1612
			2450	1613
			2450	1614
			2450	1615
			2450	1616
			2449	1617
			2449	1618
			2448	1619
			2448	1620
			2448	1621
			2447	1622
			2447	1623
			2447	1624
			2446	1625
			2445	1626
			2445	1627
			2444	1627
			2443	1628
			2443	1629
			2442	1630
			2441	1631
			2440	1632
			2439	1633
			2438	1634
			2437	1635
			2437	1636
			2436	1636
			2435	1637
			2434	1637
			2433	1638
			2432	1639
			2431	1639
			2430	1640
			2429	1640
			2428	1641
			2427	1642
			2426	1642
			2425	1643
			2424	1643
			2423	1644
			2422	1645
			2421	1646
			2420	1646
			2419	1647
			2418	1648
			2417	1648
			2416	1649
			2416	1650
			2415	1650
			2414	1651
			2413	1652
			2412	1653
			2411	1654
			2411	1655
			2410	1656
			2409	1656
			2408	1657
			2407	1658
			2406	1659
			2406	1660
			2405	1661
		</Outline4>
	</curves.pixel>
	<curves.scaled type=list>
		<Outline1 type=matrix rownames=FALSE colnames=FALSE nrow=156 ncol=2 as.numeric=TRUE >
			17.2632901565767	-11.922796237037
			17.2632901565767	-11.9299743202621
			17.2561120733515	-11.9299743202621
			17.2561120733515	-11.9371524034873
			17.2489339901263	-11.9371524034873
			17.2489339901263	-11.9443304867125
			17.2417559069011	-11.9443304867125
			17.2417559069011	-11.9515085699377
			17.2345778236759	-11.9586866531629
			17.2273997404507	-11.9658647363881
			17.2202216572256	-11.9730428196133
			17.2130435740004	-11.9802209028385
			17.2058654907752	-11.9873989860636
			17.19868740755	-11.9945770692888
			17.1915093243248	-12.001755152514
			17.1843312410996	-12.0089332357392
			17.1771531578744	-12.0161113189644
			17.1699750746492	-12.0232894021896
			17.1627969914241	-12.0232894021896
			17.1627969914241	-12.0304674854148
			17.1556189081989	-12.03764556864
			17.1484408249737	-12.0448236518651
			17.1412627417485	-12.0520017350903
			17.1340846585233	-12.0520017350903
			17.1269065752981	-12.0591798183155
			17.1269065752981	-12.0663579015407
			17.1197284920729	-12.0735359847659
			17.1125504088477	-12.0735359847659
			17.1053723256226	-12.0807140679911
			17.0981942423974	-12.0878921512163
			17.0910161591722	-12.0878921512163
			17.083838075947	-12.0950702344415
			17.0766599927218	-12.1022483176666
			17.0694819094966	-12.1022483176666
			17.0623038262714	-12.1094264008918
			17.0551257430462	-12.116604484117
			17.0479476598211	-12.116604484117
			17.0407695765959	-12.1237825673422
			17.0335914933707	-12.1309606505674
			17.0264134101455	-12.1309606505674
			17.0192353269203	-12.1381387337926
			17.0120572436951	-12.1453168170178
			17.0048791604699	-12.1453168170178
			16.9977010772447	-12.152494900243
			16.9905229940195	-12.1596729834682
			16.9833449107944	-12.1668510666933
			16.9761668275692	-12.1668510666933
			16.968988744344	-12.1740291499185
			16.9618106611188	-12.1740291499185
			16.9546325778936	-12.1812072331437
			16.9474544946684	-12.1812072331437
			16.9402764114432	-12.1883853163689
			16.933098328218	-12.1883853163689
			16.9259202449929	-12.1955633995941
			16.9187421617677	-12.1955633995941
			16.9115640785425	-12.1955633995941
			16.9043859953173	-12.2027414828193
			16.8972079120921	-12.2027414828193
			16.8900298288669	-12.2099195660445
			16.8828517456417	-12.2099195660445
			16.8756736624165	-12.2099195660445
			16.8684955791914	-12.2170976492697
			16.8613174959662	-12.2170976492697
			16.854139412741	-12.2170976492697
			16.8469613295158	-12.2170976492697
			16.8397832462906	-12.2170976492697
			16.8326051630654	-12.2170976492697
			16.8254270798402	-12.2170976492697
			16.818248996615	-12.2170976492697
			16.8110709133899	-12.2170976492697
			16.8038928301647	-12.2170976492697
			16.7967147469395	-12.2170976492697
			16.7895366637143	-12.2170976492697
			16.7823585804891	-12.2170976492697
			16.7751804972639	-12.2170976492697
			16.7680024140387	-12.2170976492697
			16.7608243308135	-12.2099195660445
			16.7536462475883	-12.2099195660445
			16.7464681643632	-12.2099195660445
			16.739290081138	-12.2099195660445
			16.739290081138	-12.2027414828193
			16.7321119979128	-12.2027414828193
			16.7249339146876	-12.2027414828193
			16.7177558314624	-12.2027414828193
			16.7105777482372	-12.1955633995941
			16.703399665012	-12.1955633995941
			16.6962215817868	-12.1883853163689
			16.6890434985617	-12.1883853163689
			16.6818654153365	-12.1883853163689
			16.6746873321113	-12.1812072331437
			16.6675092488861	-12.1812072331437
			16.6603311656609	-12.1740291499185
			16.6531530824357	-12.1740291499185
			16.6459749992105	-12.1668510666933
			16.6387969159853	-12.1668510666933
			16.6316188327602	-12.1596729834682
			16.624440749535	-12.1596729834682
			16.6172626663098	-12.152494900243
			16.6100845830846	-12.1453168170178
			16.6029064998594	-12.1381387337926
			16.5957284166342	-12.1381387337926
			16.588550333409	-12.1309606505674
			16.5813722501838	-12.1237825673422
			16.5741941669587	-12.116604484117
			16.5670160837335	-12.1094264008918
			16.5598380005083	-12.1022483176666
			16.5526599172831	-12.0950702344415
			16.5454818340579	-12.0878921512163
			16.5383037508327	-12.0807140679911
			16.5383037508327	-12.0735359847659
			16.5383037508327	-12.0663579015407
			16.5383037508327	-12.0591798183155
			16.5311256676075	-12.0520017350903
			16.5311256676075	-12.0448236518651
			16.5311256676075	-12.03764556864
			16.5311256676075	-12.0304674854148
			16.5311256676075	-12.0232894021896
			16.5311256676075	-12.0161113189644
			16.5311256676075	-12.0089332357392
			16.5239475843823	-12.001755152514
			16.5239475843823	-11.9945770692888
			16.5239475843823	-11.9873989860636
			16.5239475843823	-11.9802209028385
			16.5239475843823	-11.9730428196133
			16.5239475843823	-11.9658647363881
			16.5239475843823	-11.9586866531629
			16.5239475843823	-11.9515085699377
			16.5239475843823	-11.9443304867125
			16.5239475843823	-11.9371524034873
			16.5239475843823	-11.9299743202621
			16.5239475843823	-11.922796237037
			16.5167695011572	-11.9156181538118
			16.5167695011572	-11.9084400705866
			16.5167695011572	-11.9012619873614
			16.5167695011572	-11.8940839041362
			16.5167695011572	-11.886905820911
			16.5167695011572	-11.8797277376858
			16.5167695011572	-11.8725496544606
			16.5167695011572	-11.8653715712355
			16.5167695011572	-11.8581934880103
			16.5167695011572	-11.8510154047851
			16.5167695011572	-11.8438373215599
			16.5167695011572	-11.8366592383347
			16.5167695011572	-11.8294811551095
			16.5167695011572	-11.8223030718843
			16.5167695011572	-11.8151249886591
			16.5167695011572	-11.8079469054339
			16.5167695011572	-11.8007688222088
			16.5167695011572	-11.7935907389836
			16.5167695011572	-11.7864126557584
			16.5167695011572	-11.7792345725332
			16.5167695011572	-11.772056489308
			16.5167695011572	-11.7648784060828
			16.5167695011572	-11.7577003228576
			16.5167695011572	-11.7505222396324
			16.5167695011572	-11.7433441564073
		</Outline1>
		<Outline2 type=matrix rownames=FALSE colnames=FALSE nrow=114 ncol=2 as.numeric=TRUE >
			16.5167695011572	-11.7433441564073
			16.5167695011572	-11.7361660731821
			16.5167695011572	-11.7289879899569
			16.5167695011572	-11.7218099067317
			16.5167695011572	-11.7146318235065
			16.5167695011572	-11.7074537402813
			16.5167695011572	-11.7002756570561
			16.509591417932	-11.7002756570561
			16.509591417932	-11.6930975738309
			16.509591417932	-11.6859194906058
			16.509591417932	-11.6787414073806
			16.509591417932	-11.6715633241554
			16.509591417932	-11.6643852409302
			16.509591417932	-11.657207157705
			16.509591417932	-11.6500290744798
			16.509591417932	-11.6428509912546
			16.509591417932	-11.6356729080294
			16.509591417932	-11.6284948248043
			16.509591417932	-11.6213167415791
			16.5024133347068	-11.6141386583539
			16.5024133347068	-11.6069605751287
			16.5024133347068	-11.5997824919035
			16.5024133347068	-11.5926044086783
			16.5024133347068	-11.5854263254531
			16.5024133347068	-11.5782482422279
			16.5024133347068	-11.5710701590028
			16.5024133347068	-11.5638920757776
			16.5024133347068	-11.5567139925524
			16.5024133347068	-11.5495359093272
			16.5024133347068	-11.542357826102
			16.4952352514816	-11.542357826102
			16.4952352514816	-11.5351797428768
			16.4952352514816	-11.5280016596516
			16.4952352514816	-11.5208235764264
			16.4952352514816	-11.5136454932012
			16.4952352514816	-11.5064674099761
			16.4952352514816	-11.4992893267509
			16.4952352514816	-11.4921112435257
			16.4880571682564	-11.4849331603005
			16.4880571682564	-11.4777550770753
			16.4880571682564	-11.4705769938501
			16.4880571682564	-11.4633989106249
			16.4880571682564	-11.4562208273997
			16.4880571682564	-11.4490427441746
			16.4880571682564	-11.4418646609494
			16.4808790850312	-11.4346865777242
			16.4808790850312	-11.427508494499
			16.4808790850312	-11.4203304112738
			16.4808790850312	-11.4131523280486
			16.4808790850312	-11.4059742448234
			16.4808790850312	-11.3987961615982
			16.4808790850312	-11.3916180783731
			16.4808790850312	-11.3844399951479
			16.4808790850312	-11.3772619119227
			16.4808790850312	-11.3700838286975
			16.4808790850312	-11.3629057454723
			16.4808790850312	-11.3557276622471
			16.4808790850312	-11.3485495790219
			16.4808790850312	-11.3413714957967
			16.4808790850312	-11.3341934125716
			16.4808790850312	-11.3270153293464
			16.4808790850312	-11.3198372461212
			16.4808790850312	-11.312659162896
			16.4808790850312	-11.3054810796708
			16.4880571682564	-11.2983029964456
			16.4880571682564	-11.2911249132204
			16.4880571682564	-11.2839468299952
			16.4880571682564	-11.2767687467701
			16.4952352514816	-11.2767687467701
			16.4952352514816	-11.2695906635449
			16.5024133347068	-11.2624125803197
			16.5024133347068	-11.2552344970945
			16.509591417932	-11.2480564138693
			16.5167695011572	-11.2408783306441
			16.5167695011572	-11.2337002474189
			16.5239475843823	-11.2265221641937
			16.5311256676075	-11.2193440809685
			16.5383037508327	-11.2121659977434
			16.5383037508327	-11.2049879145182
			16.5454818340579	-11.197809831293
			16.5526599172831	-11.1906317480678
			16.5598380005083	-11.1834536648426
			16.5670160837335	-11.1762755816174
			16.5741941669587	-11.1690974983922
			16.5813722501838	-11.161919415167
			16.588550333409	-11.1547413319419
			16.5957284166342	-11.1475632487167
			16.6029064998594	-11.1403851654915
			16.6100845830846	-11.1332070822663
			16.6172626663098	-11.1332070822663
			16.6172626663098	-11.1260289990411
			16.624440749535	-11.1260289990411
			16.6316188327602	-11.1188509158159
			16.6387969159853	-11.1116728325907
			16.6459749992105	-11.1044947493655
			16.6531530824357	-11.1044947493655
			16.6603311656609	-11.0973166661404
			16.6675092488861	-11.0973166661404
			16.6746873321113	-11.0901385829152
			16.6746873321113	-11.08296049969
			16.6818654153365	-11.08296049969
			16.6890434985617	-11.0757824164648
			16.6962215817868	-11.0757824164648
			16.703399665012	-11.0686043332396
			16.7105777482372	-11.0686043332396
			16.7177558314624	-11.0686043332396
			16.7249339146876	-11.0614262500144
			16.7321119979128	-11.0614262500144
			16.739290081138	-11.0542481667892
			16.7464681643632	-11.0542481667892
			16.7536462475883	-11.047070083564
			16.7608243308135	-11.047070083564
			16.7680024140387	-11.0398920003389
			16.7751804972639	-11.0398920003389
		</Outline2>
		<Outline3 type=matrix rownames=FALSE colnames=FALSE nrow=113 ncol=2 as.numeric=TRUE >
			16.7751804972639	-11.0398920003389
			16.7823585804891	-11.0398920003389
			16.7895366637143	-11.0327139171137
			16.7967147469395	-11.0327139171137
			16.8038928301647	-11.0327139171137
			16.8110709133899	-11.0255358338885
			16.818248996615	-11.0255358338885
			16.8254270798402	-11.0255358338885
			16.8326051630654	-11.0183577506633
			16.8397832462906	-11.0183577506633
			16.8469613295158	-11.0183577506633
			16.854139412741	-11.0183577506633
			16.8613174959662	-11.0183577506633
			16.8684955791914	-11.0111796674381
			16.8756736624165	-11.0111796674381
			16.8828517456417	-11.0111796674381
			16.8900298288669	-11.0111796674381
			16.8972079120921	-11.0111796674381
			16.9043859953173	-11.0111796674381
			16.9115640785425	-11.0040015842129
			16.9187421617677	-11.0040015842129
			16.9259202449929	-11.0040015842129
			16.933098328218	-11.0040015842129
			16.9402764114432	-11.0040015842129
			16.9474544946684	-11.0040015842129
			16.9474544946684	-10.9968235009877
			16.9546325778936	-10.9968235009877
			16.9618106611188	-10.9968235009877
			16.968988744344	-10.9968235009877
			16.9761668275692	-10.9968235009877
			16.9833449107944	-10.9968235009877
			16.9905229940195	-10.9968235009877
			16.9977010772447	-10.9968235009877
			17.0048791604699	-10.9968235009877
			17.0120572436951	-10.9968235009877
			17.0192353269203	-10.9968235009877
			17.0264134101455	-10.9968235009877
			17.0335914933707	-10.9896454177625
			17.0407695765959	-10.9896454177625
			17.0479476598211	-10.9896454177625
			17.0551257430462	-10.9896454177625
			17.0623038262714	-10.9896454177625
			17.0694819094966	-10.9896454177625
			17.0766599927218	-10.9896454177625
			17.083838075947	-10.9824673345374
			17.0910161591722	-10.9824673345374
			17.0981942423974	-10.9824673345374
			17.1053723256226	-10.9824673345374
			17.1125504088477	-10.9824673345374
			17.1197284920729	-10.9824673345374
			17.1269065752981	-10.9752892513122
			17.1340846585233	-10.9752892513122
			17.1412627417485	-10.9752892513122
			17.1484408249737	-10.9752892513122
			17.1556189081989	-10.9752892513122
			17.1627969914241	-10.9752892513122
			17.1699750746492	-10.9752892513122
			17.1771531578744	-10.968111168087
			17.1843312410996	-10.968111168087
			17.1915093243248	-10.968111168087
			17.19868740755	-10.968111168087
			17.2058654907752	-10.968111168087
			17.2130435740004	-10.968111168087
			17.2202216572256	-10.968111168087
			17.2273997404507	-10.968111168087
			17.2345778236759	-10.968111168087
			17.2417559069011	-10.968111168087
			17.2489339901263	-10.968111168087
			17.2561120733515	-10.968111168087
			17.2632901565767	-10.968111168087
			17.2704682398019	-10.968111168087
			17.2776463230271	-10.9752892513122
			17.2848244062522	-10.9752892513122
			17.2920024894774	-10.9752892513122
			17.2991805727026	-10.9752892513122
			17.3063586559278	-10.9752892513122
			17.313536739153	-10.9752892513122
			17.3207148223782	-10.9824673345374
			17.3278929056034	-10.9824673345374
			17.3350709888286	-10.9896454177625
			17.3422490720538	-10.9968235009877
			17.3494271552789	-10.9968235009877
			17.3566052385041	-11.0040015842129
			17.3637833217293	-11.0111796674381
			17.3709614049545	-11.0183577506633
			17.3781394881797	-11.0255358338885
			17.3853175714049	-11.0327139171137
			17.3924956546301	-11.0327139171137
			17.3924956546301	-11.0398920003389
			17.3996737378553	-11.047070083564
			17.4068518210804	-11.0542481667892
			17.4140299043056	-11.0542481667892
			17.4140299043056	-11.0614262500144
			17.4212079875308	-11.0686043332396
			17.428386070756	-11.0686043332396
			17.4355641539812	-11.0757824164648
			17.4427422372064	-11.08296049969
			17.4499203204316	-11.0901385829152
			17.4570984036568	-11.0973166661404
			17.4642764868819	-11.1044947493655
			17.4714545701071	-11.1116728325907
			17.4786326533323	-11.1188509158159
			17.4858107365575	-11.1260289990411
			17.4858107365575	-11.1332070822663
			17.4929888197827	-11.1403851654915
			17.5001669030079	-11.1475632487167
			17.5001669030079	-11.1547413319419
			17.5073449862331	-11.161919415167
			17.5073449862331	-11.1690974983922
			17.5145230694583	-11.1762755816174
			17.5217011526834	-11.1834536648426
			17.5217011526834	-11.1906317480678
			17.5288792359086	-11.197809831293
		</Outline3>
		<Outline4 type=matrix rownames=FALSE colnames=FALSE nrow=115 ncol=2 as.numeric=TRUE >
			17.5288792359086	-11.197809831293
			17.5360573191338	-11.2049879145182
			17.5360573191338	-11.2121659977434
			17.543235402359	-11.2193440809685
			17.543235402359	-11.2265221641937
			17.5504134855842	-11.2337002474189
			17.5504134855842	-11.2408783306441
			17.5575915688094	-11.2480564138693
			17.5575915688094	-11.2552344970945
			17.5647696520346	-11.2552344970945
			17.5647696520346	-11.2624125803197
			17.5647696520346	-11.2695906635449
			17.5719477352598	-11.2767687467701
			17.5719477352598	-11.2839468299952
			17.579125818485	-11.2839468299952
			17.579125818485	-11.2911249132204
			17.579125818485	-11.2983029964456
			17.5863039017101	-11.3054810796708
			17.5863039017101	-11.312659162896
			17.5934819849353	-11.3198372461212
			17.5934819849353	-11.3270153293464
			17.5934819849353	-11.3341934125716
			17.5934819849353	-11.3413714957967
			17.5934819849353	-11.3485495790219
			17.6006600681605	-11.3557276622471
			17.6006600681605	-11.3629057454723
			17.6006600681605	-11.3700838286975
			17.6006600681605	-11.3772619119227
			17.6006600681605	-11.3844399951479
			17.6006600681605	-11.3916180783731
			17.6078381513857	-11.3987961615982
			17.6078381513857	-11.4059742448234
			17.6078381513857	-11.4131523280486
			17.6078381513857	-11.4203304112738
			17.6078381513857	-11.427508494499
			17.6078381513857	-11.4346865777242
			17.6078381513857	-11.4418646609494
			17.6078381513857	-11.4490427441746
			17.6078381513857	-11.4562208273997
			17.6078381513857	-11.4633989106249
			17.6078381513857	-11.4705769938501
			17.6078381513857	-11.4777550770753
			17.6078381513857	-11.4849331603005
			17.6078381513857	-11.4921112435257
			17.6078381513857	-11.4992893267509
			17.6006600681605	-11.5064674099761
			17.6006600681605	-11.5136454932012
			17.6006600681605	-11.5208235764264
			17.6006600681605	-11.5280016596516
			17.6006600681605	-11.5351797428768
			17.6006600681605	-11.542357826102
			17.5934819849353	-11.5495359093272
			17.5934819849353	-11.5567139925524
			17.5934819849353	-11.5638920757776
			17.5934819849353	-11.5710701590028
			17.5863039017101	-11.5782482422279
			17.5863039017101	-11.5854263254531
			17.5863039017101	-11.5926044086783
			17.5863039017101	-11.5997824919035
			17.579125818485	-11.6069605751287
			17.579125818485	-11.6141386583539
			17.5719477352598	-11.6213167415791
			17.5719477352598	-11.6284948248043
			17.5719477352598	-11.6356729080294
			17.5647696520346	-11.6428509912546
			17.5647696520346	-11.6500290744798
			17.5647696520346	-11.657207157705
			17.5575915688094	-11.6643852409302
			17.5504134855842	-11.6715633241554
			17.5504134855842	-11.6787414073806
			17.543235402359	-11.6787414073806
			17.5360573191338	-11.6859194906058
			17.5360573191338	-11.6930975738309
			17.5288792359086	-11.7002756570561
			17.5217011526834	-11.7074537402813
			17.5145230694583	-11.7146318235065
			17.5073449862331	-11.7218099067317
			17.5001669030079	-11.7289879899569
			17.4929888197827	-11.7361660731821
			17.4929888197827	-11.7433441564073
			17.4858107365575	-11.7433441564073
			17.4786326533323	-11.7505222396324
			17.4714545701071	-11.7505222396324
			17.4642764868819	-11.7577003228576
			17.4570984036568	-11.7648784060828
			17.4499203204316	-11.7648784060828
			17.4427422372064	-11.772056489308
			17.4355641539812	-11.772056489308
			17.428386070756	-11.7792345725332
			17.4212079875308	-11.7864126557584
			17.4140299043056	-11.7864126557584
			17.4068518210804	-11.7935907389836
			17.3996737378553	-11.7935907389836
			17.3924956546301	-11.8007688222088
			17.3853175714049	-11.8079469054339
			17.3781394881797	-11.8151249886591
			17.3709614049545	-11.8151249886591
			17.3637833217293	-11.8223030718843
			17.3566052385041	-11.8294811551095
			17.3494271552789	-11.8294811551095
			17.3422490720538	-11.8366592383347
			17.3422490720538	-11.8438373215599
			17.3350709888286	-11.8438373215599
			17.3278929056034	-11.8510154047851
			17.3207148223782	-11.8581934880103
			17.313536739153	-11.8653715712355
			17.3063586559278	-11.8725496544606
			17.3063586559278	-11.8797277376858
			17.2991805727026	-11.886905820911
			17.2920024894774	-11.886905820911
			17.2848244062522	-11.8940839041362
			17.2776463230271	-11.9012619873614
			17.2704682398019	-11.9084400705866
			17.2704682398019	-11.9156181538118
			17.2632901565767	-11.922796237037
		</Outline4>
	</curves.scaled>
	<ruler.points type=matrix rownames=TRUE colnames=FALSE nrow=2 ncol=2 as.numeric=TRUE >
		Ruler point 1	3806	361
		Ruler point 2	2413	342
	</ruler.points>
</shapes>

