<shapes type=list>
	<ruler.pixel type=vector names=FALSE length=1 as.numeric=TRUE >1060.00424527452</ruler.pixel>
	<ruler.interval type=vector names=FALSE length=1 as.numeric=TRUE >10</ruler.interval>
	<scaling.units type=vector names=FALSE length=1 as.numeric=FALSE >mm</scaling.units>
	<scaling type=vector names=FALSE length=1 as.numeric=TRUE >0.00943392448151019</scaling>
	<landmarks.pixel type=matrix rownames=TRUE colnames=FALSE nrow=4 ncol=2 as.numeric=TRUE >
		Labial	2125	1575
		Posterior	2053	1553
		Lingual	2083	1482
		Anterior	2157	1505
	</landmarks.pixel>
	<landmarks.scaled type=matrix rownames=TRUE colnames=FALSE nrow=4 ncol=2 as.numeric=TRUE >
		Labial	20.0470895232091	-14.8584310583785
		Posterior	19.3678469605404	-14.6508847197853
		Lingual	19.6508646949857	-13.9810760815981
		Anterior	20.3489751066175	-14.1980563446728
	</landmarks.scaled>
	<curves.control type=list>
		<Outline1 type=matrix rownames=FALSE colnames=FALSE nrow=19 ncol=2 as.numeric=TRUE >
			2125	1575
			2121	1578
			2115	1583
			2109	1588
			2103	1592
			2099	1595
			2094	1598
			2089	1600
			2083	1600
			2078	1599
			2073	1597
			2069	1594
			2066	1591
			2063	1587
			2061	1581
			2059	1574
			2057	1568
			2055	1561
			2053	1553
		</Outline1>
		<Outline2 type=matrix rownames=FALSE colnames=FALSE nrow=15 ncol=2 as.numeric=TRUE >
			2053	1553
			2050	1545
			2048	1538
			2046	1532
			2045	1526
			2045	1519
			2048	1510
			2052	1502
			2057	1497
			2061	1492
			2065	1488
			2070	1485
			2074	1483
			2078	1482
			2083	1482
		</Outline2>
		<Outline3 type=matrix rownames=FALSE colnames=FALSE nrow=15 ncol=2 as.numeric=TRUE >
			2083	1482
			2089	1482
			2094	1482
			2099	1481
			2105	1481
			2109	1480
			2116	1478
			2122	1477
			2127	1478
			2133	1480
			2137	1482
			2143	1486
			2147	1490
			2152	1495
			2157	1505
		</Outline3>
		<Outline4 type=matrix rownames=FALSE colnames=FALSE nrow=15 ncol=2 as.numeric=TRUE >
			2157	1505
			2161	1514
			2165	1519
			2168	1525
			2169	1533
			2169	1540
			2167	1546
			2162	1553
			2157	1558
			2151	1563
			2146	1566
			2141	1568
			2135	1570
			2130	1571
			2125	1575
		</Outline4>
	</curves.control>
	<curves.pixel type=list>
		<Outline1 type=matrix rownames=FALSE colnames=FALSE nrow=103 ncol=2 as.numeric=TRUE >
			2125	1575
			2124	1576
			2123	1577
			2122	1577
			2121	1578
			2120	1579
			2119	1580
			2118	1581
			2117	1581
			2116	1582
			2115	1583
			2114	1584
			2113	1584
			2112	1585
			2112	1586
			2111	1586
			2110	1587
			2109	1588
			2108	1589
			2107	1589
			2106	1590
			2105	1591
			2104	1591
			2103	1592
			2102	1593
			2101	1594
			2100	1594
			2099	1595
			2098	1595
			2097	1596
			2096	1597
			2095	1598
			2094	1598
			2093	1598
			2092	1599
			2091	1599
			2090	1599
			2089	1599
			2089	1600
			2088	1600
			2087	1600
			2086	1600
			2085	1600
			2084	1600
			2083	1600
			2082	1600
			2081	1600
			2080	1599
			2079	1599
			2078	1599
			2077	1598
			2076	1598
			2075	1598
			2074	1597
			2073	1597
			2072	1596
			2071	1595
			2070	1594
			2069	1594
			2068	1593
			2067	1592
			2066	1591
			2065	1590
			2065	1589
			2064	1589
			2064	1588
			2064	1587
			2063	1586
			2062	1585
			2062	1584
			2062	1583
			2061	1582
			2061	1581
			2061	1580
			2060	1579
			2060	1578
			2060	1577
			2060	1576
			2059	1575
			2059	1574
			2059	1573
			2058	1573
			2058	1572
			2058	1571
			2058	1570
			2057	1569
			2057	1568
			2057	1567
			2056	1566
			2056	1565
			2056	1564
			2056	1563
			2055	1562
			2055	1561
			2055	1560
			2055	1559
			2054	1559
			2054	1558
			2054	1557
			2054	1556
			2054	1555
			2053	1554
			2053	1553
		</Outline1>
		<Outline2 type=matrix rownames=FALSE colnames=FALSE nrow=86 ncol=2 as.numeric=TRUE >
			2053	1553
			2053	1552
			2052	1551
			2052	1550
			2052	1549
			2051	1548
			2051	1547
			2050	1546
			2050	1545
			2050	1544
			2050	1543
			2049	1542
			2049	1541
			2049	1540
			2048	1539
			2048	1538
			2048	1537
			2047	1536
			2047	1535
			2047	1534
			2046	1533
			2046	1532
			2046	1531
			2046	1530
			2046	1529
			2045	1528
			2045	1527
			2045	1526
			2045	1525
			2045	1524
			2045	1523
			2045	1522
			2045	1521
			2046	1520
			2046	1519
			2046	1518
			2046	1517
			2046	1516
			2047	1515
			2047	1514
			2047	1513
			2047	1512
			2048	1511
			2048	1510
			2048	1509
			2049	1508
			2049	1507
			2050	1506
			2051	1505
			2051	1504
			2052	1503
			2053	1502
			2053	1501
			2054	1500
			2055	1500
			2055	1499
			2056	1498
			2057	1497
			2058	1496
			2059	1495
			2060	1494
			2060	1493
			2061	1492
			2062	1491
			2063	1490
			2064	1489
			2065	1488
			2066	1487
			2067	1487
			2068	1486
			2069	1486
			2070	1485
			2071	1485
			2071	1484
			2072	1484
			2073	1483
			2074	1483
			2075	1483
			2076	1483
			2077	1482
			2078	1482
			2079	1482
			2080	1482
			2081	1482
			2082	1482
			2083	1482
		</Outline2>
		<Outline3 type=matrix rownames=FALSE colnames=FALSE nrow=81 ncol=2 as.numeric=TRUE >
			2083	1482
			2084	1482
			2085	1482
			2086	1482
			2087	1482
			2088	1482
			2089	1482
			2090	1482
			2091	1482
			2092	1482
			2093	1482
			2094	1482
			2095	1482
			2096	1482
			2097	1481
			2098	1481
			2099	1481
			2100	1481
			2101	1481
			2102	1481
			2103	1481
			2104	1481
			2105	1481
			2106	1481
			2107	1480
			2108	1480
			2109	1480
			2110	1480
			2111	1479
			2112	1479
			2113	1479
			2114	1479
			2115	1478
			2116	1478
			2117	1478
			2118	1478
			2119	1478
			2120	1478
			2121	1478
			2122	1478
			2123	1478
			2124	1478
			2125	1478
			2126	1478
			2127	1478
			2128	1478
			2129	1479
			2130	1479
			2131	1479
			2132	1480
			2133	1480
			2134	1481
			2135	1481
			2136	1482
			2137	1482
			2138	1483
			2139	1483
			2140	1484
			2141	1485
			2142	1486
			2143	1486
			2144	1487
			2144	1488
			2145	1488
			2146	1489
			2147	1490
			2148	1491
			2148	1492
			2149	1493
			2150	1494
			2151	1495
			2152	1496
			2153	1497
			2153	1498
			2154	1499
			2154	1500
			2155	1501
			2155	1502
			2156	1503
			2156	1504
			2157	1505
		</Outline3>
		<Outline4 type=matrix rownames=FALSE colnames=FALSE nrow=89 ncol=2 as.numeric=TRUE >
			2157	1505
			2158	1506
			2158	1507
			2158	1508
			2159	1508
			2159	1509
			2159	1510
			2160	1511
			2160	1512
			2161	1513
			2162	1514
			2162	1515
			2163	1516
			2164	1517
			2164	1518
			2165	1519
			2165	1520
			2166	1521
			2166	1522
			2167	1523
			2167	1524
			2167	1525
			2168	1526
			2168	1527
			2168	1528
			2168	1529
			2169	1530
			2169	1531
			2169	1532
			2169	1533
			2169	1534
			2169	1535
			2169	1536
			2169	1537
			2169	1538
			2169	1539
			2168	1540
			2168	1541
			2168	1542
			2168	1543
			2168	1544
			2167	1545
			2167	1546
			2166	1547
			2165	1548
			2165	1549
			2164	1550
			2163	1551
			2162	1552
			2161	1553
			2161	1554
			2160	1555
			2159	1556
			2158	1557
			2157	1558
			2156	1559
			2155	1560
			2154	1561
			2153	1561
			2152	1562
			2151	1563
			2150	1564
			2149	1564
			2148	1565
			2147	1565
			2147	1566
			2146	1566
			2145	1566
			2144	1567
			2143	1567
			2142	1568
			2141	1568
			2140	1568
			2139	1569
			2138	1569
			2137	1569
			2136	1570
			2135	1570
			2134	1570
			2133	1570
			2133	1571
			2132	1571
			2131	1571
			2130	1572
			2129	1572
			2128	1573
			2127	1574
			2126	1574
			2125	1575
		</Outline4>
	</curves.pixel>
	<curves.scaled type=list>
		<Outline1 type=matrix rownames=FALSE colnames=FALSE nrow=103 ncol=2 as.numeric=TRUE >
			20.0470895232091	-14.8584310583785
			20.0376555987276	-14.8678649828601
			20.0282216742461	-14.8772989073416
			20.0187877497646	-14.8772989073416
			20.0093538252831	-14.8867328318231
			19.9999199008016	-14.8961667563046
			19.9904859763201	-14.9056006807861
			19.9810520518386	-14.9150346052676
			19.9716181273571	-14.9150346052676
			19.9621842028756	-14.9244685297491
			19.952750278394	-14.9339024542306
			19.9433163539125	-14.9433363787121
			19.933882429431	-14.9433363787121
			19.9244485049495	-14.9527703031936
			19.9244485049495	-14.9622042276752
			19.915014580468	-14.9622042276752
			19.9055806559865	-14.9716381521567
			19.896146731505	-14.9810720766382
			19.8867128070235	-14.9905060011197
			19.877278882542	-14.9905060011197
			19.8678449580605	-14.9999399256012
			19.8584110335789	-15.0093738500827
			19.8489771090974	-15.0093738500827
			19.8395431846159	-15.0188077745642
			19.8301092601344	-15.0282416990457
			19.8206753356529	-15.0376756235272
			19.8112414111714	-15.0376756235272
			19.8018074866899	-15.0471095480087
			19.7923735622084	-15.0471095480087
			19.7829396377269	-15.0565434724903
			19.7735057132453	-15.0659773969718
			19.7640717887638	-15.0754113214533
			19.7546378642823	-15.0754113214533
			19.7452039398008	-15.0754113214533
			19.7357700153193	-15.0848452459348
			19.7263360908378	-15.0848452459348
			19.7169021663563	-15.0848452459348
			19.7074682418748	-15.0848452459348
			19.7074682418748	-15.0942791704163
			19.6980343173933	-15.0942791704163
			19.6886003929118	-15.0942791704163
			19.6791664684302	-15.0942791704163
			19.6697325439487	-15.0942791704163
			19.6602986194672	-15.0942791704163
			19.6508646949857	-15.0942791704163
			19.6414307705042	-15.0942791704163
			19.6319968460227	-15.0942791704163
			19.6225629215412	-15.0848452459348
			19.6131289970597	-15.0848452459348
			19.6036950725782	-15.0848452459348
			19.5942611480967	-15.0754113214533
			19.5848272236151	-15.0754113214533
			19.5753932991336	-15.0754113214533
			19.5659593746521	-15.0659773969718
			19.5565254501706	-15.0659773969718
			19.5470915256891	-15.0565434724903
			19.5376576012076	-15.0471095480087
			19.5282236767261	-15.0376756235272
			19.5187897522446	-15.0376756235272
			19.5093558277631	-15.0282416990457
			19.4999219032816	-15.0188077745642
			19.4904879788	-15.0093738500827
			19.4810540543185	-14.9999399256012
			19.4810540543185	-14.9905060011197
			19.471620129837	-14.9905060011197
			19.471620129837	-14.9810720766382
			19.471620129837	-14.9716381521567
			19.4621862053555	-14.9622042276752
			19.452752280874	-14.9527703031936
			19.452752280874	-14.9433363787121
			19.452752280874	-14.9339024542306
			19.4433183563925	-14.9244685297491
			19.4433183563925	-14.9150346052676
			19.4433183563925	-14.9056006807861
			19.433884431911	-14.8961667563046
			19.433884431911	-14.8867328318231
			19.433884431911	-14.8772989073416
			19.433884431911	-14.8678649828601
			19.4244505074295	-14.8584310583785
			19.4244505074295	-14.848997133897
			19.4244505074295	-14.8395632094155
			19.415016582948	-14.8395632094155
			19.415016582948	-14.830129284934
			19.415016582948	-14.8206953604525
			19.415016582948	-14.811261435971
			19.4055826584665	-14.8018275114895
			19.4055826584665	-14.792393587008
			19.4055826584665	-14.7829596625265
			19.3961487339849	-14.773525738045
			19.3961487339849	-14.7640918135634
			19.3961487339849	-14.7546578890819
			19.3961487339849	-14.7452239646004
			19.3867148095034	-14.7357900401189
			19.3867148095034	-14.7263561156374
			19.3867148095034	-14.7169221911559
			19.3867148095034	-14.7074882666744
			19.3772808850219	-14.7074882666744
			19.3772808850219	-14.6980543421929
			19.3772808850219	-14.6886204177114
			19.3772808850219	-14.6791864932298
			19.3772808850219	-14.6697525687483
			19.3678469605404	-14.6603186442668
			19.3678469605404	-14.6508847197853
		</Outline1>
		<Outline2 type=matrix rownames=FALSE colnames=FALSE nrow=86 ncol=2 as.numeric=TRUE >
			19.3678469605404	-14.6508847197853
			19.3678469605404	-14.6414507953038
			19.3584130360589	-14.6320168708223
			19.3584130360589	-14.6225829463408
			19.3584130360589	-14.6131490218593
			19.3489791115774	-14.6037150973778
			19.3489791115774	-14.5942811728963
			19.3395451870959	-14.5848472484147
			19.3395451870959	-14.5754133239332
			19.3395451870959	-14.5659793994517
			19.3395451870959	-14.5565454749702
			19.3301112626144	-14.5471115504887
			19.3301112626144	-14.5376776260072
			19.3301112626144	-14.5282437015257
			19.3206773381329	-14.5188097770442
			19.3206773381329	-14.5093758525627
			19.3206773381329	-14.4999419280812
			19.3112434136514	-14.4905080035996
			19.3112434136514	-14.4810740791181
			19.3112434136514	-14.4716401546366
			19.3018094891698	-14.4622062301551
			19.3018094891698	-14.4527723056736
			19.3018094891698	-14.4433383811921
			19.3018094891698	-14.4339044567106
			19.3018094891698	-14.4244705322291
			19.2923755646883	-14.4150366077476
			19.2923755646883	-14.4056026832661
			19.2923755646883	-14.3961687587845
			19.2923755646883	-14.386734834303
			19.2923755646883	-14.3773009098215
			19.2923755646883	-14.36786698534
			19.2923755646883	-14.3584330608585
			19.2923755646883	-14.348999136377
			19.3018094891698	-14.3395652118955
			19.3018094891698	-14.330131287414
			19.3018094891698	-14.3206973629325
			19.3018094891698	-14.311263438451
			19.3018094891698	-14.3018295139694
			19.3112434136514	-14.2923955894879
			19.3112434136514	-14.2829616650064
			19.3112434136514	-14.2735277405249
			19.3112434136514	-14.2640938160434
			19.3206773381329	-14.2546598915619
			19.3206773381329	-14.2452259670804
			19.3206773381329	-14.2357920425989
			19.3301112626144	-14.2263581181174
			19.3301112626144	-14.2169241936358
			19.3395451870959	-14.2074902691543
			19.3489791115774	-14.1980563446728
			19.3489791115774	-14.1886224201913
			19.3584130360589	-14.1791884957098
			19.3678469605404	-14.1697545712283
			19.3678469605404	-14.1603206467468
			19.3772808850219	-14.1508867222653
			19.3867148095034	-14.1508867222653
			19.3867148095034	-14.1414527977838
			19.3961487339849	-14.1320188733023
			19.4055826584665	-14.1225849488207
			19.415016582948	-14.1131510243392
			19.4244505074295	-14.1037170998577
			19.433884431911	-14.0942831753762
			19.433884431911	-14.0848492508947
			19.4433183563925	-14.0754153264132
			19.452752280874	-14.0659814019317
			19.4621862053555	-14.0565474774502
			19.471620129837	-14.0471135529687
			19.4810540543185	-14.0376796284872
			19.4904879788	-14.0282457040056
			19.4999219032816	-14.0282457040056
			19.5093558277631	-14.0188117795241
			19.5187897522446	-14.0188117795241
			19.5282236767261	-14.0093778550426
			19.5376576012076	-14.0093778550426
			19.5376576012076	-13.9999439305611
			19.5470915256891	-13.9999439305611
			19.5565254501706	-13.9905100060796
			19.5659593746521	-13.9905100060796
			19.5753932991336	-13.9905100060796
			19.5848272236151	-13.9905100060796
			19.5942611480967	-13.9810760815981
			19.6036950725782	-13.9810760815981
			19.6131289970597	-13.9810760815981
			19.6225629215412	-13.9810760815981
			19.6319968460227	-13.9810760815981
			19.6414307705042	-13.9810760815981
			19.6508646949857	-13.9810760815981
		</Outline2>
		<Outline3 type=matrix rownames=FALSE colnames=FALSE nrow=81 ncol=2 as.numeric=TRUE >
			19.6508646949857	-13.9810760815981
			19.6602986194672	-13.9810760815981
			19.6697325439487	-13.9810760815981
			19.6791664684302	-13.9810760815981
			19.6886003929118	-13.9810760815981
			19.6980343173933	-13.9810760815981
			19.7074682418748	-13.9810760815981
			19.7169021663563	-13.9810760815981
			19.7263360908378	-13.9810760815981
			19.7357700153193	-13.9810760815981
			19.7452039398008	-13.9810760815981
			19.7546378642823	-13.9810760815981
			19.7640717887638	-13.9810760815981
			19.7735057132453	-13.9810760815981
			19.7829396377269	-13.9716421571166
			19.7923735622084	-13.9716421571166
			19.8018074866899	-13.9716421571166
			19.8112414111714	-13.9716421571166
			19.8206753356529	-13.9716421571166
			19.8301092601344	-13.9716421571166
			19.8395431846159	-13.9716421571166
			19.8489771090974	-13.9716421571166
			19.8584110335789	-13.9716421571166
			19.8678449580605	-13.9716421571166
			19.877278882542	-13.9622082326351
			19.8867128070235	-13.9622082326351
			19.896146731505	-13.9622082326351
			19.9055806559865	-13.9622082326351
			19.915014580468	-13.9527743081536
			19.9244485049495	-13.9527743081536
			19.933882429431	-13.9527743081536
			19.9433163539125	-13.9527743081536
			19.952750278394	-13.9433403836721
			19.9621842028756	-13.9433403836721
			19.9716181273571	-13.9433403836721
			19.9810520518386	-13.9433403836721
			19.9904859763201	-13.9433403836721
			19.9999199008016	-13.9433403836721
			20.0093538252831	-13.9433403836721
			20.0187877497646	-13.9433403836721
			20.0282216742461	-13.9433403836721
			20.0376555987276	-13.9433403836721
			20.0470895232091	-13.9433403836721
			20.0565234476907	-13.9433403836721
			20.0659573721722	-13.9433403836721
			20.0753912966537	-13.9433403836721
			20.0848252211352	-13.9527743081536
			20.0942591456167	-13.9527743081536
			20.1036930700982	-13.9527743081536
			20.1131269945797	-13.9622082326351
			20.1225609190612	-13.9622082326351
			20.1319948435427	-13.9716421571166
			20.1414287680242	-13.9716421571166
			20.1508626925058	-13.9810760815981
			20.1602966169873	-13.9810760815981
			20.1697305414688	-13.9905100060796
			20.1791644659503	-13.9905100060796
			20.1885983904318	-13.9999439305611
			20.1980323149133	-14.0093778550426
			20.2074662393948	-14.0188117795241
			20.2169001638763	-14.0188117795241
			20.2263340883578	-14.0282457040056
			20.2263340883578	-14.0376796284872
			20.2357680128393	-14.0376796284872
			20.2452019373209	-14.0471135529687
			20.2546358618024	-14.0565474774502
			20.2640697862839	-14.0659814019317
			20.2640697862839	-14.0754153264132
			20.2735037107654	-14.0848492508947
			20.2829376352469	-14.0942831753762
			20.2923715597284	-14.1037170998577
			20.3018054842099	-14.1131510243392
			20.3112394086914	-14.1225849488207
			20.3112394086914	-14.1320188733023
			20.3206733331729	-14.1414527977838
			20.3206733331729	-14.1508867222653
			20.3301072576545	-14.1603206467468
			20.3301072576545	-14.1697545712283
			20.339541182136	-14.1791884957098
			20.339541182136	-14.1886224201913
			20.3489751066175	-14.1980563446728
		</Outline3>
		<Outline4 type=matrix rownames=FALSE colnames=FALSE nrow=89 ncol=2 as.numeric=TRUE >
			20.3489751066175	-14.1980563446728
			20.358409031099	-14.2074902691543
			20.358409031099	-14.2169241936358
			20.358409031099	-14.2263581181174
			20.3678429555805	-14.2263581181174
			20.3678429555805	-14.2357920425989
			20.3678429555805	-14.2452259670804
			20.377276880062	-14.2546598915619
			20.377276880062	-14.2640938160434
			20.3867108045435	-14.2735277405249
			20.396144729025	-14.2829616650064
			20.396144729025	-14.2923955894879
			20.4055786535065	-14.3018295139694
			20.415012577988	-14.311263438451
			20.415012577988	-14.3206973629325
			20.4244465024696	-14.330131287414
			20.4244465024696	-14.3395652118955
			20.4338804269511	-14.348999136377
			20.4338804269511	-14.3584330608585
			20.4433143514326	-14.36786698534
			20.4433143514326	-14.3773009098215
			20.4433143514326	-14.386734834303
			20.4527482759141	-14.3961687587845
			20.4527482759141	-14.4056026832661
			20.4527482759141	-14.4150366077476
			20.4527482759141	-14.4244705322291
			20.4621822003956	-14.4339044567106
			20.4621822003956	-14.4433383811921
			20.4621822003956	-14.4527723056736
			20.4621822003956	-14.4622062301551
			20.4621822003956	-14.4716401546366
			20.4621822003956	-14.4810740791181
			20.4621822003956	-14.4905080035996
			20.4621822003956	-14.4999419280812
			20.4621822003956	-14.5093758525627
			20.4621822003956	-14.5188097770442
			20.4527482759141	-14.5282437015257
			20.4527482759141	-14.5376776260072
			20.4527482759141	-14.5471115504887
			20.4527482759141	-14.5565454749702
			20.4527482759141	-14.5659793994517
			20.4433143514326	-14.5754133239332
			20.4433143514326	-14.5848472484147
			20.4338804269511	-14.5942811728963
			20.4244465024696	-14.6037150973778
			20.4244465024696	-14.6131490218593
			20.415012577988	-14.6225829463408
			20.4055786535065	-14.6320168708223
			20.396144729025	-14.6414507953038
			20.3867108045435	-14.6508847197853
			20.3867108045435	-14.6603186442668
			20.377276880062	-14.6697525687483
			20.3678429555805	-14.6791864932298
			20.358409031099	-14.6886204177114
			20.3489751066175	-14.6980543421929
			20.339541182136	-14.7074882666744
			20.3301072576545	-14.7169221911559
			20.3206733331729	-14.7263561156374
			20.3112394086914	-14.7263561156374
			20.3018054842099	-14.7357900401189
			20.2923715597284	-14.7452239646004
			20.2829376352469	-14.7546578890819
			20.2735037107654	-14.7546578890819
			20.2640697862839	-14.7640918135634
			20.2546358618024	-14.7640918135634
			20.2546358618024	-14.773525738045
			20.2452019373209	-14.773525738045
			20.2357680128393	-14.773525738045
			20.2263340883578	-14.7829596625265
			20.2169001638763	-14.7829596625265
			20.2074662393948	-14.792393587008
			20.1980323149133	-14.792393587008
			20.1885983904318	-14.792393587008
			20.1791644659503	-14.8018275114895
			20.1697305414688	-14.8018275114895
			20.1602966169873	-14.8018275114895
			20.1508626925058	-14.811261435971
			20.1414287680242	-14.811261435971
			20.1319948435427	-14.811261435971
			20.1225609190612	-14.811261435971
			20.1225609190612	-14.8206953604525
			20.1131269945797	-14.8206953604525
			20.1036930700982	-14.8206953604525
			20.0942591456167	-14.830129284934
			20.0848252211352	-14.830129284934
			20.0753912966537	-14.8395632094155
			20.0659573721722	-14.848997133897
			20.0565234476907	-14.848997133897
			20.0470895232091	-14.8584310583785
		</Outline4>
	</curves.scaled>
	<ruler.points type=matrix rownames=TRUE colnames=FALSE nrow=2 ncol=2 as.numeric=TRUE >
		Ruler point 1	3086	2436
		Ruler point 2	2026	2439
	</ruler.points>
</shapes>

