<shapes type=list>
	<ruler.pixel type=vector names=FALSE length=1 as.numeric=TRUE >684.026315283264</ruler.pixel>
	<ruler.interval type=vector names=FALSE length=1 as.numeric=TRUE >10</ruler.interval>
	<scaling.units type=vector names=FALSE length=1 as.numeric=FALSE >mm</scaling.units>
	<scaling type=vector names=FALSE length=1 as.numeric=TRUE >0.0146193205971306</scaling>
	<landmarks.pixel type=matrix rownames=TRUE colnames=FALSE nrow=4 ncol=2 as.numeric=TRUE >
		Labial	2167	1747
		Posterior	2051	1697
		Lingual	2111	1584
		Anterior	2230	1635
	</landmarks.pixel>
	<landmarks.scaled type=matrix rownames=TRUE colnames=FALSE nrow=4 ncol=2 as.numeric=TRUE >
		Labial	31.6800677339821	-25.5399530831872
		Posterior	29.9842265447149	-24.8089870533307
		Lingual	30.8613857805428	-23.1570038258549
		Anterior	32.6010849316013	-23.9025891763086
	</landmarks.scaled>
	<curves.control type=list>
		<Outline1 type=matrix rownames=FALSE colnames=FALSE nrow=13 ncol=2 as.numeric=TRUE >
			2167	1747
			2156	1756
			2145	1764
			2135	1769
			2126	1772
			2115	1774
			2104	1773
			2095	1771
			2084	1766
			2073	1761
			2067	1754
			2060	1744
			2051	1697
		</Outline1>
		<Outline2 type=matrix rownames=FALSE colnames=FALSE nrow=13 ncol=2 as.numeric=TRUE >
			2051	1697
			2048	1684
			2046	1671
			2045	1660
			2048	1648
			2052	1635
			2060	1622
			2067	1613
			2076	1605
			2085	1598
			2092	1593
			2101	1588
			2111	1584
		</Outline2>
		<Outline3 type=matrix rownames=FALSE colnames=FALSE nrow=15 ncol=2 as.numeric=TRUE >
			2111	1584
			2124	1580
			2134	1577
			2144	1574
			2155	1571
			2168	1570
			2183	1572
			2194	1575
			2204	1580
			2212	1586
			2220	1595
			2226	1605
			2228	1615
			2230	1625
			2230	1635
		</Outline3>
		<Outline4 type=matrix rownames=FALSE colnames=FALSE nrow=15 ncol=2 as.numeric=TRUE >
			2230	1635
			2232	1647
			2233	1659
			2233	1668
			2231	1679
			2227	1690
			2220	1703
			2214	1713
			2208	1720
			2201	1726
			2195	1729
			2186	1733
			2179	1735
			2173	1741
			2167	1747
		</Outline4>
	</curves.control>
	<curves.pixel type=list>
		<Outline1 type=matrix rownames=FALSE colnames=FALSE nrow=167 ncol=2 as.numeric=TRUE >
			2167	1747
			2166	1748
			2165	1748
			2165	1749
			2164	1749
			2163	1750
			2162	1751
			2161	1752
			2160	1753
			2159	1753
			2158	1754
			2157	1755
			2156	1756
			2155	1756
			2154	1757
			2154	1758
			2153	1758
			2152	1759
			2151	1760
			2150	1760
			2149	1761
			2148	1762
			2147	1762
			2146	1763
			2145	1764
			2144	1764
			2144	1765
			2143	1765
			2142	1766
			2141	1766
			2140	1766
			2139	1767
			2138	1767
			2137	1768
			2136	1768
			2135	1769
			2134	1769
			2133	1769
			2132	1770
			2131	1770
			2130	1770
			2129	1771
			2128	1771
			2127	1771
			2127	1772
			2126	1772
			2125	1772
			2124	1772
			2123	1772
			2122	1773
			2121	1773
			2120	1773
			2119	1773
			2118	1773
			2117	1773
			2116	1773
			2115	1773
			2114	1773
			2113	1773
			2112	1773
			2111	1773
			2110	1773
			2109	1773
			2108	1773
			2107	1773
			2106	1773
			2105	1773
			2104	1773
			2103	1773
			2102	1772
			2101	1772
			2100	1772
			2099	1772
			2098	1771
			2097	1771
			2096	1771
			2095	1770
			2094	1770
			2093	1770
			2092	1769
			2091	1769
			2090	1768
			2089	1768
			2088	1768
			2087	1767
			2086	1767
			2085	1766
			2084	1766
			2083	1766
			2082	1765
			2081	1765
			2081	1764
			2080	1764
			2079	1764
			2078	1763
			2077	1762
			2076	1761
			2075	1761
			2074	1760
			2073	1760
			2073	1759
			2072	1759
			2071	1758
			2070	1757
			2069	1756
			2068	1755
			2067	1754
			2066	1753
			2066	1752
			2065	1751
			2065	1750
			2064	1749
			2064	1748
			2063	1747
			2063	1746
			2063	1745
			2062	1744
			2062	1743
			2062	1742
			2061	1741
			2061	1740
			2061	1739
			2060	1738
			2060	1737
			2060	1736
			2059	1735
			2059	1734
			2059	1733
			2059	1732
			2058	1731
			2058	1730
			2058	1729
			2058	1728
			2058	1727
			2057	1727
			2057	1726
			2057	1725
			2057	1724
			2056	1723
			2056	1722
			2056	1721
			2056	1720
			2056	1719
			2055	1719
			2055	1718
			2055	1717
			2055	1716
			2055	1715
			2054	1714
			2054	1713
			2054	1712
			2054	1711
			2054	1710
			2053	1709
			2053	1708
			2053	1707
			2053	1706
			2053	1705
			2052	1704
			2052	1703
			2052	1702
			2052	1701
			2052	1700
			2051	1700
			2051	1699
			2051	1698
			2051	1697
		</Outline1>
		<Outline2 type=matrix rownames=FALSE colnames=FALSE nrow=139 ncol=2 as.numeric=TRUE >
			2051	1697
			2051	1696
			2051	1695
			2050	1694
			2050	1693
			2050	1692
			2050	1691
			2050	1690
			2049	1690
			2049	1689
			2049	1688
			2049	1687
			2049	1686
			2048	1685
			2048	1684
			2048	1683
			2048	1682
			2048	1681
			2048	1680
			2047	1679
			2047	1678
			2047	1677
			2047	1676
			2047	1675
			2047	1674
			2046	1673
			2046	1672
			2046	1671
			2046	1670
			2046	1669
			2046	1668
			2046	1667
			2046	1666
			2046	1665
			2046	1664
			2046	1663
			2046	1662
			2046	1661
			2046	1660
			2046	1659
			2046	1658
			2046	1657
			2046	1656
			2047	1655
			2047	1654
			2047	1653
			2047	1652
			2047	1651
			2048	1650
			2048	1649
			2048	1648
			2048	1647
			2049	1646
			2049	1645
			2049	1644
			2050	1643
			2050	1642
			2050	1641
			2051	1641
			2051	1640
			2051	1639
			2052	1638
			2052	1637
			2052	1636
			2053	1636
			2053	1635
			2053	1634
			2054	1633
			2054	1632
			2055	1632
			2055	1631
			2055	1630
			2056	1629
			2056	1628
			2057	1628
			2057	1627
			2058	1626
			2058	1625
			2059	1624
			2059	1623
			2060	1623
			2060	1622
			2061	1621
			2061	1620
			2062	1619
			2063	1618
			2064	1617
			2065	1616
			2066	1615
			2067	1614
			2068	1613
			2069	1612
			2070	1611
			2070	1610
			2071	1610
			2072	1609
			2072	1608
			2073	1608
			2074	1607
			2075	1606
			2076	1605
			2077	1604
			2078	1604
			2079	1603
			2079	1602
			2080	1602
			2081	1601
			2082	1601
			2083	1600
			2083	1599
			2084	1599
			2085	1598
			2086	1597
			2087	1597
			2088	1596
			2089	1595
			2090	1594
			2091	1594
			2092	1593
			2093	1592
			2094	1592
			2095	1591
			2096	1591
			2097	1591
			2097	1590
			2098	1590
			2099	1589
			2100	1589
			2101	1588
			2102	1588
			2103	1587
			2104	1587
			2105	1586
			2106	1586
			2107	1586
			2108	1585
			2109	1585
			2110	1584
			2111	1584
		</Outline2>
		<Outline3 type=matrix rownames=FALSE colnames=FALSE nrow=155 ncol=2 as.numeric=TRUE >
			2111	1584
			2112	1584
			2113	1583
			2114	1583
			2115	1583
			2116	1582
			2117	1582
			2118	1582
			2119	1581
			2120	1581
			2121	1581
			2122	1581
			2123	1580
			2124	1580
			2125	1580
			2126	1579
			2127	1579
			2128	1579
			2129	1579
			2129	1578
			2130	1578
			2131	1578
			2132	1578
			2133	1577
			2134	1577
			2135	1577
			2136	1576
			2137	1576
			2138	1576
			2139	1576
			2140	1575
			2141	1575
			2142	1575
			2143	1574
			2144	1574
			2145	1574
			2146	1574
			2147	1573
			2148	1573
			2149	1573
			2150	1572
			2151	1572
			2152	1572
			2153	1571
			2154	1571
			2155	1571
			2156	1571
			2157	1571
			2158	1571
			2159	1571
			2160	1571
			2161	1571
			2162	1571
			2163	1571
			2164	1571
			2165	1571
			2166	1571
			2167	1571
			2168	1571
			2169	1571
			2170	1571
			2171	1571
			2172	1571
			2173	1571
			2174	1571
			2175	1571
			2176	1571
			2177	1571
			2178	1571
			2179	1572
			2180	1572
			2181	1572
			2182	1572
			2183	1572
			2184	1572
			2185	1573
			2186	1573
			2187	1573
			2188	1574
			2189	1574
			2190	1574
			2191	1574
			2192	1575
			2193	1575
			2194	1576
			2195	1576
			2196	1577
			2197	1577
			2198	1577
			2199	1578
			2200	1578
			2201	1579
			2202	1579
			2203	1579
			2204	1580
			2205	1581
			2206	1582
			2207	1583
			2208	1583
			2209	1584
			2210	1585
			2211	1586
			2212	1587
			2213	1588
			2214	1588
			2215	1589
			2215	1590
			2216	1591
			2217	1592
			2218	1593
			2219	1594
			2220	1594
			2220	1595
			2221	1596
			2221	1597
			2222	1598
			2222	1599
			2223	1600
			2223	1601
			2224	1602
			2224	1603
			2224	1604
			2225	1604
			2225	1605
			2225	1606
			2226	1607
			2226	1608
			2226	1609
			2227	1610
			2227	1611
			2227	1612
			2227	1613
			2228	1613
			2228	1614
			2228	1615
			2228	1616
			2228	1617
			2229	1618
			2229	1619
			2229	1620
			2229	1621
			2229	1622
			2229	1623
			2229	1624
			2230	1625
			2230	1626
			2230	1627
			2230	1628
			2230	1629
			2230	1630
			2230	1631
			2230	1632
			2230	1633
			2230	1634
			2230	1635
		</Outline3>
		<Outline4 type=matrix rownames=FALSE colnames=FALSE nrow=134 ncol=2 as.numeric=TRUE >
			2230	1635
			2230	1636
			2230	1637
			2230	1638
			2231	1639
			2231	1640
			2231	1641
			2231	1642
			2231	1643
			2231	1644
			2231	1645
			2232	1646
			2232	1647
			2232	1648
			2232	1649
			2232	1650
			2232	1651
			2232	1652
			2232	1653
			2233	1654
			2233	1655
			2233	1656
			2233	1657
			2233	1658
			2233	1659
			2233	1660
			2233	1661
			2233	1662
			2233	1663
			2233	1664
			2233	1665
			2233	1666
			2233	1667
			2233	1668
			2232	1669
			2232	1670
			2232	1671
			2232	1672
			2232	1673
			2232	1674
			2232	1675
			2231	1676
			2231	1677
			2231	1678
			2231	1679
			2231	1680
			2230	1680
			2230	1681
			2230	1682
			2230	1683
			2229	1684
			2229	1685
			2228	1685
			2228	1686
			2228	1687
			2227	1688
			2227	1689
			2227	1690
			2226	1691
			2226	1692
			2225	1692
			2225	1693
			2224	1694
			2224	1695
			2224	1696
			2223	1697
			2223	1698
			2222	1699
			2222	1700
			2221	1701
			2221	1702
			2220	1703
			2219	1704
			2219	1705
			2218	1706
			2218	1707
			2217	1708
			2216	1709
			2215	1710
			2215	1711
			2214	1712
			2214	1713
			2213	1714
			2212	1715
			2211	1716
			2210	1717
			2209	1718
			2209	1719
			2208	1720
			2207	1721
			2206	1722
			2205	1722
			2204	1723
			2204	1724
			2203	1724
			2202	1725
			2201	1725
			2200	1726
			2199	1726
			2199	1727
			2198	1727
			2197	1728
			2196	1728
			2195	1729
			2194	1729
			2193	1730
			2192	1730
			2191	1731
			2190	1731
			2189	1731
			2189	1732
			2188	1732
			2187	1732
			2186	1733
			2185	1733
			2184	1733
			2183	1734
			2182	1734
			2181	1734
			2181	1735
			2180	1735
			2179	1735
			2178	1736
			2177	1737
			2176	1738
			2175	1739
			2174	1740
			2173	1741
			2172	1742
			2171	1743
			2170	1744
			2169	1745
			2168	1746
			2167	1747
		</Outline4>
	</curves.pixel>
	<curves.scaled type=list>
		<Outline1 type=matrix rownames=FALSE colnames=FALSE nrow=167 ncol=2 as.numeric=TRUE >
			31.6800677339821	-25.5399530831872
			31.665448413385	-25.5545724037843
			31.6508290927878	-25.5545724037843
			31.6508290927878	-25.5691917243815
			31.6362097721907	-25.5691917243815
			31.6215904515936	-25.5838110449786
			31.6069711309964	-25.5984303655757
			31.5923518103993	-25.6130496861729
			31.5777324898022	-25.62766900677
			31.563113169205	-25.62766900677
			31.5484938486079	-25.6422883273671
			31.5338745280108	-25.6569076479643
			31.5192552074136	-25.6715269685614
			31.5046358868165	-25.6715269685614
			31.4900165662194	-25.6861462891585
			31.4900165662194	-25.7007656097557
			31.4753972456223	-25.7007656097557
			31.4607779250251	-25.7153849303528
			31.446158604428	-25.7300042509499
			31.4315392838309	-25.7300042509499
			31.4169199632337	-25.744623571547
			31.4023006426366	-25.7592428921442
			31.3876813220395	-25.7592428921442
			31.3730620014423	-25.7738622127413
			31.3584426808452	-25.7884815333384
			31.3438233602481	-25.7884815333384
			31.3438233602481	-25.8031008539356
			31.3292040396509	-25.8031008539356
			31.3145847190538	-25.8177201745327
			31.2999653984567	-25.8177201745327
			31.2853460778596	-25.8177201745327
			31.2707267572624	-25.8323394951298
			31.2561074366653	-25.8323394951298
			31.2414881160682	-25.846958815727
			31.226868795471	-25.846958815727
			31.2122494748739	-25.8615781363241
			31.1976301542768	-25.8615781363241
			31.1830108336796	-25.8615781363241
			31.1683915130825	-25.8761974569212
			31.1537721924854	-25.8761974569212
			31.1391528718882	-25.8761974569212
			31.1245335512911	-25.8908167775183
			31.109914230694	-25.8908167775183
			31.0952949100969	-25.8908167775183
			31.0952949100969	-25.9054360981155
			31.0806755894997	-25.9054360981155
			31.0660562689026	-25.9054360981155
			31.0514369483055	-25.9054360981155
			31.0368176277083	-25.9054360981155
			31.0221983071112	-25.9200554187126
			31.0075789865141	-25.9200554187126
			30.9929596659169	-25.9200554187126
			30.9783403453198	-25.9200554187126
			30.9637210247227	-25.9200554187126
			30.9491017041255	-25.9200554187126
			30.9344823835284	-25.9200554187126
			30.9198630629313	-25.9200554187126
			30.9052437423342	-25.9200554187126
			30.890624421737	-25.9200554187126
			30.8760051011399	-25.9200554187126
			30.8613857805428	-25.9200554187126
			30.8467664599456	-25.9200554187126
			30.8321471393485	-25.9200554187126
			30.8175278187514	-25.9200554187126
			30.8029084981542	-25.9200554187126
			30.7882891775571	-25.9200554187126
			30.77366985696	-25.9200554187126
			30.7590505363629	-25.9200554187126
			30.7444312157657	-25.9200554187126
			30.7298118951686	-25.9054360981155
			30.7151925745715	-25.9054360981155
			30.7005732539743	-25.9054360981155
			30.6859539333772	-25.9054360981155
			30.6713346127801	-25.8908167775183
			30.6567152921829	-25.8908167775183
			30.6420959715858	-25.8908167775183
			30.6274766509887	-25.8761974569212
			30.6128573303915	-25.8761974569212
			30.5982380097944	-25.8761974569212
			30.5836186891973	-25.8615781363241
			30.5689993686002	-25.8615781363241
			30.554380048003	-25.846958815727
			30.5397607274059	-25.846958815727
			30.5251414068088	-25.846958815727
			30.5105220862116	-25.8323394951298
			30.4959027656145	-25.8323394951298
			30.4812834450174	-25.8177201745327
			30.4666641244202	-25.8177201745327
			30.4520448038231	-25.8177201745327
			30.437425483226	-25.8031008539356
			30.4228061626288	-25.8031008539356
			30.4228061626288	-25.7884815333384
			30.4081868420317	-25.7884815333384
			30.3935675214346	-25.7884815333384
			30.3789482008375	-25.7738622127413
			30.3643288802403	-25.7592428921442
			30.3497095596432	-25.744623571547
			30.3350902390461	-25.744623571547
			30.3204709184489	-25.7300042509499
			30.3058515978518	-25.7300042509499
			30.3058515978518	-25.7153849303528
			30.2912322772547	-25.7153849303528
			30.2766129566575	-25.7007656097557
			30.2619936360604	-25.6861462891585
			30.2473743154633	-25.6715269685614
			30.2327549948661	-25.6569076479643
			30.218135674269	-25.6422883273671
			30.2035163536719	-25.62766900677
			30.2035163536719	-25.6130496861729
			30.1888970330748	-25.5984303655757
			30.1888970330748	-25.5838110449786
			30.1742777124776	-25.5691917243815
			30.1742777124776	-25.5545724037843
			30.1596583918805	-25.5399530831872
			30.1596583918805	-25.5253337625901
			30.1596583918805	-25.510714441993
			30.1450390712834	-25.4960951213958
			30.1450390712834	-25.4814758007987
			30.1450390712834	-25.4668564802016
			30.1304197506862	-25.4522371596044
			30.1304197506862	-25.4376178390073
			30.1304197506862	-25.4229985184102
			30.1158004300891	-25.408379197813
			30.1158004300891	-25.3937598772159
			30.1158004300891	-25.3791405566188
			30.101181109492	-25.3645212360216
			30.101181109492	-25.3499019154245
			30.101181109492	-25.3352825948274
			30.101181109492	-25.3206632742303
			30.0865617888948	-25.3060439536331
			30.0865617888948	-25.291424633036
			30.0865617888948	-25.2768053124389
			30.0865617888948	-25.2621859918417
			30.0865617888948	-25.2475666712446
			30.0719424682977	-25.2475666712446
			30.0719424682977	-25.2329473506475
			30.0719424682977	-25.2183280300503
			30.0719424682977	-25.2037087094532
			30.0573231477006	-25.1890893888561
			30.0573231477006	-25.174470068259
			30.0573231477006	-25.1598507476618
			30.0573231477006	-25.1452314270647
			30.0573231477006	-25.1306121064676
			30.0427038271035	-25.1306121064676
			30.0427038271035	-25.1159927858704
			30.0427038271035	-25.1013734652733
			30.0427038271035	-25.0867541446762
			30.0427038271035	-25.072134824079
			30.0280845065063	-25.0575155034819
			30.0280845065063	-25.0428961828848
			30.0280845065063	-25.0282768622876
			30.0280845065063	-25.0136575416905
			30.0280845065063	-24.9990382210934
			30.0134651859092	-24.9844189004963
			30.0134651859092	-24.9697995798991
			30.0134651859092	-24.955180259302
			30.0134651859092	-24.9405609387049
			30.0134651859092	-24.9259416181077
			29.9988458653121	-24.9113222975106
			29.9988458653121	-24.8967029769135
			29.9988458653121	-24.8820836563163
			29.9988458653121	-24.8674643357192
			29.9988458653121	-24.8528450151221
			29.9842265447149	-24.8528450151221
			29.9842265447149	-24.8382256945249
			29.9842265447149	-24.8236063739278
			29.9842265447149	-24.8089870533307
		</Outline1>
		<Outline2 type=matrix rownames=FALSE colnames=FALSE nrow=139 ncol=2 as.numeric=TRUE >
			29.9842265447149	-24.8089870533307
			29.9842265447149	-24.7943677327336
			29.9842265447149	-24.7797484121364
			29.9696072241178	-24.7651290915393
			29.9696072241178	-24.7505097709422
			29.9696072241178	-24.735890450345
			29.9696072241178	-24.7212711297479
			29.9696072241178	-24.7066518091508
			29.9549879035207	-24.7066518091508
			29.9549879035207	-24.6920324885536
			29.9549879035207	-24.6774131679565
			29.9549879035207	-24.6627938473594
			29.9549879035207	-24.6481745267622
			29.9403685829235	-24.6335552061651
			29.9403685829235	-24.618935885568
			29.9403685829235	-24.6043165649709
			29.9403685829235	-24.5896972443737
			29.9403685829235	-24.5750779237766
			29.9403685829235	-24.5604586031795
			29.9257492623264	-24.5458392825823
			29.9257492623264	-24.5312199619852
			29.9257492623264	-24.5166006413881
			29.9257492623264	-24.5019813207909
			29.9257492623264	-24.4873620001938
			29.9257492623264	-24.4727426795967
			29.9111299417293	-24.4581233589996
			29.9111299417293	-24.4435040384024
			29.9111299417293	-24.4288847178053
			29.9111299417293	-24.4142653972082
			29.9111299417293	-24.399646076611
			29.9111299417293	-24.3850267560139
			29.9111299417293	-24.3704074354168
			29.9111299417293	-24.3557881148196
			29.9111299417293	-24.3411687942225
			29.9111299417293	-24.3265494736254
			29.9111299417293	-24.3119301530282
			29.9111299417293	-24.2973108324311
			29.9111299417293	-24.282691511834
			29.9111299417293	-24.2680721912369
			29.9111299417293	-24.2534528706397
			29.9111299417293	-24.2388335500426
			29.9111299417293	-24.2242142294455
			29.9111299417293	-24.2095949088483
			29.9257492623264	-24.1949755882512
			29.9257492623264	-24.1803562676541
			29.9257492623264	-24.1657369470569
			29.9257492623264	-24.1511176264598
			29.9257492623264	-24.1364983058627
			29.9403685829235	-24.1218789852655
			29.9403685829235	-24.1072596646684
			29.9403685829235	-24.0926403440713
			29.9403685829235	-24.0780210234742
			29.9549879035207	-24.063401702877
			29.9549879035207	-24.0487823822799
			29.9549879035207	-24.0341630616828
			29.9696072241178	-24.0195437410856
			29.9696072241178	-24.0049244204885
			29.9696072241178	-23.9903050998914
			29.9842265447149	-23.9903050998914
			29.9842265447149	-23.9756857792942
			29.9842265447149	-23.9610664586971
			29.9988458653121	-23.9464471381
			29.9988458653121	-23.9318278175028
			29.9988458653121	-23.9172084969057
			30.0134651859092	-23.9172084969057
			30.0134651859092	-23.9025891763086
			30.0134651859092	-23.8879698557115
			30.0280845065063	-23.8733505351143
			30.0280845065063	-23.8587312145172
			30.0427038271035	-23.8587312145172
			30.0427038271035	-23.8441118939201
			30.0427038271035	-23.8294925733229
			30.0573231477006	-23.8148732527258
			30.0573231477006	-23.8002539321287
			30.0719424682977	-23.8002539321287
			30.0719424682977	-23.7856346115315
			30.0865617888948	-23.7710152909344
			30.0865617888948	-23.7563959703373
			30.101181109492	-23.7417766497401
			30.101181109492	-23.727157329143
			30.1158004300891	-23.727157329143
			30.1158004300891	-23.7125380085459
			30.1304197506862	-23.6979186879488
			30.1304197506862	-23.6832993673516
			30.1450390712834	-23.6686800467545
			30.1596583918805	-23.6540607261574
			30.1742777124776	-23.6394414055602
			30.1888970330748	-23.6248220849631
			30.2035163536719	-23.610202764366
			30.218135674269	-23.5955834437688
			30.2327549948661	-23.5809641231717
			30.2473743154633	-23.5663448025746
			30.2619936360604	-23.5517254819774
			30.2619936360604	-23.5371061613803
			30.2766129566575	-23.5371061613803
			30.2912322772547	-23.5224868407832
			30.2912322772547	-23.5078675201861
			30.3058515978518	-23.5078675201861
			30.3204709184489	-23.4932481995889
			30.3350902390461	-23.4786288789918
			30.3497095596432	-23.4640095583947
			30.3643288802403	-23.4493902377975
			30.3789482008375	-23.4493902377975
			30.3935675214346	-23.4347709172004
			30.3935675214346	-23.4201515966033
			30.4081868420317	-23.4201515966033
			30.4228061626288	-23.4055322760061
			30.437425483226	-23.4055322760061
			30.4520448038231	-23.390912955409
			30.4520448038231	-23.3762936348119
			30.4666641244202	-23.3762936348119
			30.4812834450174	-23.3616743142148
			30.4959027656145	-23.3470549936176
			30.5105220862116	-23.3470549936176
			30.5251414068088	-23.3324356730205
			30.5397607274059	-23.3178163524234
			30.554380048003	-23.3031970318262
			30.5689993686002	-23.3031970318262
			30.5836186891973	-23.2885777112291
			30.5982380097944	-23.273958390632
			30.6128573303915	-23.273958390632
			30.6274766509887	-23.2593390700348
			30.6420959715858	-23.2593390700348
			30.6567152921829	-23.2593390700348
			30.6567152921829	-23.2447197494377
			30.6713346127801	-23.2447197494377
			30.6859539333772	-23.2301004288406
			30.7005732539743	-23.2301004288406
			30.7151925745715	-23.2154811082434
			30.7298118951686	-23.2154811082434
			30.7444312157657	-23.2008617876463
			30.7590505363629	-23.2008617876463
			30.77366985696	-23.1862424670492
			30.7882891775571	-23.1862424670492
			30.8029084981542	-23.1862424670492
			30.8175278187514	-23.1716231464521
			30.8321471393485	-23.1716231464521
			30.8467664599456	-23.1570038258549
			30.8613857805428	-23.1570038258549
		</Outline2>
		<Outline3 type=matrix rownames=FALSE colnames=FALSE nrow=155 ncol=2 as.numeric=TRUE >
			30.8613857805428	-23.1570038258549
			30.8760051011399	-23.1570038258549
			30.890624421737	-23.1423845052578
			30.9052437423342	-23.1423845052578
			30.9198630629313	-23.1423845052578
			30.9344823835284	-23.1277651846607
			30.9491017041255	-23.1277651846607
			30.9637210247227	-23.1277651846607
			30.9783403453198	-23.1131458640635
			30.9929596659169	-23.1131458640635
			31.0075789865141	-23.1131458640635
			31.0221983071112	-23.1131458640635
			31.0368176277083	-23.0985265434664
			31.0514369483055	-23.0985265434664
			31.0660562689026	-23.0985265434664
			31.0806755894997	-23.0839072228693
			31.0952949100969	-23.0839072228693
			31.109914230694	-23.0839072228693
			31.1245335512911	-23.0839072228693
			31.1245335512911	-23.0692879022721
			31.1391528718882	-23.0692879022721
			31.1537721924854	-23.0692879022721
			31.1683915130825	-23.0692879022721
			31.1830108336796	-23.054668581675
			31.1976301542768	-23.054668581675
			31.2122494748739	-23.054668581675
			31.226868795471	-23.0400492610779
			31.2414881160682	-23.0400492610779
			31.2561074366653	-23.0400492610779
			31.2707267572624	-23.0400492610779
			31.2853460778596	-23.0254299404807
			31.2999653984567	-23.0254299404807
			31.3145847190538	-23.0254299404807
			31.3292040396509	-23.0108106198836
			31.3438233602481	-23.0108106198836
			31.3584426808452	-23.0108106198836
			31.3730620014423	-23.0108106198836
			31.3876813220395	-22.9961912992865
			31.4023006426366	-22.9961912992865
			31.4169199632337	-22.9961912992865
			31.4315392838309	-22.9815719786894
			31.446158604428	-22.9815719786894
			31.4607779250251	-22.9815719786894
			31.4753972456223	-22.9669526580922
			31.4900165662194	-22.9669526580922
			31.5046358868165	-22.9669526580922
			31.5192552074136	-22.9669526580922
			31.5338745280108	-22.9669526580922
			31.5484938486079	-22.9669526580922
			31.563113169205	-22.9669526580922
			31.5777324898022	-22.9669526580922
			31.5923518103993	-22.9669526580922
			31.6069711309964	-22.9669526580922
			31.6215904515936	-22.9669526580922
			31.6362097721907	-22.9669526580922
			31.6508290927878	-22.9669526580922
			31.665448413385	-22.9669526580922
			31.6800677339821	-22.9669526580922
			31.6946870545792	-22.9669526580922
			31.7093063751763	-22.9669526580922
			31.7239256957735	-22.9669526580922
			31.7385450163706	-22.9669526580922
			31.7531643369677	-22.9669526580922
			31.7677836575649	-22.9669526580922
			31.782402978162	-22.9669526580922
			31.7970222987591	-22.9669526580922
			31.8116416193563	-22.9669526580922
			31.8262609399534	-22.9669526580922
			31.8408802605505	-22.9669526580922
			31.8554995811477	-22.9815719786894
			31.8701189017448	-22.9815719786894
			31.8847382223419	-22.9815719786894
			31.899357542939	-22.9815719786894
			31.9139768635362	-22.9815719786894
			31.9285961841333	-22.9815719786894
			31.9432155047304	-22.9961912992865
			31.9578348253276	-22.9961912992865
			31.9724541459247	-22.9961912992865
			31.9870734665218	-23.0108106198836
			32.001692787119	-23.0108106198836
			32.0163121077161	-23.0108106198836
			32.0309314283132	-23.0108106198836
			32.0455507489104	-23.0254299404807
			32.0601700695075	-23.0254299404807
			32.0747893901046	-23.0400492610779
			32.0894087107017	-23.0400492610779
			32.1040280312989	-23.054668581675
			32.118647351896	-23.054668581675
			32.1332666724931	-23.054668581675
			32.1478859930903	-23.0692879022721
			32.1625053136874	-23.0692879022721
			32.1771246342845	-23.0839072228693
			32.1917439548817	-23.0839072228693
			32.2063632754788	-23.0839072228693
			32.2209825960759	-23.0985265434664
			32.235601916673	-23.1131458640635
			32.2502212372702	-23.1277651846607
			32.2648405578673	-23.1423845052578
			32.2794598784644	-23.1423845052578
			32.2940791990616	-23.1570038258549
			32.3086985196587	-23.1716231464521
			32.3233178402558	-23.1862424670492
			32.337937160853	-23.2008617876463
			32.3525564814501	-23.2154811082434
			32.3671758020472	-23.2154811082434
			32.3817951226444	-23.2301004288406
			32.3817951226444	-23.2447197494377
			32.3964144432415	-23.2593390700348
			32.4110337638386	-23.273958390632
			32.4256530844357	-23.2885777112291
			32.4402724050329	-23.3031970318262
			32.45489172563	-23.3031970318262
			32.45489172563	-23.3178163524234
			32.4695110462271	-23.3324356730205
			32.4695110462271	-23.3470549936176
			32.4841303668243	-23.3616743142148
			32.4841303668243	-23.3762936348119
			32.4987496874214	-23.390912955409
			32.4987496874214	-23.4055322760061
			32.5133690080185	-23.4201515966033
			32.5133690080185	-23.4347709172004
			32.5133690080185	-23.4493902377975
			32.5279883286157	-23.4493902377975
			32.5279883286157	-23.4640095583947
			32.5279883286157	-23.4786288789918
			32.5426076492128	-23.4932481995889
			32.5426076492128	-23.5078675201861
			32.5426076492128	-23.5224868407832
			32.5572269698099	-23.5371061613803
			32.5572269698099	-23.5517254819774
			32.5572269698099	-23.5663448025746
			32.5572269698099	-23.5809641231717
			32.5718462904071	-23.5809641231717
			32.5718462904071	-23.5955834437688
			32.5718462904071	-23.610202764366
			32.5718462904071	-23.6248220849631
			32.5718462904071	-23.6394414055602
			32.5864656110042	-23.6540607261574
			32.5864656110042	-23.6686800467545
			32.5864656110042	-23.6832993673516
			32.5864656110042	-23.6979186879488
			32.5864656110042	-23.7125380085459
			32.5864656110042	-23.727157329143
			32.5864656110042	-23.7417766497401
			32.6010849316013	-23.7563959703373
			32.6010849316013	-23.7710152909344
			32.6010849316013	-23.7856346115315
			32.6010849316013	-23.8002539321287
			32.6010849316013	-23.8148732527258
			32.6010849316013	-23.8294925733229
			32.6010849316013	-23.8441118939201
			32.6010849316013	-23.8587312145172
			32.6010849316013	-23.8733505351143
			32.6010849316013	-23.8879698557115
			32.6010849316013	-23.9025891763086
		</Outline3>
		<Outline4 type=matrix rownames=FALSE colnames=FALSE nrow=134 ncol=2 as.numeric=TRUE >
			32.6010849316013	-23.9025891763086
			32.6010849316013	-23.9172084969057
			32.6010849316013	-23.9318278175028
			32.6010849316013	-23.9464471381
			32.6157042521984	-23.9610664586971
			32.6157042521984	-23.9756857792942
			32.6157042521984	-23.9903050998914
			32.6157042521984	-24.0049244204885
			32.6157042521984	-24.0195437410856
			32.6157042521984	-24.0341630616828
			32.6157042521984	-24.0487823822799
			32.6303235727956	-24.063401702877
			32.6303235727956	-24.0780210234742
			32.6303235727956	-24.0926403440713
			32.6303235727956	-24.1072596646684
			32.6303235727956	-24.1218789852655
			32.6303235727956	-24.1364983058627
			32.6303235727956	-24.1511176264598
			32.6303235727956	-24.1657369470569
			32.6449428933927	-24.1803562676541
			32.6449428933927	-24.1949755882512
			32.6449428933927	-24.2095949088483
			32.6449428933927	-24.2242142294455
			32.6449428933927	-24.2388335500426
			32.6449428933927	-24.2534528706397
			32.6449428933927	-24.2680721912369
			32.6449428933927	-24.282691511834
			32.6449428933927	-24.2973108324311
			32.6449428933927	-24.3119301530282
			32.6449428933927	-24.3265494736254
			32.6449428933927	-24.3411687942225
			32.6449428933927	-24.3557881148196
			32.6449428933927	-24.3704074354168
			32.6449428933927	-24.3850267560139
			32.6303235727956	-24.399646076611
			32.6303235727956	-24.4142653972082
			32.6303235727956	-24.4288847178053
			32.6303235727956	-24.4435040384024
			32.6303235727956	-24.4581233589996
			32.6303235727956	-24.4727426795967
			32.6303235727956	-24.4873620001938
			32.6157042521984	-24.5019813207909
			32.6157042521984	-24.5166006413881
			32.6157042521984	-24.5312199619852
			32.6157042521984	-24.5458392825823
			32.6157042521984	-24.5604586031795
			32.6010849316013	-24.5604586031795
			32.6010849316013	-24.5750779237766
			32.6010849316013	-24.5896972443737
			32.6010849316013	-24.6043165649709
			32.5864656110042	-24.618935885568
			32.5864656110042	-24.6335552061651
			32.5718462904071	-24.6335552061651
			32.5718462904071	-24.6481745267622
			32.5718462904071	-24.6627938473594
			32.5572269698099	-24.6774131679565
			32.5572269698099	-24.6920324885536
			32.5572269698099	-24.7066518091508
			32.5426076492128	-24.7212711297479
			32.5426076492128	-24.735890450345
			32.5279883286157	-24.735890450345
			32.5279883286157	-24.7505097709422
			32.5133690080185	-24.7651290915393
			32.5133690080185	-24.7797484121364
			32.5133690080185	-24.7943677327336
			32.4987496874214	-24.8089870533307
			32.4987496874214	-24.8236063739278
			32.4841303668243	-24.8382256945249
			32.4841303668243	-24.8528450151221
			32.4695110462271	-24.8674643357192
			32.4695110462271	-24.8820836563163
			32.45489172563	-24.8967029769135
			32.4402724050329	-24.9113222975106
			32.4402724050329	-24.9259416181077
			32.4256530844357	-24.9405609387049
			32.4256530844357	-24.955180259302
			32.4110337638386	-24.9697995798991
			32.3964144432415	-24.9844189004963
			32.3817951226444	-24.9990382210934
			32.3817951226444	-25.0136575416905
			32.3671758020472	-25.0282768622876
			32.3671758020472	-25.0428961828848
			32.3525564814501	-25.0575155034819
			32.337937160853	-25.072134824079
			32.3233178402558	-25.0867541446762
			32.3086985196587	-25.1013734652733
			32.2940791990616	-25.1159927858704
			32.2940791990616	-25.1306121064676
			32.2794598784644	-25.1452314270647
			32.2648405578673	-25.1598507476618
			32.2502212372702	-25.174470068259
			32.235601916673	-25.174470068259
			32.2209825960759	-25.1890893888561
			32.2209825960759	-25.2037087094532
			32.2063632754788	-25.2037087094532
			32.1917439548817	-25.2183280300503
			32.1771246342845	-25.2183280300503
			32.1625053136874	-25.2329473506475
			32.1478859930903	-25.2329473506475
			32.1478859930903	-25.2475666712446
			32.1332666724931	-25.2475666712446
			32.118647351896	-25.2621859918417
			32.1040280312989	-25.2621859918417
			32.0894087107017	-25.2768053124389
			32.0747893901046	-25.2768053124389
			32.0601700695075	-25.291424633036
			32.0455507489104	-25.291424633036
			32.0309314283132	-25.3060439536331
			32.0163121077161	-25.3060439536331
			32.001692787119	-25.3060439536331
			32.001692787119	-25.3206632742303
			31.9870734665218	-25.3206632742303
			31.9724541459247	-25.3206632742303
			31.9578348253276	-25.3352825948274
			31.9432155047304	-25.3352825948274
			31.9285961841333	-25.3352825948274
			31.9139768635362	-25.3499019154245
			31.899357542939	-25.3499019154245
			31.8847382223419	-25.3499019154245
			31.8847382223419	-25.3645212360216
			31.8701189017448	-25.3645212360216
			31.8554995811477	-25.3645212360216
			31.8408802605505	-25.3791405566188
			31.8262609399534	-25.3937598772159
			31.8116416193563	-25.408379197813
			31.7970222987591	-25.4229985184102
			31.782402978162	-25.4376178390073
			31.7677836575649	-25.4522371596044
			31.7531643369677	-25.4668564802016
			31.7385450163706	-25.4814758007987
			31.7239256957735	-25.4960951213958
			31.7093063751763	-25.510714441993
			31.6946870545792	-25.5253337625901
			31.6800677339821	-25.5399530831872
		</Outline4>
	</curves.scaled>
	<ruler.points type=matrix rownames=TRUE colnames=FALSE nrow=2 ncol=2 as.numeric=TRUE >
		Ruler point 1	3078	2508
		Ruler point 2	2394	2514
	</ruler.points>
</shapes>

