<shapes type=list>
	<ruler.pixel type=vector names=FALSE length=1 as.numeric=TRUE >636.028301257106</ruler.pixel>
	<ruler.interval type=vector names=FALSE length=1 as.numeric=TRUE >10</ruler.interval>
	<scaling.units type=vector names=FALSE length=1 as.numeric=FALSE >mm</scaling.units>
	<scaling type=vector names=FALSE length=1 as.numeric=TRUE >0.0157225708042159</scaling>
	<landmarks.pixel type=matrix rownames=TRUE colnames=FALSE nrow=4 ncol=2 as.numeric=TRUE >
		Labial	2552	1731
		Posterior	2464	1581
		Lingual	2584	1456
		Anterior	2675	1609
	</landmarks.pixel>
	<landmarks.scaled type=matrix rownames=TRUE colnames=FALSE nrow=4 ncol=2 as.numeric=TRUE >
		Labial	40.1240006923589	-27.2157700620977
		Posterior	38.7404144615879	-24.8573844414653
		Lingual	40.6271229580938	-22.8920630909383
		Anterior	42.0578769012775	-25.2976164239834
	</landmarks.scaled>
	<curves.control type=list>
		<Outline1 type=matrix rownames=FALSE colnames=FALSE nrow=17 ncol=2 as.numeric=TRUE >
			2552	1731
			2541	1730
			2527	1726
			2514	1722
			2502	1718
			2492	1714
			2483	1706
			2475	1697
			2468	1685
			2463	1671
			2459	1656
			2457	1640
			2457	1630
			2458	1616
			2459	1605
			2461	1593
			2464	1581
		</Outline1>
		<Outline2 type=matrix rownames=FALSE colnames=FALSE nrow=19 ncol=2 as.numeric=TRUE >
			2464	1581
			2470	1571
			2474	1556
			2475	1540
			2475	1525
			2479	1510
			2485	1500
			2490	1492
			2494	1485
			2499	1478
			2506	1470
			2514	1464
			2525	1461
			2534	1459
			2543	1458
			2555	1455
			2567	1454
			2576	1455
			2584	1456
		</Outline2>
		<Outline3 type=matrix rownames=FALSE colnames=FALSE nrow=19 ncol=2 as.numeric=TRUE >
			2584	1456
			2594	1456
			2605	1457
			2614	1458
			2622	1461
			2631	1466
			2639	1471
			2645	1479
			2650	1487
			2656	1500
			2661	1510
			2665	1521
			2668	1532
			2671	1544
			2675	1561
			2676	1571
			2676	1583
			2676	1593
			2675	1609
		</Outline3>
		<Outline4 type=matrix rownames=FALSE colnames=FALSE nrow=17 ncol=2 as.numeric=TRUE >
			2675	1609
			2672	1621
			2668	1636
			2664	1649
			2660	1661
			2655	1673
			2648	1683
			2642	1692
			2635	1701
			2628	1709
			2619	1715
			2610	1720
			2599	1724
			2589	1727
			2582	1730
			2572	1731
			2552	1731
		</Outline4>
	</curves.control>
	<curves.pixel type=list>
		<Outline1 type=matrix rownames=FALSE colnames=FALSE nrow=203 ncol=2 as.numeric=TRUE >
			2552	1731
			2551	1731
			2550	1731
			2549	1731
			2548	1730
			2547	1730
			2546	1730
			2545	1730
			2544	1730
			2543	1730
			2542	1730
			2541	1729
			2540	1729
			2539	1729
			2538	1729
			2537	1729
			2537	1728
			2536	1728
			2535	1728
			2534	1728
			2533	1728
			2532	1727
			2531	1727
			2530	1727
			2529	1727
			2529	1726
			2528	1726
			2527	1726
			2526	1726
			2525	1725
			2524	1725
			2523	1725
			2522	1725
			2522	1724
			2521	1724
			2520	1724
			2519	1723
			2518	1723
			2517	1723
			2516	1723
			2516	1722
			2515	1722
			2514	1722
			2513	1722
			2512	1721
			2511	1721
			2510	1721
			2509	1720
			2508	1720
			2507	1720
			2506	1719
			2505	1719
			2504	1719
			2503	1718
			2502	1718
			2501	1718
			2500	1717
			2499	1717
			2498	1716
			2497	1716
			2496	1715
			2495	1715
			2494	1714
			2493	1714
			2492	1713
			2491	1712
			2490	1712
			2489	1711
			2488	1710
			2487	1709
			2486	1708
			2485	1707
			2484	1707
			2483	1706
			2482	1705
			2481	1704
			2480	1703
			2480	1702
			2479	1701
			2478	1700
			2477	1699
			2476	1698
			2476	1697
			2475	1696
			2474	1695
			2473	1694
			2473	1693
			2473	1692
			2472	1692
			2472	1691
			2471	1690
			2470	1689
			2470	1688
			2469	1687
			2469	1686
			2468	1685
			2467	1684
			2467	1683
			2467	1682
			2467	1681
			2466	1681
			2466	1680
			2466	1679
			2466	1678
			2465	1678
			2465	1677
			2465	1676
			2465	1675
			2464	1674
			2464	1673
			2464	1672
			2463	1671
			2463	1670
			2463	1669
			2462	1668
			2462	1667
			2462	1666
			2462	1665
			2461	1665
			2461	1664
			2461	1663
			2461	1662
			2460	1661
			2460	1660
			2460	1659
			2460	1658
			2459	1657
			2459	1656
			2459	1655
			2459	1654
			2459	1653
			2458	1652
			2458	1651
			2458	1650
			2458	1649
			2458	1648
			2458	1647
			2458	1646
			2458	1645
			2458	1644
			2458	1643
			2458	1642
			2457	1641
			2457	1640
			2457	1639
			2457	1638
			2457	1637
			2457	1636
			2457	1635
			2457	1634
			2457	1633
			2457	1632
			2457	1631
			2457	1630
			2457	1629
			2457	1628
			2457	1627
			2457	1626
			2457	1625
			2457	1624
			2457	1623
			2458	1622
			2458	1621
			2458	1620
			2458	1619
			2458	1618
			2458	1617
			2458	1616
			2458	1615
			2458	1614
			2458	1613
			2458	1612
			2458	1611
			2459	1610
			2459	1609
			2459	1608
			2459	1607
			2459	1606
			2459	1605
			2459	1604
			2459	1603
			2459	1602
			2460	1601
			2460	1600
			2460	1599
			2460	1598
			2460	1597
			2461	1596
			2461	1595
			2461	1594
			2461	1593
			2461	1592
			2462	1591
			2462	1590
			2462	1589
			2462	1588
			2463	1587
			2463	1586
			2463	1585
			2463	1584
			2464	1583
			2464	1582
			2464	1581
		</Outline1>
		<Outline2 type=matrix rownames=FALSE colnames=FALSE nrow=191 ncol=2 as.numeric=TRUE >
			2464	1581
			2465	1580
			2465	1579
			2466	1578
			2466	1577
			2467	1576
			2467	1575
			2468	1574
			2468	1573
			2468	1572
			2469	1571
			2469	1570
			2470	1569
			2470	1568
			2471	1567
			2471	1566
			2471	1565
			2472	1564
			2472	1563
			2472	1562
			2473	1561
			2473	1560
			2473	1559
			2473	1558
			2474	1557
			2474	1556
			2474	1555
			2474	1554
			2474	1553
			2474	1552
			2474	1551
			2474	1550
			2474	1549
			2474	1548
			2474	1547
			2475	1546
			2475	1545
			2475	1544
			2475	1543
			2475	1542
			2475	1541
			2475	1540
			2475	1539
			2475	1538
			2475	1537
			2475	1536
			2475	1535
			2475	1534
			2475	1533
			2475	1532
			2475	1531
			2475	1530
			2475	1529
			2475	1528
			2475	1527
			2475	1526
			2475	1525
			2475	1524
			2475	1523
			2476	1523
			2476	1522
			2476	1521
			2476	1520
			2477	1519
			2477	1518
			2477	1517
			2478	1516
			2478	1515
			2478	1514
			2479	1513
			2479	1512
			2480	1511
			2480	1510
			2481	1509
			2481	1508
			2481	1507
			2482	1506
			2482	1505
			2483	1504
			2483	1503
			2484	1502
			2485	1501
			2485	1500
			2486	1499
			2486	1498
			2487	1497
			2487	1496
			2488	1495
			2489	1494
			2489	1493
			2490	1492
			2491	1491
			2491	1490
			2492	1489
			2492	1488
			2493	1487
			2494	1486
			2494	1485
			2495	1484
			2496	1483
			2496	1482
			2497	1481
			2498	1480
			2499	1479
			2499	1478
			2500	1477
			2501	1476
			2502	1475
			2503	1474
			2504	1473
			2505	1472
			2505	1471
			2506	1470
			2507	1469
			2508	1468
			2509	1468
			2510	1467
			2511	1467
			2512	1466
			2513	1466
			2514	1465
			2515	1465
			2516	1464
			2517	1464
			2518	1463
			2519	1463
			2520	1463
			2521	1462
			2522	1462
			2523	1462
			2524	1461
			2525	1461
			2526	1461
			2527	1461
			2528	1460
			2529	1460
			2530	1460
			2531	1460
			2532	1460
			2533	1459
			2534	1459
			2535	1459
			2536	1459
			2537	1459
			2538	1459
			2539	1458
			2540	1458
			2541	1458
			2542	1458
			2543	1458
			2544	1458
			2545	1457
			2546	1457
			2547	1457
			2548	1457
			2549	1457
			2550	1456
			2551	1456
			2552	1456
			2553	1456
			2554	1456
			2555	1456
			2556	1455
			2557	1455
			2558	1455
			2559	1455
			2560	1455
			2561	1455
			2562	1454
			2563	1454
			2564	1454
			2565	1454
			2566	1454
			2567	1454
			2568	1454
			2569	1454
			2570	1454
			2571	1454
			2572	1455
			2573	1455
			2574	1455
			2575	1455
			2576	1455
			2577	1455
			2578	1455
			2579	1455
			2580	1456
			2581	1456
			2582	1456
			2583	1456
			2584	1456
		</Outline2>
		<Outline3 type=matrix rownames=FALSE colnames=FALSE nrow=200 ncol=2 as.numeric=TRUE >
			2584	1456
			2585	1456
			2586	1456
			2587	1456
			2588	1456
			2589	1456
			2590	1456
			2591	1456
			2592	1456
			2593	1456
			2594	1456
			2595	1456
			2596	1456
			2597	1456
			2598	1456
			2599	1457
			2600	1457
			2601	1457
			2602	1457
			2603	1457
			2604	1457
			2605	1457
			2606	1457
			2607	1457
			2608	1457
			2609	1458
			2610	1458
			2611	1458
			2612	1458
			2613	1458
			2614	1459
			2615	1459
			2616	1459
			2617	1459
			2618	1460
			2619	1460
			2620	1460
			2621	1461
			2622	1461
			2623	1461
			2623	1462
			2624	1462
			2625	1463
			2626	1463
			2627	1464
			2628	1465
			2629	1465
			2630	1466
			2631	1466
			2632	1466
			2632	1467
			2633	1467
			2634	1468
			2635	1468
			2636	1469
			2637	1470
			2638	1470
			2639	1471
			2640	1472
			2640	1473
			2641	1474
			2642	1475
			2643	1476
			2644	1477
			2644	1478
			2645	1479
			2645	1480
			2646	1481
			2647	1482
			2647	1483
			2648	1484
			2648	1485
			2649	1485
			2649	1486
			2650	1487
			2650	1488
			2651	1489
			2651	1490
			2652	1491
			2652	1492
			2653	1493
			2653	1494
			2654	1495
			2654	1496
			2655	1497
			2655	1498
			2655	1499
			2656	1499
			2656	1500
			2657	1501
			2657	1502
			2657	1503
			2658	1503
			2658	1504
			2659	1505
			2659	1506
			2660	1507
			2660	1508
			2660	1509
			2661	1510
			2661	1511
			2662	1512
			2662	1513
			2662	1514
			2663	1514
			2663	1515
			2663	1516
			2664	1517
			2664	1518
			2664	1519
			2664	1520
			2665	1521
			2665	1522
			2665	1523
			2666	1524
			2666	1525
			2666	1526
			2666	1527
			2667	1528
			2667	1529
			2667	1530
			2668	1531
			2668	1532
			2668	1533
			2668	1534
			2669	1535
			2669	1536
			2669	1537
			2669	1538
			2670	1539
			2670	1540
			2670	1541
			2670	1542
			2671	1543
			2671	1544
			2671	1545
			2671	1546
			2672	1547
			2672	1548
			2672	1549
			2672	1550
			2673	1551
			2673	1552
			2673	1553
			2673	1554
			2674	1555
			2674	1556
			2674	1557
			2674	1558
			2674	1559
			2675	1560
			2675	1561
			2675	1562
			2675	1563
			2675	1564
			2675	1565
			2675	1566
			2676	1567
			2676	1568
			2676	1569
			2676	1570
			2676	1571
			2676	1572
			2676	1573
			2676	1574
			2676	1575
			2676	1576
			2676	1577
			2676	1578
			2676	1579
			2676	1580
			2676	1581
			2676	1582
			2676	1583
			2676	1584
			2676	1585
			2676	1586
			2676	1587
			2676	1588
			2676	1589
			2676	1590
			2676	1591
			2676	1592
			2676	1593
			2676	1594
			2676	1595
			2676	1596
			2676	1597
			2676	1598
			2676	1599
			2676	1600
			2675	1601
			2675	1602
			2675	1603
			2675	1604
			2675	1605
			2675	1606
			2675	1607
			2675	1608
			2675	1609
		</Outline3>
		<Outline4 type=matrix rownames=FALSE colnames=FALSE nrow=184 ncol=2 as.numeric=TRUE >
			2675	1609
			2675	1610
			2674	1611
			2674	1612
			2674	1613
			2674	1614
			2673	1615
			2673	1616
			2673	1617
			2673	1618
			2672	1619
			2672	1620
			2672	1621
			2672	1622
			2671	1623
			2671	1624
			2671	1625
			2671	1626
			2670	1627
			2670	1628
			2670	1629
			2670	1630
			2669	1631
			2669	1632
			2669	1633
			2668	1634
			2668	1635
			2668	1636
			2668	1637
			2667	1638
			2667	1639
			2667	1640
			2666	1641
			2666	1642
			2666	1643
			2666	1644
			2665	1645
			2665	1646
			2665	1647
			2664	1647
			2664	1648
			2664	1649
			2664	1650
			2663	1651
			2663	1652
			2663	1653
			2662	1654
			2662	1655
			2662	1656
			2661	1657
			2661	1658
			2661	1659
			2660	1660
			2660	1661
			2660	1662
			2659	1663
			2659	1664
			2658	1665
			2658	1666
			2658	1667
			2657	1667
			2657	1668
			2656	1669
			2656	1670
			2655	1671
			2655	1672
			2654	1673
			2654	1674
			2653	1675
			2653	1676
			2652	1676
			2652	1677
			2651	1678
			2651	1679
			2650	1679
			2650	1680
			2649	1681
			2649	1682
			2648	1682
			2648	1683
			2647	1684
			2647	1685
			2646	1686
			2645	1687
			2645	1688
			2644	1689
			2643	1690
			2642	1691
			2642	1692
			2641	1693
			2640	1694
			2640	1695
			2639	1696
			2638	1697
			2637	1698
			2637	1699
			2636	1700
			2635	1701
			2634	1702
			2634	1703
			2633	1703
			2632	1704
			2631	1705
			2630	1706
			2630	1707
			2629	1707
			2628	1708
			2627	1709
			2626	1710
			2625	1710
			2624	1711
			2624	1712
			2623	1712
			2622	1713
			2621	1714
			2620	1714
			2619	1715
			2618	1716
			2617	1716
			2616	1717
			2615	1717
			2614	1718
			2613	1718
			2612	1719
			2611	1719
			2610	1720
			2609	1720
			2608	1721
			2607	1721
			2606	1721
			2605	1722
			2604	1722
			2603	1723
			2602	1723
			2601	1723
			2600	1724
			2599	1724
			2598	1724
			2597	1725
			2596	1725
			2595	1725
			2594	1725
			2593	1726
			2592	1726
			2591	1727
			2590	1727
			2589	1727
			2588	1728
			2587	1728
			2586	1728
			2585	1729
			2584	1729
			2583	1730
			2582	1730
			2581	1730
			2580	1730
			2579	1730
			2578	1730
			2577	1730
			2576	1730
			2575	1731
			2574	1731
			2573	1731
			2572	1731
			2571	1731
			2570	1731
			2569	1731
			2568	1731
			2567	1731
			2566	1731
			2565	1731
			2564	1731
			2563	1731
			2562	1731
			2561	1731
			2560	1731
			2559	1731
			2558	1731
			2557	1731
			2556	1731
			2555	1731
			2554	1731
			2553	1731
			2552	1731
		</Outline4>
	</curves.pixel>
	<curves.scaled type=list>
		<Outline1 type=matrix rownames=FALSE colnames=FALSE nrow=203 ncol=2 as.numeric=TRUE >
			40.1240006923589	-27.2157700620977
			40.1082781215547	-27.2157700620977
			40.0925555507505	-27.2157700620977
			40.0768329799463	-27.2157700620977
			40.0611104091421	-27.2000474912935
			40.0453878383379	-27.2000474912935
			40.0296652675336	-27.2000474912935
			40.0139426967294	-27.2000474912935
			39.9982201259252	-27.2000474912935
			39.982497555121	-27.2000474912935
			39.9667749843168	-27.2000474912935
			39.9510524135126	-27.1843249204893
			39.9353298427083	-27.1843249204893
			39.9196072719041	-27.1843249204893
			39.9038847010999	-27.1843249204893
			39.8881621302957	-27.1843249204893
			39.8881621302957	-27.168602349685
			39.8724395594915	-27.168602349685
			39.8567169886873	-27.168602349685
			39.840994417883	-27.168602349685
			39.8252718470788	-27.168602349685
			39.8095492762746	-27.1528797788808
			39.7938267054704	-27.1528797788808
			39.7781041346662	-27.1528797788808
			39.762381563862	-27.1528797788808
			39.762381563862	-27.1371572080766
			39.7466589930577	-27.1371572080766
			39.7309364222535	-27.1371572080766
			39.7152138514493	-27.1371572080766
			39.6994912806451	-27.1214346372724
			39.6837687098409	-27.1214346372724
			39.6680461390367	-27.1214346372724
			39.6523235682325	-27.1214346372724
			39.6523235682325	-27.1057120664682
			39.6366009974282	-27.1057120664682
			39.620878426624	-27.1057120664682
			39.6051558558198	-27.089989495664
			39.5894332850156	-27.089989495664
			39.5737107142114	-27.089989495664
			39.5579881434072	-27.089989495664
			39.5579881434072	-27.0742669248597
			39.5422655726029	-27.0742669248597
			39.5265430017987	-27.0742669248597
			39.5108204309945	-27.0742669248597
			39.4950978601903	-27.0585443540555
			39.4793752893861	-27.0585443540555
			39.4636527185819	-27.0585443540555
			39.4479301477776	-27.0428217832513
			39.4322075769734	-27.0428217832513
			39.4164850061692	-27.0428217832513
			39.400762435365	-27.0270992124471
			39.3850398645608	-27.0270992124471
			39.3693172937566	-27.0270992124471
			39.3535947229524	-27.0113766416429
			39.3378721521481	-27.0113766416429
			39.3221495813439	-27.0113766416429
			39.3064270105397	-26.9956540708387
			39.2907044397355	-26.9956540708387
			39.2749818689313	-26.9799315000345
			39.2592592981271	-26.9799315000345
			39.2435367273228	-26.9642089292302
			39.2278141565186	-26.9642089292302
			39.2120915857144	-26.948486358426
			39.1963690149102	-26.948486358426
			39.180646444106	-26.9327637876218
			39.1649238733018	-26.9170412168176
			39.1492013024976	-26.9170412168176
			39.1334787316933	-26.9013186460134
			39.1177561608891	-26.8855960752092
			39.1020335900849	-26.8698735044049
			39.0863110192807	-26.8541509336007
			39.0705884484765	-26.8384283627965
			39.0548658776723	-26.8384283627965
			39.039143306868	-26.8227057919923
			39.0234207360638	-26.8069832211881
			39.0076981652596	-26.7912606503839
			38.9919755944554	-26.7755380795797
			38.9919755944554	-26.7598155087754
			38.9762530236512	-26.7440929379712
			38.960530452847	-26.728370367167
			38.9448078820427	-26.7126477963628
			38.9290853112385	-26.6969252255586
			38.9290853112385	-26.6812026547544
			38.9133627404343	-26.6654800839501
			38.8976401696301	-26.6497575131459
			38.8819175988259	-26.6340349423417
			38.8819175988259	-26.6183123715375
			38.8819175988259	-26.6025898007333
			38.8661950280217	-26.6025898007333
			38.8661950280217	-26.5868672299291
			38.8504724572174	-26.5711446591248
			38.8347498864132	-26.5554220883206
			38.8347498864132	-26.5396995175164
			38.819027315609	-26.5239769467122
			38.819027315609	-26.508254375908
			38.8033047448048	-26.4925318051038
			38.7875821740006	-26.4768092342995
			38.7875821740006	-26.4610866634953
			38.7875821740006	-26.4453640926911
			38.7875821740006	-26.4296415218869
			38.7718596031964	-26.4296415218869
			38.7718596031964	-26.4139189510827
			38.7718596031964	-26.3981963802785
			38.7718596031964	-26.3824738094743
			38.7561370323922	-26.3824738094743
			38.7561370323922	-26.36675123867
			38.7561370323922	-26.3510286678658
			38.7561370323922	-26.3353060970616
			38.7404144615879	-26.3195835262574
			38.7404144615879	-26.3038609554532
			38.7404144615879	-26.288138384649
			38.7246918907837	-26.2724158138447
			38.7246918907837	-26.2566932430405
			38.7246918907837	-26.2409706722363
			38.7089693199795	-26.2252481014321
			38.7089693199795	-26.2095255306279
			38.7089693199795	-26.1938029598237
			38.7089693199795	-26.1780803890194
			38.6932467491753	-26.1780803890194
			38.6932467491753	-26.1623578182152
			38.6932467491753	-26.146635247411
			38.6932467491753	-26.1309126766068
			38.6775241783711	-26.1151901058026
			38.6775241783711	-26.0994675349984
			38.6775241783711	-26.0837449641941
			38.6775241783711	-26.0680223933899
			38.6618016075669	-26.0522998225857
			38.6618016075669	-26.0365772517815
			38.6618016075669	-26.0208546809773
			38.6618016075669	-26.0051321101731
			38.6618016075669	-25.9894095393689
			38.6460790367626	-25.9736869685646
			38.6460790367626	-25.9579643977604
			38.6460790367626	-25.9422418269562
			38.6460790367626	-25.926519256152
			38.6460790367626	-25.9107966853478
			38.6460790367626	-25.8950741145436
			38.6460790367626	-25.8793515437393
			38.6460790367626	-25.8636289729351
			38.6460790367626	-25.8479064021309
			38.6460790367626	-25.8321838313267
			38.6460790367626	-25.8164612605225
			38.6303564659584	-25.8007386897183
			38.6303564659584	-25.785016118914
			38.6303564659584	-25.7692935481098
			38.6303564659584	-25.7535709773056
			38.6303564659584	-25.7378484065014
			38.6303564659584	-25.7221258356972
			38.6303564659584	-25.706403264893
			38.6303564659584	-25.6906806940888
			38.6303564659584	-25.6749581232845
			38.6303564659584	-25.6592355524803
			38.6303564659584	-25.6435129816761
			38.6303564659584	-25.6277904108719
			38.6303564659584	-25.6120678400677
			38.6303564659584	-25.5963452692635
			38.6303564659584	-25.5806226984592
			38.6303564659584	-25.564900127655
			38.6303564659584	-25.5491775568508
			38.6303564659584	-25.5334549860466
			38.6303564659584	-25.5177324152424
			38.6460790367626	-25.5020098444382
			38.6460790367626	-25.4862872736339
			38.6460790367626	-25.4705647028297
			38.6460790367626	-25.4548421320255
			38.6460790367626	-25.4391195612213
			38.6460790367626	-25.4233969904171
			38.6460790367626	-25.4076744196129
			38.6460790367626	-25.3919518488087
			38.6460790367626	-25.3762292780044
			38.6460790367626	-25.3605067072002
			38.6460790367626	-25.344784136396
			38.6460790367626	-25.3290615655918
			38.6618016075669	-25.3133389947876
			38.6618016075669	-25.2976164239834
			38.6618016075669	-25.2818938531791
			38.6618016075669	-25.2661712823749
			38.6618016075669	-25.2504487115707
			38.6618016075669	-25.2347261407665
			38.6618016075669	-25.2190035699623
			38.6618016075669	-25.2032809991581
			38.6618016075669	-25.1875584283538
			38.6775241783711	-25.1718358575496
			38.6775241783711	-25.1561132867454
			38.6775241783711	-25.1403907159412
			38.6775241783711	-25.124668145137
			38.6775241783711	-25.1089455743328
			38.6932467491753	-25.0932230035285
			38.6932467491753	-25.0775004327243
			38.6932467491753	-25.0617778619201
			38.6932467491753	-25.0460552911159
			38.6932467491753	-25.0303327203117
			38.7089693199795	-25.0146101495075
			38.7089693199795	-24.9988875787033
			38.7089693199795	-24.983165007899
			38.7089693199795	-24.9674424370948
			38.7246918907837	-24.9517198662906
			38.7246918907837	-24.9359972954864
			38.7246918907837	-24.9202747246822
			38.7246918907837	-24.904552153878
			38.7404144615879	-24.8888295830737
			38.7404144615879	-24.8731070122695
			38.7404144615879	-24.8573844414653
		</Outline1>
		<Outline2 type=matrix rownames=FALSE colnames=FALSE nrow=191 ncol=2 as.numeric=TRUE >
			38.7404144615879	-24.8573844414653
			38.7561370323922	-24.8416618706611
			38.7561370323922	-24.8259392998569
			38.7718596031964	-24.8102167290527
			38.7718596031964	-24.7944941582484
			38.7875821740006	-24.7787715874442
			38.7875821740006	-24.76304901664
			38.8033047448048	-24.7473264458358
			38.8033047448048	-24.7316038750316
			38.8033047448048	-24.7158813042274
			38.819027315609	-24.7001587334232
			38.819027315609	-24.6844361626189
			38.8347498864132	-24.6687135918147
			38.8347498864132	-24.6529910210105
			38.8504724572174	-24.6372684502063
			38.8504724572174	-24.6215458794021
			38.8504724572174	-24.6058233085979
			38.8661950280217	-24.5901007377936
			38.8661950280217	-24.5743781669894
			38.8661950280217	-24.5586555961852
			38.8819175988259	-24.542933025381
			38.8819175988259	-24.5272104545768
			38.8819175988259	-24.5114878837726
			38.8819175988259	-24.4957653129683
			38.8976401696301	-24.4800427421641
			38.8976401696301	-24.4643201713599
			38.8976401696301	-24.4485976005557
			38.8976401696301	-24.4328750297515
			38.8976401696301	-24.4171524589473
			38.8976401696301	-24.401429888143
			38.8976401696301	-24.3857073173388
			38.8976401696301	-24.3699847465346
			38.8976401696301	-24.3542621757304
			38.8976401696301	-24.3385396049262
			38.8976401696301	-24.322817034122
			38.9133627404343	-24.3070944633178
			38.9133627404343	-24.2913718925135
			38.9133627404343	-24.2756493217093
			38.9133627404343	-24.2599267509051
			38.9133627404343	-24.2442041801009
			38.9133627404343	-24.2284816092967
			38.9133627404343	-24.2127590384925
			38.9133627404343	-24.1970364676882
			38.9133627404343	-24.181313896884
			38.9133627404343	-24.1655913260798
			38.9133627404343	-24.1498687552756
			38.9133627404343	-24.1341461844714
			38.9133627404343	-24.1184236136672
			38.9133627404343	-24.102701042863
			38.9133627404343	-24.0869784720587
			38.9133627404343	-24.0712559012545
			38.9133627404343	-24.0555333304503
			38.9133627404343	-24.0398107596461
			38.9133627404343	-24.0240881888419
			38.9133627404343	-24.0083656180377
			38.9133627404343	-23.9926430472334
			38.9133627404343	-23.9769204764292
			38.9133627404343	-23.961197905625
			38.9133627404343	-23.9454753348208
			38.9290853112385	-23.9454753348208
			38.9290853112385	-23.9297527640166
			38.9290853112385	-23.9140301932124
			38.9290853112385	-23.8983076224081
			38.9448078820427	-23.8825850516039
			38.9448078820427	-23.8668624807997
			38.9448078820427	-23.8511399099955
			38.960530452847	-23.8354173391913
			38.960530452847	-23.8196947683871
			38.960530452847	-23.8039721975828
			38.9762530236512	-23.7882496267786
			38.9762530236512	-23.7725270559744
			38.9919755944554	-23.7568044851702
			38.9919755944554	-23.741081914366
			39.0076981652596	-23.7253593435618
			39.0076981652596	-23.7096367727576
			39.0076981652596	-23.6939142019533
			39.0234207360638	-23.6781916311491
			39.0234207360638	-23.6624690603449
			39.039143306868	-23.6467464895407
			39.039143306868	-23.6310239187365
			39.0548658776723	-23.6153013479323
			39.0705884484765	-23.599578777128
			39.0705884484765	-23.5838562063238
			39.0863110192807	-23.5681336355196
			39.0863110192807	-23.5524110647154
			39.1020335900849	-23.5366884939112
			39.1020335900849	-23.520965923107
			39.1177561608891	-23.5052433523027
			39.1334787316933	-23.4895207814985
			39.1334787316933	-23.4737982106943
			39.1492013024976	-23.4580756398901
			39.1649238733018	-23.4423530690859
			39.1649238733018	-23.4266304982817
			39.180646444106	-23.4109079274774
			39.180646444106	-23.3951853566732
			39.1963690149102	-23.379462785869
			39.2120915857144	-23.3637402150648
			39.2120915857144	-23.3480176442606
			39.2278141565186	-23.3322950734564
			39.2435367273228	-23.3165725026522
			39.2435367273228	-23.3008499318479
			39.2592592981271	-23.2851273610437
			39.2749818689313	-23.2694047902395
			39.2907044397355	-23.2536822194353
			39.2907044397355	-23.2379596486311
			39.3064270105397	-23.2222370778269
			39.3221495813439	-23.2065145070226
			39.3378721521481	-23.1907919362184
			39.3535947229524	-23.1750693654142
			39.3693172937566	-23.15934679461
			39.3850398645608	-23.1436242238058
			39.3850398645608	-23.1279016530016
			39.400762435365	-23.1121790821973
			39.4164850061692	-23.0964565113931
			39.4322075769734	-23.0807339405889
			39.4479301477776	-23.0807339405889
			39.4636527185819	-23.0650113697847
			39.4793752893861	-23.0650113697847
			39.4950978601903	-23.0492887989805
			39.5108204309945	-23.0492887989805
			39.5265430017987	-23.0335662281763
			39.5422655726029	-23.0335662281763
			39.5579881434072	-23.0178436573721
			39.5737107142114	-23.0178436573721
			39.5894332850156	-23.0021210865678
			39.6051558558198	-23.0021210865678
			39.620878426624	-23.0021210865678
			39.6366009974282	-22.9863985157636
			39.6523235682325	-22.9863985157636
			39.6680461390367	-22.9863985157636
			39.6837687098409	-22.9706759449594
			39.6994912806451	-22.9706759449594
			39.7152138514493	-22.9706759449594
			39.7309364222535	-22.9706759449594
			39.7466589930577	-22.9549533741552
			39.762381563862	-22.9549533741552
			39.7781041346662	-22.9549533741552
			39.7938267054704	-22.9549533741552
			39.8095492762746	-22.9549533741552
			39.8252718470788	-22.939230803351
			39.840994417883	-22.939230803351
			39.8567169886873	-22.939230803351
			39.8724395594915	-22.939230803351
			39.8881621302957	-22.939230803351
			39.9038847010999	-22.939230803351
			39.9196072719041	-22.9235082325468
			39.9353298427083	-22.9235082325468
			39.9510524135126	-22.9235082325468
			39.9667749843168	-22.9235082325468
			39.982497555121	-22.9235082325468
			39.9982201259252	-22.9235082325468
			40.0139426967294	-22.9077856617425
			40.0296652675336	-22.9077856617425
			40.0453878383379	-22.9077856617425
			40.0611104091421	-22.9077856617425
			40.0768329799463	-22.9077856617425
			40.0925555507505	-22.8920630909383
			40.1082781215547	-22.8920630909383
			40.1240006923589	-22.8920630909383
			40.1397232631631	-22.8920630909383
			40.1554458339674	-22.8920630909383
			40.1711684047716	-22.8920630909383
			40.1868909755758	-22.8763405201341
			40.20261354638	-22.8763405201341
			40.2183361171842	-22.8763405201341
			40.2340586879884	-22.8763405201341
			40.2497812587927	-22.8763405201341
			40.2655038295969	-22.8763405201341
			40.2812264004011	-22.8606179493299
			40.2969489712053	-22.8606179493299
			40.3126715420095	-22.8606179493299
			40.3283941128137	-22.8606179493299
			40.344116683618	-22.8606179493299
			40.3598392544222	-22.8606179493299
			40.3755618252264	-22.8606179493299
			40.3912843960306	-22.8606179493299
			40.4070069668348	-22.8606179493299
			40.422729537639	-22.8606179493299
			40.4384521084433	-22.8763405201341
			40.4541746792475	-22.8763405201341
			40.4698972500517	-22.8763405201341
			40.4856198208559	-22.8763405201341
			40.5013423916601	-22.8763405201341
			40.5170649624643	-22.8763405201341
			40.5327875332685	-22.8763405201341
			40.5485101040728	-22.8763405201341
			40.564232674877	-22.8920630909383
			40.5799552456812	-22.8920630909383
			40.5956778164854	-22.8920630909383
			40.6114003872896	-22.8920630909383
			40.6271229580938	-22.8920630909383
		</Outline2>
		<Outline3 type=matrix rownames=FALSE colnames=FALSE nrow=200 ncol=2 as.numeric=TRUE >
			40.6271229580938	-22.8920630909383
			40.6428455288981	-22.8920630909383
			40.6585680997023	-22.8920630909383
			40.6742906705065	-22.8920630909383
			40.6900132413107	-22.8920630909383
			40.7057358121149	-22.8920630909383
			40.7214583829191	-22.8920630909383
			40.7371809537234	-22.8920630909383
			40.7529035245276	-22.8920630909383
			40.7686260953318	-22.8920630909383
			40.784348666136	-22.8920630909383
			40.8000712369402	-22.8920630909383
			40.8157938077444	-22.8920630909383
			40.8315163785486	-22.8920630909383
			40.8472389493529	-22.8920630909383
			40.8629615201571	-22.9077856617425
			40.8786840909613	-22.9077856617425
			40.8944066617655	-22.9077856617425
			40.9101292325697	-22.9077856617425
			40.9258518033739	-22.9077856617425
			40.9415743741782	-22.9077856617425
			40.9572969449824	-22.9077856617425
			40.9730195157866	-22.9077856617425
			40.9887420865908	-22.9077856617425
			41.004464657395	-22.9077856617425
			41.0201872281992	-22.9235082325468
			41.0359097990035	-22.9235082325468
			41.0516323698077	-22.9235082325468
			41.0673549406119	-22.9235082325468
			41.0830775114161	-22.9235082325468
			41.0988000822203	-22.939230803351
			41.1145226530245	-22.939230803351
			41.1302452238288	-22.939230803351
			41.145967794633	-22.939230803351
			41.1616903654372	-22.9549533741552
			41.1774129362414	-22.9549533741552
			41.1931355070456	-22.9549533741552
			41.2088580778498	-22.9706759449594
			41.224580648654	-22.9706759449594
			41.2403032194583	-22.9706759449594
			41.2403032194583	-22.9863985157636
			41.2560257902625	-22.9863985157636
			41.2717483610667	-23.0021210865678
			41.2874709318709	-23.0021210865678
			41.3031935026751	-23.0178436573721
			41.3189160734793	-23.0335662281763
			41.3346386442836	-23.0335662281763
			41.3503612150878	-23.0492887989805
			41.366083785892	-23.0492887989805
			41.3818063566962	-23.0492887989805
			41.3818063566962	-23.0650113697847
			41.3975289275004	-23.0650113697847
			41.4132514983046	-23.0807339405889
			41.4289740691089	-23.0807339405889
			41.4446966399131	-23.0964565113931
			41.4604192107173	-23.1121790821973
			41.4761417815215	-23.1121790821973
			41.4918643523257	-23.1279016530016
			41.5075869231299	-23.1436242238058
			41.5075869231299	-23.15934679461
			41.5233094939341	-23.1750693654142
			41.5390320647384	-23.1907919362184
			41.5547546355426	-23.2065145070226
			41.5704772063468	-23.2222370778269
			41.5704772063468	-23.2379596486311
			41.586199777151	-23.2536822194353
			41.586199777151	-23.2694047902395
			41.6019223479552	-23.2851273610437
			41.6176449187594	-23.3008499318479
			41.6176449187594	-23.3165725026522
			41.6333674895637	-23.3322950734564
			41.6333674895637	-23.3480176442606
			41.6490900603679	-23.3480176442606
			41.6490900603679	-23.3637402150648
			41.6648126311721	-23.379462785869
			41.6648126311721	-23.3951853566732
			41.6805352019763	-23.4109079274774
			41.6805352019763	-23.4266304982817
			41.6962577727805	-23.4423530690859
			41.6962577727805	-23.4580756398901
			41.7119803435847	-23.4737982106943
			41.7119803435847	-23.4895207814985
			41.727702914389	-23.5052433523027
			41.727702914389	-23.520965923107
			41.7434254851932	-23.5366884939112
			41.7434254851932	-23.5524110647154
			41.7434254851932	-23.5681336355196
			41.7591480559974	-23.5681336355196
			41.7591480559974	-23.5838562063238
			41.7748706268016	-23.599578777128
			41.7748706268016	-23.6153013479323
			41.7748706268016	-23.6310239187365
			41.7905931976058	-23.6310239187365
			41.7905931976058	-23.6467464895407
			41.80631576841	-23.6624690603449
			41.80631576841	-23.6781916311491
			41.8220383392143	-23.6939142019533
			41.8220383392143	-23.7096367727576
			41.8220383392143	-23.7253593435618
			41.8377609100185	-23.741081914366
			41.8377609100185	-23.7568044851702
			41.8534834808227	-23.7725270559744
			41.8534834808227	-23.7882496267786
			41.8534834808227	-23.8039721975828
			41.8692060516269	-23.8039721975828
			41.8692060516269	-23.8196947683871
			41.8692060516269	-23.8354173391913
			41.8849286224311	-23.8511399099955
			41.8849286224311	-23.8668624807997
			41.8849286224311	-23.8825850516039
			41.8849286224311	-23.8983076224081
			41.9006511932353	-23.9140301932124
			41.9006511932353	-23.9297527640166
			41.9006511932353	-23.9454753348208
			41.9163737640395	-23.961197905625
			41.9163737640395	-23.9769204764292
			41.9163737640395	-23.9926430472334
			41.9163737640395	-24.0083656180377
			41.9320963348438	-24.0240881888419
			41.9320963348438	-24.0398107596461
			41.9320963348438	-24.0555333304503
			41.947818905648	-24.0712559012545
			41.947818905648	-24.0869784720587
			41.947818905648	-24.102701042863
			41.947818905648	-24.1184236136672
			41.9635414764522	-24.1341461844714
			41.9635414764522	-24.1498687552756
			41.9635414764522	-24.1655913260798
			41.9635414764522	-24.181313896884
			41.9792640472564	-24.1970364676882
			41.9792640472564	-24.2127590384925
			41.9792640472564	-24.2284816092967
			41.9792640472564	-24.2442041801009
			41.9949866180606	-24.2599267509051
			41.9949866180606	-24.2756493217093
			41.9949866180606	-24.2913718925135
			41.9949866180606	-24.3070944633178
			42.0107091888648	-24.322817034122
			42.0107091888648	-24.3385396049262
			42.0107091888648	-24.3542621757304
			42.0107091888648	-24.3699847465346
			42.0264317596691	-24.3857073173388
			42.0264317596691	-24.401429888143
			42.0264317596691	-24.4171524589473
			42.0264317596691	-24.4328750297515
			42.0421543304733	-24.4485976005557
			42.0421543304733	-24.4643201713599
			42.0421543304733	-24.4800427421641
			42.0421543304733	-24.4957653129683
			42.0421543304733	-24.5114878837726
			42.0578769012775	-24.5272104545768
			42.0578769012775	-24.542933025381
			42.0578769012775	-24.5586555961852
			42.0578769012775	-24.5743781669894
			42.0578769012775	-24.5901007377936
			42.0578769012775	-24.6058233085979
			42.0578769012775	-24.6215458794021
			42.0735994720817	-24.6372684502063
			42.0735994720817	-24.6529910210105
			42.0735994720817	-24.6687135918147
			42.0735994720817	-24.6844361626189
			42.0735994720817	-24.7001587334232
			42.0735994720817	-24.7158813042274
			42.0735994720817	-24.7316038750316
			42.0735994720817	-24.7473264458358
			42.0735994720817	-24.76304901664
			42.0735994720817	-24.7787715874442
			42.0735994720817	-24.7944941582484
			42.0735994720817	-24.8102167290527
			42.0735994720817	-24.8259392998569
			42.0735994720817	-24.8416618706611
			42.0735994720817	-24.8573844414653
			42.0735994720817	-24.8731070122695
			42.0735994720817	-24.8888295830737
			42.0735994720817	-24.904552153878
			42.0735994720817	-24.9202747246822
			42.0735994720817	-24.9359972954864
			42.0735994720817	-24.9517198662906
			42.0735994720817	-24.9674424370948
			42.0735994720817	-24.983165007899
			42.0735994720817	-24.9988875787033
			42.0735994720817	-25.0146101495075
			42.0735994720817	-25.0303327203117
			42.0735994720817	-25.0460552911159
			42.0735994720817	-25.0617778619201
			42.0735994720817	-25.0775004327243
			42.0735994720817	-25.0932230035285
			42.0735994720817	-25.1089455743328
			42.0735994720817	-25.124668145137
			42.0735994720817	-25.1403907159412
			42.0735994720817	-25.1561132867454
			42.0578769012775	-25.1718358575496
			42.0578769012775	-25.1875584283538
			42.0578769012775	-25.2032809991581
			42.0578769012775	-25.2190035699623
			42.0578769012775	-25.2347261407665
			42.0578769012775	-25.2504487115707
			42.0578769012775	-25.2661712823749
			42.0578769012775	-25.2818938531791
			42.0578769012775	-25.2976164239834
		</Outline3>
		<Outline4 type=matrix rownames=FALSE colnames=FALSE nrow=184 ncol=2 as.numeric=TRUE >
			42.0578769012775	-25.2976164239834
			42.0578769012775	-25.3133389947876
			42.0421543304733	-25.3290615655918
			42.0421543304733	-25.344784136396
			42.0421543304733	-25.3605067072002
			42.0421543304733	-25.3762292780044
			42.0264317596691	-25.3919518488087
			42.0264317596691	-25.4076744196129
			42.0264317596691	-25.4233969904171
			42.0264317596691	-25.4391195612213
			42.0107091888648	-25.4548421320255
			42.0107091888648	-25.4705647028297
			42.0107091888648	-25.4862872736339
			42.0107091888648	-25.5020098444382
			41.9949866180606	-25.5177324152424
			41.9949866180606	-25.5334549860466
			41.9949866180606	-25.5491775568508
			41.9949866180606	-25.564900127655
			41.9792640472564	-25.5806226984592
			41.9792640472564	-25.5963452692635
			41.9792640472564	-25.6120678400677
			41.9792640472564	-25.6277904108719
			41.9635414764522	-25.6435129816761
			41.9635414764522	-25.6592355524803
			41.9635414764522	-25.6749581232845
			41.947818905648	-25.6906806940888
			41.947818905648	-25.706403264893
			41.947818905648	-25.7221258356972
			41.947818905648	-25.7378484065014
			41.9320963348438	-25.7535709773056
			41.9320963348438	-25.7692935481098
			41.9320963348438	-25.785016118914
			41.9163737640395	-25.8007386897183
			41.9163737640395	-25.8164612605225
			41.9163737640395	-25.8321838313267
			41.9163737640395	-25.8479064021309
			41.9006511932353	-25.8636289729351
			41.9006511932353	-25.8793515437393
			41.9006511932353	-25.8950741145436
			41.8849286224311	-25.8950741145436
			41.8849286224311	-25.9107966853478
			41.8849286224311	-25.926519256152
			41.8849286224311	-25.9422418269562
			41.8692060516269	-25.9579643977604
			41.8692060516269	-25.9736869685646
			41.8692060516269	-25.9894095393689
			41.8534834808227	-26.0051321101731
			41.8534834808227	-26.0208546809773
			41.8534834808227	-26.0365772517815
			41.8377609100185	-26.0522998225857
			41.8377609100185	-26.0680223933899
			41.8377609100185	-26.0837449641941
			41.8220383392143	-26.0994675349984
			41.8220383392143	-26.1151901058026
			41.8220383392143	-26.1309126766068
			41.80631576841	-26.146635247411
			41.80631576841	-26.1623578182152
			41.7905931976058	-26.1780803890194
			41.7905931976058	-26.1938029598237
			41.7905931976058	-26.2095255306279
			41.7748706268016	-26.2095255306279
			41.7748706268016	-26.2252481014321
			41.7591480559974	-26.2409706722363
			41.7591480559974	-26.2566932430405
			41.7434254851932	-26.2724158138447
			41.7434254851932	-26.288138384649
			41.727702914389	-26.3038609554532
			41.727702914389	-26.3195835262574
			41.7119803435847	-26.3353060970616
			41.7119803435847	-26.3510286678658
			41.6962577727805	-26.3510286678658
			41.6962577727805	-26.36675123867
			41.6805352019763	-26.3824738094743
			41.6805352019763	-26.3981963802785
			41.6648126311721	-26.3981963802785
			41.6648126311721	-26.4139189510827
			41.6490900603679	-26.4296415218869
			41.6490900603679	-26.4453640926911
			41.6333674895637	-26.4453640926911
			41.6333674895637	-26.4610866634953
			41.6176449187594	-26.4768092342995
			41.6176449187594	-26.4925318051038
			41.6019223479552	-26.508254375908
			41.586199777151	-26.5239769467122
			41.586199777151	-26.5396995175164
			41.5704772063468	-26.5554220883206
			41.5547546355426	-26.5711446591248
			41.5390320647384	-26.5868672299291
			41.5390320647384	-26.6025898007333
			41.5233094939341	-26.6183123715375
			41.5075869231299	-26.6340349423417
			41.5075869231299	-26.6497575131459
			41.4918643523257	-26.6654800839501
			41.4761417815215	-26.6812026547544
			41.4604192107173	-26.6969252255586
			41.4604192107173	-26.7126477963628
			41.4446966399131	-26.728370367167
			41.4289740691089	-26.7440929379712
			41.4132514983046	-26.7598155087754
			41.4132514983046	-26.7755380795797
			41.3975289275004	-26.7755380795797
			41.3818063566962	-26.7912606503839
			41.366083785892	-26.8069832211881
			41.3503612150878	-26.8227057919923
			41.3503612150878	-26.8384283627965
			41.3346386442836	-26.8384283627965
			41.3189160734793	-26.8541509336007
			41.3031935026751	-26.8698735044049
			41.2874709318709	-26.8855960752092
			41.2717483610667	-26.8855960752092
			41.2560257902625	-26.9013186460134
			41.2560257902625	-26.9170412168176
			41.2403032194583	-26.9170412168176
			41.224580648654	-26.9327637876218
			41.2088580778498	-26.948486358426
			41.1931355070456	-26.948486358426
			41.1774129362414	-26.9642089292302
			41.1616903654372	-26.9799315000345
			41.145967794633	-26.9799315000345
			41.1302452238288	-26.9956540708387
			41.1145226530245	-26.9956540708387
			41.0988000822203	-27.0113766416429
			41.0830775114161	-27.0113766416429
			41.0673549406119	-27.0270992124471
			41.0516323698077	-27.0270992124471
			41.0359097990035	-27.0428217832513
			41.0201872281992	-27.0428217832513
			41.004464657395	-27.0585443540555
			40.9887420865908	-27.0585443540555
			40.9730195157866	-27.0585443540555
			40.9572969449824	-27.0742669248597
			40.9415743741782	-27.0742669248597
			40.9258518033739	-27.089989495664
			40.9101292325697	-27.089989495664
			40.8944066617655	-27.089989495664
			40.8786840909613	-27.1057120664682
			40.8629615201571	-27.1057120664682
			40.8472389493529	-27.1057120664682
			40.8315163785486	-27.1214346372724
			40.8157938077444	-27.1214346372724
			40.8000712369402	-27.1214346372724
			40.784348666136	-27.1214346372724
			40.7686260953318	-27.1371572080766
			40.7529035245276	-27.1371572080766
			40.7371809537234	-27.1528797788808
			40.7214583829191	-27.1528797788808
			40.7057358121149	-27.1528797788808
			40.6900132413107	-27.168602349685
			40.6742906705065	-27.168602349685
			40.6585680997023	-27.168602349685
			40.6428455288981	-27.1843249204893
			40.6271229580938	-27.1843249204893
			40.6114003872896	-27.2000474912935
			40.5956778164854	-27.2000474912935
			40.5799552456812	-27.2000474912935
			40.564232674877	-27.2000474912935
			40.5485101040728	-27.2000474912935
			40.5327875332685	-27.2000474912935
			40.5170649624643	-27.2000474912935
			40.5013423916601	-27.2000474912935
			40.4856198208559	-27.2157700620977
			40.4698972500517	-27.2157700620977
			40.4541746792475	-27.2157700620977
			40.4384521084433	-27.2157700620977
			40.422729537639	-27.2157700620977
			40.4070069668348	-27.2157700620977
			40.3912843960306	-27.2157700620977
			40.3755618252264	-27.2157700620977
			40.3598392544222	-27.2157700620977
			40.344116683618	-27.2157700620977
			40.3283941128137	-27.2157700620977
			40.3126715420095	-27.2157700620977
			40.2969489712053	-27.2157700620977
			40.2812264004011	-27.2157700620977
			40.2655038295969	-27.2157700620977
			40.2497812587927	-27.2157700620977
			40.2340586879884	-27.2157700620977
			40.2183361171842	-27.2157700620977
			40.20261354638	-27.2157700620977
			40.1868909755758	-27.2157700620977
			40.1711684047716	-27.2157700620977
			40.1554458339674	-27.2157700620977
			40.1397232631631	-27.2157700620977
			40.1240006923589	-27.2157700620977
		</Outline4>
	</curves.scaled>
	<ruler.points type=matrix rownames=TRUE colnames=FALSE nrow=2 ncol=2 as.numeric=TRUE >
		Ruler point 1	3339	2557
		Ruler point 2	2703	2563
	</ruler.points>
</shapes>

