<shapes type=list>
	<ruler.pixel type=vector names=FALSE length=1 as.numeric=TRUE >882.068591437197</ruler.pixel>
	<ruler.interval type=vector names=FALSE length=1 as.numeric=TRUE >10</ruler.interval>
	<scaling.units type=vector names=FALSE length=1 as.numeric=FALSE >mm</scaling.units>
	<scaling type=vector names=FALSE length=1 as.numeric=TRUE >0.0113369868251476</scaling>
	<landmarks.pixel type=matrix rownames=TRUE colnames=FALSE nrow=4 ncol=2 as.numeric=TRUE >
		Labial	2615	1862
		Posterior	2496	1806
		Lingual	2570	1700
		Anterior	2694	1758
	</landmarks.pixel>
	<landmarks.scaled type=matrix rownames=TRUE colnames=FALSE nrow=4 ncol=2 as.numeric=TRUE >
		Labial	29.646220547761	-21.1094694684248
		Posterior	28.2971191155684	-20.4745982062166
		Lingual	29.1360561406293	-19.2728776027509
		Anterior	30.5418425069476	-19.9304228386095
	</landmarks.scaled>
	<curves.control type=list>
		<Outline1 type=matrix rownames=FALSE colnames=FALSE nrow=15 ncol=2 as.numeric=TRUE >
			2615	1862
			2604	1869
			2594	1876
			2585	1883
			2574	1888
			2565	1890
			2556	1891
			2547	1890
			2537	1887
			2528	1883
			2520	1876
			2514	1869
			2510	1860
			2502	1831
			2496	1806
		</Outline1>
		<Outline2 type=matrix rownames=FALSE colnames=FALSE nrow=13 ncol=2 as.numeric=TRUE >
			2496	1806
			2495	1789
			2497	1773
			2500	1757
			2501	1745
			2502	1735
			2505	1725
			2512	1716
			2521	1711
			2530	1706
			2541	1704
			2554	1702
			2570	1700
		</Outline2>
		<Outline3 type=matrix rownames=FALSE colnames=FALSE nrow=15 ncol=2 as.numeric=TRUE >
			2570	1700
			2578	1699
			2585	1697
			2596	1696
			2608	1699
			2619	1701
			2633	1701
			2646	1703
			2658	1707
			2669	1712
			2676	1718
			2680	1726
			2684	1733
			2689	1744
			2694	1758
		</Outline3>
		<Outline4 type=matrix rownames=FALSE colnames=FALSE nrow=15 ncol=2 as.numeric=TRUE >
			2694	1758
			2698	1771
			2698	1781
			2696	1795
			2694	1806
			2689	1813
			2681	1819
			2677	1824
			2671	1832
			2666	1840
			2657	1846
			2648	1851
			2639	1854
			2627	1857
			2615	1862
		</Outline4>
	</curves.control>
	<curves.pixel type=list>
		<Outline1 type=matrix rownames=FALSE colnames=FALSE nrow=172 ncol=2 as.numeric=TRUE >
			2615	1862
			2614	1863
			2613	1863
			2612	1864
			2611	1865
			2610	1865
			2609	1866
			2608	1867
			2607	1867
			2606	1868
			2605	1869
			2604	1869
			2603	1870
			2602	1871
			2601	1871
			2600	1872
			2599	1872
			2598	1873
			2597	1874
			2596	1874
			2595	1875
			2594	1876
			2593	1877
			2592	1878
			2591	1879
			2590	1879
			2589	1880
			2588	1880
			2587	1881
			2586	1882
			2585	1882
			2584	1883
			2583	1883
			2582	1884
			2581	1884
			2581	1885
			2580	1885
			2579	1886
			2578	1886
			2577	1887
			2576	1887
			2575	1887
			2575	1888
			2574	1888
			2573	1888
			2572	1888
			2572	1889
			2571	1889
			2570	1889
			2569	1889
			2568	1889
			2567	1889
			2566	1890
			2565	1890
			2564	1890
			2563	1890
			2562	1890
			2561	1890
			2560	1890
			2560	1891
			2559	1891
			2558	1891
			2557	1891
			2556	1891
			2555	1891
			2554	1891
			2553	1891
			2552	1890
			2551	1890
			2550	1890
			2549	1890
			2548	1890
			2547	1889
			2546	1889
			2545	1889
			2544	1889
			2543	1889
			2542	1888
			2541	1888
			2540	1888
			2539	1888
			2538	1887
			2537	1887
			2536	1887
			2535	1886
			2534	1886
			2533	1885
			2532	1884
			2531	1884
			2530	1883
			2529	1882
			2528	1882
			2527	1881
			2526	1880
			2525	1880
			2524	1879
			2523	1878
			2522	1877
			2521	1877
			2520	1876
			2519	1875
			2518	1874
			2518	1873
			2517	1872
			2516	1871
			2516	1870
			2515	1869
			2514	1868
			2514	1867
			2513	1866
			2513	1865
			2512	1865
			2512	1864
			2512	1863
			2511	1862
			2510	1861
			2510	1860
			2510	1859
			2509	1858
			2509	1857
			2509	1856
			2509	1855
			2508	1854
			2508	1853
			2508	1852
			2507	1851
			2507	1850
			2507	1849
			2507	1848
			2506	1847
			2506	1846
			2506	1845
			2506	1844
			2505	1843
			2505	1842
			2505	1841
			2505	1840
			2504	1839
			2504	1838
			2504	1837
			2504	1836
			2503	1836
			2503	1835
			2503	1834
			2503	1833
			2503	1832
			2502	1831
			2502	1830
			2502	1829
			2501	1828
			2501	1827
			2501	1826
			2501	1825
			2500	1824
			2500	1823
			2500	1822
			2500	1821
			2499	1820
			2499	1819
			2499	1818
			2499	1817
			2498	1816
			2498	1815
			2498	1814
			2498	1813
			2497	1812
			2497	1811
			2497	1810
			2497	1809
			2496	1808
			2496	1807
			2496	1806
		</Outline1>
		<Outline2 type=matrix rownames=FALSE colnames=FALSE nrow=153 ncol=2 as.numeric=TRUE >
			2496	1806
			2496	1805
			2496	1804
			2496	1803
			2496	1802
			2496	1801
			2496	1800
			2496	1799
			2496	1798
			2496	1797
			2496	1796
			2496	1795
			2496	1794
			2496	1793
			2496	1792
			2496	1791
			2496	1790
			2496	1789
			2496	1788
			2496	1787
			2496	1786
			2496	1785
			2496	1784
			2496	1783
			2496	1782
			2496	1781
			2496	1780
			2496	1779
			2496	1778
			2497	1777
			2497	1776
			2497	1775
			2497	1774
			2497	1773
			2497	1772
			2497	1771
			2497	1770
			2498	1769
			2498	1768
			2498	1767
			2498	1766
			2498	1765
			2499	1764
			2499	1763
			2499	1762
			2499	1761
			2499	1760
			2499	1759
			2499	1758
			2500	1758
			2500	1757
			2500	1756
			2500	1755
			2500	1754
			2500	1753
			2500	1752
			2500	1751
			2500	1750
			2501	1750
			2501	1749
			2501	1748
			2501	1747
			2501	1746
			2501	1745
			2501	1744
			2501	1743
			2501	1742
			2501	1741
			2502	1740
			2502	1739
			2502	1738
			2502	1737
			2502	1736
			2503	1735
			2503	1734
			2503	1733
			2503	1732
			2503	1731
			2504	1730
			2504	1729
			2504	1728
			2505	1727
			2505	1726
			2505	1725
			2506	1724
			2507	1723
			2508	1722
			2509	1721
			2509	1720
			2510	1719
			2511	1718
			2512	1718
			2512	1717
			2513	1717
			2514	1716
			2514	1715
			2515	1715
			2516	1714
			2517	1714
			2518	1713
			2519	1712
			2520	1712
			2521	1711
			2522	1710
			2523	1710
			2524	1709
			2525	1709
			2526	1708
			2527	1708
			2528	1708
			2529	1707
			2530	1707
			2531	1706
			2532	1706
			2533	1706
			2534	1706
			2535	1705
			2536	1705
			2537	1705
			2538	1705
			2539	1704
			2540	1704
			2541	1704
			2542	1704
			2543	1704
			2544	1704
			2544	1703
			2545	1703
			2546	1703
			2547	1703
			2548	1703
			2549	1703
			2550	1703
			2551	1703
			2552	1702
			2553	1702
			2554	1702
			2555	1702
			2556	1702
			2557	1702
			2558	1702
			2559	1701
			2560	1701
			2561	1701
			2562	1701
			2563	1701
			2564	1701
			2565	1701
			2566	1701
			2567	1700
			2568	1700
			2569	1700
			2570	1700
		</Outline2>
		<Outline3 type=matrix rownames=FALSE colnames=FALSE nrow=154 ncol=2 as.numeric=TRUE >
			2570	1700
			2571	1700
			2572	1700
			2573	1700
			2574	1699
			2575	1699
			2576	1699
			2577	1699
			2578	1699
			2579	1698
			2580	1698
			2581	1698
			2582	1698
			2583	1698
			2584	1697
			2585	1697
			2586	1697
			2587	1697
			2588	1697
			2589	1697
			2590	1697
			2591	1697
			2592	1697
			2593	1697
			2594	1697
			2595	1697
			2596	1697
			2597	1697
			2598	1697
			2599	1697
			2600	1697
			2601	1698
			2602	1698
			2603	1698
			2604	1698
			2605	1698
			2606	1699
			2607	1699
			2608	1699
			2609	1699
			2610	1699
			2611	1699
			2612	1700
			2613	1700
			2614	1700
			2615	1700
			2616	1700
			2617	1700
			2618	1700
			2619	1700
			2620	1701
			2621	1701
			2622	1701
			2623	1701
			2624	1701
			2625	1701
			2626	1701
			2627	1701
			2628	1701
			2629	1701
			2630	1701
			2631	1701
			2632	1701
			2633	1701
			2634	1701
			2635	1701
			2636	1702
			2637	1702
			2638	1702
			2639	1702
			2640	1702
			2641	1702
			2642	1703
			2643	1703
			2644	1703
			2645	1703
			2646	1704
			2647	1704
			2648	1704
			2649	1704
			2650	1705
			2651	1705
			2652	1705
			2653	1705
			2653	1706
			2654	1706
			2655	1706
			2656	1706
			2656	1707
			2657	1707
			2658	1707
			2659	1707
			2659	1708
			2660	1708
			2661	1708
			2661	1709
			2662	1709
			2663	1709
			2663	1710
			2664	1710
			2665	1710
			2665	1711
			2666	1711
			2667	1712
			2668	1712
			2669	1713
			2670	1714
			2671	1714
			2672	1715
			2673	1716
			2674	1717
			2675	1717
			2676	1718
			2677	1719
			2677	1720
			2678	1721
			2678	1722
			2679	1723
			2679	1724
			2680	1725
			2680	1726
			2681	1727
			2681	1728
			2682	1729
			2682	1730
			2683	1730
			2683	1731
			2684	1732
			2684	1733
			2684	1734
			2685	1735
			2685	1736
			2686	1737
			2686	1738
			2687	1739
			2687	1740
			2688	1741
			2688	1742
			2688	1743
			2689	1744
			2689	1745
			2690	1746
			2690	1747
			2690	1748
			2691	1749
			2691	1750
			2692	1751
			2692	1752
			2692	1753
			2693	1754
			2693	1755
			2693	1756
			2694	1757
			2694	1758
		</Outline3>
		<Outline4 type=matrix rownames=FALSE colnames=FALSE nrow=139 ncol=2 as.numeric=TRUE >
			2694	1758
			2694	1759
			2695	1760
			2695	1761
			2695	1762
			2695	1763
			2696	1764
			2696	1765
			2696	1766
			2696	1767
			2697	1768
			2697	1769
			2697	1770
			2697	1771
			2697	1772
			2697	1773
			2698	1774
			2698	1775
			2698	1776
			2698	1777
			2698	1778
			2698	1779
			2698	1780
			2698	1781
			2698	1782
			2698	1783
			2698	1784
			2697	1785
			2697	1786
			2697	1787
			2697	1788
			2697	1789
			2697	1790
			2697	1791
			2696	1792
			2696	1793
			2696	1794
			2696	1795
			2696	1796
			2695	1797
			2695	1798
			2695	1799
			2695	1800
			2695	1801
			2695	1802
			2694	1803
			2694	1804
			2694	1805
			2694	1806
			2693	1807
			2693	1808
			2692	1809
			2691	1810
			2690	1811
			2689	1812
			2688	1813
			2687	1814
			2686	1815
			2685	1815
			2685	1816
			2684	1817
			2683	1817
			2682	1818
			2682	1819
			2681	1819
			2680	1820
			2680	1821
			2679	1822
			2678	1823
			2677	1824
			2676	1825
			2676	1826
			2675	1827
			2674	1828
			2674	1829
			2673	1829
			2672	1830
			2672	1831
			2671	1832
			2670	1833
			2670	1834
			2669	1835
			2668	1836
			2667	1837
			2667	1838
			2666	1839
			2665	1840
			2664	1840
			2663	1841
			2662	1842
			2661	1843
			2660	1844
			2659	1844
			2658	1845
			2657	1846
			2656	1846
			2655	1847
			2654	1848
			2653	1848
			2652	1849
			2651	1849
			2650	1850
			2649	1850
			2648	1850
			2648	1851
			2647	1851
			2646	1851
			2646	1852
			2645	1852
			2644	1852
			2643	1853
			2642	1853
			2641	1853
			2640	1854
			2639	1854
			2638	1854
			2637	1854
			2636	1855
			2635	1855
			2634	1855
			2633	1856
			2632	1856
			2631	1856
			2630	1857
			2629	1857
			2628	1857
			2627	1858
			2626	1858
			2625	1858
			2624	1859
			2623	1859
			2622	1859
			2621	1860
			2620	1860
			2619	1860
			2618	1861
			2617	1861
			2616	1862
			2615	1862
		</Outline4>
	</curves.pixel>
	<curves.scaled type=list>
		<Outline1 type=matrix rownames=FALSE colnames=FALSE nrow=172 ncol=2 as.numeric=TRUE >
			29.646220547761	-21.1094694684248
			29.6348835609358	-21.12080645525
			29.6235465741107	-21.12080645525
			29.6122095872855	-21.1321434420751
			29.6008726004604	-21.1434804289003
			29.5895356136352	-21.1434804289003
			29.5781986268101	-21.1548174157254
			29.5668616399849	-21.1661544025506
			29.5555246531598	-21.1661544025506
			29.5441876663347	-21.1774913893757
			29.5328506795095	-21.1888283762009
			29.5215136926844	-21.1888283762009
			29.5101767058592	-21.200165363026
			29.4988397190341	-21.2115023498512
			29.4875027322089	-21.2115023498512
			29.4761657453838	-21.2228393366763
			29.4648287585586	-21.2228393366763
			29.4534917717335	-21.2341763235015
			29.4421547849083	-21.2455133103266
			29.4308177980832	-21.2455133103266
			29.419480811258	-21.2568502971518
			29.4081438244329	-21.2681872839769
			29.3968068376077	-21.279524270802
			29.3854698507826	-21.2908612576272
			29.3741328639574	-21.3021982444523
			29.3627958771323	-21.3021982444523
			29.3514588903071	-21.3135352312775
			29.340121903482	-21.3135352312775
			29.3287849166568	-21.3248722181026
			29.3174479298317	-21.3362092049278
			29.3061109430066	-21.3362092049278
			29.2947739561814	-21.3475461917529
			29.2834369693563	-21.3475461917529
			29.2720999825311	-21.3588831785781
			29.260762995706	-21.3588831785781
			29.260762995706	-21.3702201654032
			29.2494260088808	-21.3702201654032
			29.2380890220557	-21.3815571522284
			29.2267520352305	-21.3815571522284
			29.2154150484054	-21.3928941390535
			29.2040780615802	-21.3928941390535
			29.1927410747551	-21.3928941390535
			29.1927410747551	-21.4042311258787
			29.1814040879299	-21.4042311258787
			29.1700671011048	-21.4042311258787
			29.1587301142796	-21.4042311258787
			29.1587301142796	-21.4155681127038
			29.1473931274545	-21.4155681127038
			29.1360561406293	-21.4155681127038
			29.1247191538042	-21.4155681127038
			29.113382166979	-21.4155681127038
			29.1020451801539	-21.4155681127038
			29.0907081933287	-21.426905099529
			29.0793712065036	-21.426905099529
			29.0680342196784	-21.426905099529
			29.0566972328533	-21.426905099529
			29.0453602460282	-21.426905099529
			29.034023259203	-21.426905099529
			29.0226862723779	-21.426905099529
			29.0226862723779	-21.4382420863541
			29.0113492855527	-21.4382420863541
			29.0000122987276	-21.4382420863541
			28.9886753119024	-21.4382420863541
			28.9773383250773	-21.4382420863541
			28.9660013382521	-21.4382420863541
			28.954664351427	-21.4382420863541
			28.9433273646018	-21.4382420863541
			28.9319903777767	-21.426905099529
			28.9206533909515	-21.426905099529
			28.9093164041264	-21.426905099529
			28.8979794173012	-21.426905099529
			28.8866424304761	-21.426905099529
			28.8753054436509	-21.4155681127038
			28.8639684568258	-21.4155681127038
			28.8526314700006	-21.4155681127038
			28.8412944831755	-21.4155681127038
			28.8299574963503	-21.4155681127038
			28.8186205095252	-21.4042311258787
			28.8072835227001	-21.4042311258787
			28.7959465358749	-21.4042311258787
			28.7846095490498	-21.4042311258787
			28.7732725622246	-21.3928941390535
			28.7619355753995	-21.3928941390535
			28.7505985885743	-21.3928941390535
			28.7392616017492	-21.3815571522284
			28.727924614924	-21.3815571522284
			28.7165876280989	-21.3702201654032
			28.7052506412737	-21.3588831785781
			28.6939136544486	-21.3588831785781
			28.6825766676234	-21.3475461917529
			28.6712396807983	-21.3362092049278
			28.6599026939731	-21.3362092049278
			28.648565707148	-21.3248722181026
			28.6372287203228	-21.3135352312775
			28.6258917334977	-21.3135352312775
			28.6145547466725	-21.3021982444523
			28.6032177598474	-21.2908612576272
			28.5918807730223	-21.279524270802
			28.5805437861971	-21.279524270802
			28.569206799372	-21.2681872839769
			28.5578698125468	-21.2568502971518
			28.5465328257217	-21.2455133103266
			28.5465328257217	-21.2341763235015
			28.5351958388965	-21.2228393366763
			28.5238588520714	-21.2115023498512
			28.5238588520714	-21.200165363026
			28.5125218652462	-21.1888283762009
			28.5011848784211	-21.1774913893757
			28.5011848784211	-21.1661544025506
			28.4898478915959	-21.1548174157254
			28.4898478915959	-21.1434804289003
			28.4785109047708	-21.1434804289003
			28.4785109047708	-21.1321434420751
			28.4785109047708	-21.12080645525
			28.4671739179456	-21.1094694684248
			28.4558369311205	-21.0981324815997
			28.4558369311205	-21.0867954947745
			28.4558369311205	-21.0754585079494
			28.4444999442953	-21.0641215211242
			28.4444999442953	-21.0527845342991
			28.4444999442953	-21.0414475474739
			28.4444999442953	-21.0301105606488
			28.4331629574702	-21.0187735738237
			28.4331629574702	-21.0074365869985
			28.4331629574702	-20.9960996001734
			28.421825970645	-20.9847626133482
			28.421825970645	-20.9734256265231
			28.421825970645	-20.9620886396979
			28.421825970645	-20.9507516528728
			28.4104889838199	-20.9394146660476
			28.4104889838199	-20.9280776792225
			28.4104889838199	-20.9167406923973
			28.4104889838199	-20.9054037055722
			28.3991519969947	-20.894066718747
			28.3991519969947	-20.8827297319219
			28.3991519969947	-20.8713927450967
			28.3991519969947	-20.8600557582716
			28.3878150101696	-20.8487187714464
			28.3878150101696	-20.8373817846213
			28.3878150101696	-20.8260447977961
			28.3878150101696	-20.814707810971
			28.3764780233444	-20.814707810971
			28.3764780233444	-20.8033708241458
			28.3764780233444	-20.7920338373207
			28.3764780233444	-20.7806968504956
			28.3764780233444	-20.7693598636704
			28.3651410365193	-20.7580228768453
			28.3651410365193	-20.7466858900201
			28.3651410365193	-20.735348903195
			28.3538040496942	-20.7240119163698
			28.3538040496942	-20.7126749295447
			28.3538040496942	-20.7013379427195
			28.3538040496942	-20.6900009558944
			28.342467062869	-20.6786639690692
			28.342467062869	-20.6673269822441
			28.342467062869	-20.6559899954189
			28.342467062869	-20.6446530085938
			28.3311300760439	-20.6333160217686
			28.3311300760439	-20.6219790349435
			28.3311300760439	-20.6106420481183
			28.3311300760439	-20.5993050612932
			28.3197930892187	-20.587968074468
			28.3197930892187	-20.5766310876429
			28.3197930892187	-20.5652941008177
			28.3197930892187	-20.5539571139926
			28.3084561023936	-20.5426201271675
			28.3084561023936	-20.5312831403423
			28.3084561023936	-20.5199461535172
			28.3084561023936	-20.508609166692
			28.2971191155684	-20.4972721798669
			28.2971191155684	-20.4859351930417
			28.2971191155684	-20.4745982062166
		</Outline1>
		<Outline2 type=matrix rownames=FALSE colnames=FALSE nrow=153 ncol=2 as.numeric=TRUE >
			28.2971191155684	-20.4745982062166
			28.2971191155684	-20.4632612193914
			28.2971191155684	-20.4519242325663
			28.2971191155684	-20.4405872457411
			28.2971191155684	-20.429250258916
			28.2971191155684	-20.4179132720908
			28.2971191155684	-20.4065762852657
			28.2971191155684	-20.3952392984405
			28.2971191155684	-20.3839023116154
			28.2971191155684	-20.3725653247902
			28.2971191155684	-20.3612283379651
			28.2971191155684	-20.3498913511399
			28.2971191155684	-20.3385543643148
			28.2971191155684	-20.3272173774896
			28.2971191155684	-20.3158803906645
			28.2971191155684	-20.3045434038394
			28.2971191155684	-20.2932064170142
			28.2971191155684	-20.2818694301891
			28.2971191155684	-20.2705324433639
			28.2971191155684	-20.2591954565388
			28.2971191155684	-20.2478584697136
			28.2971191155684	-20.2365214828885
			28.2971191155684	-20.2251844960633
			28.2971191155684	-20.2138475092382
			28.2971191155684	-20.202510522413
			28.2971191155684	-20.1911735355879
			28.2971191155684	-20.1798365487627
			28.2971191155684	-20.1684995619376
			28.2971191155684	-20.1571625751124
			28.3084561023936	-20.1458255882873
			28.3084561023936	-20.1344886014621
			28.3084561023936	-20.123151614637
			28.3084561023936	-20.1118146278118
			28.3084561023936	-20.1004776409867
			28.3084561023936	-20.0891406541616
			28.3084561023936	-20.0778036673364
			28.3084561023936	-20.0664666805113
			28.3197930892187	-20.0551296936861
			28.3197930892187	-20.043792706861
			28.3197930892187	-20.0324557200358
			28.3197930892187	-20.0211187332107
			28.3197930892187	-20.0097817463855
			28.3311300760439	-19.9984447595604
			28.3311300760439	-19.9871077727352
			28.3311300760439	-19.9757707859101
			28.3311300760439	-19.9644337990849
			28.3311300760439	-19.9530968122598
			28.3311300760439	-19.9417598254346
			28.3311300760439	-19.9304228386095
			28.342467062869	-19.9304228386095
			28.342467062869	-19.9190858517843
			28.342467062869	-19.9077488649592
			28.342467062869	-19.896411878134
			28.342467062869	-19.8850748913089
			28.342467062869	-19.8737379044837
			28.342467062869	-19.8624009176586
			28.342467062869	-19.8510639308335
			28.342467062869	-19.8397269440083
			28.3538040496942	-19.8397269440083
			28.3538040496942	-19.8283899571832
			28.3538040496942	-19.817052970358
			28.3538040496942	-19.8057159835329
			28.3538040496942	-19.7943789967077
			28.3538040496942	-19.7830420098826
			28.3538040496942	-19.7717050230574
			28.3538040496942	-19.7603680362323
			28.3538040496942	-19.7490310494071
			28.3538040496942	-19.737694062582
			28.3651410365193	-19.7263570757568
			28.3651410365193	-19.7150200889317
			28.3651410365193	-19.7036831021065
			28.3651410365193	-19.6923461152814
			28.3651410365193	-19.6810091284562
			28.3764780233444	-19.6696721416311
			28.3764780233444	-19.6583351548059
			28.3764780233444	-19.6469981679808
			28.3764780233444	-19.6356611811556
			28.3764780233444	-19.6243241943305
			28.3878150101696	-19.6129872075054
			28.3878150101696	-19.6016502206802
			28.3878150101696	-19.5903132338551
			28.3991519969947	-19.5789762470299
			28.3991519969947	-19.5676392602048
			28.3991519969947	-19.5563022733796
			28.4104889838199	-19.5449652865545
			28.421825970645	-19.5336282997293
			28.4331629574702	-19.5222913129042
			28.4444999442953	-19.510954326079
			28.4444999442953	-19.4996173392539
			28.4558369311205	-19.4882803524287
			28.4671739179456	-19.4769433656036
			28.4785109047708	-19.4769433656036
			28.4785109047708	-19.4656063787784
			28.4898478915959	-19.4656063787784
			28.5011848784211	-19.4542693919533
			28.5011848784211	-19.4429324051281
			28.5125218652462	-19.4429324051281
			28.5238588520714	-19.431595418303
			28.5351958388965	-19.431595418303
			28.5465328257217	-19.4202584314778
			28.5578698125468	-19.4089214446527
			28.569206799372	-19.4089214446527
			28.5805437861971	-19.3975844578275
			28.5918807730223	-19.3862474710024
			28.6032177598474	-19.3862474710024
			28.6145547466725	-19.3749104841773
			28.6258917334977	-19.3749104841773
			28.6372287203228	-19.3635734973521
			28.648565707148	-19.3635734973521
			28.6599026939731	-19.3635734973521
			28.6712396807983	-19.352236510527
			28.6825766676234	-19.352236510527
			28.6939136544486	-19.3408995237018
			28.7052506412737	-19.3408995237018
			28.7165876280989	-19.3408995237018
			28.727924614924	-19.3408995237018
			28.7392616017492	-19.3295625368767
			28.7505985885743	-19.3295625368767
			28.7619355753995	-19.3295625368767
			28.7732725622246	-19.3295625368767
			28.7846095490498	-19.3182255500515
			28.7959465358749	-19.3182255500515
			28.8072835227001	-19.3182255500515
			28.8186205095252	-19.3182255500515
			28.8299574963503	-19.3182255500515
			28.8412944831755	-19.3182255500515
			28.8412944831755	-19.3068885632264
			28.8526314700006	-19.3068885632264
			28.8639684568258	-19.3068885632264
			28.8753054436509	-19.3068885632264
			28.8866424304761	-19.3068885632264
			28.8979794173012	-19.3068885632264
			28.9093164041264	-19.3068885632264
			28.9206533909515	-19.3068885632264
			28.9319903777767	-19.2955515764012
			28.9433273646018	-19.2955515764012
			28.954664351427	-19.2955515764012
			28.9660013382521	-19.2955515764012
			28.9773383250773	-19.2955515764012
			28.9886753119024	-19.2955515764012
			29.0000122987276	-19.2955515764012
			29.0113492855527	-19.2842145895761
			29.0226862723779	-19.2842145895761
			29.034023259203	-19.2842145895761
			29.0453602460282	-19.2842145895761
			29.0566972328533	-19.2842145895761
			29.0680342196784	-19.2842145895761
			29.0793712065036	-19.2842145895761
			29.0907081933287	-19.2842145895761
			29.1020451801539	-19.2728776027509
			29.113382166979	-19.2728776027509
			29.1247191538042	-19.2728776027509
			29.1360561406293	-19.2728776027509
		</Outline2>
		<Outline3 type=matrix rownames=FALSE colnames=FALSE nrow=154 ncol=2 as.numeric=TRUE >
			29.1360561406293	-19.2728776027509
			29.1473931274545	-19.2728776027509
			29.1587301142796	-19.2728776027509
			29.1700671011048	-19.2728776027509
			29.1814040879299	-19.2615406159258
			29.1927410747551	-19.2615406159258
			29.2040780615802	-19.2615406159258
			29.2154150484054	-19.2615406159258
			29.2267520352305	-19.2615406159258
			29.2380890220557	-19.2502036291006
			29.2494260088808	-19.2502036291006
			29.260762995706	-19.2502036291006
			29.2720999825311	-19.2502036291006
			29.2834369693563	-19.2502036291006
			29.2947739561814	-19.2388666422755
			29.3061109430066	-19.2388666422755
			29.3174479298317	-19.2388666422755
			29.3287849166568	-19.2388666422755
			29.340121903482	-19.2388666422755
			29.3514588903071	-19.2388666422755
			29.3627958771323	-19.2388666422755
			29.3741328639574	-19.2388666422755
			29.3854698507826	-19.2388666422755
			29.3968068376077	-19.2388666422755
			29.4081438244329	-19.2388666422755
			29.419480811258	-19.2388666422755
			29.4308177980832	-19.2388666422755
			29.4421547849083	-19.2388666422755
			29.4534917717335	-19.2388666422755
			29.4648287585586	-19.2388666422755
			29.4761657453838	-19.2388666422755
			29.4875027322089	-19.2502036291006
			29.4988397190341	-19.2502036291006
			29.5101767058592	-19.2502036291006
			29.5215136926844	-19.2502036291006
			29.5328506795095	-19.2502036291006
			29.5441876663347	-19.2615406159258
			29.5555246531598	-19.2615406159258
			29.5668616399849	-19.2615406159258
			29.5781986268101	-19.2615406159258
			29.5895356136352	-19.2615406159258
			29.6008726004604	-19.2615406159258
			29.6122095872855	-19.2728776027509
			29.6235465741107	-19.2728776027509
			29.6348835609358	-19.2728776027509
			29.646220547761	-19.2728776027509
			29.6575575345861	-19.2728776027509
			29.6688945214113	-19.2728776027509
			29.6802315082364	-19.2728776027509
			29.6915684950616	-19.2728776027509
			29.7029054818867	-19.2842145895761
			29.7142424687119	-19.2842145895761
			29.725579455537	-19.2842145895761
			29.7369164423622	-19.2842145895761
			29.7482534291873	-19.2842145895761
			29.7595904160125	-19.2842145895761
			29.7709274028376	-19.2842145895761
			29.7822643896627	-19.2842145895761
			29.7936013764879	-19.2842145895761
			29.804938363313	-19.2842145895761
			29.8162753501382	-19.2842145895761
			29.8276123369633	-19.2842145895761
			29.8389493237885	-19.2842145895761
			29.8502863106136	-19.2842145895761
			29.8616232974388	-19.2842145895761
			29.8729602842639	-19.2842145895761
			29.8842972710891	-19.2955515764012
			29.8956342579142	-19.2955515764012
			29.9069712447394	-19.2955515764012
			29.9183082315645	-19.2955515764012
			29.9296452183897	-19.2955515764012
			29.9409822052148	-19.2955515764012
			29.95231919204	-19.3068885632264
			29.9636561788651	-19.3068885632264
			29.9749931656903	-19.3068885632264
			29.9863301525154	-19.3068885632264
			29.9976671393406	-19.3182255500515
			30.0090041261657	-19.3182255500515
			30.0203411129908	-19.3182255500515
			30.031678099816	-19.3182255500515
			30.0430150866411	-19.3295625368767
			30.0543520734663	-19.3295625368767
			30.0656890602914	-19.3295625368767
			30.0770260471166	-19.3295625368767
			30.0770260471166	-19.3408995237018
			30.0883630339417	-19.3408995237018
			30.0997000207669	-19.3408995237018
			30.111037007592	-19.3408995237018
			30.111037007592	-19.352236510527
			30.1223739944172	-19.352236510527
			30.1337109812423	-19.352236510527
			30.1450479680675	-19.352236510527
			30.1450479680675	-19.3635734973521
			30.1563849548926	-19.3635734973521
			30.1677219417178	-19.3635734973521
			30.1677219417178	-19.3749104841773
			30.1790589285429	-19.3749104841773
			30.1903959153681	-19.3749104841773
			30.1903959153681	-19.3862474710024
			30.2017329021932	-19.3862474710024
			30.2130698890184	-19.3862474710024
			30.2130698890184	-19.3975844578275
			30.2244068758435	-19.3975844578275
			30.2357438626687	-19.4089214446527
			30.2470808494938	-19.4089214446527
			30.2584178363189	-19.4202584314778
			30.2697548231441	-19.431595418303
			30.2810918099692	-19.431595418303
			30.2924287967944	-19.4429324051281
			30.3037657836195	-19.4542693919533
			30.3151027704447	-19.4656063787784
			30.3264397572698	-19.4656063787784
			30.337776744095	-19.4769433656036
			30.3491137309201	-19.4882803524287
			30.3491137309201	-19.4996173392539
			30.3604507177453	-19.510954326079
			30.3604507177453	-19.5222913129042
			30.3717877045704	-19.5336282997293
			30.3717877045704	-19.5449652865545
			30.3831246913956	-19.5563022733796
			30.3831246913956	-19.5676392602048
			30.3944616782207	-19.5789762470299
			30.3944616782207	-19.5903132338551
			30.4057986650459	-19.6016502206802
			30.4057986650459	-19.6129872075054
			30.417135651871	-19.6129872075054
			30.417135651871	-19.6243241943305
			30.4284726386962	-19.6356611811556
			30.4284726386962	-19.6469981679808
			30.4284726386962	-19.6583351548059
			30.4398096255213	-19.6696721416311
			30.4398096255213	-19.6810091284562
			30.4511466123465	-19.6923461152814
			30.4511466123465	-19.7036831021065
			30.4624835991716	-19.7150200889317
			30.4624835991716	-19.7263570757568
			30.4738205859968	-19.737694062582
			30.4738205859968	-19.7490310494071
			30.4738205859968	-19.7603680362323
			30.4851575728219	-19.7717050230574
			30.4851575728219	-19.7830420098826
			30.496494559647	-19.7943789967077
			30.496494559647	-19.8057159835329
			30.496494559647	-19.817052970358
			30.5078315464722	-19.8283899571832
			30.5078315464722	-19.8397269440083
			30.5191685332973	-19.8510639308335
			30.5191685332973	-19.8624009176586
			30.5191685332973	-19.8737379044837
			30.5305055201225	-19.8850748913089
			30.5305055201225	-19.896411878134
			30.5305055201225	-19.9077488649592
			30.5418425069476	-19.9190858517843
			30.5418425069476	-19.9304228386095
		</Outline3>
		<Outline4 type=matrix rownames=FALSE colnames=FALSE nrow=139 ncol=2 as.numeric=TRUE >
			30.5418425069476	-19.9304228386095
			30.5418425069476	-19.9417598254346
			30.5531794937728	-19.9530968122598
			30.5531794937728	-19.9644337990849
			30.5531794937728	-19.9757707859101
			30.5531794937728	-19.9871077727352
			30.5645164805979	-19.9984447595604
			30.5645164805979	-20.0097817463855
			30.5645164805979	-20.0211187332107
			30.5645164805979	-20.0324557200358
			30.5758534674231	-20.043792706861
			30.5758534674231	-20.0551296936861
			30.5758534674231	-20.0664666805113
			30.5758534674231	-20.0778036673364
			30.5758534674231	-20.0891406541616
			30.5758534674231	-20.1004776409867
			30.5871904542482	-20.1118146278118
			30.5871904542482	-20.123151614637
			30.5871904542482	-20.1344886014621
			30.5871904542482	-20.1458255882873
			30.5871904542482	-20.1571625751124
			30.5871904542482	-20.1684995619376
			30.5871904542482	-20.1798365487627
			30.5871904542482	-20.1911735355879
			30.5871904542482	-20.202510522413
			30.5871904542482	-20.2138475092382
			30.5871904542482	-20.2251844960633
			30.5758534674231	-20.2365214828885
			30.5758534674231	-20.2478584697136
			30.5758534674231	-20.2591954565388
			30.5758534674231	-20.2705324433639
			30.5758534674231	-20.2818694301891
			30.5758534674231	-20.2932064170142
			30.5758534674231	-20.3045434038394
			30.5645164805979	-20.3158803906645
			30.5645164805979	-20.3272173774896
			30.5645164805979	-20.3385543643148
			30.5645164805979	-20.3498913511399
			30.5645164805979	-20.3612283379651
			30.5531794937728	-20.3725653247902
			30.5531794937728	-20.3839023116154
			30.5531794937728	-20.3952392984405
			30.5531794937728	-20.4065762852657
			30.5531794937728	-20.4179132720908
			30.5531794937728	-20.429250258916
			30.5418425069476	-20.4405872457411
			30.5418425069476	-20.4519242325663
			30.5418425069476	-20.4632612193914
			30.5418425069476	-20.4745982062166
			30.5305055201225	-20.4859351930417
			30.5305055201225	-20.4972721798669
			30.5191685332973	-20.508609166692
			30.5078315464722	-20.5199461535172
			30.496494559647	-20.5312831403423
			30.4851575728219	-20.5426201271675
			30.4738205859968	-20.5539571139926
			30.4624835991716	-20.5652941008177
			30.4511466123465	-20.5766310876429
			30.4398096255213	-20.5766310876429
			30.4398096255213	-20.587968074468
			30.4284726386962	-20.5993050612932
			30.417135651871	-20.5993050612932
			30.4057986650459	-20.6106420481183
			30.4057986650459	-20.6219790349435
			30.3944616782207	-20.6219790349435
			30.3831246913956	-20.6333160217686
			30.3831246913956	-20.6446530085938
			30.3717877045704	-20.6559899954189
			30.3604507177453	-20.6673269822441
			30.3491137309201	-20.6786639690692
			30.337776744095	-20.6900009558944
			30.337776744095	-20.7013379427195
			30.3264397572698	-20.7126749295447
			30.3151027704447	-20.7240119163698
			30.3151027704447	-20.735348903195
			30.3037657836195	-20.735348903195
			30.2924287967944	-20.7466858900201
			30.2924287967944	-20.7580228768453
			30.2810918099692	-20.7693598636704
			30.2697548231441	-20.7806968504956
			30.2697548231441	-20.7920338373207
			30.2584178363189	-20.8033708241458
			30.2470808494938	-20.814707810971
			30.2357438626687	-20.8260447977961
			30.2357438626687	-20.8373817846213
			30.2244068758435	-20.8487187714464
			30.2130698890184	-20.8600557582716
			30.2017329021932	-20.8600557582716
			30.1903959153681	-20.8713927450967
			30.1790589285429	-20.8827297319219
			30.1677219417178	-20.894066718747
			30.1563849548926	-20.9054037055722
			30.1450479680675	-20.9054037055722
			30.1337109812423	-20.9167406923973
			30.1223739944172	-20.9280776792225
			30.111037007592	-20.9280776792225
			30.0997000207669	-20.9394146660476
			30.0883630339417	-20.9507516528728
			30.0770260471166	-20.9507516528728
			30.0656890602914	-20.9620886396979
			30.0543520734663	-20.9620886396979
			30.0430150866411	-20.9734256265231
			30.031678099816	-20.9734256265231
			30.0203411129908	-20.9734256265231
			30.0203411129908	-20.9847626133482
			30.0090041261657	-20.9847626133482
			29.9976671393406	-20.9847626133482
			29.9976671393406	-20.9960996001734
			29.9863301525154	-20.9960996001734
			29.9749931656903	-20.9960996001734
			29.9636561788651	-21.0074365869985
			29.95231919204	-21.0074365869985
			29.9409822052148	-21.0074365869985
			29.9296452183897	-21.0187735738237
			29.9183082315645	-21.0187735738237
			29.9069712447394	-21.0187735738237
			29.8956342579142	-21.0187735738237
			29.8842972710891	-21.0301105606488
			29.8729602842639	-21.0301105606488
			29.8616232974388	-21.0301105606488
			29.8502863106136	-21.0414475474739
			29.8389493237885	-21.0414475474739
			29.8276123369633	-21.0414475474739
			29.8162753501382	-21.0527845342991
			29.804938363313	-21.0527845342991
			29.7936013764879	-21.0527845342991
			29.7822643896627	-21.0641215211242
			29.7709274028376	-21.0641215211242
			29.7595904160125	-21.0641215211242
			29.7482534291873	-21.0754585079494
			29.7369164423622	-21.0754585079494
			29.725579455537	-21.0754585079494
			29.7142424687119	-21.0867954947745
			29.7029054818867	-21.0867954947745
			29.6915684950616	-21.0867954947745
			29.6802315082364	-21.0981324815997
			29.6688945214113	-21.0981324815997
			29.6575575345861	-21.1094694684248
			29.646220547761	-21.1094694684248
		</Outline4>
	</curves.scaled>
	<ruler.points type=matrix rownames=TRUE colnames=FALSE nrow=2 ncol=2 as.numeric=TRUE >
		Ruler point 1	3064	465
		Ruler point 2	2182	454
	</ruler.points>
</shapes>

