<shapes type=list>
	<ruler.pixel type=vector names=FALSE length=1 as.numeric=TRUE >586.144180215073</ruler.pixel>
	<ruler.interval type=vector names=FALSE length=1 as.numeric=TRUE >10</ruler.interval>
	<scaling.units type=vector names=FALSE length=1 as.numeric=FALSE >mm</scaling.units>
	<scaling type=vector names=FALSE length=1 as.numeric=TRUE >0.0170606487917883</scaling>
	<landmarks.pixel type=matrix rownames=TRUE colnames=FALSE nrow=4 ncol=2 as.numeric=TRUE >
		Labial	2612	1805
		Posterior	2481	1768
		Lingual	2536	1643
		Anterior	2669	1684
	</landmarks.pixel>
	<landmarks.scaled type=matrix rownames=TRUE colnames=FALSE nrow=4 ncol=2 as.numeric=TRUE >
		Labial	44.5624146441509	-30.7944710691778
		Posterior	42.3274696524267	-30.1632270638816
		Lingual	43.265805335975	-28.0306459649081
		Anterior	45.5348716252828	-28.7301325653714
	</landmarks.scaled>
	<curves.control type=list>
		<Outline1 type=matrix rownames=FALSE colnames=FALSE nrow=15 ncol=2 as.numeric=TRUE >
			2612	1805
			2602	1811
			2592	1820
			2581	1829
			2568	1838
			2556	1843
			2542	1844
			2529	1842
			2518	1837
			2509	1831
			2500	1822
			2494	1810
			2489	1797
			2484	1782
			2481	1768
		</Outline1>
		<Outline2 type=matrix rownames=FALSE colnames=FALSE nrow=13 ncol=2 as.numeric=TRUE >
			2481	1768
			2478	1751
			2475	1732
			2474	1714
			2476	1695
			2482	1677
			2485	1668
			2491	1660
			2498	1655
			2507	1650
			2516	1647
			2527	1645
			2536	1643
		</Outline2>
		<Outline3 type=matrix rownames=FALSE colnames=FALSE nrow=15 ncol=2 as.numeric=TRUE >
			2536	1643
			2546	1643
			2555	1640
			2564	1636
			2575	1633
			2585	1632
			2594	1632
			2607	1631
			2621	1633
			2631	1636
			2642	1644
			2650	1652
			2655	1660
			2662	1670
			2669	1684
		</Outline3>
		<Outline4 type=matrix rownames=FALSE colnames=FALSE nrow=11 ncol=2 as.numeric=TRUE >
			2669	1684
			2673	1697
			2675	1712
			2674	1730
			2672	1746
			2667	1759
			2660	1770
			2652	1779
			2642	1786
			2627	1794
			2612	1805
		</Outline4>
	</curves.control>
	<curves.pixel type=list>
		<Outline1 type=matrix rownames=FALSE colnames=FALSE nrow=177 ncol=2 as.numeric=TRUE >
			2612	1805
			2611	1805
			2611	1806
			2610	1806
			2609	1807
			2608	1807
			2608	1808
			2607	1808
			2606	1809
			2605	1809
			2605	1810
			2604	1810
			2603	1811
			2602	1812
			2601	1813
			2600	1813
			2599	1814
			2598	1815
			2597	1815
			2596	1816
			2595	1817
			2595	1818
			2594	1819
			2593	1819
			2592	1820
			2591	1821
			2590	1822
			2589	1823
			2588	1823
			2587	1824
			2586	1825
			2585	1826
			2584	1827
			2583	1827
			2582	1828
			2581	1829
			2580	1829
			2579	1830
			2578	1831
			2577	1832
			2576	1832
			2575	1833
			2574	1834
			2573	1834
			2573	1835
			2572	1835
			2571	1836
			2570	1837
			2569	1837
			2568	1838
			2567	1838
			2566	1839
			2565	1839
			2564	1840
			2563	1840
			2562	1840
			2561	1840
			2560	1841
			2559	1841
			2558	1841
			2557	1842
			2556	1842
			2555	1842
			2554	1842
			2553	1842
			2552	1843
			2551	1843
			2550	1843
			2549	1843
			2548	1843
			2547	1844
			2546	1844
			2545	1844
			2544	1844
			2543	1844
			2542	1844
			2541	1844
			2540	1844
			2539	1843
			2538	1843
			2537	1843
			2536	1843
			2535	1843
			2534	1842
			2533	1842
			2532	1842
			2531	1842
			2530	1841
			2529	1841
			2528	1841
			2527	1841
			2526	1840
			2525	1840
			2524	1839
			2523	1839
			2522	1839
			2521	1838
			2520	1838
			2519	1837
			2518	1837
			2517	1836
			2516	1836
			2515	1835
			2514	1834
			2513	1833
			2512	1833
			2511	1832
			2510	1831
			2509	1830
			2508	1829
			2507	1828
			2506	1828
			2505	1827
			2504	1826
			2503	1825
			2503	1824
			2502	1824
			2501	1823
			2500	1822
			2499	1821
			2499	1820
			2498	1819
			2498	1818
			2498	1817
			2497	1817
			2497	1816
			2497	1815
			2496	1815
			2496	1814
			2496	1813
			2495	1813
			2495	1812
			2495	1811
			2495	1810
			2494	1810
			2494	1809
			2494	1808
			2493	1807
			2493	1806
			2492	1805
			2492	1804
			2491	1803
			2491	1802
			2491	1801
			2490	1800
			2490	1799
			2490	1798
			2489	1797
			2489	1796
			2488	1795
			2488	1794
			2488	1793
			2487	1792
			2487	1791
			2487	1790
			2487	1789
			2486	1788
			2486	1787
			2486	1786
			2485	1785
			2485	1784
			2485	1783
			2484	1782
			2484	1781
			2484	1780
			2484	1779
			2483	1778
			2483	1777
			2483	1776
			2483	1775
			2482	1774
			2482	1773
			2482	1772
			2482	1771
			2482	1770
			2481	1769
			2481	1768
		</Outline1>
		<Outline2 type=matrix rownames=FALSE colnames=FALSE nrow=154 ncol=2 as.numeric=TRUE >
			2481	1768
			2481	1767
			2481	1766
			2481	1765
			2480	1764
			2480	1763
			2480	1762
			2480	1761
			2480	1760
			2479	1759
			2479	1758
			2479	1757
			2479	1756
			2479	1755
			2479	1754
			2478	1753
			2478	1752
			2478	1751
			2478	1750
			2478	1749
			2478	1748
			2477	1747
			2477	1746
			2477	1745
			2477	1744
			2477	1743
			2477	1742
			2476	1741
			2476	1740
			2476	1739
			2476	1738
			2476	1737
			2476	1736
			2475	1735
			2475	1734
			2475	1733
			2475	1732
			2475	1731
			2475	1730
			2475	1729
			2475	1728
			2475	1727
			2475	1726
			2475	1725
			2475	1724
			2475	1723
			2475	1722
			2475	1721
			2475	1720
			2475	1719
			2475	1718
			2475	1717
			2475	1716
			2475	1715
			2475	1714
			2475	1713
			2475	1712
			2475	1711
			2475	1710
			2475	1709
			2475	1708
			2475	1707
			2475	1706
			2475	1705
			2475	1704
			2475	1703
			2475	1702
			2475	1701
			2476	1700
			2476	1699
			2476	1698
			2476	1697
			2476	1696
			2476	1695
			2476	1694
			2477	1693
			2477	1692
			2477	1691
			2478	1690
			2478	1689
			2478	1688
			2479	1687
			2479	1686
			2479	1685
			2480	1684
			2480	1683
			2480	1682
			2481	1681
			2481	1680
			2481	1679
			2482	1678
			2482	1677
			2482	1676
			2483	1675
			2483	1674
			2483	1673
			2484	1672
			2484	1671
			2484	1670
			2485	1669
			2485	1668
			2486	1667
			2487	1666
			2487	1665
			2488	1664
			2489	1663
			2490	1662
			2491	1661
			2492	1660
			2493	1659
			2494	1658
			2495	1658
			2496	1657
			2496	1656
			2497	1656
			2498	1655
			2499	1654
			2500	1654
			2501	1653
			2502	1653
			2503	1652
			2504	1652
			2505	1651
			2506	1651
			2507	1651
			2508	1650
			2509	1650
			2510	1649
			2511	1649
			2512	1648
			2513	1648
			2514	1648
			2515	1647
			2516	1647
			2517	1647
			2518	1647
			2519	1646
			2520	1646
			2521	1646
			2522	1646
			2523	1646
			2524	1645
			2525	1645
			2526	1645
			2527	1645
			2528	1645
			2529	1644
			2530	1644
			2531	1644
			2532	1644
			2533	1644
			2534	1643
			2535	1643
			2536	1643
		</Outline2>
		<Outline3 type=matrix rownames=FALSE colnames=FALSE nrow=150 ncol=2 as.numeric=TRUE >
			2536	1643
			2537	1643
			2538	1643
			2539	1643
			2540	1643
			2541	1643
			2542	1643
			2543	1643
			2544	1642
			2545	1642
			2546	1642
			2547	1642
			2548	1642
			2549	1642
			2550	1641
			2551	1641
			2552	1641
			2553	1641
			2554	1640
			2555	1640
			2556	1639
			2557	1639
			2558	1639
			2559	1638
			2560	1638
			2561	1637
			2562	1637
			2563	1637
			2564	1636
			2565	1636
			2566	1636
			2567	1635
			2568	1635
			2569	1635
			2570	1634
			2571	1634
			2572	1634
			2573	1634
			2574	1633
			2575	1633
			2576	1633
			2577	1633
			2578	1633
			2579	1633
			2580	1633
			2581	1633
			2582	1632
			2583	1632
			2584	1632
			2585	1632
			2586	1632
			2587	1632
			2588	1632
			2589	1632
			2590	1632
			2591	1632
			2592	1632
			2593	1632
			2594	1632
			2595	1632
			2596	1632
			2597	1632
			2598	1632
			2599	1632
			2600	1632
			2601	1632
			2602	1632
			2603	1632
			2604	1632
			2605	1632
			2606	1632
			2607	1632
			2608	1632
			2609	1632
			2610	1632
			2611	1632
			2612	1632
			2613	1632
			2614	1632
			2615	1632
			2616	1632
			2617	1632
			2618	1633
			2619	1633
			2620	1633
			2621	1633
			2622	1633
			2623	1634
			2624	1634
			2625	1634
			2626	1635
			2627	1635
			2628	1635
			2628	1636
			2629	1636
			2630	1637
			2631	1637
			2632	1638
			2633	1638
			2634	1639
			2635	1640
			2636	1640
			2637	1641
			2638	1641
			2639	1642
			2640	1643
			2641	1644
			2642	1644
			2643	1645
			2644	1646
			2645	1647
			2646	1648
			2647	1649
			2648	1650
			2648	1651
			2649	1652
			2650	1653
			2651	1654
			2651	1655
			2652	1656
			2653	1657
			2653	1658
			2654	1659
			2655	1660
			2655	1661
			2656	1662
			2657	1663
			2658	1664
			2658	1665
			2659	1666
			2659	1667
			2660	1667
			2660	1668
			2661	1669
			2661	1670
			2662	1671
			2662	1672
			2663	1672
			2663	1673
			2664	1674
			2664	1675
			2665	1676
			2665	1677
			2666	1678
			2666	1679
			2667	1680
			2667	1681
			2668	1682
			2668	1683
			2669	1684
		</Outline3>
		<Outline4 type=matrix rownames=FALSE colnames=FALSE nrow=142 ncol=2 as.numeric=TRUE >
			2669	1684
			2669	1685
			2670	1686
			2670	1687
			2670	1688
			2671	1689
			2671	1690
			2671	1691
			2671	1692
			2671	1693
			2672	1693
			2672	1694
			2672	1695
			2672	1696
			2672	1697
			2673	1698
			2673	1699
			2673	1700
			2673	1701
			2673	1702
			2674	1703
			2674	1704
			2674	1705
			2674	1706
			2674	1707
			2674	1708
			2675	1709
			2675	1710
			2675	1711
			2675	1712
			2675	1713
			2675	1714
			2675	1715
			2675	1716
			2675	1717
			2675	1718
			2675	1719
			2675	1720
			2674	1721
			2674	1722
			2674	1723
			2674	1724
			2674	1725
			2674	1726
			2674	1727
			2674	1728
			2674	1729
			2674	1730
			2674	1731
			2674	1732
			2673	1733
			2673	1734
			2673	1735
			2673	1736
			2673	1737
			2673	1738
			2673	1739
			2673	1740
			2673	1741
			2673	1742
			2672	1742
			2672	1743
			2672	1744
			2672	1745
			2672	1746
			2672	1747
			2671	1748
			2671	1749
			2670	1750
			2670	1751
			2670	1752
			2669	1752
			2669	1753
			2669	1754
			2668	1755
			2668	1756
			2667	1757
			2667	1758
			2666	1759
			2666	1760
			2665	1761
			2665	1762
			2664	1762
			2664	1763
			2663	1764
			2663	1765
			2662	1766
			2662	1767
			2661	1768
			2660	1769
			2660	1770
			2659	1771
			2658	1772
			2658	1773
			2657	1773
			2656	1774
			2655	1775
			2655	1776
			2654	1776
			2653	1777
			2652	1778
			2651	1779
			2650	1780
			2649	1781
			2648	1782
			2647	1782
			2646	1783
			2645	1784
			2644	1785
			2643	1786
			2642	1786
			2641	1787
			2640	1787
			2639	1788
			2638	1788
			2637	1789
			2636	1789
			2635	1790
			2634	1790
			2633	1791
			2632	1791
			2631	1792
			2630	1793
			2629	1793
			2628	1794
			2627	1794
			2626	1795
			2626	1796
			2625	1796
			2624	1797
			2623	1798
			2622	1798
			2621	1799
			2620	1800
			2619	1800
			2618	1801
			2617	1802
			2616	1802
			2615	1803
			2614	1804
			2613	1804
			2612	1805
		</Outline4>
	</curves.pixel>
	<curves.scaled type=list>
		<Outline1 type=matrix rownames=FALSE colnames=FALSE nrow=177 ncol=2 as.numeric=TRUE >
			44.5624146441509	-30.7944710691778
			44.5453539953591	-30.7944710691778
			44.5453539953591	-30.8115317179696
			44.5282933465673	-30.8115317179696
			44.5112326977755	-30.8285923667614
			44.4941720489838	-30.8285923667614
			44.4941720489838	-30.8456530155532
			44.477111400192	-30.8456530155532
			44.4600507514002	-30.8627136643449
			44.4429901026084	-30.8627136643449
			44.4429901026084	-30.8797743131367
			44.4259294538166	-30.8797743131367
			44.4088688050248	-30.8968349619285
			44.391808156233	-30.9138956107203
			44.3747475074412	-30.9309562595121
			44.3576868586495	-30.9309562595121
			44.3406262098577	-30.9480169083039
			44.3235655610659	-30.9650775570957
			44.3065049122741	-30.9650775570957
			44.2894442634823	-30.9821382058875
			44.2723836146905	-30.9991988546792
			44.2723836146905	-31.016259503471
			44.2553229658987	-31.0333201522628
			44.2382623171069	-31.0333201522628
			44.2212016683151	-31.0503808010546
			44.2041410195234	-31.0674414498464
			44.1870803707316	-31.0845020986382
			44.1700197219398	-31.10156274743
			44.152959073148	-31.10156274743
			44.1358984243562	-31.1186233962218
			44.1188377755644	-31.1356840450136
			44.1017771267726	-31.1527446938053
			44.0847164779808	-31.1698053425971
			44.0676558291891	-31.1698053425971
			44.0505951803973	-31.1868659913889
			44.0335345316055	-31.2039266401807
			44.0164738828137	-31.2039266401807
			43.9994132340219	-31.2209872889725
			43.9823525852301	-31.2380479377643
			43.9652919364383	-31.2551085865561
			43.9482312876465	-31.2551085865561
			43.9311706388547	-31.2721692353479
			43.914109990063	-31.2892298841397
			43.8970493412712	-31.2892298841397
			43.8970493412712	-31.3062905329314
			43.8799886924794	-31.3062905329314
			43.8629280436876	-31.3233511817232
			43.8458673948958	-31.340411830515
			43.828806746104	-31.340411830515
			43.8117460973122	-31.3574724793068
			43.7946854485204	-31.3574724793068
			43.7776247997286	-31.3745331280986
			43.7605641509369	-31.3745331280986
			43.7435035021451	-31.3915937768904
			43.7264428533533	-31.3915937768904
			43.7093822045615	-31.3915937768904
			43.6923215557697	-31.3915937768904
			43.6752609069779	-31.4086544256822
			43.6582002581861	-31.4086544256822
			43.6411396093943	-31.4086544256822
			43.6240789606026	-31.425715074474
			43.6070183118108	-31.425715074474
			43.589957663019	-31.425715074474
			43.5728970142272	-31.425715074474
			43.5558363654354	-31.425715074474
			43.5387757166436	-31.4427757232657
			43.5217150678518	-31.4427757232657
			43.50465441906	-31.4427757232657
			43.4875937702682	-31.4427757232657
			43.4705331214765	-31.4427757232657
			43.4534724726847	-31.4598363720575
			43.4364118238929	-31.4598363720575
			43.4193511751011	-31.4598363720575
			43.4022905263093	-31.4598363720575
			43.3852298775175	-31.4598363720575
			43.3681692287257	-31.4598363720575
			43.3511085799339	-31.4598363720575
			43.3340479311422	-31.4598363720575
			43.3169872823504	-31.4427757232657
			43.2999266335586	-31.4427757232657
			43.2828659847668	-31.4427757232657
			43.265805335975	-31.4427757232657
			43.2487446871832	-31.4427757232657
			43.2316840383914	-31.425715074474
			43.2146233895996	-31.425715074474
			43.1975627408079	-31.425715074474
			43.1805020920161	-31.425715074474
			43.1634414432243	-31.4086544256822
			43.1463807944325	-31.4086544256822
			43.1293201456407	-31.4086544256822
			43.1122594968489	-31.4086544256822
			43.0951988480571	-31.3915937768904
			43.0781381992653	-31.3915937768904
			43.0610775504735	-31.3745331280986
			43.0440169016818	-31.3745331280986
			43.02695625289	-31.3745331280986
			43.0098956040982	-31.3574724793068
			42.9928349553064	-31.3574724793068
			42.9757743065146	-31.340411830515
			42.9587136577228	-31.340411830515
			42.941653008931	-31.3233511817232
			42.9245923601392	-31.3233511817232
			42.9075317113475	-31.3062905329314
			42.8904710625557	-31.2892298841397
			42.8734104137639	-31.2721692353479
			42.8563497649721	-31.2721692353479
			42.8392891161803	-31.2551085865561
			42.8222284673885	-31.2380479377643
			42.8051678185967	-31.2209872889725
			42.7881071698049	-31.2039266401807
			42.7710465210131	-31.1868659913889
			42.7539858722214	-31.1868659913889
			42.7369252234296	-31.1698053425971
			42.7198645746378	-31.1527446938053
			42.702803925846	-31.1356840450136
			42.702803925846	-31.1186233962218
			42.6857432770542	-31.1186233962218
			42.6686826282624	-31.10156274743
			42.6516219794706	-31.0845020986382
			42.6345613306788	-31.0674414498464
			42.6345613306788	-31.0503808010546
			42.6175006818871	-31.0333201522628
			42.6175006818871	-31.016259503471
			42.6175006818871	-30.9991988546792
			42.6004400330953	-30.9991988546792
			42.6004400330953	-30.9821382058875
			42.6004400330953	-30.9650775570957
			42.5833793843035	-30.9650775570957
			42.5833793843035	-30.9480169083039
			42.5833793843035	-30.9309562595121
			42.5663187355117	-30.9309562595121
			42.5663187355117	-30.9138956107203
			42.5663187355117	-30.8968349619285
			42.5663187355117	-30.8797743131367
			42.5492580867199	-30.8797743131367
			42.5492580867199	-30.8627136643449
			42.5492580867199	-30.8456530155532
			42.5321974379281	-30.8285923667614
			42.5321974379281	-30.8115317179696
			42.5151367891363	-30.7944710691778
			42.5151367891363	-30.777410420386
			42.4980761403445	-30.7603497715942
			42.4980761403445	-30.7432891228024
			42.4980761403445	-30.7262284740106
			42.4810154915527	-30.7091678252189
			42.4810154915527	-30.6921071764271
			42.4810154915527	-30.6750465276353
			42.463954842761	-30.6579858788435
			42.463954842761	-30.6409252300517
			42.4468941939692	-30.6238645812599
			42.4468941939692	-30.6068039324681
			42.4468941939692	-30.5897432836763
			42.4298335451774	-30.5726826348845
			42.4298335451774	-30.5556219860928
			42.4298335451774	-30.538561337301
			42.4298335451774	-30.5215006885092
			42.4127728963856	-30.5044400397174
			42.4127728963856	-30.4873793909256
			42.4127728963856	-30.4703187421338
			42.3957122475938	-30.453258093342
			42.3957122475938	-30.4361974445502
			42.3957122475938	-30.4191367957585
			42.378651598802	-30.4020761469667
			42.378651598802	-30.3850154981749
			42.378651598802	-30.3679548493831
			42.378651598802	-30.3508942005913
			42.3615909500102	-30.3338335517995
			42.3615909500102	-30.3167729030077
			42.3615909500102	-30.2997122542159
			42.3615909500102	-30.2826516054241
			42.3445303012184	-30.2655909566324
			42.3445303012184	-30.2485303078406
			42.3445303012184	-30.2314696590488
			42.3445303012184	-30.214409010257
			42.3445303012184	-30.1973483614652
			42.3274696524267	-30.1802877126734
			42.3274696524267	-30.1632270638816
		</Outline1>
		<Outline2 type=matrix rownames=FALSE colnames=FALSE nrow=154 ncol=2 as.numeric=TRUE >
			42.3274696524267	-30.1632270638816
			42.3274696524267	-30.1461664150898
			42.3274696524267	-30.129105766298
			42.3274696524267	-30.1120451175063
			42.3104090036349	-30.0949844687145
			42.3104090036349	-30.0779238199227
			42.3104090036349	-30.0608631711309
			42.3104090036349	-30.0438025223391
			42.3104090036349	-30.0267418735473
			42.2933483548431	-30.0096812247555
			42.2933483548431	-29.9926205759637
			42.2933483548431	-29.975559927172
			42.2933483548431	-29.9584992783802
			42.2933483548431	-29.9414386295884
			42.2933483548431	-29.9243779807966
			42.2762877060513	-29.9073173320048
			42.2762877060513	-29.890256683213
			42.2762877060513	-29.8731960344212
			42.2762877060513	-29.8561353856294
			42.2762877060513	-29.8390747368376
			42.2762877060513	-29.8220140880459
			42.2592270572595	-29.8049534392541
			42.2592270572595	-29.7878927904623
			42.2592270572595	-29.7708321416705
			42.2592270572595	-29.7537714928787
			42.2592270572595	-29.7367108440869
			42.2592270572595	-29.7196501952951
			42.2421664084677	-29.7025895465033
			42.2421664084677	-29.6855288977116
			42.2421664084677	-29.6684682489198
			42.2421664084677	-29.651407600128
			42.2421664084677	-29.6343469513362
			42.2421664084677	-29.6172863025444
			42.2251057596759	-29.6002256537526
			42.2251057596759	-29.5831650049608
			42.2251057596759	-29.566104356169
			42.2251057596759	-29.5490437073773
			42.2251057596759	-29.5319830585855
			42.2251057596759	-29.5149224097937
			42.2251057596759	-29.4978617610019
			42.2251057596759	-29.4808011122101
			42.2251057596759	-29.4637404634183
			42.2251057596759	-29.4466798146265
			42.2251057596759	-29.4296191658347
			42.2251057596759	-29.4125585170429
			42.2251057596759	-29.3954978682512
			42.2251057596759	-29.3784372194594
			42.2251057596759	-29.3613765706676
			42.2251057596759	-29.3443159218758
			42.2251057596759	-29.327255273084
			42.2251057596759	-29.3101946242922
			42.2251057596759	-29.2931339755004
			42.2251057596759	-29.2760733267086
			42.2251057596759	-29.2590126779169
			42.2251057596759	-29.2419520291251
			42.2251057596759	-29.2248913803333
			42.2251057596759	-29.2078307315415
			42.2251057596759	-29.1907700827497
			42.2251057596759	-29.1737094339579
			42.2251057596759	-29.1566487851661
			42.2251057596759	-29.1395881363743
			42.2251057596759	-29.1225274875825
			42.2251057596759	-29.1054668387908
			42.2251057596759	-29.088406189999
			42.2251057596759	-29.0713455412072
			42.2251057596759	-29.0542848924154
			42.2251057596759	-29.0372242436236
			42.2251057596759	-29.0201635948318
			42.2421664084677	-29.00310294604
			42.2421664084677	-28.9860422972482
			42.2421664084677	-28.9689816484564
			42.2421664084677	-28.9519209996647
			42.2421664084677	-28.9348603508729
			42.2421664084677	-28.9177997020811
			42.2421664084677	-28.9007390532893
			42.2592270572595	-28.8836784044975
			42.2592270572595	-28.8666177557057
			42.2592270572595	-28.8495571069139
			42.2762877060513	-28.8324964581221
			42.2762877060513	-28.8154358093304
			42.2762877060513	-28.7983751605386
			42.2933483548431	-28.7813145117468
			42.2933483548431	-28.764253862955
			42.2933483548431	-28.7471932141632
			42.3104090036349	-28.7301325653714
			42.3104090036349	-28.7130719165796
			42.3104090036349	-28.6960112677878
			42.3274696524267	-28.678950618996
			42.3274696524267	-28.6618899702043
			42.3274696524267	-28.6448293214125
			42.3445303012184	-28.6277686726207
			42.3445303012184	-28.6107080238289
			42.3445303012184	-28.5936473750371
			42.3615909500102	-28.5765867262453
			42.3615909500102	-28.5595260774535
			42.3615909500102	-28.5424654286617
			42.378651598802	-28.52540477987
			42.378651598802	-28.5083441310782
			42.378651598802	-28.4912834822864
			42.3957122475938	-28.4742228334946
			42.3957122475938	-28.4571621847028
			42.4127728963856	-28.440101535911
			42.4298335451774	-28.4230408871192
			42.4298335451774	-28.4059802383274
			42.4468941939692	-28.3889195895357
			42.463954842761	-28.3718589407439
			42.4810154915527	-28.3547982919521
			42.4980761403445	-28.3377376431603
			42.5151367891363	-28.3206769943685
			42.5321974379281	-28.3036163455767
			42.5492580867199	-28.2865556967849
			42.5663187355117	-28.2865556967849
			42.5833793843035	-28.2694950479931
			42.5833793843035	-28.2524343992013
			42.6004400330953	-28.2524343992013
			42.6175006818871	-28.2353737504096
			42.6345613306788	-28.2183131016178
			42.6516219794706	-28.2183131016178
			42.6686826282624	-28.201252452826
			42.6857432770542	-28.201252452826
			42.702803925846	-28.1841918040342
			42.7198645746378	-28.1841918040342
			42.7369252234296	-28.1671311552424
			42.7539858722214	-28.1671311552424
			42.7710465210131	-28.1671311552424
			42.7881071698049	-28.1500705064506
			42.8051678185967	-28.1500705064506
			42.8222284673885	-28.1330098576588
			42.8392891161803	-28.1330098576588
			42.8563497649721	-28.115949208867
			42.8734104137639	-28.115949208867
			42.8904710625557	-28.115949208867
			42.9075317113475	-28.0988885600752
			42.9245923601392	-28.0988885600752
			42.941653008931	-28.0988885600752
			42.9587136577228	-28.0988885600752
			42.9757743065146	-28.0818279112835
			42.9928349553064	-28.0818279112835
			43.0098956040982	-28.0818279112835
			43.02695625289	-28.0818279112835
			43.0440169016818	-28.0818279112835
			43.0610775504735	-28.0647672624917
			43.0781381992653	-28.0647672624917
			43.0951988480571	-28.0647672624917
			43.1122594968489	-28.0647672624917
			43.1293201456407	-28.0647672624917
			43.1463807944325	-28.0477066136999
			43.1634414432243	-28.0477066136999
			43.1805020920161	-28.0477066136999
			43.1975627408079	-28.0477066136999
			43.2146233895996	-28.0477066136999
			43.2316840383914	-28.0306459649081
			43.2487446871832	-28.0306459649081
			43.265805335975	-28.0306459649081
		</Outline2>
		<Outline3 type=matrix rownames=FALSE colnames=FALSE nrow=150 ncol=2 as.numeric=TRUE >
			43.265805335975	-28.0306459649081
			43.2828659847668	-28.0306459649081
			43.2999266335586	-28.0306459649081
			43.3169872823504	-28.0306459649081
			43.3340479311422	-28.0306459649081
			43.3511085799339	-28.0306459649081
			43.3681692287257	-28.0306459649081
			43.3852298775175	-28.0306459649081
			43.4022905263093	-28.0135853161163
			43.4193511751011	-28.0135853161163
			43.4364118238929	-28.0135853161163
			43.4534724726847	-28.0135853161163
			43.4705331214765	-28.0135853161163
			43.4875937702682	-28.0135853161163
			43.50465441906	-27.9965246673245
			43.5217150678518	-27.9965246673245
			43.5387757166436	-27.9965246673245
			43.5558363654354	-27.9965246673245
			43.5728970142272	-27.9794640185327
			43.589957663019	-27.9794640185327
			43.6070183118108	-27.9624033697409
			43.6240789606026	-27.9624033697409
			43.6411396093943	-27.9624033697409
			43.6582002581861	-27.9453427209492
			43.6752609069779	-27.9453427209492
			43.6923215557697	-27.9282820721574
			43.7093822045615	-27.9282820721574
			43.7264428533533	-27.9282820721574
			43.7435035021451	-27.9112214233656
			43.7605641509369	-27.9112214233656
			43.7776247997286	-27.9112214233656
			43.7946854485204	-27.8941607745738
			43.8117460973122	-27.8941607745738
			43.828806746104	-27.8941607745738
			43.8458673948958	-27.877100125782
			43.8629280436876	-27.877100125782
			43.8799886924794	-27.877100125782
			43.8970493412712	-27.877100125782
			43.914109990063	-27.8600394769902
			43.9311706388547	-27.8600394769902
			43.9482312876465	-27.8600394769902
			43.9652919364383	-27.8600394769902
			43.9823525852301	-27.8600394769902
			43.9994132340219	-27.8600394769902
			44.0164738828137	-27.8600394769902
			44.0335345316055	-27.8600394769902
			44.0505951803973	-27.8429788281984
			44.0676558291891	-27.8429788281984
			44.0847164779808	-27.8429788281984
			44.1017771267726	-27.8429788281984
			44.1188377755644	-27.8429788281984
			44.1358984243562	-27.8429788281984
			44.152959073148	-27.8429788281984
			44.1700197219398	-27.8429788281984
			44.1870803707316	-27.8429788281984
			44.2041410195234	-27.8429788281984
			44.2212016683151	-27.8429788281984
			44.2382623171069	-27.8429788281984
			44.2553229658987	-27.8429788281984
			44.2723836146905	-27.8429788281984
			44.2894442634823	-27.8429788281984
			44.3065049122741	-27.8429788281984
			44.3235655610659	-27.8429788281984
			44.3406262098577	-27.8429788281984
			44.3576868586495	-27.8429788281984
			44.3747475074412	-27.8429788281984
			44.391808156233	-27.8429788281984
			44.4088688050248	-27.8429788281984
			44.4259294538166	-27.8429788281984
			44.4429901026084	-27.8429788281984
			44.4600507514002	-27.8429788281984
			44.477111400192	-27.8429788281984
			44.4941720489838	-27.8429788281984
			44.5112326977755	-27.8429788281984
			44.5282933465673	-27.8429788281984
			44.5453539953591	-27.8429788281984
			44.5624146441509	-27.8429788281984
			44.5794752929427	-27.8429788281984
			44.5965359417345	-27.8429788281984
			44.6135965905263	-27.8429788281984
			44.6306572393181	-27.8429788281984
			44.6477178881099	-27.8429788281984
			44.6647785369016	-27.8600394769902
			44.6818391856934	-27.8600394769902
			44.6988998344852	-27.8600394769902
			44.715960483277	-27.8600394769902
			44.7330211320688	-27.8600394769902
			44.7500817808606	-27.877100125782
			44.7671424296524	-27.877100125782
			44.7842030784442	-27.877100125782
			44.8012637272359	-27.8941607745738
			44.8183243760277	-27.8941607745738
			44.8353850248195	-27.8941607745738
			44.8353850248195	-27.9112214233656
			44.8524456736113	-27.9112214233656
			44.8695063224031	-27.9282820721574
			44.8865669711949	-27.9282820721574
			44.9036276199867	-27.9453427209492
			44.9206882687785	-27.9453427209492
			44.9377489175703	-27.9624033697409
			44.954809566362	-27.9794640185327
			44.9718702151538	-27.9794640185327
			44.9889308639456	-27.9965246673245
			45.0059915127374	-27.9965246673245
			45.0230521615292	-28.0135853161163
			45.040112810321	-28.0306459649081
			45.0571734591128	-28.0477066136999
			45.0742341079046	-28.0477066136999
			45.0912947566963	-28.0647672624917
			45.1083554054881	-28.0818279112835
			45.1254160542799	-28.0988885600752
			45.1424767030717	-28.115949208867
			45.1595373518635	-28.1330098576588
			45.1765980006553	-28.1500705064506
			45.1765980006553	-28.1671311552424
			45.1936586494471	-28.1841918040342
			45.2107192982389	-28.201252452826
			45.2277799470307	-28.2183131016178
			45.2277799470307	-28.2353737504096
			45.2448405958224	-28.2524343992013
			45.2619012446142	-28.2694950479931
			45.2619012446142	-28.2865556967849
			45.278961893406	-28.3036163455767
			45.2960225421978	-28.3206769943685
			45.2960225421978	-28.3377376431603
			45.3130831909896	-28.3547982919521
			45.3301438397814	-28.3718589407439
			45.3472044885732	-28.3889195895357
			45.3472044885732	-28.4059802383274
			45.364265137365	-28.4230408871192
			45.364265137365	-28.440101535911
			45.3813257861567	-28.440101535911
			45.3813257861567	-28.4571621847028
			45.3983864349485	-28.4742228334946
			45.3983864349485	-28.4912834822864
			45.4154470837403	-28.5083441310782
			45.4154470837403	-28.52540477987
			45.4325077325321	-28.52540477987
			45.4325077325321	-28.5424654286617
			45.4495683813239	-28.5595260774535
			45.4495683813239	-28.5765867262453
			45.4666290301157	-28.5936473750371
			45.4666290301157	-28.6107080238289
			45.4836896789075	-28.6277686726207
			45.4836896789075	-28.6448293214125
			45.5007503276993	-28.6618899702043
			45.5007503276993	-28.678950618996
			45.5178109764911	-28.6960112677878
			45.5178109764911	-28.7130719165796
			45.5348716252828	-28.7301325653714
		</Outline3>
		<Outline4 type=matrix rownames=FALSE colnames=FALSE nrow=142 ncol=2 as.numeric=TRUE >
			45.5348716252828	-28.7301325653714
			45.5348716252828	-28.7471932141632
			45.5519322740746	-28.764253862955
			45.5519322740746	-28.7813145117468
			45.5519322740746	-28.7983751605386
			45.5689929228664	-28.8154358093304
			45.5689929228664	-28.8324964581221
			45.5689929228664	-28.8495571069139
			45.5689929228664	-28.8666177557057
			45.5689929228664	-28.8836784044975
			45.5860535716582	-28.8836784044975
			45.5860535716582	-28.9007390532893
			45.5860535716582	-28.9177997020811
			45.5860535716582	-28.9348603508729
			45.5860535716582	-28.9519209996647
			45.60311422045	-28.9689816484564
			45.60311422045	-28.9860422972482
			45.60311422045	-29.00310294604
			45.60311422045	-29.0201635948318
			45.60311422045	-29.0372242436236
			45.6201748692418	-29.0542848924154
			45.6201748692418	-29.0713455412072
			45.6201748692418	-29.088406189999
			45.6201748692418	-29.1054668387908
			45.6201748692418	-29.1225274875825
			45.6201748692418	-29.1395881363743
			45.6372355180336	-29.1566487851661
			45.6372355180336	-29.1737094339579
			45.6372355180336	-29.1907700827497
			45.6372355180336	-29.2078307315415
			45.6372355180336	-29.2248913803333
			45.6372355180336	-29.2419520291251
			45.6372355180336	-29.2590126779169
			45.6372355180336	-29.2760733267086
			45.6372355180336	-29.2931339755004
			45.6372355180336	-29.3101946242922
			45.6372355180336	-29.327255273084
			45.6372355180336	-29.3443159218758
			45.6201748692418	-29.3613765706676
			45.6201748692418	-29.3784372194594
			45.6201748692418	-29.3954978682512
			45.6201748692418	-29.4125585170429
			45.6201748692418	-29.4296191658347
			45.6201748692418	-29.4466798146265
			45.6201748692418	-29.4637404634183
			45.6201748692418	-29.4808011122101
			45.6201748692418	-29.4978617610019
			45.6201748692418	-29.5149224097937
			45.6201748692418	-29.5319830585855
			45.6201748692418	-29.5490437073773
			45.60311422045	-29.566104356169
			45.60311422045	-29.5831650049608
			45.60311422045	-29.6002256537526
			45.60311422045	-29.6172863025444
			45.60311422045	-29.6343469513362
			45.60311422045	-29.651407600128
			45.60311422045	-29.6684682489198
			45.60311422045	-29.6855288977116
			45.60311422045	-29.7025895465033
			45.60311422045	-29.7196501952951
			45.5860535716582	-29.7196501952951
			45.5860535716582	-29.7367108440869
			45.5860535716582	-29.7537714928787
			45.5860535716582	-29.7708321416705
			45.5860535716582	-29.7878927904623
			45.5860535716582	-29.8049534392541
			45.5689929228664	-29.8220140880459
			45.5689929228664	-29.8390747368376
			45.5519322740746	-29.8561353856294
			45.5519322740746	-29.8731960344212
			45.5519322740746	-29.890256683213
			45.5348716252828	-29.890256683213
			45.5348716252828	-29.9073173320048
			45.5348716252828	-29.9243779807966
			45.5178109764911	-29.9414386295884
			45.5178109764911	-29.9584992783802
			45.5007503276993	-29.975559927172
			45.5007503276993	-29.9926205759637
			45.4836896789075	-30.0096812247555
			45.4836896789075	-30.0267418735473
			45.4666290301157	-30.0438025223391
			45.4666290301157	-30.0608631711309
			45.4495683813239	-30.0608631711309
			45.4495683813239	-30.0779238199227
			45.4325077325321	-30.0949844687145
			45.4325077325321	-30.1120451175063
			45.4154470837403	-30.129105766298
			45.4154470837403	-30.1461664150898
			45.3983864349485	-30.1632270638816
			45.3813257861567	-30.1802877126734
			45.3813257861567	-30.1973483614652
			45.364265137365	-30.214409010257
			45.3472044885732	-30.2314696590488
			45.3472044885732	-30.2485303078406
			45.3301438397814	-30.2485303078406
			45.3130831909896	-30.2655909566324
			45.2960225421978	-30.2826516054241
			45.2960225421978	-30.2997122542159
			45.278961893406	-30.2997122542159
			45.2619012446142	-30.3167729030077
			45.2448405958224	-30.3338335517995
			45.2277799470307	-30.3508942005913
			45.2107192982389	-30.3679548493831
			45.1936586494471	-30.3850154981749
			45.1765980006553	-30.4020761469667
			45.1595373518635	-30.4020761469667
			45.1424767030717	-30.4191367957585
			45.1254160542799	-30.4361974445502
			45.1083554054881	-30.453258093342
			45.0912947566963	-30.4703187421338
			45.0742341079046	-30.4703187421338
			45.0571734591128	-30.4873793909256
			45.040112810321	-30.4873793909256
			45.0230521615292	-30.5044400397174
			45.0059915127374	-30.5044400397174
			44.9889308639456	-30.5215006885092
			44.9718702151538	-30.5215006885092
			44.954809566362	-30.538561337301
			44.9377489175703	-30.538561337301
			44.9206882687785	-30.5556219860928
			44.9036276199867	-30.5556219860928
			44.8865669711949	-30.5726826348845
			44.8695063224031	-30.5897432836763
			44.8524456736113	-30.5897432836763
			44.8353850248195	-30.6068039324681
			44.8183243760277	-30.6068039324681
			44.8012637272359	-30.6238645812599
			44.8012637272359	-30.6409252300517
			44.7842030784442	-30.6409252300517
			44.7671424296524	-30.6579858788435
			44.7500817808606	-30.6750465276353
			44.7330211320688	-30.6750465276353
			44.715960483277	-30.6921071764271
			44.6988998344852	-30.7091678252189
			44.6818391856934	-30.7091678252189
			44.6647785369016	-30.7262284740106
			44.6477178881099	-30.7432891228024
			44.6306572393181	-30.7432891228024
			44.6135965905263	-30.7603497715942
			44.5965359417345	-30.777410420386
			44.5794752929427	-30.777410420386
			44.5624146441509	-30.7944710691778
		</Outline4>
	</curves.scaled>
	<ruler.points type=matrix rownames=TRUE colnames=FALSE nrow=2 ncol=2 as.numeric=TRUE >
		Ruler point 1	3303	2519
		Ruler point 2	2717	2532
	</ruler.points>
</shapes>

