<shapes type=list>
	<ruler.pixel type=vector names=FALSE length=1 as.numeric=TRUE >675.85575384101</ruler.pixel>
	<ruler.interval type=vector names=FALSE length=1 as.numeric=TRUE >10</ruler.interval>
	<scaling.units type=vector names=FALSE length=1 as.numeric=FALSE >mm</scaling.units>
	<scaling type=vector names=FALSE length=1 as.numeric=TRUE >0.0147960566188394</scaling>
	<landmarks.pixel type=matrix rownames=TRUE colnames=FALSE nrow=4 ncol=2 as.numeric=TRUE >
		Labial	2439	2087
		Posterior	2349	2052
		Lingual	2393	1969
		Anterior	2484	2001
	</landmarks.pixel>
	<landmarks.scaled type=matrix rownames=TRUE colnames=FALSE nrow=4 ncol=2 as.numeric=TRUE >
		Labial	36.0875820933494	-30.8793701635179
		Posterior	34.7559369976539	-30.3615081818585
		Lingual	35.4069634888828	-29.1334354824949
		Anterior	36.7534046411972	-29.6069092942977
	</landmarks.scaled>
	<curves.control type=list>
		<Outline1 type=matrix rownames=FALSE colnames=FALSE nrow=23 ncol=2 as.numeric=TRUE >
			2439	2087
			2435	2089
			2431	2095
			2425	2100
			2419	2104
			2413	2107
			2406	2110
			2400	2113
			2392	2116
			2384	2117
			2377	2115
			2372	2113
			2368	2109
			2365	2104
			2362	2099
			2361	2094
			2358	2088
			2356	2083
			2353	2078
			2351	2073
			2351	2068
			2350	2061
			2349	2052
		</Outline1>
		<Outline2 type=matrix rownames=FALSE colnames=FALSE nrow=19 ncol=2 as.numeric=TRUE >
			2349	2052
			2348	2044
			2347	2037
			2346	2029
			2348	2021
			2349	2013
			2351	2006
			2353	2001
			2356	1995
			2359	1989
			2361	1984
			2364	1980
			2369	1975
			2374	1971
			2378	1969
			2383	1968
			2388	1968
			2391	1968
			2393	1969
		</Outline2>
		<Outline3 type=matrix rownames=FALSE colnames=FALSE nrow=23 ncol=2 as.numeric=TRUE >
			2393	1969
			2398	1969
			2401	1969
			2404	1967
			2407	1966
			2411	1966
			2415	1966
			2419	1965
			2423	1963
			2430	1962
			2435	1962
			2442	1962
			2447	1962
			2453	1964
			2460	1967
			2465	1971
			2469	1974
			2473	1979
			2476	1985
			2478	1991
			2481	1995
			2483	1998
			2484	2001
		</Outline3>
		<Outline4 type=matrix rownames=FALSE colnames=FALSE nrow=17 ncol=2 as.numeric=TRUE >
			2484	2001
			2486	2008
			2488	2015
			2489	2023
			2489	2031
			2489	2037
			2488	2045
			2487	2052
			2481	2060
			2476	2066
			2470	2071
			2463	2075
			2456	2079
			2450	2081
			2445	2084
			2442	2085
			2439	2087
		</Outline4>
	</curves.control>
	<curves.pixel type=list>
		<Outline1 type=matrix rownames=FALSE colnames=FALSE nrow=137 ncol=2 as.numeric=TRUE >
			2439	2087
			2438	2087
			2438	2088
			2437	2088
			2437	2089
			2436	2089
			2435	2090
			2434	2091
			2433	2092
			2432	2093
			2431	2094
			2430	2095
			2429	2096
			2428	2097
			2427	2098
			2426	2099
			2425	2100
			2424	2101
			2423	2101
			2422	2102
			2421	2103
			2420	2103
			2420	2104
			2419	2104
			2418	2104
			2418	2105
			2417	2105
			2416	2105
			2416	2106
			2415	2106
			2414	2106
			2413	2107
			2412	2107
			2411	2108
			2410	2108
			2409	2109
			2408	2109
			2407	2110
			2406	2110
			2405	2110
			2404	2111
			2403	2111
			2403	2112
			2402	2112
			2401	2112
			2400	2113
			2399	2113
			2398	2114
			2397	2114
			2396	2114
			2395	2115
			2394	2115
			2393	2116
			2392	2116
			2391	2116
			2390	2116
			2389	2116
			2388	2116
			2387	2116
			2386	2116
			2385	2116
			2384	2116
			2383	2116
			2382	2116
			2381	2116
			2380	2116
			2379	2115
			2378	2115
			2377	2115
			2376	2115
			2376	2114
			2375	2114
			2374	2114
			2374	2113
			2373	2113
			2372	2112
			2371	2111
			2370	2111
			2369	2110
			2368	2109
			2367	2108
			2367	2107
			2366	2106
			2365	2105
			2365	2104
			2364	2103
			2364	2102
			2363	2101
			2363	2100
			2362	2099
			2362	2098
			2362	2097
			2361	2096
			2361	2095
			2361	2094
			2360	2093
			2360	2092
			2359	2091
			2359	2090
			2358	2089
			2358	2088
			2357	2087
			2357	2086
			2357	2085
			2356	2084
			2356	2083
			2355	2082
			2355	2081
			2354	2080
			2354	2079
			2353	2078
			2353	2077
			2352	2076
			2352	2075
			2352	2074
			2352	2073
			2351	2072
			2351	2071
			2351	2070
			2351	2069
			2351	2068
			2351	2067
			2351	2066
			2351	2065
			2350	2064
			2350	2063
			2350	2062
			2350	2061
			2350	2060
			2350	2059
			2350	2058
			2350	2057
			2349	2056
			2349	2055
			2349	2054
			2349	2053
			2349	2052
		</Outline1>
		<Outline2 type=matrix rownames=FALSE colnames=FALSE nrow=107 ncol=2 as.numeric=TRUE >
			2349	2052
			2349	2051
			2349	2050
			2349	2049
			2349	2048
			2348	2048
			2348	2047
			2348	2046
			2348	2045
			2348	2044
			2348	2043
			2348	2042
			2348	2041
			2347	2040
			2347	2039
			2347	2038
			2347	2037
			2347	2036
			2347	2035
			2347	2034
			2347	2033
			2347	2032
			2347	2031
			2347	2030
			2347	2029
			2347	2028
			2347	2027
			2347	2026
			2347	2025
			2347	2024
			2348	2023
			2348	2022
			2348	2021
			2348	2020
			2348	2019
			2348	2018
			2349	2017
			2349	2016
			2349	2015
			2349	2014
			2349	2013
			2349	2012
			2350	2011
			2350	2010
			2350	2009
			2351	2008
			2351	2007
			2351	2006
			2351	2005
			2352	2004
			2352	2003
			2353	2002
			2353	2001
			2354	2000
			2354	1999
			2355	1998
			2355	1997
			2356	1996
			2356	1995
			2357	1994
			2357	1993
			2358	1992
			2358	1991
			2359	1990
			2359	1989
			2359	1988
			2360	1987
			2360	1986
			2361	1985
			2361	1984
			2362	1983
			2362	1982
			2363	1982
			2363	1981
			2364	1980
			2365	1979
			2366	1979
			2366	1978
			2367	1977
			2368	1976
			2369	1975
			2370	1974
			2371	1974
			2371	1973
			2372	1973
			2373	1972
			2374	1971
			2375	1971
			2375	1970
			2376	1970
			2377	1970
			2378	1969
			2379	1969
			2380	1969
			2381	1968
			2382	1968
			2383	1968
			2384	1968
			2385	1968
			2386	1968
			2387	1968
			2388	1968
			2389	1968
			2390	1968
			2391	1968
			2392	1969
			2393	1969
		</Outline2>
		<Outline3 type=matrix rownames=FALSE colnames=FALSE nrow=108 ncol=2 as.numeric=TRUE >
			2393	1969
			2394	1969
			2395	1969
			2396	1969
			2397	1969
			2398	1969
			2399	1969
			2400	1969
			2401	1969
			2402	1968
			2403	1968
			2404	1967
			2405	1967
			2406	1966
			2407	1966
			2408	1966
			2409	1966
			2410	1966
			2411	1966
			2412	1966
			2413	1966
			2414	1966
			2415	1966
			2416	1966
			2417	1965
			2418	1965
			2419	1965
			2420	1964
			2421	1964
			2422	1963
			2423	1963
			2424	1963
			2425	1963
			2426	1963
			2427	1962
			2428	1962
			2429	1962
			2430	1962
			2431	1962
			2432	1962
			2433	1962
			2434	1962
			2435	1962
			2436	1962
			2437	1962
			2438	1962
			2439	1962
			2440	1962
			2441	1962
			2442	1962
			2443	1962
			2444	1962
			2445	1962
			2446	1962
			2447	1962
			2448	1962
			2449	1963
			2450	1963
			2451	1963
			2452	1964
			2453	1964
			2454	1964
			2455	1965
			2456	1965
			2457	1966
			2458	1966
			2459	1967
			2460	1967
			2461	1968
			2462	1968
			2462	1969
			2463	1969
			2464	1970
			2465	1971
			2466	1972
			2467	1973
			2468	1973
			2469	1974
			2469	1975
			2470	1976
			2471	1976
			2472	1977
			2472	1978
			2473	1979
			2473	1980
			2474	1981
			2474	1982
			2475	1983
			2476	1984
			2476	1985
			2476	1986
			2477	1987
			2477	1988
			2478	1989
			2478	1990
			2479	1991
			2479	1992
			2479	1993
			2480	1993
			2480	1994
			2481	1995
			2481	1996
			2482	1997
			2483	1998
			2483	1999
			2483	2000
			2484	2000
			2484	2001
		</Outline3>
		<Outline4 type=matrix rownames=FALSE colnames=FALSE nrow=104 ncol=2 as.numeric=TRUE >
			2484	2001
			2484	2002
			2485	2003
			2485	2004
			2485	2005
			2485	2006
			2486	2007
			2486	2008
			2486	2009
			2487	2010
			2487	2011
			2487	2012
			2487	2013
			2488	2014
			2488	2015
			2488	2016
			2488	2017
			2488	2018
			2488	2019
			2489	2020
			2489	2021
			2489	2022
			2489	2023
			2489	2024
			2489	2025
			2489	2026
			2489	2027
			2489	2028
			2489	2029
			2489	2030
			2489	2031
			2489	2032
			2489	2033
			2489	2034
			2489	2035
			2489	2036
			2489	2037
			2489	2038
			2489	2039
			2489	2040
			2488	2041
			2488	2042
			2488	2043
			2488	2044
			2488	2045
			2488	2046
			2488	2047
			2487	2048
			2487	2049
			2487	2050
			2486	2051
			2486	2052
			2485	2053
			2485	2054
			2484	2055
			2484	2056
			2483	2057
			2483	2058
			2482	2059
			2481	2060
			2480	2061
			2479	2062
			2478	2063
			2477	2064
			2477	2065
			2476	2066
			2475	2067
			2474	2067
			2473	2068
			2472	2069
			2471	2070
			2471	2071
			2470	2071
			2469	2072
			2468	2072
			2467	2073
			2466	2073
			2465	2074
			2464	2074
			2463	2075
			2462	2076
			2461	2076
			2460	2077
			2459	2077
			2458	2078
			2457	2078
			2456	2079
			2455	2079
			2454	2080
			2453	2080
			2452	2080
			2451	2081
			2450	2081
			2449	2082
			2448	2083
			2447	2083
			2446	2084
			2445	2084
			2444	2084
			2443	2085
			2442	2085
			2441	2086
			2440	2087
			2439	2087
		</Outline4>
	</curves.pixel>
	<curves.scaled type=list>
		<Outline1 type=matrix rownames=FALSE colnames=FALSE nrow=137 ncol=2 as.numeric=TRUE >
			36.0875820933494	-30.8793701635179
			36.0727860367306	-30.8793701635179
			36.0727860367306	-30.8941662201368
			36.0579899801117	-30.8941662201368
			36.0579899801117	-30.9089622767556
			36.0431939234929	-30.9089622767556
			36.0283978668741	-30.9237583333744
			36.0136018102552	-30.9385543899933
			35.9988057536364	-30.9533504466121
			35.9840096970175	-30.968146503231
			35.9692136403987	-30.9829425598498
			35.9544175837799	-30.9977386164686
			35.939621527161	-31.0125346730875
			35.9248254705422	-31.0273307297063
			35.9100294139233	-31.0421267863252
			35.8952333573045	-31.056922842944
			35.8804373006857	-31.0717188995628
			35.8656412440668	-31.0865149561817
			35.850845187448	-31.0865149561817
			35.8360491308291	-31.1013110128005
			35.8212530742103	-31.1161070694194
			35.8064570175915	-31.1161070694194
			35.8064570175915	-31.1309031260382
			35.7916609609726	-31.1309031260382
			35.7768649043538	-31.1309031260382
			35.7768649043538	-31.145699182657
			35.7620688477349	-31.145699182657
			35.7472727911161	-31.145699182657
			35.7472727911161	-31.1604952392759
			35.7324767344973	-31.1604952392759
			35.7176806778784	-31.1604952392759
			35.7028846212596	-31.1752912958947
			35.6880885646407	-31.1752912958947
			35.6732925080219	-31.1900873525136
			35.6584964514031	-31.1900873525136
			35.6437003947842	-31.2048834091324
			35.6289043381654	-31.2048834091324
			35.6141082815465	-31.2196794657512
			35.5993122249277	-31.2196794657512
			35.5845161683089	-31.2196794657512
			35.56972011169	-31.2344755223701
			35.5549240550712	-31.2344755223701
			35.5549240550712	-31.2492715789889
			35.5401279984523	-31.2492715789889
			35.5253319418335	-31.2492715789889
			35.5105358852147	-31.2640676356078
			35.4957398285958	-31.2640676356078
			35.480943771977	-31.2788636922266
			35.4661477153582	-31.2788636922266
			35.4513516587393	-31.2788636922266
			35.4365556021205	-31.2936597488454
			35.4217595455016	-31.2936597488454
			35.4069634888828	-31.3084558054643
			35.392167432264	-31.3084558054643
			35.3773713756451	-31.3084558054643
			35.3625753190263	-31.3084558054643
			35.3477792624074	-31.3084558054643
			35.3329832057886	-31.3084558054643
			35.3181871491698	-31.3084558054643
			35.3033910925509	-31.3084558054643
			35.2885950359321	-31.3084558054643
			35.2737989793132	-31.3084558054643
			35.2590029226944	-31.3084558054643
			35.2442068660756	-31.3084558054643
			35.2294108094567	-31.3084558054643
			35.2146147528379	-31.3084558054643
			35.199818696219	-31.2936597488454
			35.1850226396002	-31.2936597488454
			35.1702265829814	-31.2936597488454
			35.1554305263625	-31.2936597488454
			35.1554305263625	-31.2788636922266
			35.1406344697437	-31.2788636922266
			35.1258384131248	-31.2788636922266
			35.1258384131248	-31.2640676356078
			35.111042356506	-31.2640676356078
			35.0962462998872	-31.2492715789889
			35.0814502432683	-31.2344755223701
			35.0666541866495	-31.2344755223701
			35.0518581300307	-31.2196794657512
			35.0370620734118	-31.2048834091324
			35.022266016793	-31.1900873525136
			35.022266016793	-31.1752912958947
			35.0074699601741	-31.1604952392759
			34.9926739035553	-31.145699182657
			34.9926739035553	-31.1309031260382
			34.9778778469365	-31.1161070694194
			34.9778778469365	-31.1013110128005
			34.9630817903176	-31.0865149561817
			34.9630817903176	-31.0717188995628
			34.9482857336988	-31.056922842944
			34.9482857336988	-31.0421267863252
			34.9482857336988	-31.0273307297063
			34.9334896770799	-31.0125346730875
			34.9334896770799	-30.9977386164686
			34.9334896770799	-30.9829425598498
			34.9186936204611	-30.968146503231
			34.9186936204611	-30.9533504466121
			34.9038975638423	-30.9385543899933
			34.9038975638423	-30.9237583333744
			34.8891015072234	-30.9089622767556
			34.8891015072234	-30.8941662201368
			34.8743054506046	-30.8793701635179
			34.8743054506046	-30.8645741068991
			34.8743054506046	-30.8497780502802
			34.8595093939857	-30.8349819936614
			34.8595093939857	-30.8201859370426
			34.8447133373669	-30.8053898804237
			34.8447133373669	-30.7905938238049
			34.8299172807481	-30.775797767186
			34.8299172807481	-30.7610017105672
			34.8151212241292	-30.7462056539484
			34.8151212241292	-30.7314095973295
			34.8003251675104	-30.7166135407107
			34.8003251675104	-30.7018174840919
			34.8003251675104	-30.687021427473
			34.8003251675104	-30.6722253708542
			34.7855291108915	-30.6574293142353
			34.7855291108915	-30.6426332576165
			34.7855291108915	-30.6278372009977
			34.7855291108915	-30.6130411443788
			34.7855291108915	-30.59824508776
			34.7855291108915	-30.5834490311411
			34.7855291108915	-30.5686529745223
			34.7855291108915	-30.5538569179035
			34.7707330542727	-30.5390608612846
			34.7707330542727	-30.5242648046658
			34.7707330542727	-30.5094687480469
			34.7707330542727	-30.4946726914281
			34.7707330542727	-30.4798766348093
			34.7707330542727	-30.4650805781904
			34.7707330542727	-30.4502845215716
			34.7707330542727	-30.4354884649527
			34.7559369976539	-30.4206924083339
			34.7559369976539	-30.4058963517151
			34.7559369976539	-30.3911002950962
			34.7559369976539	-30.3763042384774
			34.7559369976539	-30.3615081818585
		</Outline1>
		<Outline2 type=matrix rownames=FALSE colnames=FALSE nrow=107 ncol=2 as.numeric=TRUE >
			34.7559369976539	-30.3615081818585
			34.7559369976539	-30.3467121252397
			34.7559369976539	-30.3319160686209
			34.7559369976539	-30.317120012002
			34.7559369976539	-30.3023239553832
			34.741140941035	-30.3023239553832
			34.741140941035	-30.2875278987643
			34.741140941035	-30.2727318421455
			34.741140941035	-30.2579357855267
			34.741140941035	-30.2431397289078
			34.741140941035	-30.228343672289
			34.741140941035	-30.2135476156702
			34.741140941035	-30.1987515590513
			34.7263448844162	-30.1839555024325
			34.7263448844162	-30.1691594458136
			34.7263448844162	-30.1543633891948
			34.7263448844162	-30.139567332576
			34.7263448844162	-30.1247712759571
			34.7263448844162	-30.1099752193383
			34.7263448844162	-30.0951791627194
			34.7263448844162	-30.0803831061006
			34.7263448844162	-30.0655870494818
			34.7263448844162	-30.0507909928629
			34.7263448844162	-30.0359949362441
			34.7263448844162	-30.0211988796252
			34.7263448844162	-30.0064028230064
			34.7263448844162	-29.9916067663876
			34.7263448844162	-29.9768107097687
			34.7263448844162	-29.9620146531499
			34.7263448844162	-29.947218596531
			34.741140941035	-29.9324225399122
			34.741140941035	-29.9176264832934
			34.741140941035	-29.9028304266745
			34.741140941035	-29.8880343700557
			34.741140941035	-29.8732383134368
			34.741140941035	-29.858442256818
			34.7559369976539	-29.8436462001992
			34.7559369976539	-29.8288501435803
			34.7559369976539	-29.8140540869615
			34.7559369976539	-29.7992580303426
			34.7559369976539	-29.7844619737238
			34.7559369976539	-29.769665917105
			34.7707330542727	-29.7548698604861
			34.7707330542727	-29.7400738038673
			34.7707330542727	-29.7252777472484
			34.7855291108915	-29.7104816906296
			34.7855291108915	-29.6956856340108
			34.7855291108915	-29.6808895773919
			34.7855291108915	-29.6660935207731
			34.8003251675104	-29.6512974641543
			34.8003251675104	-29.6365014075354
			34.8151212241292	-29.6217053509166
			34.8151212241292	-29.6069092942977
			34.8299172807481	-29.5921132376789
			34.8299172807481	-29.5773171810601
			34.8447133373669	-29.5625211244412
			34.8447133373669	-29.5477250678224
			34.8595093939857	-29.5329290112035
			34.8595093939857	-29.5181329545847
			34.8743054506046	-29.5033368979659
			34.8743054506046	-29.488540841347
			34.8891015072234	-29.4737447847282
			34.8891015072234	-29.4589487281093
			34.9038975638423	-29.4441526714905
			34.9038975638423	-29.4293566148717
			34.9038975638423	-29.4145605582528
			34.9186936204611	-29.399764501634
			34.9186936204611	-29.3849684450151
			34.9334896770799	-29.3701723883963
			34.9334896770799	-29.3553763317775
			34.9482857336988	-29.3405802751586
			34.9482857336988	-29.3257842185398
			34.9630817903176	-29.3257842185398
			34.9630817903176	-29.3109881619209
			34.9778778469365	-29.2961921053021
			34.9926739035553	-29.2813960486833
			35.0074699601741	-29.2813960486833
			35.0074699601741	-29.2665999920644
			35.022266016793	-29.2518039354456
			35.0370620734118	-29.2370078788267
			35.0518581300307	-29.2222118222079
			35.0666541866495	-29.2074157655891
			35.0814502432683	-29.2074157655891
			35.0814502432683	-29.1926197089702
			35.0962462998872	-29.1926197089702
			35.111042356506	-29.1778236523514
			35.1258384131248	-29.1630275957326
			35.1406344697437	-29.1630275957326
			35.1406344697437	-29.1482315391137
			35.1554305263625	-29.1482315391137
			35.1702265829814	-29.1482315391137
			35.1850226396002	-29.1334354824949
			35.199818696219	-29.1334354824949
			35.2146147528379	-29.1334354824949
			35.2294108094567	-29.118639425876
			35.2442068660756	-29.118639425876
			35.2590029226944	-29.118639425876
			35.2737989793132	-29.118639425876
			35.2885950359321	-29.118639425876
			35.3033910925509	-29.118639425876
			35.3181871491698	-29.118639425876
			35.3329832057886	-29.118639425876
			35.3477792624074	-29.118639425876
			35.3625753190263	-29.118639425876
			35.3773713756451	-29.118639425876
			35.392167432264	-29.1334354824949
			35.4069634888828	-29.1334354824949
		</Outline2>
		<Outline3 type=matrix rownames=FALSE colnames=FALSE nrow=108 ncol=2 as.numeric=TRUE >
			35.4069634888828	-29.1334354824949
			35.4217595455016	-29.1334354824949
			35.4365556021205	-29.1334354824949
			35.4513516587393	-29.1334354824949
			35.4661477153582	-29.1334354824949
			35.480943771977	-29.1334354824949
			35.4957398285958	-29.1334354824949
			35.5105358852147	-29.1334354824949
			35.5253319418335	-29.1334354824949
			35.5401279984523	-29.118639425876
			35.5549240550712	-29.118639425876
			35.56972011169	-29.1038433692572
			35.5845161683089	-29.1038433692572
			35.5993122249277	-29.0890473126384
			35.6141082815465	-29.0890473126384
			35.6289043381654	-29.0890473126384
			35.6437003947842	-29.0890473126384
			35.6584964514031	-29.0890473126384
			35.6732925080219	-29.0890473126384
			35.6880885646407	-29.0890473126384
			35.7028846212596	-29.0890473126384
			35.7176806778784	-29.0890473126384
			35.7324767344973	-29.0890473126384
			35.7472727911161	-29.0890473126384
			35.7620688477349	-29.0742512560195
			35.7768649043538	-29.0742512560195
			35.7916609609726	-29.0742512560195
			35.8064570175915	-29.0594551994007
			35.8212530742103	-29.0594551994007
			35.8360491308291	-29.0446591427818
			35.850845187448	-29.0446591427818
			35.8656412440668	-29.0446591427818
			35.8804373006857	-29.0446591427818
			35.8952333573045	-29.0446591427818
			35.9100294139233	-29.029863086163
			35.9248254705422	-29.029863086163
			35.939621527161	-29.029863086163
			35.9544175837799	-29.029863086163
			35.9692136403987	-29.029863086163
			35.9840096970175	-29.029863086163
			35.9988057536364	-29.029863086163
			36.0136018102552	-29.029863086163
			36.0283978668741	-29.029863086163
			36.0431939234929	-29.029863086163
			36.0579899801117	-29.029863086163
			36.0727860367306	-29.029863086163
			36.0875820933494	-29.029863086163
			36.1023781499683	-29.029863086163
			36.1171742065871	-29.029863086163
			36.1319702632059	-29.029863086163
			36.1467663198248	-29.029863086163
			36.1615623764436	-29.029863086163
			36.1763584330624	-29.029863086163
			36.1911544896813	-29.029863086163
			36.2059505463001	-29.029863086163
			36.220746602919	-29.029863086163
			36.2355426595378	-29.0446591427818
			36.2503387161566	-29.0446591427818
			36.2651347727755	-29.0446591427818
			36.2799308293943	-29.0594551994007
			36.2947268860132	-29.0594551994007
			36.309522942632	-29.0594551994007
			36.3243189992508	-29.0742512560195
			36.3391150558697	-29.0742512560195
			36.3539111124885	-29.0890473126384
			36.3687071691074	-29.0890473126384
			36.3835032257262	-29.1038433692572
			36.398299282345	-29.1038433692572
			36.4130953389639	-29.118639425876
			36.4278913955827	-29.118639425876
			36.4278913955827	-29.1334354824949
			36.4426874522016	-29.1334354824949
			36.4574835088204	-29.1482315391137
			36.4722795654392	-29.1630275957326
			36.4870756220581	-29.1778236523514
			36.5018716786769	-29.1926197089702
			36.5166677352958	-29.1926197089702
			36.5314637919146	-29.2074157655891
			36.5314637919146	-29.2222118222079
			36.5462598485334	-29.2370078788267
			36.5610559051523	-29.2370078788267
			36.5758519617711	-29.2518039354456
			36.5758519617711	-29.2665999920644
			36.5906480183899	-29.2813960486833
			36.5906480183899	-29.2961921053021
			36.6054440750088	-29.3109881619209
			36.6054440750088	-29.3257842185398
			36.6202401316276	-29.3405802751586
			36.6350361882465	-29.3553763317775
			36.6350361882465	-29.3701723883963
			36.6350361882465	-29.3849684450151
			36.6498322448653	-29.399764501634
			36.6498322448653	-29.4145605582528
			36.6646283014842	-29.4293566148717
			36.6646283014842	-29.4441526714905
			36.679424358103	-29.4589487281093
			36.679424358103	-29.4737447847282
			36.679424358103	-29.488540841347
			36.6942204147218	-29.488540841347
			36.6942204147218	-29.5033368979659
			36.7090164713407	-29.5181329545847
			36.7090164713407	-29.5329290112035
			36.7238125279595	-29.5477250678224
			36.7386085845783	-29.5625211244412
			36.7386085845783	-29.5773171810601
			36.7386085845783	-29.5921132376789
			36.7534046411972	-29.5921132376789
			36.7534046411972	-29.6069092942977
		</Outline3>
		<Outline4 type=matrix rownames=FALSE colnames=FALSE nrow=104 ncol=2 as.numeric=TRUE >
			36.7534046411972	-29.6069092942977
			36.7534046411972	-29.6217053509166
			36.768200697816	-29.6365014075354
			36.768200697816	-29.6512974641543
			36.768200697816	-29.6660935207731
			36.768200697816	-29.6808895773919
			36.7829967544349	-29.6956856340108
			36.7829967544349	-29.7104816906296
			36.7829967544349	-29.7252777472484
			36.7977928110537	-29.7400738038673
			36.7977928110537	-29.7548698604861
			36.7977928110537	-29.769665917105
			36.7977928110537	-29.7844619737238
			36.8125888676725	-29.7992580303426
			36.8125888676725	-29.8140540869615
			36.8125888676725	-29.8288501435803
			36.8125888676725	-29.8436462001992
			36.8125888676725	-29.858442256818
			36.8125888676725	-29.8732383134368
			36.8273849242914	-29.8880343700557
			36.8273849242914	-29.9028304266745
			36.8273849242914	-29.9176264832934
			36.8273849242914	-29.9324225399122
			36.8273849242914	-29.947218596531
			36.8273849242914	-29.9620146531499
			36.8273849242914	-29.9768107097687
			36.8273849242914	-29.9916067663876
			36.8273849242914	-30.0064028230064
			36.8273849242914	-30.0211988796252
			36.8273849242914	-30.0359949362441
			36.8273849242914	-30.0507909928629
			36.8273849242914	-30.0655870494818
			36.8273849242914	-30.0803831061006
			36.8273849242914	-30.0951791627194
			36.8273849242914	-30.1099752193383
			36.8273849242914	-30.1247712759571
			36.8273849242914	-30.139567332576
			36.8273849242914	-30.1543633891948
			36.8273849242914	-30.1691594458136
			36.8273849242914	-30.1839555024325
			36.8125888676725	-30.1987515590513
			36.8125888676725	-30.2135476156702
			36.8125888676725	-30.228343672289
			36.8125888676725	-30.2431397289078
			36.8125888676725	-30.2579357855267
			36.8125888676725	-30.2727318421455
			36.8125888676725	-30.2875278987643
			36.7977928110537	-30.3023239553832
			36.7977928110537	-30.317120012002
			36.7977928110537	-30.3319160686209
			36.7829967544349	-30.3467121252397
			36.7829967544349	-30.3615081818585
			36.768200697816	-30.3763042384774
			36.768200697816	-30.3911002950962
			36.7534046411972	-30.4058963517151
			36.7534046411972	-30.4206924083339
			36.7386085845783	-30.4354884649527
			36.7386085845783	-30.4502845215716
			36.7238125279595	-30.4650805781904
			36.7090164713407	-30.4798766348093
			36.6942204147218	-30.4946726914281
			36.679424358103	-30.5094687480469
			36.6646283014842	-30.5242648046658
			36.6498322448653	-30.5390608612846
			36.6498322448653	-30.5538569179035
			36.6350361882465	-30.5686529745223
			36.6202401316276	-30.5834490311411
			36.6054440750088	-30.5834490311411
			36.5906480183899	-30.59824508776
			36.5758519617711	-30.6130411443788
			36.5610559051523	-30.6278372009977
			36.5610559051523	-30.6426332576165
			36.5462598485334	-30.6426332576165
			36.5314637919146	-30.6574293142353
			36.5166677352958	-30.6574293142353
			36.5018716786769	-30.6722253708542
			36.4870756220581	-30.6722253708542
			36.4722795654392	-30.687021427473
			36.4574835088204	-30.687021427473
			36.4426874522016	-30.7018174840919
			36.4278913955827	-30.7166135407107
			36.4130953389639	-30.7166135407107
			36.398299282345	-30.7314095973295
			36.3835032257262	-30.7314095973295
			36.3687071691074	-30.7462056539484
			36.3539111124885	-30.7462056539484
			36.3391150558697	-30.7610017105672
			36.3243189992508	-30.7610017105672
			36.309522942632	-30.775797767186
			36.2947268860132	-30.775797767186
			36.2799308293943	-30.775797767186
			36.2651347727755	-30.7905938238049
			36.2503387161566	-30.7905938238049
			36.2355426595378	-30.8053898804237
			36.220746602919	-30.8201859370426
			36.2059505463001	-30.8201859370426
			36.1911544896813	-30.8349819936614
			36.1763584330624	-30.8349819936614
			36.1615623764436	-30.8349819936614
			36.1467663198248	-30.8497780502802
			36.1319702632059	-30.8497780502802
			36.1171742065871	-30.8645741068991
			36.1023781499683	-30.8793701635179
			36.0875820933494	-30.8793701635179
		</Outline4>
	</curves.scaled>
	<ruler.points type=matrix rownames=TRUE colnames=FALSE nrow=2 ncol=2 as.numeric=TRUE >
		Ruler point 1	2956	116
		Ruler point 2	2281	82
	</ruler.points>
</shapes>

