<shapes type=list>
	<ruler.pixel type=vector names=FALSE length=1 as.numeric=TRUE >1061.00424127333</ruler.pixel>
	<ruler.interval type=vector names=FALSE length=1 as.numeric=TRUE >10</ruler.interval>
	<scaling.units type=vector names=FALSE length=1 as.numeric=FALSE >mm</scaling.units>
	<scaling type=vector names=FALSE length=1 as.numeric=TRUE >0.00942503301211954</scaling>
	<landmarks.pixel type=matrix rownames=TRUE colnames=FALSE nrow=4 ncol=2 as.numeric=TRUE >
		Labial	1840	797
		Posterior	1772	753
		Lingual	1826	693
		Anterior	1900	737
	</landmarks.pixel>
	<landmarks.scaled type=matrix rownames=TRUE colnames=FALSE nrow=4 ncol=2 as.numeric=TRUE >
		Labial	17.3420607422999	-7.51175131065927
		Posterior	16.7011584974758	-7.09704985812601
		Lingual	17.2101102801303	-6.53154787739884
		Anterior	17.9075627230271	-6.9462493299321
	</landmarks.scaled>
	<curves.control type=list>
		<Outline1 type=matrix rownames=FALSE colnames=FALSE nrow=15 ncol=2 as.numeric=TRUE >
			1840	797
			1834	800
			1828	803
			1821	806
			1812	808
			1804	809
			1795	808
			1788	806
			1781	802
			1777	798
			1773	793
			1770	786
			1769	778
			1770	769
			1772	753
		</Outline1>
		<Outline2 type=matrix rownames=FALSE colnames=FALSE nrow=13 ncol=2 as.numeric=TRUE >
			1772	753
			1773	743
			1775	734
			1777	726
			1780	719
			1783	712
			1787	706
			1791	701
			1797	696
			1802	694
			1808	693
			1816	692
			1826	693
		</Outline2>
		<Outline3 type=matrix rownames=FALSE colnames=FALSE nrow=17 ncol=2 as.numeric=TRUE >
			1826	693
			1834	694
			1840	694
			1845	694
			1851	693
			1859	693
			1867	695
			1874	697
			1879	700
			1885	704
			1889	708
			1893	712
			1895	717
			1898	722
			1899	726
			1900	731
			1900	737
		</Outline3>
		<Outline4 type=matrix rownames=FALSE colnames=FALSE nrow=15 ncol=2 as.numeric=TRUE >
			1900	737
			1900	746
			1900	751
			1900	757
			1897	767
			1892	775
			1887	782
			1882	788
			1875	792
			1867	795
			1861	796
			1854	797
			1847	797
			1843	797
			1840	797
		</Outline4>
	</curves.control>
	<curves.pixel type=list>
		<Outline1 type=matrix rownames=FALSE colnames=FALSE nrow=113 ncol=2 as.numeric=TRUE >
			1840	797
			1839	797
			1839	798
			1838	798
			1837	798
			1836	799
			1835	800
			1834	800
			1833	800
			1832	801
			1831	801
			1831	802
			1830	802
			1829	803
			1828	803
			1827	803
			1826	804
			1825	804
			1824	805
			1823	805
			1822	805
			1821	806
			1820	806
			1819	806
			1818	807
			1817	807
			1816	807
			1815	807
			1814	808
			1813	808
			1812	808
			1811	808
			1810	808
			1809	808
			1808	808
			1807	808
			1806	808
			1805	808
			1804	808
			1803	808
			1802	808
			1801	808
			1800	808
			1799	808
			1798	808
			1797	808
			1796	808
			1795	808
			1794	808
			1793	808
			1793	807
			1792	807
			1791	807
			1790	806
			1789	806
			1788	805
			1787	805
			1786	805
			1785	804
			1784	804
			1783	803
			1782	803
			1782	802
			1781	802
			1780	801
			1779	800
			1778	799
			1777	798
			1776	797
			1775	796
			1775	795
			1774	794
			1773	793
			1772	792
			1772	791
			1772	790
			1772	789
			1771	788
			1771	787
			1771	786
			1770	785
			1770	784
			1770	783
			1770	782
			1769	781
			1769	780
			1769	779
			1769	778
			1769	777
			1769	776
			1769	775
			1769	774
			1770	773
			1770	772
			1770	771
			1770	770
			1770	769
			1770	768
			1770	767
			1770	766
			1771	765
			1771	764
			1771	763
			1771	762
			1771	761
			1771	760
			1771	759
			1771	758
			1771	757
			1772	756
			1772	755
			1772	754
			1772	753
		</Outline1>
		<Outline2 type=matrix rownames=FALSE colnames=FALSE nrow=91 ncol=2 as.numeric=TRUE >
			1772	753
			1772	752
			1772	751
			1772	750
			1772	749
			1773	748
			1773	747
			1773	746
			1773	745
			1773	744
			1773	743
			1773	742
			1774	741
			1774	740
			1774	739
			1774	738
			1774	737
			1775	736
			1775	735
			1775	734
			1775	733
			1776	732
			1776	731
			1776	730
			1776	729
			1777	728
			1777	727
			1777	726
			1778	725
			1778	724
			1778	723
			1779	722
			1779	721
			1780	720
			1780	719
			1780	718
			1781	717
			1781	716
			1782	715
			1782	714
			1783	714
			1783	713
			1783	712
			1784	711
			1784	710
			1785	709
			1785	708
			1786	708
			1786	707
			1787	706
			1788	705
			1789	704
			1790	703
			1791	702
			1791	701
			1792	700
			1793	700
			1794	699
			1795	698
			1796	697
			1797	696
			1798	696
			1799	695
			1800	695
			1801	695
			1802	694
			1803	694
			1804	694
			1805	694
			1805	693
			1806	693
			1807	693
			1808	693
			1809	693
			1810	693
			1811	693
			1812	693
			1813	693
			1814	693
			1815	693
			1816	693
			1817	693
			1818	693
			1819	693
			1820	693
			1821	693
			1822	693
			1823	693
			1824	693
			1825	693
			1826	693
		</Outline2>
		<Outline3 type=matrix rownames=FALSE colnames=FALSE nrow=94 ncol=2 as.numeric=TRUE >
			1826	693
			1827	693
			1828	693
			1829	693
			1830	693
			1831	694
			1832	694
			1833	694
			1834	694
			1835	694
			1836	694
			1837	694
			1838	694
			1839	694
			1840	694
			1841	694
			1842	694
			1843	694
			1844	694
			1845	694
			1846	694
			1847	694
			1848	694
			1849	693
			1850	693
			1851	693
			1852	693
			1853	693
			1854	693
			1855	693
			1856	693
			1857	693
			1858	693
			1859	693
			1860	694
			1861	694
			1862	694
			1863	694
			1864	694
			1865	694
			1866	695
			1867	695
			1868	695
			1869	696
			1870	696
			1871	696
			1872	697
			1873	697
			1874	697
			1875	698
			1876	699
			1877	699
			1878	700
			1879	700
			1880	701
			1881	701
			1882	702
			1883	703
			1884	704
			1885	704
			1886	705
			1886	706
			1887	706
			1888	707
			1889	708
			1890	709
			1891	710
			1892	711
			1892	712
			1893	713
			1893	714
			1894	715
			1894	716
			1895	717
			1895	718
			1896	719
			1897	720
			1897	721
			1897	722
			1898	723
			1899	724
			1899	725
			1899	726
			1899	727
			1899	728
			1900	729
			1900	730
			1900	731
			1900	732
			1900	733
			1900	734
			1900	735
			1900	736
			1900	737
		</Outline3>
		<Outline4 type=matrix rownames=FALSE colnames=FALSE nrow=94 ncol=2 as.numeric=TRUE >
			1900	737
			1900	738
			1900	739
			1900	740
			1900	741
			1900	742
			1900	743
			1900	744
			1900	745
			1900	746
			1900	747
			1900	748
			1900	749
			1900	750
			1900	751
			1900	752
			1900	753
			1900	754
			1900	755
			1900	756
			1899	757
			1899	758
			1899	759
			1899	760
			1899	761
			1898	762
			1898	763
			1898	764
			1897	765
			1897	766
			1897	767
			1896	768
			1896	769
			1895	770
			1894	771
			1894	772
			1893	773
			1892	774
			1892	775
			1891	776
			1890	777
			1890	778
			1889	779
			1888	780
			1888	781
			1887	782
			1886	783
			1885	784
			1884	785
			1883	786
			1882	787
			1881	788
			1880	789
			1879	789
			1878	790
			1877	791
			1876	791
			1875	792
			1874	792
			1873	793
			1872	793
			1871	794
			1870	794
			1869	794
			1868	794
			1867	795
			1866	795
			1865	795
			1864	795
			1864	796
			1863	796
			1862	796
			1861	796
			1860	796
			1859	796
			1858	796
			1857	796
			1856	797
			1855	797
			1854	797
			1853	797
			1852	797
			1851	797
			1850	797
			1849	797
			1848	797
			1847	797
			1846	797
			1845	797
			1844	797
			1843	797
			1842	797
			1841	797
			1840	797
		</Outline4>
	</curves.pixel>
	<curves.scaled type=list>
		<Outline1 type=matrix rownames=FALSE colnames=FALSE nrow=113 ncol=2 as.numeric=TRUE >
			17.3420607422999	-7.51175131065927
			17.3326357092878	-7.51175131065927
			17.3326357092878	-7.52117634367139
			17.3232106762757	-7.52117634367139
			17.3137856432636	-7.52117634367139
			17.3043606102515	-7.53060137668351
			17.2949355772393	-7.54002640969563
			17.2855105442272	-7.54002640969563
			17.2760855112151	-7.54002640969563
			17.266660478203	-7.54945144270775
			17.2572354451909	-7.54945144270775
			17.2572354451909	-7.55887647571987
			17.2478104121788	-7.55887647571987
			17.2383853791666	-7.56830150873199
			17.2289603461545	-7.56830150873199
			17.2195353131424	-7.56830150873199
			17.2101102801303	-7.57772654174411
			17.2006852471182	-7.57772654174411
			17.191260214106	-7.58715157475623
			17.1818351810939	-7.58715157475623
			17.1724101480818	-7.58715157475623
			17.1629851150697	-7.59657660776835
			17.1535600820576	-7.59657660776835
			17.1441350490454	-7.59657660776835
			17.1347100160333	-7.60600164078047
			17.1252849830212	-7.60600164078047
			17.1158599500091	-7.60600164078047
			17.106434916997	-7.60600164078047
			17.0970098839848	-7.61542667379258
			17.0875848509727	-7.61542667379258
			17.0781598179606	-7.61542667379258
			17.0687347849485	-7.61542667379258
			17.0593097519364	-7.61542667379258
			17.0498847189242	-7.61542667379258
			17.0404596859121	-7.61542667379258
			17.0310346529	-7.61542667379258
			17.0216096198879	-7.61542667379258
			17.0121845868758	-7.61542667379258
			17.0027595538636	-7.61542667379258
			16.9933345208515	-7.61542667379258
			16.9839094878394	-7.61542667379258
			16.9744844548273	-7.61542667379258
			16.9650594218152	-7.61542667379258
			16.955634388803	-7.61542667379258
			16.9462093557909	-7.61542667379258
			16.9367843227788	-7.61542667379258
			16.9273592897667	-7.61542667379258
			16.9179342567546	-7.61542667379258
			16.9085092237424	-7.61542667379258
			16.8990841907303	-7.61542667379258
			16.8990841907303	-7.60600164078047
			16.8896591577182	-7.60600164078047
			16.8802341247061	-7.60600164078047
			16.870809091694	-7.59657660776835
			16.8613840586818	-7.59657660776835
			16.8519590256697	-7.58715157475623
			16.8425339926576	-7.58715157475623
			16.8331089596455	-7.58715157475623
			16.8236839266334	-7.57772654174411
			16.8142588936213	-7.57772654174411
			16.8048338606091	-7.56830150873199
			16.795408827597	-7.56830150873199
			16.795408827597	-7.55887647571987
			16.7859837945849	-7.55887647571987
			16.7765587615728	-7.54945144270775
			16.7671337285607	-7.54002640969563
			16.7577086955485	-7.53060137668351
			16.7482836625364	-7.52117634367139
			16.7388586295243	-7.51175131065927
			16.7294335965122	-7.50232627764715
			16.7294335965122	-7.49290124463503
			16.7200085635001	-7.48347621162291
			16.7105835304879	-7.47405117861079
			16.7011584974758	-7.46462614559867
			16.7011584974758	-7.45520111258655
			16.7011584974758	-7.44577607957443
			16.7011584974758	-7.43635104656231
			16.6917334644637	-7.42692601355019
			16.6917334644637	-7.41750098053807
			16.6917334644637	-7.40807594752595
			16.6823084314516	-7.39865091451384
			16.6823084314516	-7.38922588150172
			16.6823084314516	-7.3798008484896
			16.6823084314516	-7.37037581547748
			16.6728833984395	-7.36095078246536
			16.6728833984395	-7.35152574945324
			16.6728833984395	-7.34210071644112
			16.6728833984395	-7.332675683429
			16.6728833984395	-7.32325065041688
			16.6728833984395	-7.31382561740476
			16.6728833984395	-7.30440058439264
			16.6728833984395	-7.29497555138052
			16.6823084314516	-7.2855505183684
			16.6823084314516	-7.27612548535628
			16.6823084314516	-7.26670045234416
			16.6823084314516	-7.25727541933204
			16.6823084314516	-7.24785038631992
			16.6823084314516	-7.2384253533078
			16.6823084314516	-7.22900032029568
			16.6823084314516	-7.21957528728356
			16.6917334644637	-7.21015025427144
			16.6917334644637	-7.20072522125932
			16.6917334644637	-7.19130018824721
			16.6917334644637	-7.18187515523509
			16.6917334644637	-7.17245012222297
			16.6917334644637	-7.16302508921085
			16.6917334644637	-7.15360005619873
			16.6917334644637	-7.14417502318661
			16.6917334644637	-7.13474999017449
			16.7011584974758	-7.12532495716237
			16.7011584974758	-7.11589992415025
			16.7011584974758	-7.10647489113813
			16.7011584974758	-7.09704985812601
		</Outline1>
		<Outline2 type=matrix rownames=FALSE colnames=FALSE nrow=91 ncol=2 as.numeric=TRUE >
			16.7011584974758	-7.09704985812601
			16.7011584974758	-7.08762482511389
			16.7011584974758	-7.07819979210177
			16.7011584974758	-7.06877475908965
			16.7011584974758	-7.05934972607753
			16.7105835304879	-7.04992469306541
			16.7105835304879	-7.04049966005329
			16.7105835304879	-7.03107462704117
			16.7105835304879	-7.02164959402905
			16.7105835304879	-7.01222456101693
			16.7105835304879	-7.00279952800481
			16.7105835304879	-6.9933744949927
			16.7200085635001	-6.98394946198058
			16.7200085635001	-6.97452442896846
			16.7200085635001	-6.96509939595634
			16.7200085635001	-6.95567436294422
			16.7200085635001	-6.9462493299321
			16.7294335965122	-6.93682429691998
			16.7294335965122	-6.92739926390786
			16.7294335965122	-6.91797423089574
			16.7294335965122	-6.90854919788362
			16.7388586295243	-6.8991241648715
			16.7388586295243	-6.88969913185938
			16.7388586295243	-6.88027409884726
			16.7388586295243	-6.87084906583514
			16.7482836625364	-6.86142403282302
			16.7482836625364	-6.8519989998109
			16.7482836625364	-6.84257396679878
			16.7577086955485	-6.83314893378666
			16.7577086955485	-6.82372390077454
			16.7577086955485	-6.81429886776242
			16.7671337285607	-6.80487383475031
			16.7671337285607	-6.79544880173819
			16.7765587615728	-6.78602376872607
			16.7765587615728	-6.77659873571395
			16.7765587615728	-6.76717370270183
			16.7859837945849	-6.75774866968971
			16.7859837945849	-6.74832363667759
			16.795408827597	-6.73889860366547
			16.795408827597	-6.72947357065335
			16.8048338606091	-6.72947357065335
			16.8048338606091	-6.72004853764123
			16.8048338606091	-6.71062350462911
			16.8142588936213	-6.70119847161699
			16.8142588936213	-6.69177343860487
			16.8236839266334	-6.68234840559275
			16.8236839266334	-6.67292337258063
			16.8331089596455	-6.67292337258063
			16.8331089596455	-6.66349833956851
			16.8425339926576	-6.65407330655639
			16.8519590256697	-6.64464827354427
			16.8613840586818	-6.63522324053215
			16.870809091694	-6.62579820752003
			16.8802341247061	-6.61637317450791
			16.8802341247061	-6.60694814149579
			16.8896591577182	-6.59752310848368
			16.8990841907303	-6.59752310848368
			16.9085092237424	-6.58809807547156
			16.9179342567546	-6.57867304245944
			16.9273592897667	-6.56924800944732
			16.9367843227788	-6.5598229764352
			16.9462093557909	-6.5598229764352
			16.955634388803	-6.55039794342308
			16.9650594218152	-6.55039794342308
			16.9744844548273	-6.55039794342308
			16.9839094878394	-6.54097291041096
			16.9933345208515	-6.54097291041096
			17.0027595538636	-6.54097291041096
			17.0121845868758	-6.54097291041096
			17.0121845868758	-6.53154787739884
			17.0216096198879	-6.53154787739884
			17.0310346529	-6.53154787739884
			17.0404596859121	-6.53154787739884
			17.0498847189242	-6.53154787739884
			17.0593097519364	-6.53154787739884
			17.0687347849485	-6.53154787739884
			17.0781598179606	-6.53154787739884
			17.0875848509727	-6.53154787739884
			17.0970098839848	-6.53154787739884
			17.106434916997	-6.53154787739884
			17.1158599500091	-6.53154787739884
			17.1252849830212	-6.53154787739884
			17.1347100160333	-6.53154787739884
			17.1441350490454	-6.53154787739884
			17.1535600820576	-6.53154787739884
			17.1629851150697	-6.53154787739884
			17.1724101480818	-6.53154787739884
			17.1818351810939	-6.53154787739884
			17.191260214106	-6.53154787739884
			17.2006852471182	-6.53154787739884
			17.2101102801303	-6.53154787739884
		</Outline2>
		<Outline3 type=matrix rownames=FALSE colnames=FALSE nrow=94 ncol=2 as.numeric=TRUE >
			17.2101102801303	-6.53154787739884
			17.2195353131424	-6.53154787739884
			17.2289603461545	-6.53154787739884
			17.2383853791666	-6.53154787739884
			17.2478104121788	-6.53154787739884
			17.2572354451909	-6.54097291041096
			17.266660478203	-6.54097291041096
			17.2760855112151	-6.54097291041096
			17.2855105442272	-6.54097291041096
			17.2949355772393	-6.54097291041096
			17.3043606102515	-6.54097291041096
			17.3137856432636	-6.54097291041096
			17.3232106762757	-6.54097291041096
			17.3326357092878	-6.54097291041096
			17.3420607422999	-6.54097291041096
			17.3514857753121	-6.54097291041096
			17.3609108083242	-6.54097291041096
			17.3703358413363	-6.54097291041096
			17.3797608743484	-6.54097291041096
			17.3891859073605	-6.54097291041096
			17.3986109403727	-6.54097291041096
			17.4080359733848	-6.54097291041096
			17.4174610063969	-6.54097291041096
			17.426886039409	-6.53154787739884
			17.4363110724211	-6.53154787739884
			17.4457361054333	-6.53154787739884
			17.4551611384454	-6.53154787739884
			17.4645861714575	-6.53154787739884
			17.4740112044696	-6.53154787739884
			17.4834362374817	-6.53154787739884
			17.4928612704939	-6.53154787739884
			17.502286303506	-6.53154787739884
			17.5117113365181	-6.53154787739884
			17.5211363695302	-6.53154787739884
			17.5305614025423	-6.54097291041096
			17.5399864355545	-6.54097291041096
			17.5494114685666	-6.54097291041096
			17.5588365015787	-6.54097291041096
			17.5682615345908	-6.54097291041096
			17.5776865676029	-6.54097291041096
			17.5871116006151	-6.55039794342308
			17.5965366336272	-6.55039794342308
			17.6059616666393	-6.55039794342308
			17.6153866996514	-6.5598229764352
			17.6248117326635	-6.5598229764352
			17.6342367656757	-6.5598229764352
			17.6436617986878	-6.56924800944732
			17.6530868316999	-6.56924800944732
			17.662511864712	-6.56924800944732
			17.6719368977241	-6.57867304245944
			17.6813619307362	-6.58809807547156
			17.6907869637484	-6.58809807547156
			17.7002119967605	-6.59752310848368
			17.7096370297726	-6.59752310848368
			17.7190620627847	-6.60694814149579
			17.7284870957968	-6.60694814149579
			17.737912128809	-6.61637317450791
			17.7473371618211	-6.62579820752003
			17.7567621948332	-6.63522324053215
			17.7661872278453	-6.63522324053215
			17.7756122608574	-6.64464827354427
			17.7756122608574	-6.65407330655639
			17.7850372938696	-6.65407330655639
			17.7944623268817	-6.66349833956851
			17.8038873598938	-6.67292337258063
			17.8133123929059	-6.68234840559275
			17.822737425918	-6.69177343860487
			17.8321624589302	-6.70119847161699
			17.8321624589302	-6.71062350462911
			17.8415874919423	-6.72004853764123
			17.8415874919423	-6.72947357065335
			17.8510125249544	-6.73889860366547
			17.8510125249544	-6.74832363667759
			17.8604375579665	-6.75774866968971
			17.8604375579665	-6.76717370270183
			17.8698625909786	-6.77659873571395
			17.8792876239908	-6.78602376872607
			17.8792876239908	-6.79544880173819
			17.8792876239908	-6.80487383475031
			17.8887126570029	-6.81429886776242
			17.898137690015	-6.82372390077454
			17.898137690015	-6.83314893378666
			17.898137690015	-6.84257396679878
			17.898137690015	-6.8519989998109
			17.898137690015	-6.86142403282302
			17.9075627230271	-6.87084906583514
			17.9075627230271	-6.88027409884726
			17.9075627230271	-6.88969913185938
			17.9075627230271	-6.8991241648715
			17.9075627230271	-6.90854919788362
			17.9075627230271	-6.91797423089574
			17.9075627230271	-6.92739926390786
			17.9075627230271	-6.93682429691998
			17.9075627230271	-6.9462493299321
		</Outline3>
		<Outline4 type=matrix rownames=FALSE colnames=FALSE nrow=94 ncol=2 as.numeric=TRUE >
			17.9075627230271	-6.9462493299321
			17.9075627230271	-6.95567436294422
			17.9075627230271	-6.96509939595634
			17.9075627230271	-6.97452442896846
			17.9075627230271	-6.98394946198058
			17.9075627230271	-6.9933744949927
			17.9075627230271	-7.00279952800481
			17.9075627230271	-7.01222456101693
			17.9075627230271	-7.02164959402905
			17.9075627230271	-7.03107462704117
			17.9075627230271	-7.04049966005329
			17.9075627230271	-7.04992469306541
			17.9075627230271	-7.05934972607753
			17.9075627230271	-7.06877475908965
			17.9075627230271	-7.07819979210177
			17.9075627230271	-7.08762482511389
			17.9075627230271	-7.09704985812601
			17.9075627230271	-7.10647489113813
			17.9075627230271	-7.11589992415025
			17.9075627230271	-7.12532495716237
			17.898137690015	-7.13474999017449
			17.898137690015	-7.14417502318661
			17.898137690015	-7.15360005619873
			17.898137690015	-7.16302508921085
			17.898137690015	-7.17245012222297
			17.8887126570029	-7.18187515523509
			17.8887126570029	-7.19130018824721
			17.8887126570029	-7.20072522125932
			17.8792876239908	-7.21015025427144
			17.8792876239908	-7.21957528728356
			17.8792876239908	-7.22900032029568
			17.8698625909786	-7.2384253533078
			17.8698625909786	-7.24785038631992
			17.8604375579665	-7.25727541933204
			17.8510125249544	-7.26670045234416
			17.8510125249544	-7.27612548535628
			17.8415874919423	-7.2855505183684
			17.8321624589302	-7.29497555138052
			17.8321624589302	-7.30440058439264
			17.822737425918	-7.31382561740476
			17.8133123929059	-7.32325065041688
			17.8133123929059	-7.332675683429
			17.8038873598938	-7.34210071644112
			17.7944623268817	-7.35152574945324
			17.7944623268817	-7.36095078246536
			17.7850372938696	-7.37037581547748
			17.7756122608574	-7.3798008484896
			17.7661872278453	-7.38922588150172
			17.7567621948332	-7.39865091451384
			17.7473371618211	-7.40807594752595
			17.737912128809	-7.41750098053807
			17.7284870957968	-7.42692601355019
			17.7190620627847	-7.43635104656231
			17.7096370297726	-7.43635104656231
			17.7002119967605	-7.44577607957443
			17.6907869637484	-7.45520111258655
			17.6813619307362	-7.45520111258655
			17.6719368977241	-7.46462614559867
			17.662511864712	-7.46462614559867
			17.6530868316999	-7.47405117861079
			17.6436617986878	-7.47405117861079
			17.6342367656757	-7.48347621162291
			17.6248117326635	-7.48347621162291
			17.6153866996514	-7.48347621162291
			17.6059616666393	-7.48347621162291
			17.5965366336272	-7.49290124463503
			17.5871116006151	-7.49290124463503
			17.5776865676029	-7.49290124463503
			17.5682615345908	-7.49290124463503
			17.5682615345908	-7.50232627764715
			17.5588365015787	-7.50232627764715
			17.5494114685666	-7.50232627764715
			17.5399864355545	-7.50232627764715
			17.5305614025423	-7.50232627764715
			17.5211363695302	-7.50232627764715
			17.5117113365181	-7.50232627764715
			17.502286303506	-7.50232627764715
			17.4928612704939	-7.51175131065927
			17.4834362374817	-7.51175131065927
			17.4740112044696	-7.51175131065927
			17.4645861714575	-7.51175131065927
			17.4551611384454	-7.51175131065927
			17.4457361054333	-7.51175131065927
			17.4363110724211	-7.51175131065927
			17.426886039409	-7.51175131065927
			17.4174610063969	-7.51175131065927
			17.4080359733848	-7.51175131065927
			17.3986109403727	-7.51175131065927
			17.3891859073605	-7.51175131065927
			17.3797608743484	-7.51175131065927
			17.3703358413363	-7.51175131065927
			17.3609108083242	-7.51175131065927
			17.3514857753121	-7.51175131065927
			17.3420607422999	-7.51175131065927
		</Outline4>
	</curves.scaled>
	<ruler.points type=matrix rownames=TRUE colnames=FALSE nrow=2 ncol=2 as.numeric=TRUE >
		Ruler point 1	3074	2331
		Ruler point 2	2013	2328
	</ruler.points>
</shapes>

