<shapes type=list>
	<ruler.pixel type=vector names=FALSE length=1 as.numeric=TRUE >1236.06836380517</ruler.pixel>
	<ruler.interval type=vector names=FALSE length=1 as.numeric=TRUE >10</ruler.interval>
	<scaling.units type=vector names=FALSE length=1 as.numeric=FALSE >mm</scaling.units>
	<scaling type=vector names=FALSE length=1 as.numeric=TRUE >0.0080901674153487</scaling>
	<landmarks.pixel type=matrix rownames=TRUE colnames=FALSE nrow=4 ncol=2 as.numeric=TRUE >
		Labial	2419	1602
		Posterior	2331	1553
		Lingual	2389	1470
		Anterior	2487	1518
	</landmarks.pixel>
	<landmarks.scaled type=matrix rownames=TRUE colnames=FALSE nrow=4 ncol=2 as.numeric=TRUE >
		Labial	19.5701149777285	-12.9604481993886
		Posterior	18.8581802451778	-12.5640299960365
		Lingual	19.327409955268	-11.8925461005626
		Anterior	20.1202463619722	-12.2808741364993
	</landmarks.scaled>
	<curves.control type=list>
		<Outline1 type=matrix rownames=FALSE colnames=FALSE nrow=21 ncol=2 as.numeric=TRUE >
			2419	1602
			2414	1605
			2407	1609
			2401	1614
			2395	1618
			2389	1622
			2382	1625
			2376	1627
			2370	1627
			2363	1626
			2357	1624
			2350	1621
			2345	1618
			2340	1613
			2336	1607
			2332	1601
			2331	1594
			2331	1583
			2331	1575
			2331	1564
			2331	1553
		</Outline1>
		<Outline2 type=matrix rownames=FALSE colnames=FALSE nrow=15 ncol=2 as.numeric=TRUE >
			2331	1553
			2330	1543
			2331	1532
			2332	1522
			2333	1513
			2334	1504
			2337	1497
			2340	1490
			2345	1484
			2350	1480
			2356	1477
			2361	1475
			2368	1473
			2375	1471
			2389	1470
		</Outline2>
		<Outline3 type=matrix rownames=FALSE colnames=FALSE nrow=17 ncol=2 as.numeric=TRUE >
			2389	1470
			2396	1469
			2406	1468
			2414	1467
			2422	1466
			2432	1466
			2440	1466
			2449	1467
			2456	1469
			2463	1472
			2468	1477
			2473	1482
			2477	1488
			2481	1495
			2484	1502
			2486	1510
			2487	1518
		</Outline3>
		<Outline4 type=matrix rownames=FALSE colnames=FALSE nrow=19 ncol=2 as.numeric=TRUE >
			2487	1518
			2488	1528
			2488	1535
			2488	1543
			2487	1550
			2485	1559
			2482	1567
			2479	1574
			2475	1581
			2471	1586
			2467	1591
			2463	1594
			2457	1597
			2452	1599
			2445	1600
			2438	1601
			2432	1601
			2425	1601
			2419	1602
		</Outline4>
	</curves.control>
	<curves.pixel type=list>
		<Outline1 type=matrix rownames=FALSE colnames=FALSE nrow=144 ncol=2 as.numeric=TRUE >
			2419	1602
			2418	1602
			2418	1603
			2417	1603
			2416	1604
			2415	1604
			2415	1605
			2414	1605
			2413	1605
			2412	1606
			2411	1607
			2410	1607
			2409	1608
			2408	1609
			2407	1609
			2406	1610
			2405	1611
			2404	1612
			2403	1612
			2402	1613
			2401	1614
			2400	1615
			2399	1615
			2398	1616
			2397	1617
			2396	1617
			2395	1618
			2394	1619
			2393	1619
			2392	1620
			2391	1620
			2390	1621
			2389	1621
			2388	1622
			2387	1623
			2386	1623
			2385	1624
			2384	1624
			2383	1625
			2382	1625
			2381	1625
			2380	1626
			2379	1626
			2378	1626
			2377	1626
			2376	1626
			2375	1627
			2374	1627
			2373	1627
			2372	1627
			2371	1627
			2370	1627
			2369	1627
			2368	1627
			2367	1627
			2366	1626
			2365	1626
			2364	1626
			2363	1626
			2362	1625
			2361	1625
			2360	1625
			2359	1625
			2358	1624
			2357	1624
			2356	1624
			2355	1623
			2354	1623
			2353	1622
			2352	1622
			2351	1621
			2350	1621
			2349	1620
			2348	1620
			2347	1619
			2346	1619
			2346	1618
			2345	1618
			2344	1617
			2343	1616
			2343	1615
			2342	1615
			2341	1614
			2340	1613
			2340	1612
			2339	1611
			2338	1610
			2338	1609
			2337	1608
			2336	1607
			2335	1606
			2335	1605
			2334	1604
			2334	1603
			2333	1602
			2333	1601
			2332	1600
			2332	1599
			2332	1598
			2332	1597
			2331	1596
			2331	1595
			2331	1594
			2331	1593
			2331	1592
			2331	1591
			2331	1590
			2331	1589
			2331	1588
			2331	1587
			2331	1586
			2331	1585
			2331	1584
			2331	1583
			2331	1582
			2331	1581
			2331	1580
			2331	1579
			2331	1578
			2331	1577
			2331	1576
			2331	1575
			2331	1574
			2331	1573
			2331	1572
			2331	1571
			2331	1570
			2331	1569
			2331	1568
			2331	1567
			2331	1566
			2331	1565
			2331	1564
			2331	1563
			2331	1562
			2331	1561
			2331	1560
			2331	1559
			2331	1558
			2331	1557
			2331	1556
			2331	1555
			2331	1554
			2331	1553
		</Outline1>
		<Outline2 type=matrix rownames=FALSE colnames=FALSE nrow=120 ncol=2 as.numeric=TRUE >
			2331	1553
			2331	1552
			2331	1551
			2331	1550
			2331	1549
			2331	1548
			2331	1547
			2331	1546
			2331	1545
			2331	1544
			2331	1543
			2331	1542
			2331	1541
			2331	1540
			2331	1539
			2331	1538
			2331	1537
			2331	1536
			2331	1535
			2331	1534
			2331	1533
			2331	1532
			2331	1531
			2331	1530
			2331	1529
			2331	1528
			2332	1527
			2332	1526
			2332	1525
			2332	1524
			2332	1523
			2332	1522
			2332	1521
			2332	1520
			2332	1519
			2332	1518
			2333	1517
			2333	1516
			2333	1515
			2333	1514
			2333	1513
			2333	1512
			2333	1511
			2333	1510
			2334	1509
			2334	1508
			2334	1507
			2334	1506
			2334	1505
			2335	1504
			2335	1503
			2335	1502
			2336	1501
			2336	1500
			2336	1499
			2337	1498
			2337	1497
			2337	1496
			2338	1495
			2338	1494
			2339	1494
			2339	1493
			2340	1492
			2340	1491
			2341	1490
			2341	1489
			2342	1489
			2342	1488
			2343	1487
			2343	1486
			2344	1485
			2345	1484
			2346	1483
			2347	1482
			2348	1482
			2349	1481
			2350	1481
			2350	1480
			2351	1480
			2352	1479
			2353	1479
			2354	1478
			2355	1478
			2356	1477
			2357	1477
			2357	1476
			2358	1476
			2359	1476
			2360	1476
			2361	1475
			2362	1475
			2363	1474
			2364	1474
			2365	1474
			2366	1474
			2366	1473
			2367	1473
			2368	1473
			2369	1473
			2370	1472
			2371	1472
			2372	1472
			2373	1472
			2374	1472
			2375	1472
			2375	1471
			2376	1471
			2377	1471
			2378	1471
			2379	1471
			2380	1471
			2381	1471
			2382	1471
			2383	1470
			2384	1470
			2385	1470
			2386	1470
			2387	1470
			2388	1470
			2389	1470
		</Outline2>
		<Outline3 type=matrix rownames=FALSE colnames=FALSE nrow=123 ncol=2 as.numeric=TRUE >
			2389	1470
			2390	1470
			2391	1470
			2392	1470
			2393	1470
			2394	1469
			2395	1469
			2396	1469
			2397	1469
			2398	1469
			2399	1469
			2400	1469
			2401	1469
			2402	1468
			2403	1468
			2404	1468
			2405	1468
			2406	1468
			2407	1468
			2408	1468
			2409	1468
			2410	1467
			2411	1467
			2412	1467
			2413	1467
			2414	1467
			2415	1467
			2416	1467
			2417	1467
			2418	1466
			2419	1466
			2420	1466
			2421	1466
			2422	1466
			2423	1466
			2424	1466
			2425	1466
			2426	1466
			2427	1466
			2428	1466
			2429	1466
			2430	1466
			2431	1466
			2432	1466
			2433	1466
			2434	1466
			2435	1466
			2436	1466
			2437	1466
			2438	1466
			2439	1466
			2440	1466
			2441	1466
			2442	1466
			2443	1466
			2444	1466
			2445	1467
			2446	1467
			2447	1467
			2448	1467
			2449	1467
			2450	1468
			2451	1468
			2452	1468
			2453	1468
			2454	1468
			2455	1469
			2456	1469
			2457	1470
			2458	1470
			2459	1470
			2459	1471
			2460	1471
			2461	1471
			2461	1472
			2462	1472
			2463	1473
			2464	1474
			2465	1474
			2466	1475
			2467	1476
			2468	1477
			2469	1478
			2470	1479
			2471	1480
			2472	1481
			2473	1482
			2474	1483
			2474	1484
			2475	1485
			2476	1486
			2477	1487
			2477	1488
			2478	1489
			2478	1490
			2479	1491
			2479	1492
			2480	1493
			2480	1494
			2481	1495
			2481	1496
			2482	1497
			2482	1498
			2483	1499
			2483	1500
			2484	1501
			2484	1502
			2484	1503
			2485	1504
			2485	1505
			2485	1506
			2485	1507
			2485	1508
			2486	1509
			2486	1510
			2486	1511
			2486	1512
			2486	1513
			2486	1514
			2487	1515
			2487	1516
			2487	1517
			2487	1518
		</Outline3>
		<Outline4 type=matrix rownames=FALSE colnames=FALSE nrow=126 ncol=2 as.numeric=TRUE >
			2487	1518
			2487	1519
			2487	1520
			2487	1521
			2487	1522
			2487	1523
			2488	1524
			2488	1525
			2488	1526
			2488	1527
			2488	1528
			2488	1529
			2488	1530
			2488	1531
			2488	1532
			2488	1533
			2488	1534
			2488	1535
			2488	1536
			2488	1537
			2488	1538
			2488	1539
			2488	1540
			2488	1541
			2488	1542
			2488	1543
			2488	1544
			2488	1545
			2487	1546
			2487	1547
			2487	1548
			2487	1549
			2487	1550
			2487	1551
			2486	1552
			2486	1553
			2486	1554
			2486	1555
			2486	1556
			2485	1556
			2485	1557
			2485	1558
			2485	1559
			2484	1560
			2484	1561
			2484	1562
			2483	1563
			2483	1564
			2483	1565
			2482	1566
			2482	1567
			2482	1568
			2481	1568
			2481	1569
			2481	1570
			2480	1571
			2480	1572
			2479	1573
			2479	1574
			2478	1575
			2478	1576
			2477	1577
			2477	1578
			2476	1579
			2475	1580
			2475	1581
			2474	1582
			2474	1583
			2473	1584
			2472	1584
			2472	1585
			2471	1586
			2470	1587
			2470	1588
			2469	1588
			2469	1589
			2468	1590
			2467	1591
			2466	1592
			2465	1593
			2464	1593
			2463	1594
			2462	1594
			2461	1595
			2460	1595
			2459	1596
			2458	1597
			2457	1597
			2456	1597
			2455	1598
			2454	1598
			2453	1598
			2452	1599
			2451	1599
			2450	1599
			2449	1599
			2448	1600
			2447	1600
			2446	1600
			2445	1600
			2444	1600
			2443	1600
			2442	1600
			2441	1601
			2440	1601
			2439	1601
			2438	1601
			2437	1601
			2436	1601
			2435	1601
			2434	1601
			2433	1601
			2432	1601
			2431	1601
			2430	1601
			2429	1601
			2428	1601
			2427	1601
			2426	1601
			2425	1601
			2424	1601
			2423	1601
			2422	1602
			2421	1602
			2420	1602
			2419	1602
		</Outline4>
	</curves.pixel>
	<curves.scaled type=list>
		<Outline1 type=matrix rownames=FALSE colnames=FALSE nrow=144 ncol=2 as.numeric=TRUE >
			19.5701149777285	-12.9604481993886
			19.5620248103132	-12.9604481993886
			19.5620248103132	-12.968538366804
			19.5539346428978	-12.968538366804
			19.5458444754825	-12.9766285342193
			19.5377543080671	-12.9766285342193
			19.5377543080671	-12.9847187016347
			19.5296641406518	-12.9847187016347
			19.5215739732364	-12.9847187016347
			19.5134838058211	-12.99280886905
			19.5053936384057	-13.0008990364654
			19.4973034709904	-13.0008990364654
			19.489213303575	-13.0089892038807
			19.4811231361597	-13.0170793712961
			19.4730329687443	-13.0170793712961
			19.464942801329	-13.0251695387114
			19.4568526339136	-13.0332597061268
			19.4487624664983	-13.0413498735421
			19.4406722990829	-13.0413498735421
			19.4325821316676	-13.0494400409575
			19.4244919642522	-13.0575302083728
			19.4164017968369	-13.0656203757881
			19.4083116294215	-13.0656203757881
			19.4002214620062	-13.0737105432035
			19.3921312945908	-13.0818007106188
			19.3840411271755	-13.0818007106188
			19.3759509597601	-13.0898908780342
			19.3678607923448	-13.0979810454495
			19.3597706249294	-13.0979810454495
			19.3516804575141	-13.1060712128649
			19.3435902900987	-13.1060712128649
			19.3355001226834	-13.1141613802802
			19.327409955268	-13.1141613802802
			19.3193197878527	-13.1222515476956
			19.3112296204373	-13.1303417151109
			19.303139453022	-13.1303417151109
			19.2950492856066	-13.1384318825263
			19.2869591181913	-13.1384318825263
			19.2788689507759	-13.1465220499416
			19.2707787833606	-13.1465220499416
			19.2626886159453	-13.1465220499416
			19.2545984485299	-13.154612217357
			19.2465082811146	-13.154612217357
			19.2384181136992	-13.154612217357
			19.2303279462839	-13.154612217357
			19.2222377788685	-13.154612217357
			19.2141476114532	-13.1627023847723
			19.2060574440378	-13.1627023847723
			19.1979672766225	-13.1627023847723
			19.1898771092071	-13.1627023847723
			19.1817869417918	-13.1627023847723
			19.1736967743764	-13.1627023847723
			19.1656066069611	-13.1627023847723
			19.1575164395457	-13.1627023847723
			19.1494262721304	-13.1627023847723
			19.141336104715	-13.154612217357
			19.1332459372997	-13.154612217357
			19.1251557698843	-13.154612217357
			19.117065602469	-13.154612217357
			19.1089754350536	-13.1465220499416
			19.1008852676383	-13.1465220499416
			19.0927951002229	-13.1465220499416
			19.0847049328076	-13.1465220499416
			19.0766147653922	-13.1384318825263
			19.0685245979769	-13.1384318825263
			19.0604344305615	-13.1384318825263
			19.0523442631462	-13.1303417151109
			19.0442540957308	-13.1303417151109
			19.0361639283155	-13.1222515476956
			19.0280737609001	-13.1222515476956
			19.0199835934848	-13.1141613802802
			19.0118934260694	-13.1141613802802
			19.0038032586541	-13.1060712128649
			18.9957130912387	-13.1060712128649
			18.9876229238234	-13.0979810454495
			18.979532756408	-13.0979810454495
			18.979532756408	-13.0898908780342
			18.9714425889927	-13.0898908780342
			18.9633524215774	-13.0818007106188
			18.955262254162	-13.0737105432035
			18.955262254162	-13.0656203757881
			18.9471720867467	-13.0656203757881
			18.9390819193313	-13.0575302083728
			18.930991751916	-13.0494400409575
			18.930991751916	-13.0413498735421
			18.9229015845006	-13.0332597061268
			18.9148114170853	-13.0251695387114
			18.9148114170853	-13.0170793712961
			18.9067212496699	-13.0089892038807
			18.8986310822546	-13.0008990364654
			18.8905409148392	-12.99280886905
			18.8905409148392	-12.9847187016347
			18.8824507474239	-12.9766285342193
			18.8824507474239	-12.968538366804
			18.8743605800085	-12.9604481993886
			18.8743605800085	-12.9523580319733
			18.8662704125932	-12.9442678645579
			18.8662704125932	-12.9361776971426
			18.8662704125932	-12.9280875297272
			18.8662704125932	-12.9199973623119
			18.8581802451778	-12.9119071948965
			18.8581802451778	-12.9038170274812
			18.8581802451778	-12.8957268600658
			18.8581802451778	-12.8876366926505
			18.8581802451778	-12.8795465252351
			18.8581802451778	-12.8714563578198
			18.8581802451778	-12.8633661904044
			18.8581802451778	-12.8552760229891
			18.8581802451778	-12.8471858555737
			18.8581802451778	-12.8390956881584
			18.8581802451778	-12.831005520743
			18.8581802451778	-12.8229153533277
			18.8581802451778	-12.8148251859123
			18.8581802451778	-12.806735018497
			18.8581802451778	-12.7986448510816
			18.8581802451778	-12.7905546836663
			18.8581802451778	-12.7824645162509
			18.8581802451778	-12.7743743488356
			18.8581802451778	-12.7662841814202
			18.8581802451778	-12.7581940140049
			18.8581802451778	-12.7501038465895
			18.8581802451778	-12.7420136791742
			18.8581802451778	-12.7339235117589
			18.8581802451778	-12.7258333443435
			18.8581802451778	-12.7177431769282
			18.8581802451778	-12.7096530095128
			18.8581802451778	-12.7015628420975
			18.8581802451778	-12.6934726746821
			18.8581802451778	-12.6853825072668
			18.8581802451778	-12.6772923398514
			18.8581802451778	-12.6692021724361
			18.8581802451778	-12.6611120050207
			18.8581802451778	-12.6530218376054
			18.8581802451778	-12.64493167019
			18.8581802451778	-12.6368415027747
			18.8581802451778	-12.6287513353593
			18.8581802451778	-12.620661167944
			18.8581802451778	-12.6125710005286
			18.8581802451778	-12.6044808331133
			18.8581802451778	-12.5963906656979
			18.8581802451778	-12.5883004982826
			18.8581802451778	-12.5802103308672
			18.8581802451778	-12.5721201634519
			18.8581802451778	-12.5640299960365
		</Outline1>
		<Outline2 type=matrix rownames=FALSE colnames=FALSE nrow=120 ncol=2 as.numeric=TRUE >
			18.8581802451778	-12.5640299960365
			18.8581802451778	-12.5559398286212
			18.8581802451778	-12.5478496612058
			18.8581802451778	-12.5397594937905
			18.8581802451778	-12.5316693263751
			18.8581802451778	-12.5235791589598
			18.8581802451778	-12.5154889915444
			18.8581802451778	-12.5073988241291
			18.8581802451778	-12.4993086567137
			18.8581802451778	-12.4912184892984
			18.8581802451778	-12.483128321883
			18.8581802451778	-12.4750381544677
			18.8581802451778	-12.4669479870523
			18.8581802451778	-12.458857819637
			18.8581802451778	-12.4507676522216
			18.8581802451778	-12.4426774848063
			18.8581802451778	-12.4345873173909
			18.8581802451778	-12.4264971499756
			18.8581802451778	-12.4184069825603
			18.8581802451778	-12.4103168151449
			18.8581802451778	-12.4022266477296
			18.8581802451778	-12.3941364803142
			18.8581802451778	-12.3860463128989
			18.8581802451778	-12.3779561454835
			18.8581802451778	-12.3698659780682
			18.8581802451778	-12.3617758106528
			18.8662704125932	-12.3536856432375
			18.8662704125932	-12.3455954758221
			18.8662704125932	-12.3375053084068
			18.8662704125932	-12.3294151409914
			18.8662704125932	-12.3213249735761
			18.8662704125932	-12.3132348061607
			18.8662704125932	-12.3051446387454
			18.8662704125932	-12.29705447133
			18.8662704125932	-12.2889643039147
			18.8662704125932	-12.2808741364993
			18.8743605800085	-12.272783969084
			18.8743605800085	-12.2646938016686
			18.8743605800085	-12.2566036342533
			18.8743605800085	-12.2485134668379
			18.8743605800085	-12.2404232994226
			18.8743605800085	-12.2323331320072
			18.8743605800085	-12.2242429645919
			18.8743605800085	-12.2161527971765
			18.8824507474239	-12.2080626297612
			18.8824507474239	-12.1999724623458
			18.8824507474239	-12.1918822949305
			18.8824507474239	-12.1837921275151
			18.8824507474239	-12.1757019600998
			18.8905409148392	-12.1676117926844
			18.8905409148392	-12.1595216252691
			18.8905409148392	-12.1514314578537
			18.8986310822546	-12.1433412904384
			18.8986310822546	-12.135251123023
			18.8986310822546	-12.1271609556077
			18.9067212496699	-12.1190707881924
			18.9067212496699	-12.110980620777
			18.9067212496699	-12.1028904533617
			18.9148114170853	-12.0948002859463
			18.9148114170853	-12.086710118531
			18.9229015845006	-12.086710118531
			18.9229015845006	-12.0786199511156
			18.930991751916	-12.0705297837003
			18.930991751916	-12.0624396162849
			18.9390819193313	-12.0543494488696
			18.9390819193313	-12.0462592814542
			18.9471720867467	-12.0462592814542
			18.9471720867467	-12.0381691140389
			18.955262254162	-12.0300789466235
			18.955262254162	-12.0219887792082
			18.9633524215774	-12.0138986117928
			18.9714425889927	-12.0058084443775
			18.979532756408	-11.9977182769621
			18.9876229238234	-11.9896281095468
			18.9957130912387	-11.9896281095468
			19.0038032586541	-11.9815379421314
			19.0118934260694	-11.9815379421314
			19.0118934260694	-11.9734477747161
			19.0199835934848	-11.9734477747161
			19.0280737609001	-11.9653576073007
			19.0361639283155	-11.9653576073007
			19.0442540957308	-11.9572674398854
			19.0523442631462	-11.9572674398854
			19.0604344305615	-11.94917727247
			19.0685245979769	-11.94917727247
			19.0685245979769	-11.9410871050547
			19.0766147653922	-11.9410871050547
			19.0847049328076	-11.9410871050547
			19.0927951002229	-11.9410871050547
			19.1008852676383	-11.9329969376393
			19.1089754350536	-11.9329969376393
			19.117065602469	-11.924906770224
			19.1251557698843	-11.924906770224
			19.1332459372997	-11.924906770224
			19.141336104715	-11.924906770224
			19.141336104715	-11.9168166028086
			19.1494262721304	-11.9168166028086
			19.1575164395457	-11.9168166028086
			19.1656066069611	-11.9168166028086
			19.1736967743764	-11.9087264353933
			19.1817869417918	-11.9087264353933
			19.1898771092071	-11.9087264353933
			19.1979672766225	-11.9087264353933
			19.2060574440378	-11.9087264353933
			19.2141476114532	-11.9087264353933
			19.2141476114532	-11.9006362679779
			19.2222377788685	-11.9006362679779
			19.2303279462839	-11.9006362679779
			19.2384181136992	-11.9006362679779
			19.2465082811146	-11.9006362679779
			19.2545984485299	-11.9006362679779
			19.2626886159453	-11.9006362679779
			19.2707787833606	-11.9006362679779
			19.2788689507759	-11.8925461005626
			19.2869591181913	-11.8925461005626
			19.2950492856066	-11.8925461005626
			19.303139453022	-11.8925461005626
			19.3112296204373	-11.8925461005626
			19.3193197878527	-11.8925461005626
			19.327409955268	-11.8925461005626
		</Outline2>
		<Outline3 type=matrix rownames=FALSE colnames=FALSE nrow=123 ncol=2 as.numeric=TRUE >
			19.327409955268	-11.8925461005626
			19.3355001226834	-11.8925461005626
			19.3435902900987	-11.8925461005626
			19.3516804575141	-11.8925461005626
			19.3597706249294	-11.8925461005626
			19.3678607923448	-11.8844559331472
			19.3759509597601	-11.8844559331472
			19.3840411271755	-11.8844559331472
			19.3921312945908	-11.8844559331472
			19.4002214620062	-11.8844559331472
			19.4083116294215	-11.8844559331472
			19.4164017968369	-11.8844559331472
			19.4244919642522	-11.8844559331472
			19.4325821316676	-11.8763657657319
			19.4406722990829	-11.8763657657319
			19.4487624664983	-11.8763657657319
			19.4568526339136	-11.8763657657319
			19.464942801329	-11.8763657657319
			19.4730329687443	-11.8763657657319
			19.4811231361597	-11.8763657657319
			19.489213303575	-11.8763657657319
			19.4973034709904	-11.8682755983165
			19.5053936384057	-11.8682755983165
			19.5134838058211	-11.8682755983165
			19.5215739732364	-11.8682755983165
			19.5296641406518	-11.8682755983165
			19.5377543080671	-11.8682755983165
			19.5458444754825	-11.8682755983165
			19.5539346428978	-11.8682755983165
			19.5620248103132	-11.8601854309012
			19.5701149777285	-11.8601854309012
			19.5782051451439	-11.8601854309012
			19.5862953125592	-11.8601854309012
			19.5943854799745	-11.8601854309012
			19.6024756473899	-11.8601854309012
			19.6105658148052	-11.8601854309012
			19.6186559822206	-11.8601854309012
			19.6267461496359	-11.8601854309012
			19.6348363170513	-11.8601854309012
			19.6429264844666	-11.8601854309012
			19.651016651882	-11.8601854309012
			19.6591068192973	-11.8601854309012
			19.6671969867127	-11.8601854309012
			19.675287154128	-11.8601854309012
			19.6833773215434	-11.8601854309012
			19.6914674889587	-11.8601854309012
			19.6995576563741	-11.8601854309012
			19.7076478237894	-11.8601854309012
			19.7157379912048	-11.8601854309012
			19.7238281586201	-11.8601854309012
			19.7319183260355	-11.8601854309012
			19.7400084934508	-11.8601854309012
			19.7480986608662	-11.8601854309012
			19.7561888282815	-11.8601854309012
			19.7642789956969	-11.8601854309012
			19.7723691631122	-11.8601854309012
			19.7804593305276	-11.8682755983165
			19.7885494979429	-11.8682755983165
			19.7966396653583	-11.8682755983165
			19.8047298327736	-11.8682755983165
			19.812820000189	-11.8682755983165
			19.8209101676043	-11.8763657657319
			19.8290003350197	-11.8763657657319
			19.837090502435	-11.8763657657319
			19.8451806698504	-11.8763657657319
			19.8532708372657	-11.8763657657319
			19.8613610046811	-11.8844559331472
			19.8694511720964	-11.8844559331472
			19.8775413395118	-11.8925461005626
			19.8856315069271	-11.8925461005626
			19.8937216743425	-11.8925461005626
			19.8937216743425	-11.9006362679779
			19.9018118417578	-11.9006362679779
			19.9099020091731	-11.9006362679779
			19.9099020091731	-11.9087264353933
			19.9179921765885	-11.9087264353933
			19.9260823440038	-11.9168166028086
			19.9341725114192	-11.924906770224
			19.9422626788345	-11.924906770224
			19.9503528462499	-11.9329969376393
			19.9584430136652	-11.9410871050547
			19.9665331810806	-11.94917727247
			19.9746233484959	-11.9572674398854
			19.9827135159113	-11.9653576073007
			19.9908036833266	-11.9734477747161
			19.998893850742	-11.9815379421314
			20.0069840181573	-11.9896281095468
			20.0150741855727	-11.9977182769621
			20.0150741855727	-12.0058084443775
			20.023164352988	-12.0138986117928
			20.0312545204034	-12.0219887792082
			20.0393446878187	-12.0300789466235
			20.0393446878187	-12.0381691140389
			20.0474348552341	-12.0462592814542
			20.0474348552341	-12.0543494488696
			20.0555250226494	-12.0624396162849
			20.0555250226494	-12.0705297837003
			20.0636151900648	-12.0786199511156
			20.0636151900648	-12.086710118531
			20.0717053574801	-12.0948002859463
			20.0717053574801	-12.1028904533617
			20.0797955248955	-12.110980620777
			20.0797955248955	-12.1190707881924
			20.0878856923108	-12.1271609556077
			20.0878856923108	-12.135251123023
			20.0959758597262	-12.1433412904384
			20.0959758597262	-12.1514314578537
			20.0959758597262	-12.1595216252691
			20.1040660271415	-12.1676117926844
			20.1040660271415	-12.1757019600998
			20.1040660271415	-12.1837921275151
			20.1040660271415	-12.1918822949305
			20.1040660271415	-12.1999724623458
			20.1121561945569	-12.2080626297612
			20.1121561945569	-12.2161527971765
			20.1121561945569	-12.2242429645919
			20.1121561945569	-12.2323331320072
			20.1121561945569	-12.2404232994226
			20.1121561945569	-12.2485134668379
			20.1202463619722	-12.2566036342533
			20.1202463619722	-12.2646938016686
			20.1202463619722	-12.272783969084
			20.1202463619722	-12.2808741364993
		</Outline3>
		<Outline4 type=matrix rownames=FALSE colnames=FALSE nrow=126 ncol=2 as.numeric=TRUE >
			20.1202463619722	-12.2808741364993
			20.1202463619722	-12.2889643039147
			20.1202463619722	-12.29705447133
			20.1202463619722	-12.3051446387454
			20.1202463619722	-12.3132348061607
			20.1202463619722	-12.3213249735761
			20.1283365293876	-12.3294151409914
			20.1283365293876	-12.3375053084068
			20.1283365293876	-12.3455954758221
			20.1283365293876	-12.3536856432375
			20.1283365293876	-12.3617758106528
			20.1283365293876	-12.3698659780682
			20.1283365293876	-12.3779561454835
			20.1283365293876	-12.3860463128989
			20.1283365293876	-12.3941364803142
			20.1283365293876	-12.4022266477296
			20.1283365293876	-12.4103168151449
			20.1283365293876	-12.4184069825603
			20.1283365293876	-12.4264971499756
			20.1283365293876	-12.4345873173909
			20.1283365293876	-12.4426774848063
			20.1283365293876	-12.4507676522216
			20.1283365293876	-12.458857819637
			20.1283365293876	-12.4669479870523
			20.1283365293876	-12.4750381544677
			20.1283365293876	-12.483128321883
			20.1283365293876	-12.4912184892984
			20.1283365293876	-12.4993086567137
			20.1202463619722	-12.5073988241291
			20.1202463619722	-12.5154889915444
			20.1202463619722	-12.5235791589598
			20.1202463619722	-12.5316693263751
			20.1202463619722	-12.5397594937905
			20.1202463619722	-12.5478496612058
			20.1121561945569	-12.5559398286212
			20.1121561945569	-12.5640299960365
			20.1121561945569	-12.5721201634519
			20.1121561945569	-12.5802103308672
			20.1121561945569	-12.5883004982826
			20.1040660271415	-12.5883004982826
			20.1040660271415	-12.5963906656979
			20.1040660271415	-12.6044808331133
			20.1040660271415	-12.6125710005286
			20.0959758597262	-12.620661167944
			20.0959758597262	-12.6287513353593
			20.0959758597262	-12.6368415027747
			20.0878856923108	-12.64493167019
			20.0878856923108	-12.6530218376054
			20.0878856923108	-12.6611120050207
			20.0797955248955	-12.6692021724361
			20.0797955248955	-12.6772923398514
			20.0797955248955	-12.6853825072668
			20.0717053574801	-12.6853825072668
			20.0717053574801	-12.6934726746821
			20.0717053574801	-12.7015628420975
			20.0636151900648	-12.7096530095128
			20.0636151900648	-12.7177431769282
			20.0555250226494	-12.7258333443435
			20.0555250226494	-12.7339235117589
			20.0474348552341	-12.7420136791742
			20.0474348552341	-12.7501038465895
			20.0393446878187	-12.7581940140049
			20.0393446878187	-12.7662841814202
			20.0312545204034	-12.7743743488356
			20.023164352988	-12.7824645162509
			20.023164352988	-12.7905546836663
			20.0150741855727	-12.7986448510816
			20.0150741855727	-12.806735018497
			20.0069840181573	-12.8148251859123
			19.998893850742	-12.8148251859123
			19.998893850742	-12.8229153533277
			19.9908036833266	-12.831005520743
			19.9827135159113	-12.8390956881584
			19.9827135159113	-12.8471858555737
			19.9746233484959	-12.8471858555737
			19.9746233484959	-12.8552760229891
			19.9665331810806	-12.8633661904044
			19.9584430136652	-12.8714563578198
			19.9503528462499	-12.8795465252351
			19.9422626788345	-12.8876366926505
			19.9341725114192	-12.8876366926505
			19.9260823440038	-12.8957268600658
			19.9179921765885	-12.8957268600658
			19.9099020091731	-12.9038170274812
			19.9018118417578	-12.9038170274812
			19.8937216743425	-12.9119071948965
			19.8856315069271	-12.9199973623119
			19.8775413395118	-12.9199973623119
			19.8694511720964	-12.9199973623119
			19.8613610046811	-12.9280875297272
			19.8532708372657	-12.9280875297272
			19.8451806698504	-12.9280875297272
			19.837090502435	-12.9361776971426
			19.8290003350197	-12.9361776971426
			19.8209101676043	-12.9361776971426
			19.812820000189	-12.9361776971426
			19.8047298327736	-12.9442678645579
			19.7966396653583	-12.9442678645579
			19.7885494979429	-12.9442678645579
			19.7804593305276	-12.9442678645579
			19.7723691631122	-12.9442678645579
			19.7642789956969	-12.9442678645579
			19.7561888282815	-12.9442678645579
			19.7480986608662	-12.9523580319733
			19.7400084934508	-12.9523580319733
			19.7319183260355	-12.9523580319733
			19.7238281586201	-12.9523580319733
			19.7157379912048	-12.9523580319733
			19.7076478237894	-12.9523580319733
			19.6995576563741	-12.9523580319733
			19.6914674889587	-12.9523580319733
			19.6833773215434	-12.9523580319733
			19.675287154128	-12.9523580319733
			19.6671969867127	-12.9523580319733
			19.6591068192973	-12.9523580319733
			19.651016651882	-12.9523580319733
			19.6429264844666	-12.9523580319733
			19.6348363170513	-12.9523580319733
			19.6267461496359	-12.9523580319733
			19.6186559822206	-12.9523580319733
			19.6105658148052	-12.9523580319733
			19.6024756473899	-12.9523580319733
			19.5943854799745	-12.9604481993886
			19.5862953125592	-12.9604481993886
			19.5782051451439	-12.9604481993886
			19.5701149777285	-12.9604481993886
		</Outline4>
	</curves.scaled>
	<ruler.points type=matrix rownames=TRUE colnames=FALSE nrow=2 ncol=2 as.numeric=TRUE >
		Ruler point 1	3639	2534
		Ruler point 2	2403	2521
	</ruler.points>
</shapes>

