<shapes type=list>
	<ruler.pixel type=vector names=FALSE length=1 as.numeric=TRUE >1059.00188857244</ruler.pixel>
	<ruler.interval type=vector names=FALSE length=1 as.numeric=TRUE >10</ruler.interval>
	<scaling.units type=vector names=FALSE length=1 as.numeric=FALSE >mm</scaling.units>
	<scaling type=vector names=FALSE length=1 as.numeric=TRUE >0.00944285379271629</scaling>
	<landmarks.pixel type=matrix rownames=TRUE colnames=FALSE nrow=4 ncol=2 as.numeric=TRUE >
		Labial	2500	1233
		Posterior	2408	1190
		Lingual	2465	1110
		Anterior	2556	1153
	</landmarks.pixel>
	<landmarks.scaled type=matrix rownames=TRUE colnames=FALSE nrow=4 ncol=2 as.numeric=TRUE >
		Labial	23.6071344817907	-11.6430387264192
		Posterior	22.7383919328608	-11.2369960133324
		Lingual	23.2766345990457	-10.4815677099151
		Anterior	24.1359342941828	-10.8876104230019
	</landmarks.scaled>
	<curves.control type=list>
		<Outline1 type=matrix rownames=FALSE colnames=FALSE nrow=19 ncol=2 as.numeric=TRUE >
			2500	1233
			2494	1236
			2487	1240
			2479	1244
			2472	1247
			2464	1250
			2459	1251
			2452	1253
			2444	1254
			2436	1253
			2429	1251
			2423	1247
			2418	1243
			2413	1238
			2409	1231
			2406	1226
			2404	1220
			2404	1215
			2408	1190
		</Outline1>
		<Outline2 type=matrix rownames=FALSE colnames=FALSE nrow=13 ncol=2 as.numeric=TRUE >
			2408	1190
			2411	1177
			2414	1166
			2416	1159
			2418	1151
			2420	1143
			2422	1136
			2427	1128
			2434	1121
			2441	1117
			2449	1113
			2457	1111
			2465	1110
		</Outline2>
		<Outline3 type=matrix rownames=FALSE colnames=FALSE nrow=17 ncol=2 as.numeric=TRUE >
			2465	1110
			2474	1109
			2482	1109
			2489	1109
			2496	1109
			2502	1109
			2510	1109
			2518	1109
			2525	1110
			2531	1111
			2538	1114
			2544	1118
			2548	1123
			2552	1130
			2554	1135
			2557	1143
			2556	1153
		</Outline3>
		<Outline4 type=matrix rownames=FALSE colnames=FALSE nrow=15 ncol=2 as.numeric=TRUE >
			2556	1153
			2556	1161
			2555	1169
			2554	1176
			2553	1184
			2550	1192
			2547	1198
			2542	1204
			2538	1210
			2533	1215
			2527	1218
			2521	1221
			2516	1224
			2509	1228
			2500	1233
		</Outline4>
	</curves.control>
	<curves.pixel type=list>
		<Outline1 type=matrix rownames=FALSE colnames=FALSE nrow=141 ncol=2 as.numeric=TRUE >
			2500	1233
			2499	1233
			2499	1234
			2498	1234
			2497	1235
			2496	1235
			2495	1235
			2495	1236
			2494	1236
			2493	1237
			2492	1237
			2491	1238
			2490	1238
			2489	1239
			2488	1240
			2487	1240
			2486	1241
			2485	1241
			2484	1241
			2483	1242
			2482	1242
			2481	1243
			2480	1243
			2479	1244
			2478	1244
			2478	1245
			2477	1245
			2476	1245
			2475	1246
			2474	1246
			2473	1247
			2472	1247
			2471	1247
			2470	1248
			2469	1248
			2468	1248
			2467	1249
			2466	1249
			2465	1250
			2464	1250
			2463	1250
			2462	1250
			2461	1251
			2460	1251
			2459	1251
			2458	1251
			2457	1251
			2456	1252
			2455	1252
			2454	1252
			2453	1253
			2452	1253
			2451	1253
			2450	1253
			2449	1253
			2448	1253
			2447	1254
			2446	1254
			2445	1254
			2444	1254
			2443	1254
			2442	1254
			2441	1254
			2440	1253
			2439	1253
			2438	1253
			2437	1253
			2436	1253
			2435	1252
			2434	1252
			2433	1252
			2432	1252
			2431	1252
			2430	1251
			2429	1251
			2428	1250
			2427	1250
			2427	1249
			2426	1249
			2425	1248
			2424	1248
			2424	1247
			2423	1247
			2422	1246
			2421	1245
			2420	1245
			2419	1244
			2418	1243
			2417	1242
			2416	1241
			2415	1240
			2414	1239
			2414	1238
			2413	1237
			2412	1236
			2411	1235
			2411	1234
			2410	1233
			2410	1232
			2409	1231
			2408	1230
			2408	1229
			2407	1228
			2407	1227
			2407	1226
			2406	1225
			2405	1224
			2405	1223
			2405	1222
			2404	1221
			2404	1220
			2404	1219
			2404	1218
			2404	1217
			2404	1216
			2404	1215
			2405	1214
			2405	1213
			2405	1212
			2405	1211
			2405	1210
			2405	1209
			2405	1208
			2405	1207
			2406	1206
			2406	1205
			2406	1204
			2406	1203
			2406	1202
			2406	1201
			2406	1200
			2407	1199
			2407	1198
			2407	1197
			2407	1196
			2407	1195
			2407	1194
			2408	1193
			2408	1192
			2408	1191
			2408	1190
		</Outline1>
		<Outline2 type=matrix rownames=FALSE colnames=FALSE nrow=105 ncol=2 as.numeric=TRUE >
			2408	1190
			2408	1189
			2409	1188
			2409	1187
			2409	1186
			2409	1185
			2409	1184
			2410	1184
			2410	1183
			2410	1182
			2410	1181
			2410	1180
			2411	1179
			2411	1178
			2411	1177
			2411	1176
			2412	1175
			2412	1174
			2412	1173
			2412	1172
			2413	1171
			2413	1170
			2413	1169
			2414	1168
			2414	1167
			2414	1166
			2414	1165
			2414	1164
			2415	1164
			2415	1163
			2415	1162
			2415	1161
			2416	1160
			2416	1159
			2416	1158
			2416	1157
			2417	1157
			2417	1156
			2417	1155
			2417	1154
			2417	1153
			2418	1152
			2418	1151
			2418	1150
			2418	1149
			2419	1148
			2419	1147
			2419	1146
			2420	1145
			2420	1144
			2420	1143
			2420	1142
			2421	1141
			2421	1140
			2421	1139
			2421	1138
			2422	1137
			2422	1136
			2423	1135
			2423	1134
			2424	1133
			2425	1132
			2425	1131
			2426	1130
			2427	1129
			2427	1128
			2428	1128
			2429	1127
			2430	1126
			2430	1125
			2431	1124
			2432	1123
			2433	1122
			2434	1121
			2435	1120
			2436	1120
			2437	1119
			2438	1119
			2439	1118
			2440	1118
			2441	1117
			2442	1117
			2443	1116
			2444	1115
			2445	1115
			2446	1115
			2447	1114
			2448	1113
			2449	1113
			2450	1113
			2451	1112
			2452	1112
			2453	1112
			2454	1112
			2455	1112
			2456	1111
			2457	1111
			2458	1111
			2459	1111
			2460	1111
			2461	1111
			2462	1110
			2463	1110
			2464	1110
			2465	1110
		</Outline2>
		<Outline3 type=matrix rownames=FALSE colnames=FALSE nrow=117 ncol=2 as.numeric=TRUE >
			2465	1110
			2466	1110
			2467	1110
			2468	1110
			2469	1110
			2470	1110
			2470	1109
			2471	1109
			2472	1109
			2473	1109
			2474	1109
			2475	1109
			2476	1109
			2477	1109
			2478	1109
			2479	1109
			2480	1109
			2481	1109
			2482	1109
			2483	1109
			2484	1109
			2485	1109
			2486	1109
			2487	1109
			2488	1109
			2489	1109
			2490	1109
			2491	1109
			2492	1109
			2493	1109
			2494	1109
			2495	1109
			2496	1109
			2497	1109
			2498	1109
			2499	1109
			2500	1109
			2501	1109
			2502	1109
			2503	1109
			2504	1109
			2505	1109
			2506	1109
			2507	1109
			2508	1109
			2509	1109
			2510	1109
			2511	1109
			2512	1109
			2513	1109
			2514	1109
			2515	1109
			2516	1109
			2517	1109
			2518	1109
			2519	1109
			2520	1109
			2521	1110
			2522	1110
			2523	1110
			2524	1110
			2525	1110
			2526	1110
			2527	1110
			2528	1111
			2529	1111
			2530	1111
			2531	1112
			2532	1112
			2533	1112
			2534	1112
			2535	1113
			2536	1113
			2537	1114
			2538	1114
			2539	1115
			2540	1115
			2540	1116
			2541	1116
			2542	1117
			2543	1118
			2544	1119
			2545	1120
			2546	1121
			2547	1122
			2548	1123
			2548	1124
			2549	1125
			2549	1126
			2550	1127
			2551	1128
			2551	1129
			2552	1130
			2552	1131
			2553	1132
			2553	1133
			2554	1134
			2554	1135
			2554	1136
			2555	1137
			2555	1138
			2555	1139
			2555	1140
			2556	1140
			2556	1141
			2556	1142
			2556	1143
			2556	1144
			2556	1145
			2556	1146
			2556	1147
			2556	1148
			2556	1149
			2556	1150
			2556	1151
			2556	1152
			2556	1153
		</Outline3>
		<Outline4 type=matrix rownames=FALSE colnames=FALSE nrow=101 ncol=2 as.numeric=TRUE >
			2556	1153
			2556	1154
			2556	1155
			2556	1156
			2556	1157
			2556	1158
			2556	1159
			2556	1160
			2556	1161
			2556	1162
			2556	1163
			2556	1164
			2555	1165
			2555	1166
			2555	1167
			2555	1168
			2555	1169
			2555	1170
			2555	1171
			2555	1172
			2554	1173
			2554	1174
			2554	1175
			2554	1176
			2554	1177
			2554	1178
			2554	1179
			2553	1180
			2553	1181
			2553	1182
			2553	1183
			2553	1184
			2552	1185
			2552	1186
			2552	1187
			2552	1188
			2551	1188
			2551	1189
			2551	1190
			2550	1191
			2550	1192
			2549	1193
			2549	1194
			2549	1195
			2548	1196
			2547	1197
			2547	1198
			2546	1199
			2546	1200
			2545	1201
			2544	1201
			2544	1202
			2543	1203
			2542	1204
			2542	1205
			2541	1206
			2540	1206
			2540	1207
			2539	1208
			2539	1209
			2538	1210
			2537	1211
			2536	1212
			2535	1213
			2534	1213
			2533	1214
			2532	1215
			2531	1216
			2530	1216
			2529	1217
			2528	1217
			2527	1218
			2526	1218
			2525	1219
			2524	1219
			2523	1220
			2522	1220
			2521	1221
			2520	1222
			2519	1223
			2518	1223
			2517	1223
			2517	1224
			2516	1224
			2515	1224
			2514	1225
			2513	1226
			2512	1226
			2512	1227
			2511	1227
			2510	1228
			2509	1228
			2508	1229
			2507	1229
			2506	1230
			2505	1230
			2504	1231
			2503	1231
			2502	1232
			2501	1232
			2500	1233
		</Outline4>
	</curves.pixel>
	<curves.scaled type=list>
		<Outline1 type=matrix rownames=FALSE colnames=FALSE nrow=141 ncol=2 as.numeric=TRUE >
			23.6071344817907	-11.6430387264192
			23.597691627998	-11.6430387264192
			23.597691627998	-11.6524815802119
			23.5882487742053	-11.6524815802119
			23.5788059204126	-11.6619244340046
			23.5693630666199	-11.6619244340046
			23.5599202128271	-11.6619244340046
			23.5599202128271	-11.6713672877973
			23.5504773590344	-11.6713672877973
			23.5410345052417	-11.68081014159
			23.531591651449	-11.68081014159
			23.5221487976563	-11.6902529953828
			23.5127059438636	-11.6902529953828
			23.5032630900708	-11.6996958491755
			23.4938202362781	-11.7091387029682
			23.4843773824854	-11.7091387029682
			23.4749345286927	-11.7185815567609
			23.4654916749	-11.7185815567609
			23.4560488211073	-11.7185815567609
			23.4466059673145	-11.7280244105536
			23.4371631135218	-11.7280244105536
			23.4277202597291	-11.7374672643463
			23.4182774059364	-11.7374672643463
			23.4088345521437	-11.7469101181391
			23.399391698351	-11.7469101181391
			23.399391698351	-11.7563529719318
			23.3899488445582	-11.7563529719318
			23.3805059907655	-11.7563529719318
			23.3710631369728	-11.7657958257245
			23.3616202831801	-11.7657958257245
			23.3521774293874	-11.7752386795172
			23.3427345755947	-11.7752386795172
			23.3332917218019	-11.7752386795172
			23.3238488680092	-11.7846815333099
			23.3144060142165	-11.7846815333099
			23.3049631604238	-11.7846815333099
			23.2955203066311	-11.7941243871026
			23.2860774528384	-11.7941243871026
			23.2766345990457	-11.8035672408954
			23.2671917452529	-11.8035672408954
			23.2577488914602	-11.8035672408954
			23.2483060376675	-11.8035672408954
			23.2388631838748	-11.8130100946881
			23.2294203300821	-11.8130100946881
			23.2199774762894	-11.8130100946881
			23.2105346224966	-11.8130100946881
			23.2010917687039	-11.8130100946881
			23.1916489149112	-11.8224529484808
			23.1822060611185	-11.8224529484808
			23.1727632073258	-11.8224529484808
			23.1633203535331	-11.8318958022735
			23.1538774997403	-11.8318958022735
			23.1444346459476	-11.8318958022735
			23.1349917921549	-11.8318958022735
			23.1255489383622	-11.8318958022735
			23.1161060845695	-11.8318958022735
			23.1066632307768	-11.8413386560662
			23.097220376984	-11.8413386560662
			23.0877775231913	-11.8413386560662
			23.0783346693986	-11.8413386560662
			23.0688918156059	-11.8413386560662
			23.0594489618132	-11.8413386560662
			23.0500061080205	-11.8413386560662
			23.0405632542277	-11.8318958022735
			23.031120400435	-11.8318958022735
			23.0216775466423	-11.8318958022735
			23.0122346928496	-11.8318958022735
			23.0027918390569	-11.8318958022735
			22.9933489852642	-11.8224529484808
			22.9839061314714	-11.8224529484808
			22.9744632776787	-11.8224529484808
			22.965020423886	-11.8224529484808
			22.9555775700933	-11.8224529484808
			22.9461347163006	-11.8130100946881
			22.9366918625079	-11.8130100946881
			22.9272490087151	-11.8035672408954
			22.9178061549224	-11.8035672408954
			22.9178061549224	-11.7941243871026
			22.9083633011297	-11.7941243871026
			22.898920447337	-11.7846815333099
			22.8894775935443	-11.7846815333099
			22.8894775935443	-11.7752386795172
			22.8800347397516	-11.7752386795172
			22.8705918859588	-11.7657958257245
			22.8611490321661	-11.7563529719318
			22.8517061783734	-11.7563529719318
			22.8422633245807	-11.7469101181391
			22.832820470788	-11.7374672643463
			22.8233776169953	-11.7280244105536
			22.8139347632025	-11.7185815567609
			22.8044919094098	-11.7091387029682
			22.7950490556171	-11.6996958491755
			22.7950490556171	-11.6902529953828
			22.7856062018244	-11.68081014159
			22.7761633480317	-11.6713672877973
			22.766720494239	-11.6619244340046
			22.766720494239	-11.6524815802119
			22.7572776404463	-11.6430387264192
			22.7572776404463	-11.6335958726265
			22.7478347866535	-11.6241530188338
			22.7383919328608	-11.614710165041
			22.7383919328608	-11.6052673112483
			22.7289490790681	-11.5958244574556
			22.7289490790681	-11.5863816036629
			22.7289490790681	-11.5769387498702
			22.7195062252754	-11.5674958960775
			22.7100633714827	-11.5580530422847
			22.7100633714827	-11.548610188492
			22.7100633714827	-11.5391673346993
			22.70062051769	-11.5297244809066
			22.70062051769	-11.5202816271139
			22.70062051769	-11.5108387733212
			22.70062051769	-11.5013959195284
			22.70062051769	-11.4919530657357
			22.70062051769	-11.482510211943
			22.70062051769	-11.4730673581503
			22.7100633714827	-11.4636245043576
			22.7100633714827	-11.4541816505649
			22.7100633714827	-11.4447387967721
			22.7100633714827	-11.4352959429794
			22.7100633714827	-11.4258530891867
			22.7100633714827	-11.416410235394
			22.7100633714827	-11.4069673816013
			22.7100633714827	-11.3975245278086
			22.7195062252754	-11.3880816740158
			22.7195062252754	-11.3786388202231
			22.7195062252754	-11.3691959664304
			22.7195062252754	-11.3597531126377
			22.7195062252754	-11.350310258845
			22.7195062252754	-11.3408674050523
			22.7195062252754	-11.3314245512595
			22.7289490790681	-11.3219816974668
			22.7289490790681	-11.3125388436741
			22.7289490790681	-11.3030959898814
			22.7289490790681	-11.2936531360887
			22.7289490790681	-11.284210282296
			22.7289490790681	-11.2747674285032
			22.7383919328608	-11.2653245747105
			22.7383919328608	-11.2558817209178
			22.7383919328608	-11.2464388671251
			22.7383919328608	-11.2369960133324
		</Outline1>
		<Outline2 type=matrix rownames=FALSE colnames=FALSE nrow=105 ncol=2 as.numeric=TRUE >
			22.7383919328608	-11.2369960133324
			22.7383919328608	-11.2275531595397
			22.7478347866535	-11.218110305747
			22.7478347866535	-11.2086674519542
			22.7478347866535	-11.1992245981615
			22.7478347866535	-11.1897817443688
			22.7478347866535	-11.1803388905761
			22.7572776404463	-11.1803388905761
			22.7572776404463	-11.1708960367834
			22.7572776404463	-11.1614531829907
			22.7572776404463	-11.1520103291979
			22.7572776404463	-11.1425674754052
			22.766720494239	-11.1331246216125
			22.766720494239	-11.1236817678198
			22.766720494239	-11.1142389140271
			22.766720494239	-11.1047960602344
			22.7761633480317	-11.0953532064416
			22.7761633480317	-11.0859103526489
			22.7761633480317	-11.0764674988562
			22.7761633480317	-11.0670246450635
			22.7856062018244	-11.0575817912708
			22.7856062018244	-11.0481389374781
			22.7856062018244	-11.0386960836853
			22.7950490556171	-11.0292532298926
			22.7950490556171	-11.0198103760999
			22.7950490556171	-11.0103675223072
			22.7950490556171	-11.0009246685145
			22.7950490556171	-10.9914818147218
			22.8044919094098	-10.9914818147218
			22.8044919094098	-10.982038960929
			22.8044919094098	-10.9725961071363
			22.8044919094098	-10.9631532533436
			22.8139347632025	-10.9537103995509
			22.8139347632025	-10.9442675457582
			22.8139347632025	-10.9348246919655
			22.8139347632025	-10.9253818381727
			22.8233776169953	-10.9253818381727
			22.8233776169953	-10.91593898438
			22.8233776169953	-10.9064961305873
			22.8233776169953	-10.8970532767946
			22.8233776169953	-10.8876104230019
			22.832820470788	-10.8781675692092
			22.832820470788	-10.8687247154164
			22.832820470788	-10.8592818616237
			22.832820470788	-10.849839007831
			22.8422633245807	-10.8403961540383
			22.8422633245807	-10.8309533002456
			22.8422633245807	-10.8215104464529
			22.8517061783734	-10.8120675926601
			22.8517061783734	-10.8026247388674
			22.8517061783734	-10.7931818850747
			22.8517061783734	-10.783739031282
			22.8611490321661	-10.7742961774893
			22.8611490321661	-10.7648533236966
			22.8611490321661	-10.7554104699039
			22.8611490321661	-10.7459676161111
			22.8705918859588	-10.7365247623184
			22.8705918859588	-10.7270819085257
			22.8800347397516	-10.717639054733
			22.8800347397516	-10.7081962009403
			22.8894775935443	-10.6987533471476
			22.898920447337	-10.6893104933548
			22.898920447337	-10.6798676395621
			22.9083633011297	-10.6704247857694
			22.9178061549224	-10.6609819319767
			22.9178061549224	-10.651539078184
			22.9272490087151	-10.651539078184
			22.9366918625079	-10.6420962243913
			22.9461347163006	-10.6326533705985
			22.9461347163006	-10.6232105168058
			22.9555775700933	-10.6137676630131
			22.965020423886	-10.6043248092204
			22.9744632776787	-10.5948819554277
			22.9839061314714	-10.585439101635
			22.9933489852642	-10.5759962478422
			23.0027918390569	-10.5759962478422
			23.0122346928496	-10.5665533940495
			23.0216775466423	-10.5665533940495
			23.031120400435	-10.5571105402568
			23.0405632542277	-10.5571105402568
			23.0500061080205	-10.5476676864641
			23.0594489618132	-10.5476676864641
			23.0688918156059	-10.5382248326714
			23.0783346693986	-10.5287819788787
			23.0877775231913	-10.5287819788787
			23.097220376984	-10.5287819788787
			23.1066632307768	-10.5193391250859
			23.1161060845695	-10.5098962712932
			23.1255489383622	-10.5098962712932
			23.1349917921549	-10.5098962712932
			23.1444346459476	-10.5004534175005
			23.1538774997403	-10.5004534175005
			23.1633203535331	-10.5004534175005
			23.1727632073258	-10.5004534175005
			23.1822060611185	-10.5004534175005
			23.1916489149112	-10.4910105637078
			23.2010917687039	-10.4910105637078
			23.2105346224966	-10.4910105637078
			23.2199774762894	-10.4910105637078
			23.2294203300821	-10.4910105637078
			23.2388631838748	-10.4910105637078
			23.2483060376675	-10.4815677099151
			23.2577488914602	-10.4815677099151
			23.2671917452529	-10.4815677099151
			23.2766345990457	-10.4815677099151
		</Outline2>
		<Outline3 type=matrix rownames=FALSE colnames=FALSE nrow=117 ncol=2 as.numeric=TRUE >
			23.2766345990457	-10.4815677099151
			23.2860774528384	-10.4815677099151
			23.2955203066311	-10.4815677099151
			23.3049631604238	-10.4815677099151
			23.3144060142165	-10.4815677099151
			23.3238488680092	-10.4815677099151
			23.3238488680092	-10.4721248561224
			23.3332917218019	-10.4721248561224
			23.3427345755947	-10.4721248561224
			23.3521774293874	-10.4721248561224
			23.3616202831801	-10.4721248561224
			23.3710631369728	-10.4721248561224
			23.3805059907655	-10.4721248561224
			23.3899488445582	-10.4721248561224
			23.399391698351	-10.4721248561224
			23.4088345521437	-10.4721248561224
			23.4182774059364	-10.4721248561224
			23.4277202597291	-10.4721248561224
			23.4371631135218	-10.4721248561224
			23.4466059673145	-10.4721248561224
			23.4560488211073	-10.4721248561224
			23.4654916749	-10.4721248561224
			23.4749345286927	-10.4721248561224
			23.4843773824854	-10.4721248561224
			23.4938202362781	-10.4721248561224
			23.5032630900708	-10.4721248561224
			23.5127059438636	-10.4721248561224
			23.5221487976563	-10.4721248561224
			23.531591651449	-10.4721248561224
			23.5410345052417	-10.4721248561224
			23.5504773590344	-10.4721248561224
			23.5599202128271	-10.4721248561224
			23.5693630666199	-10.4721248561224
			23.5788059204126	-10.4721248561224
			23.5882487742053	-10.4721248561224
			23.597691627998	-10.4721248561224
			23.6071344817907	-10.4721248561224
			23.6165773355834	-10.4721248561224
			23.6260201893762	-10.4721248561224
			23.6354630431689	-10.4721248561224
			23.6449058969616	-10.4721248561224
			23.6543487507543	-10.4721248561224
			23.663791604547	-10.4721248561224
			23.6732344583397	-10.4721248561224
			23.6826773121325	-10.4721248561224
			23.6921201659252	-10.4721248561224
			23.7015630197179	-10.4721248561224
			23.7110058735106	-10.4721248561224
			23.7204487273033	-10.4721248561224
			23.729891581096	-10.4721248561224
			23.7393344348887	-10.4721248561224
			23.7487772886815	-10.4721248561224
			23.7582201424742	-10.4721248561224
			23.7676629962669	-10.4721248561224
			23.7771058500596	-10.4721248561224
			23.7865487038523	-10.4721248561224
			23.795991557645	-10.4721248561224
			23.8054344114378	-10.4815677099151
			23.8148772652305	-10.4815677099151
			23.8243201190232	-10.4815677099151
			23.8337629728159	-10.4815677099151
			23.8432058266086	-10.4815677099151
			23.8526486804013	-10.4815677099151
			23.8620915341941	-10.4815677099151
			23.8715343879868	-10.4910105637078
			23.8809772417795	-10.4910105637078
			23.8904200955722	-10.4910105637078
			23.8998629493649	-10.5004534175005
			23.9093058031576	-10.5004534175005
			23.9187486569504	-10.5004534175005
			23.9281915107431	-10.5004534175005
			23.9376343645358	-10.5098962712932
			23.9470772183285	-10.5098962712932
			23.9565200721212	-10.5193391250859
			23.9659629259139	-10.5193391250859
			23.9754057797067	-10.5287819788787
			23.9848486334994	-10.5287819788787
			23.9848486334994	-10.5382248326714
			23.9942914872921	-10.5382248326714
			24.0037343410848	-10.5476676864641
			24.0131771948775	-10.5571105402568
			24.0226200486702	-10.5665533940495
			24.032062902463	-10.5759962478422
			24.0415057562557	-10.585439101635
			24.0509486100484	-10.5948819554277
			24.0603914638411	-10.6043248092204
			24.0603914638411	-10.6137676630131
			24.0698343176338	-10.6232105168058
			24.0698343176338	-10.6326533705985
			24.0792771714265	-10.6420962243913
			24.0887200252192	-10.651539078184
			24.0887200252192	-10.6609819319767
			24.098162879012	-10.6704247857694
			24.098162879012	-10.6798676395621
			24.1076057328047	-10.6893104933548
			24.1076057328047	-10.6987533471476
			24.1170485865974	-10.7081962009403
			24.1170485865974	-10.717639054733
			24.1170485865974	-10.7270819085257
			24.1264914403901	-10.7365247623184
			24.1264914403901	-10.7459676161111
			24.1264914403901	-10.7554104699039
			24.1264914403901	-10.7648533236966
			24.1359342941828	-10.7648533236966
			24.1359342941828	-10.7742961774893
			24.1359342941828	-10.783739031282
			24.1359342941828	-10.7931818850747
			24.1359342941828	-10.8026247388674
			24.1359342941828	-10.8120675926601
			24.1359342941828	-10.8215104464529
			24.1359342941828	-10.8309533002456
			24.1359342941828	-10.8403961540383
			24.1359342941828	-10.849839007831
			24.1359342941828	-10.8592818616237
			24.1359342941828	-10.8687247154164
			24.1359342941828	-10.8781675692092
			24.1359342941828	-10.8876104230019
		</Outline3>
		<Outline4 type=matrix rownames=FALSE colnames=FALSE nrow=101 ncol=2 as.numeric=TRUE >
			24.1359342941828	-10.8876104230019
			24.1359342941828	-10.8970532767946
			24.1359342941828	-10.9064961305873
			24.1359342941828	-10.91593898438
			24.1359342941828	-10.9253818381727
			24.1359342941828	-10.9348246919655
			24.1359342941828	-10.9442675457582
			24.1359342941828	-10.9537103995509
			24.1359342941828	-10.9631532533436
			24.1359342941828	-10.9725961071363
			24.1359342941828	-10.982038960929
			24.1359342941828	-10.9914818147218
			24.1264914403901	-11.0009246685145
			24.1264914403901	-11.0103675223072
			24.1264914403901	-11.0198103760999
			24.1264914403901	-11.0292532298926
			24.1264914403901	-11.0386960836853
			24.1264914403901	-11.0481389374781
			24.1264914403901	-11.0575817912708
			24.1264914403901	-11.0670246450635
			24.1170485865974	-11.0764674988562
			24.1170485865974	-11.0859103526489
			24.1170485865974	-11.0953532064416
			24.1170485865974	-11.1047960602344
			24.1170485865974	-11.1142389140271
			24.1170485865974	-11.1236817678198
			24.1170485865974	-11.1331246216125
			24.1076057328047	-11.1425674754052
			24.1076057328047	-11.1520103291979
			24.1076057328047	-11.1614531829907
			24.1076057328047	-11.1708960367834
			24.1076057328047	-11.1803388905761
			24.098162879012	-11.1897817443688
			24.098162879012	-11.1992245981615
			24.098162879012	-11.2086674519542
			24.098162879012	-11.218110305747
			24.0887200252192	-11.218110305747
			24.0887200252192	-11.2275531595397
			24.0887200252192	-11.2369960133324
			24.0792771714265	-11.2464388671251
			24.0792771714265	-11.2558817209178
			24.0698343176338	-11.2653245747105
			24.0698343176338	-11.2747674285032
			24.0698343176338	-11.284210282296
			24.0603914638411	-11.2936531360887
			24.0509486100484	-11.3030959898814
			24.0509486100484	-11.3125388436741
			24.0415057562557	-11.3219816974668
			24.0415057562557	-11.3314245512595
			24.032062902463	-11.3408674050523
			24.0226200486702	-11.3408674050523
			24.0226200486702	-11.350310258845
			24.0131771948775	-11.3597531126377
			24.0037343410848	-11.3691959664304
			24.0037343410848	-11.3786388202231
			23.9942914872921	-11.3880816740158
			23.9848486334994	-11.3880816740158
			23.9848486334994	-11.3975245278086
			23.9754057797067	-11.4069673816013
			23.9754057797067	-11.416410235394
			23.9659629259139	-11.4258530891867
			23.9565200721212	-11.4352959429794
			23.9470772183285	-11.4447387967721
			23.9376343645358	-11.4541816505649
			23.9281915107431	-11.4541816505649
			23.9187486569504	-11.4636245043576
			23.9093058031576	-11.4730673581503
			23.8998629493649	-11.482510211943
			23.8904200955722	-11.482510211943
			23.8809772417795	-11.4919530657357
			23.8715343879868	-11.4919530657357
			23.8620915341941	-11.5013959195284
			23.8526486804013	-11.5013959195284
			23.8432058266086	-11.5108387733212
			23.8337629728159	-11.5108387733212
			23.8243201190232	-11.5202816271139
			23.8148772652305	-11.5202816271139
			23.8054344114378	-11.5297244809066
			23.795991557645	-11.5391673346993
			23.7865487038523	-11.548610188492
			23.7771058500596	-11.548610188492
			23.7676629962669	-11.548610188492
			23.7676629962669	-11.5580530422847
			23.7582201424742	-11.5580530422847
			23.7487772886815	-11.5580530422847
			23.7393344348887	-11.5674958960775
			23.729891581096	-11.5769387498702
			23.7204487273033	-11.5769387498702
			23.7204487273033	-11.5863816036629
			23.7110058735106	-11.5863816036629
			23.7015630197179	-11.5958244574556
			23.6921201659252	-11.5958244574556
			23.6826773121325	-11.6052673112483
			23.6732344583397	-11.6052673112483
			23.663791604547	-11.614710165041
			23.6543487507543	-11.614710165041
			23.6449058969616	-11.6241530188338
			23.6354630431689	-11.6241530188338
			23.6260201893762	-11.6335958726265
			23.6165773355834	-11.6335958726265
			23.6071344817907	-11.6430387264192
		</Outline4>
	</curves.scaled>
	<ruler.points type=matrix rownames=TRUE colnames=FALSE nrow=2 ncol=2 as.numeric=TRUE >
		Ruler point 1	3188	2368
		Ruler point 2	2129	2370
	</ruler.points>
</shapes>

