<shapes type=list>
	<ruler.pixel type=vector names=FALSE length=1 as.numeric=TRUE >688.235424836589</ruler.pixel>
	<ruler.interval type=vector names=FALSE length=1 as.numeric=TRUE >10</ruler.interval>
	<scaling.units type=vector names=FALSE length=1 as.numeric=FALSE >mm</scaling.units>
	<scaling type=vector names=FALSE length=1 as.numeric=TRUE >0.0145299117701975</scaling>
	<landmarks.pixel type=matrix rownames=TRUE colnames=FALSE nrow=4 ncol=2 as.numeric=TRUE >
		Labial	2368	1495
		Posterior	2268	1463
		Lingual	2324	1372
		Anterior	2428	1406
	</landmarks.pixel>
	<landmarks.scaled type=matrix rownames=TRUE colnames=FALSE nrow=4 ncol=2 as.numeric=TRUE >
		Labial	34.4068310718276	-21.7222180964452
		Posterior	32.9538398948078	-21.2572609197989
		Lingual	33.7675149539389	-19.9350389487109
		Anterior	35.2786257780394	-20.4290559488976
	</landmarks.scaled>
	<curves.control type=list>
		<Outline1 type=matrix rownames=FALSE colnames=FALSE nrow=21 ncol=2 as.numeric=TRUE >
			2368	1495
			2364	1499
			2359	1505
			2353	1511
			2347	1516
			2340	1520
			2334	1524
			2325	1528
			2316	1530
			2308	1530
			2300	1528
			2294	1525
			2288	1520
			2283	1514
			2280	1507
			2277	1500
			2274	1493
			2272	1486
			2270	1477
			2269	1470
			2268	1463
		</Outline1>
		<Outline2 type=matrix rownames=FALSE colnames=FALSE nrow=17 ncol=2 as.numeric=TRUE >
			2268	1463
			2267	1454
			2266	1447
			2266	1438
			2266	1427
			2267	1419
			2269	1411
			2273	1401
			2279	1394
			2285	1388
			2290	1383
			2296	1379
			2303	1377
			2309	1375
			2315	1373
			2319	1372
			2324	1372
		</Outline2>
		<Outline3 type=matrix rownames=FALSE colnames=FALSE nrow=19 ncol=2 as.numeric=TRUE >
			2324	1372
			2330	1371
			2337	1370
			2344	1369
			2352	1369
			2361	1369
			2367	1370
			2373	1370
			2379	1371
			2385	1373
			2391	1375
			2397	1378
			2402	1381
			2407	1384
			2411	1387
			2416	1391
			2420	1395
			2424	1399
			2428	1406
		</Outline3>
		<Outline4 type=matrix rownames=FALSE colnames=FALSE nrow=23 ncol=2 as.numeric=TRUE >
			2428	1406
			2431	1413
			2433	1420
			2433	1426
			2432	1433
			2430	1439
			2429	1443
			2427	1448
			2425	1451
			2421	1456
			2418	1459
			2416	1464
			2412	1470
			2409	1475
			2405	1480
			2401	1484
			2397	1486
			2392	1489
			2387	1490
			2381	1490
			2377	1490
			2373	1490
			2368	1495
		</Outline4>
	</curves.control>
	<curves.pixel type=list>
		<Outline1 type=matrix rownames=FALSE colnames=FALSE nrow=145 ncol=2 as.numeric=TRUE >
			2368	1495
			2367	1496
			2366	1497
			2365	1498
			2364	1499
			2363	1500
			2362	1501
			2362	1502
			2361	1503
			2360	1504
			2359	1505
			2358	1506
			2357	1507
			2356	1508
			2355	1509
			2354	1510
			2353	1511
			2352	1512
			2351	1512
			2350	1513
			2350	1514
			2349	1514
			2348	1515
			2347	1516
			2346	1516
			2345	1517
			2344	1517
			2344	1518
			2343	1519
			2342	1519
			2341	1520
			2340	1520
			2339	1521
			2338	1521
			2338	1522
			2337	1522
			2336	1523
			2335	1523
			2334	1524
			2333	1524
			2332	1525
			2331	1525
			2330	1526
			2329	1526
			2328	1526
			2327	1527
			2326	1527
			2325	1528
			2324	1528
			2323	1528
			2322	1528
			2321	1529
			2320	1529
			2319	1529
			2318	1530
			2317	1530
			2316	1530
			2315	1530
			2314	1530
			2313	1530
			2312	1530
			2311	1530
			2310	1530
			2309	1530
			2308	1530
			2307	1529
			2306	1529
			2305	1529
			2304	1529
			2303	1529
			2302	1528
			2301	1528
			2300	1528
			2299	1528
			2299	1527
			2298	1527
			2297	1527
			2297	1526
			2296	1526
			2295	1525
			2294	1524
			2293	1524
			2292	1523
			2291	1522
			2290	1522
			2289	1521
			2288	1520
			2287	1519
			2287	1518
			2286	1517
			2285	1516
			2284	1515
			2284	1514
			2283	1513
			2282	1512
			2282	1511
			2281	1510
			2281	1509
			2280	1508
			2280	1507
			2280	1506
			2279	1505
			2279	1504
			2278	1503
			2278	1502
			2277	1501
			2277	1500
			2277	1499
			2276	1498
			2276	1497
			2275	1496
			2275	1495
			2274	1494
			2274	1493
			2274	1492
			2273	1491
			2273	1490
			2273	1489
			2273	1488
			2272	1487
			2272	1486
			2272	1485
			2272	1484
			2271	1483
			2271	1482
			2271	1481
			2271	1480
			2271	1479
			2270	1479
			2270	1478
			2270	1477
			2270	1476
			2270	1475
			2270	1474
			2269	1473
			2269	1472
			2269	1471
			2269	1470
			2269	1469
			2269	1468
			2269	1467
			2268	1466
			2268	1465
			2268	1464
			2268	1463
		</Outline1>
		<Outline2 type=matrix rownames=FALSE colnames=FALSE nrow=115 ncol=2 as.numeric=TRUE >
			2268	1463
			2268	1462
			2268	1461
			2268	1460
			2268	1459
			2267	1458
			2267	1457
			2267	1456
			2267	1455
			2267	1454
			2267	1453
			2267	1452
			2266	1451
			2266	1450
			2266	1449
			2266	1448
			2266	1447
			2266	1446
			2266	1445
			2266	1444
			2266	1443
			2266	1442
			2266	1441
			2266	1440
			2266	1439
			2266	1438
			2266	1437
			2266	1436
			2266	1435
			2266	1434
			2266	1433
			2266	1432
			2266	1431
			2266	1430
			2266	1429
			2266	1428
			2266	1427
			2266	1426
			2266	1425
			2266	1424
			2267	1423
			2267	1422
			2267	1421
			2267	1420
			2267	1419
			2267	1418
			2268	1417
			2268	1416
			2268	1415
			2268	1414
			2268	1413
			2269	1412
			2269	1411
			2269	1410
			2270	1409
			2270	1408
			2271	1407
			2271	1406
			2272	1405
			2272	1404
			2273	1403
			2273	1402
			2274	1401
			2275	1400
			2275	1399
			2276	1398
			2277	1397
			2277	1396
			2278	1395
			2279	1394
			2280	1393
			2281	1392
			2282	1391
			2283	1390
			2284	1389
			2285	1388
			2286	1387
			2287	1386
			2288	1385
			2289	1384
			2290	1383
			2291	1382
			2292	1382
			2293	1381
			2294	1381
			2295	1380
			2296	1380
			2297	1379
			2298	1379
			2299	1378
			2300	1378
			2301	1378
			2302	1377
			2303	1377
			2304	1377
			2305	1376
			2306	1376
			2307	1376
			2308	1375
			2309	1375
			2310	1375
			2311	1374
			2312	1374
			2313	1374
			2314	1373
			2315	1373
			2316	1373
			2317	1373
			2318	1372
			2319	1372
			2320	1372
			2321	1372
			2322	1372
			2323	1372
			2324	1372
		</Outline2>
		<Outline3 type=matrix rownames=FALSE colnames=FALSE nrow=111 ncol=2 as.numeric=TRUE >
			2324	1372
			2325	1372
			2326	1372
			2327	1372
			2328	1371
			2329	1371
			2330	1371
			2331	1371
			2332	1371
			2333	1371
			2334	1370
			2335	1370
			2336	1370
			2337	1370
			2338	1370
			2339	1370
			2340	1370
			2341	1369
			2342	1369
			2343	1369
			2344	1369
			2345	1369
			2346	1369
			2347	1369
			2348	1369
			2349	1369
			2350	1369
			2351	1369
			2352	1369
			2353	1369
			2354	1369
			2355	1369
			2356	1369
			2357	1369
			2358	1369
			2359	1369
			2360	1369
			2361	1369
			2362	1369
			2363	1370
			2364	1370
			2365	1370
			2366	1370
			2367	1370
			2368	1370
			2369	1370
			2370	1370
			2371	1370
			2372	1370
			2373	1370
			2374	1370
			2375	1370
			2376	1371
			2377	1371
			2378	1371
			2379	1371
			2380	1371
			2381	1372
			2382	1372
			2383	1372
			2384	1373
			2385	1373
			2386	1373
			2387	1374
			2388	1374
			2389	1374
			2390	1375
			2391	1375
			2392	1376
			2393	1376
			2394	1377
			2395	1377
			2396	1378
			2397	1378
			2398	1379
			2399	1379
			2399	1380
			2400	1380
			2401	1381
			2402	1381
			2403	1381
			2404	1382
			2405	1383
			2406	1384
			2407	1384
			2408	1385
			2409	1385
			2410	1386
			2410	1387
			2411	1387
			2412	1388
			2413	1389
			2414	1390
			2415	1390
			2416	1391
			2417	1392
			2418	1393
			2419	1394
			2420	1395
			2421	1396
			2422	1397
			2423	1398
			2424	1399
			2424	1400
			2425	1401
			2425	1402
			2426	1402
			2426	1403
			2427	1404
			2428	1405
			2428	1406
		</Outline3>
		<Outline4 type=matrix rownames=FALSE colnames=FALSE nrow=118 ncol=2 as.numeric=TRUE >
			2428	1406
			2429	1407
			2429	1408
			2429	1409
			2430	1410
			2430	1411
			2430	1412
			2431	1413
			2431	1414
			2431	1415
			2432	1416
			2432	1417
			2432	1418
			2433	1418
			2433	1419
			2433	1420
			2433	1421
			2433	1422
			2433	1423
			2433	1424
			2433	1425
			2433	1426
			2433	1427
			2433	1428
			2432	1429
			2432	1430
			2432	1431
			2432	1432
			2432	1433
			2432	1434
			2431	1435
			2431	1436
			2431	1437
			2431	1438
			2430	1438
			2430	1439
			2430	1440
			2430	1441
			2429	1441
			2429	1442
			2429	1443
			2429	1444
			2428	1445
			2428	1446
			2427	1447
			2427	1448
			2426	1449
			2425	1450
			2425	1451
			2424	1452
			2423	1453
			2422	1454
			2422	1455
			2421	1456
			2420	1457
			2419	1458
			2418	1459
			2417	1460
			2417	1461
			2417	1462
			2416	1463
			2416	1464
			2415	1465
			2414	1466
			2414	1467
			2413	1468
			2413	1469
			2412	1469
			2412	1470
			2412	1471
			2411	1471
			2411	1472
			2410	1473
			2409	1474
			2409	1475
			2408	1476
			2407	1477
			2407	1478
			2406	1478
			2406	1479
			2405	1480
			2404	1481
			2403	1482
			2402	1483
			2401	1484
			2400	1484
			2399	1485
			2398	1486
			2397	1486
			2396	1487
			2395	1487
			2394	1488
			2393	1488
			2392	1489
			2391	1489
			2390	1489
			2389	1490
			2388	1490
			2387	1490
			2386	1490
			2385	1490
			2384	1490
			2383	1490
			2382	1490
			2381	1490
			2380	1490
			2379	1490
			2378	1490
			2377	1490
			2376	1490
			2375	1490
			2374	1491
			2373	1491
			2372	1492
			2371	1492
			2370	1493
			2369	1494
			2368	1495
		</Outline4>
	</curves.pixel>
	<curves.scaled type=list>
		<Outline1 type=matrix rownames=FALSE colnames=FALSE nrow=145 ncol=2 as.numeric=TRUE >
			34.4068310718276	-21.7222180964452
			34.3923011600574	-21.7367480082154
			34.3777712482872	-21.7512779199856
			34.363241336517	-21.7658078317558
			34.3487114247468	-21.780337743526
			34.3341815129766	-21.7948676552962
			34.3196516012064	-21.8093975670664
			34.3196516012064	-21.8239274788366
			34.3051216894362	-21.8384573906068
			34.290591777666	-21.852987302377
			34.2760618658958	-21.8675172141472
			34.2615319541256	-21.8820471259174
			34.2470020423554	-21.8965770376876
			34.2324721305852	-21.9111069494578
			34.217942218815	-21.925636861228
			34.2034123070448	-21.9401667729982
			34.1888823952746	-21.9546966847684
			34.1743524835044	-21.9692265965386
			34.1598225717342	-21.9692265965386
			34.145292659964	-21.9837565083088
			34.145292659964	-21.998286420079
			34.1307627481938	-21.998286420079
			34.1162328364236	-22.0128163318491
			34.1017029246534	-22.0273462436193
			34.0871730128832	-22.0273462436193
			34.072643101113	-22.0418761553895
			34.0581131893428	-22.0418761553895
			34.0581131893428	-22.0564060671597
			34.0435832775726	-22.0709359789299
			34.0290533658024	-22.0709359789299
			34.0145234540323	-22.0854658907001
			33.9999935422621	-22.0854658907001
			33.9854636304919	-22.0999958024703
			33.9709337187217	-22.0999958024703
			33.9709337187217	-22.1145257142405
			33.9564038069515	-22.1145257142405
			33.9418738951813	-22.1290556260107
			33.9273439834111	-22.1290556260107
			33.9128140716409	-22.1435855377809
			33.8982841598707	-22.1435855377809
			33.8837542481005	-22.1581154495511
			33.8692243363303	-22.1581154495511
			33.8546944245601	-22.1726453613213
			33.8401645127899	-22.1726453613213
			33.8256346010197	-22.1726453613213
			33.8111046892495	-22.1871752730915
			33.7965747774793	-22.1871752730915
			33.7820448657091	-22.2017051848617
			33.7675149539389	-22.2017051848617
			33.7529850421687	-22.2017051848617
			33.7384551303985	-22.2017051848617
			33.7239252186283	-22.2162350966319
			33.7093953068581	-22.2162350966319
			33.6948653950879	-22.2162350966319
			33.6803354833177	-22.2307650084021
			33.6658055715475	-22.2307650084021
			33.6512756597773	-22.2307650084021
			33.6367457480071	-22.2307650084021
			33.6222158362369	-22.2307650084021
			33.6076859244667	-22.2307650084021
			33.5931560126965	-22.2307650084021
			33.5786261009263	-22.2307650084021
			33.5640961891561	-22.2307650084021
			33.5495662773859	-22.2307650084021
			33.5350363656157	-22.2307650084021
			33.5205064538455	-22.2162350966319
			33.5059765420753	-22.2162350966319
			33.4914466303051	-22.2162350966319
			33.4769167185349	-22.2162350966319
			33.4623868067647	-22.2162350966319
			33.4478568949945	-22.2017051848617
			33.4333269832243	-22.2017051848617
			33.4187970714542	-22.2017051848617
			33.404267159684	-22.2017051848617
			33.404267159684	-22.1871752730915
			33.3897372479138	-22.1871752730915
			33.3752073361436	-22.1871752730915
			33.3752073361436	-22.1726453613213
			33.3606774243734	-22.1726453613213
			33.3461475126032	-22.1581154495511
			33.331617600833	-22.1435855377809
			33.3170876890628	-22.1435855377809
			33.3025577772926	-22.1290556260107
			33.2880278655224	-22.1145257142405
			33.2734979537522	-22.1145257142405
			33.258968041982	-22.0999958024703
			33.2444381302118	-22.0854658907001
			33.2299082184416	-22.0709359789299
			33.2299082184416	-22.0564060671597
			33.2153783066714	-22.0418761553895
			33.2008483949012	-22.0273462436193
			33.186318483131	-22.0128163318491
			33.186318483131	-21.998286420079
			33.1717885713608	-21.9837565083088
			33.1572586595906	-21.9692265965386
			33.1572586595906	-21.9546966847684
			33.1427287478204	-21.9401667729982
			33.1427287478204	-21.925636861228
			33.1281988360502	-21.9111069494578
			33.1281988360502	-21.8965770376876
			33.1281988360502	-21.8820471259174
			33.11366892428	-21.8675172141472
			33.11366892428	-21.852987302377
			33.0991390125098	-21.8384573906068
			33.0991390125098	-21.8239274788366
			33.0846091007396	-21.8093975670664
			33.0846091007396	-21.7948676552962
			33.0846091007396	-21.780337743526
			33.0700791889694	-21.7658078317558
			33.0700791889694	-21.7512779199856
			33.0555492771992	-21.7367480082154
			33.0555492771992	-21.7222180964452
			33.041019365429	-21.707688184675
			33.041019365429	-21.6931582729048
			33.041019365429	-21.6786283611346
			33.0264894536588	-21.6640984493644
			33.0264894536588	-21.6495685375942
			33.0264894536588	-21.635038625824
			33.0264894536588	-21.6205087140538
			33.0119595418886	-21.6059788022836
			33.0119595418886	-21.5914488905134
			33.0119595418886	-21.5769189787432
			33.0119595418886	-21.562389066973
			32.9974296301184	-21.5478591552028
			32.9974296301184	-21.5333292434326
			32.9974296301184	-21.5187993316624
			32.9974296301184	-21.5042694198922
			32.9974296301184	-21.489739508122
			32.9828997183482	-21.489739508122
			32.9828997183482	-21.4752095963518
			32.9828997183482	-21.4606796845816
			32.9828997183482	-21.4461497728114
			32.9828997183482	-21.4316198610412
			32.9828997183482	-21.4170899492711
			32.968369806578	-21.4025600375009
			32.968369806578	-21.3880301257307
			32.968369806578	-21.3735002139605
			32.968369806578	-21.3589703021903
			32.968369806578	-21.3444403904201
			32.968369806578	-21.3299104786499
			32.968369806578	-21.3153805668797
			32.9538398948078	-21.3008506551095
			32.9538398948078	-21.2863207433393
			32.9538398948078	-21.2717908315691
			32.9538398948078	-21.2572609197989
		</Outline1>
		<Outline2 type=matrix rownames=FALSE colnames=FALSE nrow=115 ncol=2 as.numeric=TRUE >
			32.9538398948078	-21.2572609197989
			32.9538398948078	-21.2427310080287
			32.9538398948078	-21.2282010962585
			32.9538398948078	-21.2136711844883
			32.9538398948078	-21.1991412727181
			32.9393099830376	-21.1846113609479
			32.9393099830376	-21.1700814491777
			32.9393099830376	-21.1555515374075
			32.9393099830376	-21.1410216256373
			32.9393099830376	-21.1264917138671
			32.9393099830376	-21.1119618020969
			32.9393099830376	-21.0974318903267
			32.9247800712674	-21.0829019785565
			32.9247800712674	-21.0683720667863
			32.9247800712674	-21.0538421550161
			32.9247800712674	-21.0393122432459
			32.9247800712674	-21.0247823314757
			32.9247800712674	-21.0102524197055
			32.9247800712674	-20.9957225079353
			32.9247800712674	-20.9811925961651
			32.9247800712674	-20.9666626843949
			32.9247800712674	-20.9521327726247
			32.9247800712674	-20.9376028608545
			32.9247800712674	-20.9230729490843
			32.9247800712674	-20.9085430373141
			32.9247800712674	-20.8940131255439
			32.9247800712674	-20.8794832137737
			32.9247800712674	-20.8649533020035
			32.9247800712674	-20.8504233902334
			32.9247800712674	-20.8358934784632
			32.9247800712674	-20.821363566693
			32.9247800712674	-20.8068336549228
			32.9247800712674	-20.7923037431526
			32.9247800712674	-20.7777738313824
			32.9247800712674	-20.7632439196122
			32.9247800712674	-20.748714007842
			32.9247800712674	-20.7341840960718
			32.9247800712674	-20.7196541843016
			32.9247800712674	-20.7051242725314
			32.9247800712674	-20.6905943607612
			32.9393099830376	-20.676064448991
			32.9393099830376	-20.6615345372208
			32.9393099830376	-20.6470046254506
			32.9393099830376	-20.6324747136804
			32.9393099830376	-20.6179448019102
			32.9393099830376	-20.60341489014
			32.9538398948078	-20.5888849783698
			32.9538398948078	-20.5743550665996
			32.9538398948078	-20.5598251548294
			32.9538398948078	-20.5452952430592
			32.9538398948078	-20.530765331289
			32.968369806578	-20.5162354195188
			32.968369806578	-20.5017055077486
			32.968369806578	-20.4871755959784
			32.9828997183482	-20.4726456842082
			32.9828997183482	-20.458115772438
			32.9974296301184	-20.4435858606678
			32.9974296301184	-20.4290559488976
			33.0119595418886	-20.4145260371274
			33.0119595418886	-20.3999961253572
			33.0264894536588	-20.385466213587
			33.0264894536588	-20.3709363018168
			33.041019365429	-20.3564063900466
			33.0555492771992	-20.3418764782764
			33.0555492771992	-20.3273465665062
			33.0700791889694	-20.312816654736
			33.0846091007396	-20.2982867429658
			33.0846091007396	-20.2837568311956
			33.0991390125098	-20.2692269194255
			33.11366892428	-20.2546970076553
			33.1281988360502	-20.2401670958851
			33.1427287478204	-20.2256371841149
			33.1572586595906	-20.2111072723447
			33.1717885713608	-20.1965773605745
			33.186318483131	-20.1820474488043
			33.2008483949012	-20.1675175370341
			33.2153783066714	-20.1529876252639
			33.2299082184416	-20.1384577134937
			33.2444381302118	-20.1239278017235
			33.258968041982	-20.1093978899533
			33.2734979537522	-20.0948679781831
			33.2880278655224	-20.0803380664129
			33.3025577772926	-20.0803380664129
			33.3170876890628	-20.0658081546427
			33.331617600833	-20.0658081546427
			33.3461475126032	-20.0512782428725
			33.3606774243734	-20.0512782428725
			33.3752073361436	-20.0367483311023
			33.3897372479138	-20.0367483311023
			33.404267159684	-20.0222184193321
			33.4187970714542	-20.0222184193321
			33.4333269832243	-20.0222184193321
			33.4478568949945	-20.0076885075619
			33.4623868067647	-20.0076885075619
			33.4769167185349	-20.0076885075619
			33.4914466303051	-19.9931585957917
			33.5059765420753	-19.9931585957917
			33.5205064538455	-19.9931585957917
			33.5350363656157	-19.9786286840215
			33.5495662773859	-19.9786286840215
			33.5640961891561	-19.9786286840215
			33.5786261009263	-19.9640987722513
			33.5931560126965	-19.9640987722513
			33.6076859244667	-19.9640987722513
			33.6222158362369	-19.9495688604811
			33.6367457480071	-19.9495688604811
			33.6512756597773	-19.9495688604811
			33.6658055715475	-19.9495688604811
			33.6803354833177	-19.9350389487109
			33.6948653950879	-19.9350389487109
			33.7093953068581	-19.9350389487109
			33.7239252186283	-19.9350389487109
			33.7384551303985	-19.9350389487109
			33.7529850421687	-19.9350389487109
			33.7675149539389	-19.9350389487109
		</Outline2>
		<Outline3 type=matrix rownames=FALSE colnames=FALSE nrow=111 ncol=2 as.numeric=TRUE >
			33.7675149539389	-19.9350389487109
			33.7820448657091	-19.9350389487109
			33.7965747774793	-19.9350389487109
			33.8111046892495	-19.9350389487109
			33.8256346010197	-19.9205090369407
			33.8401645127899	-19.9205090369407
			33.8546944245601	-19.9205090369407
			33.8692243363303	-19.9205090369407
			33.8837542481005	-19.9205090369407
			33.8982841598707	-19.9205090369407
			33.9128140716409	-19.9059791251705
			33.9273439834111	-19.9059791251705
			33.9418738951813	-19.9059791251705
			33.9564038069515	-19.9059791251705
			33.9709337187217	-19.9059791251705
			33.9854636304919	-19.9059791251705
			33.9999935422621	-19.9059791251705
			34.0145234540323	-19.8914492134003
			34.0290533658024	-19.8914492134003
			34.0435832775726	-19.8914492134003
			34.0581131893428	-19.8914492134003
			34.072643101113	-19.8914492134003
			34.0871730128832	-19.8914492134003
			34.1017029246534	-19.8914492134003
			34.1162328364236	-19.8914492134003
			34.1307627481938	-19.8914492134003
			34.145292659964	-19.8914492134003
			34.1598225717342	-19.8914492134003
			34.1743524835044	-19.8914492134003
			34.1888823952746	-19.8914492134003
			34.2034123070448	-19.8914492134003
			34.217942218815	-19.8914492134003
			34.2324721305852	-19.8914492134003
			34.2470020423554	-19.8914492134003
			34.2615319541256	-19.8914492134003
			34.2760618658958	-19.8914492134003
			34.290591777666	-19.8914492134003
			34.3051216894362	-19.8914492134003
			34.3196516012064	-19.8914492134003
			34.3341815129766	-19.9059791251705
			34.3487114247468	-19.9059791251705
			34.363241336517	-19.9059791251705
			34.3777712482872	-19.9059791251705
			34.3923011600574	-19.9059791251705
			34.4068310718276	-19.9059791251705
			34.4213609835978	-19.9059791251705
			34.435890895368	-19.9059791251705
			34.4504208071382	-19.9059791251705
			34.4649507189084	-19.9059791251705
			34.4794806306786	-19.9059791251705
			34.4940105424488	-19.9059791251705
			34.508540454219	-19.9059791251705
			34.5230703659892	-19.9205090369407
			34.5376002777594	-19.9205090369407
			34.5521301895296	-19.9205090369407
			34.5666601012998	-19.9205090369407
			34.5811900130699	-19.9205090369407
			34.5957199248401	-19.9350389487109
			34.6102498366103	-19.9350389487109
			34.6247797483805	-19.9350389487109
			34.6393096601507	-19.9495688604811
			34.6538395719209	-19.9495688604811
			34.6683694836911	-19.9495688604811
			34.6828993954613	-19.9640987722513
			34.6974293072315	-19.9640987722513
			34.7119592190017	-19.9640987722513
			34.7264891307719	-19.9786286840215
			34.7410190425421	-19.9786286840215
			34.7555489543123	-19.9931585957917
			34.7700788660825	-19.9931585957917
			34.7846087778527	-20.0076885075619
			34.7991386896229	-20.0076885075619
			34.8136686013931	-20.0222184193321
			34.8281985131633	-20.0222184193321
			34.8427284249335	-20.0367483311023
			34.8572583367037	-20.0367483311023
			34.8572583367037	-20.0512782428725
			34.8717882484739	-20.0512782428725
			34.8863181602441	-20.0658081546427
			34.9008480720143	-20.0658081546427
			34.9153779837845	-20.0658081546427
			34.9299078955547	-20.0803380664129
			34.9444378073249	-20.0948679781831
			34.9589677190951	-20.1093978899533
			34.9734976308653	-20.1093978899533
			34.9880275426355	-20.1239278017235
			35.0025574544057	-20.1239278017235
			35.0170873661759	-20.1384577134937
			35.0170873661759	-20.1529876252639
			35.0316172779461	-20.1529876252639
			35.0461471897163	-20.1675175370341
			35.0606771014865	-20.1820474488043
			35.0752070132567	-20.1965773605745
			35.0897369250269	-20.1965773605745
			35.1042668367971	-20.2111072723447
			35.1187967485673	-20.2256371841149
			35.1333266603375	-20.2401670958851
			35.1478565721076	-20.2546970076553
			35.1623864838778	-20.2692269194255
			35.176916395648	-20.2837568311956
			35.1914463074182	-20.2982867429658
			35.2059762191884	-20.312816654736
			35.2205061309586	-20.3273465665062
			35.2205061309586	-20.3418764782764
			35.2350360427288	-20.3564063900466
			35.2350360427288	-20.3709363018168
			35.249565954499	-20.3709363018168
			35.249565954499	-20.385466213587
			35.2640958662692	-20.3999961253572
			35.2786257780394	-20.4145260371274
			35.2786257780394	-20.4290559488976
		</Outline3>
		<Outline4 type=matrix rownames=FALSE colnames=FALSE nrow=118 ncol=2 as.numeric=TRUE >
			35.2786257780394	-20.4290559488976
			35.2931556898096	-20.4435858606678
			35.2931556898096	-20.458115772438
			35.2931556898096	-20.4726456842082
			35.3076856015798	-20.4871755959784
			35.3076856015798	-20.5017055077486
			35.3076856015798	-20.5162354195188
			35.32221551335	-20.530765331289
			35.32221551335	-20.5452952430592
			35.32221551335	-20.5598251548294
			35.3367454251202	-20.5743550665996
			35.3367454251202	-20.5888849783698
			35.3367454251202	-20.60341489014
			35.3512753368904	-20.60341489014
			35.3512753368904	-20.6179448019102
			35.3512753368904	-20.6324747136804
			35.3512753368904	-20.6470046254506
			35.3512753368904	-20.6615345372208
			35.3512753368904	-20.676064448991
			35.3512753368904	-20.6905943607612
			35.3512753368904	-20.7051242725314
			35.3512753368904	-20.7196541843016
			35.3512753368904	-20.7341840960718
			35.3512753368904	-20.748714007842
			35.3367454251202	-20.7632439196122
			35.3367454251202	-20.7777738313824
			35.3367454251202	-20.7923037431526
			35.3367454251202	-20.8068336549228
			35.3367454251202	-20.821363566693
			35.3367454251202	-20.8358934784632
			35.32221551335	-20.8504233902334
			35.32221551335	-20.8649533020035
			35.32221551335	-20.8794832137737
			35.32221551335	-20.8940131255439
			35.3076856015798	-20.8940131255439
			35.3076856015798	-20.9085430373141
			35.3076856015798	-20.9230729490843
			35.3076856015798	-20.9376028608545
			35.2931556898096	-20.9376028608545
			35.2931556898096	-20.9521327726247
			35.2931556898096	-20.9666626843949
			35.2931556898096	-20.9811925961651
			35.2786257780394	-20.9957225079353
			35.2786257780394	-21.0102524197055
			35.2640958662692	-21.0247823314757
			35.2640958662692	-21.0393122432459
			35.249565954499	-21.0538421550161
			35.2350360427288	-21.0683720667863
			35.2350360427288	-21.0829019785565
			35.2205061309586	-21.0974318903267
			35.2059762191884	-21.1119618020969
			35.1914463074182	-21.1264917138671
			35.1914463074182	-21.1410216256373
			35.176916395648	-21.1555515374075
			35.1623864838778	-21.1700814491777
			35.1478565721076	-21.1846113609479
			35.1333266603375	-21.1991412727181
			35.1187967485673	-21.2136711844883
			35.1187967485673	-21.2282010962585
			35.1187967485673	-21.2427310080287
			35.1042668367971	-21.2572609197989
			35.1042668367971	-21.2717908315691
			35.0897369250269	-21.2863207433393
			35.0752070132567	-21.3008506551095
			35.0752070132567	-21.3153805668797
			35.0606771014865	-21.3299104786499
			35.0606771014865	-21.3444403904201
			35.0461471897163	-21.3444403904201
			35.0461471897163	-21.3589703021903
			35.0461471897163	-21.3735002139605
			35.0316172779461	-21.3735002139605
			35.0316172779461	-21.3880301257307
			35.0170873661759	-21.4025600375009
			35.0025574544057	-21.4170899492711
			35.0025574544057	-21.4316198610412
			34.9880275426355	-21.4461497728114
			34.9734976308653	-21.4606796845816
			34.9734976308653	-21.4752095963518
			34.9589677190951	-21.4752095963518
			34.9589677190951	-21.489739508122
			34.9444378073249	-21.5042694198922
			34.9299078955547	-21.5187993316624
			34.9153779837845	-21.5333292434326
			34.9008480720143	-21.5478591552028
			34.8863181602441	-21.562389066973
			34.8717882484739	-21.562389066973
			34.8572583367037	-21.5769189787432
			34.8427284249335	-21.5914488905134
			34.8281985131633	-21.5914488905134
			34.8136686013931	-21.6059788022836
			34.7991386896229	-21.6059788022836
			34.7846087778527	-21.6205087140538
			34.7700788660825	-21.6205087140538
			34.7555489543123	-21.635038625824
			34.7410190425421	-21.635038625824
			34.7264891307719	-21.635038625824
			34.7119592190017	-21.6495685375942
			34.6974293072315	-21.6495685375942
			34.6828993954613	-21.6495685375942
			34.6683694836911	-21.6495685375942
			34.6538395719209	-21.6495685375942
			34.6393096601507	-21.6495685375942
			34.6247797483805	-21.6495685375942
			34.6102498366103	-21.6495685375942
			34.5957199248401	-21.6495685375942
			34.5811900130699	-21.6495685375942
			34.5666601012998	-21.6495685375942
			34.5521301895296	-21.6495685375942
			34.5376002777594	-21.6495685375942
			34.5230703659892	-21.6495685375942
			34.508540454219	-21.6495685375942
			34.4940105424488	-21.6640984493644
			34.4794806306786	-21.6640984493644
			34.4649507189084	-21.6786283611346
			34.4504208071382	-21.6786283611346
			34.435890895368	-21.6931582729048
			34.4213609835978	-21.707688184675
			34.4068310718276	-21.7222180964452
		</Outline4>
	</curves.scaled>
	<ruler.points type=matrix rownames=TRUE colnames=FALSE nrow=2 ncol=2 as.numeric=TRUE >
		Ruler point 1	2588	2338
		Ruler point 2	1900	2320
	</ruler.points>
</shapes>

