<shapes type=list>
	<ruler.pixel type=vector names=FALSE length=1 as.numeric=TRUE >1064.12029395177</ruler.pixel>
	<ruler.interval type=vector names=FALSE length=1 as.numeric=TRUE >10</ruler.interval>
	<scaling.units type=vector names=FALSE length=1 as.numeric=FALSE >mm</scaling.units>
	<scaling type=vector names=FALSE length=1 as.numeric=TRUE >0.00939743378341513</scaling>
	<landmarks.pixel type=matrix rownames=TRUE colnames=FALSE nrow=4 ncol=2 as.numeric=TRUE >
		Labial	2061	949
		Posterior	2005	892
		Lingual	2067	843
		Anterior	2127	901
	</landmarks.pixel>
	<landmarks.scaled type=matrix rownames=TRUE colnames=FALSE nrow=4 ncol=2 as.numeric=TRUE >
		Labial	19.3681110276186	-8.91816466046096
		Posterior	18.8418547357473	-8.3825109348063
		Lingual	19.4244956303191	-7.92203667941896
		Anterior	19.988341657324	-8.46708783885703
	</landmarks.scaled>
	<curves.control type=list>
		<Outline1 type=matrix rownames=FALSE colnames=FALSE nrow=15 ncol=2 as.numeric=TRUE >
			2061	949
			2056	950
			2051	953
			2045	955
			2036	955
			2028	953
			2022	949
			2016	945
			2011	939
			2009	932
			2008	924
			2008	918
			2007	908
			2006	901
			2005	892
		</Outline1>
		<Outline2 type=matrix rownames=FALSE colnames=FALSE nrow=13 ncol=2 as.numeric=TRUE >
			2005	892
			2005	882
			2006	873
			2009	866
			2013	860
			2016	854
			2022	848
			2028	845
			2035	843
			2042	842
			2049	841
			2057	841
			2067	843
		</Outline2>
		<Outline3 type=matrix rownames=FALSE colnames=FALSE nrow=15 ncol=2 as.numeric=TRUE >
			2067	843
			2077	844
			2083	845
			2090	847
			2097	849
			2105	852
			2111	855
			2117	858
			2121	863
			2126	869
			2128	875
			2129	881
			2128	888
			2128	895
			2127	901
		</Outline3>
		<Outline4 type=matrix rownames=FALSE colnames=FALSE nrow=15 ncol=2 as.numeric=TRUE >
			2127	901
			2126	911
			2124	918
			2121	924
			2118	930
			2114	935
			2107	940
			2102	943
			2097	945
			2092	947
			2087	947
			2082	947
			2076	947
			2070	947
			2061	949
		</Outline4>
	</curves.control>
	<curves.pixel type=list>
		<Outline1 type=matrix rownames=FALSE colnames=FALSE nrow=105 ncol=2 as.numeric=TRUE >
			2061	949
			2060	949
			2059	949
			2058	950
			2057	950
			2056	950
			2055	951
			2054	951
			2054	952
			2053	952
			2052	952
			2051	953
			2050	953
			2049	954
			2048	954
			2047	954
			2046	954
			2045	954
			2044	955
			2043	955
			2042	955
			2041	955
			2040	955
			2039	955
			2038	955
			2037	955
			2036	955
			2035	955
			2034	954
			2033	954
			2032	954
			2031	954
			2031	953
			2030	953
			2029	953
			2028	952
			2027	952
			2026	952
			2026	951
			2025	951
			2024	950
			2023	950
			2023	949
			2022	949
			2021	949
			2021	948
			2020	948
			2019	947
			2018	946
			2017	945
			2016	944
			2015	943
			2014	943
			2014	942
			2013	941
			2012	940
			2011	940
			2011	939
			2011	938
			2010	937
			2010	936
			2010	935
			2010	934
			2009	933
			2009	932
			2009	931
			2009	930
			2009	929
			2009	928
			2008	927
			2008	926
			2008	925
			2008	924
			2008	923
			2008	922
			2008	921
			2008	920
			2008	919
			2008	918
			2008	917
			2008	916
			2008	915
			2008	914
			2007	913
			2007	912
			2007	911
			2007	910
			2007	909
			2007	908
			2007	907
			2007	906
			2007	905
			2006	904
			2006	903
			2006	902
			2006	901
			2006	900
			2006	899
			2006	898
			2006	897
			2005	896
			2005	895
			2005	894
			2005	893
			2005	892
		</Outline1>
		<Outline2 type=matrix rownames=FALSE colnames=FALSE nrow=94 ncol=2 as.numeric=TRUE >
			2005	892
			2005	891
			2005	890
			2005	889
			2005	888
			2005	887
			2005	886
			2005	885
			2005	884
			2005	883
			2005	882
			2005	881
			2005	880
			2005	879
			2006	878
			2006	877
			2006	876
			2006	875
			2006	874
			2006	873
			2006	872
			2007	871
			2007	870
			2008	869
			2008	868
			2009	867
			2009	866
			2010	866
			2010	865
			2011	864
			2011	863
			2012	862
			2012	861
			2013	861
			2013	860
			2013	859
			2014	858
			2014	857
			2015	857
			2015	856
			2016	855
			2016	854
			2017	854
			2018	853
			2018	852
			2019	851
			2020	850
			2021	849
			2022	848
			2023	847
			2024	847
			2025	847
			2026	846
			2027	846
			2028	845
			2029	845
			2030	845
			2031	844
			2032	844
			2033	844
			2034	843
			2035	843
			2036	843
			2037	843
			2038	843
			2039	842
			2040	842
			2041	842
			2042	842
			2043	842
			2044	842
			2045	842
			2046	841
			2047	841
			2048	841
			2049	841
			2050	841
			2051	841
			2052	841
			2053	841
			2054	841
			2055	841
			2056	841
			2057	841
			2058	842
			2059	842
			2060	842
			2061	842
			2062	842
			2063	842
			2064	842
			2065	843
			2066	843
			2067	843
		</Outline2>
		<Outline3 type=matrix rownames=FALSE colnames=FALSE nrow=98 ncol=2 as.numeric=TRUE >
			2067	843
			2068	843
			2069	843
			2070	843
			2071	843
			2072	843
			2072	844
			2073	844
			2074	844
			2075	844
			2076	844
			2077	844
			2078	844
			2079	844
			2080	844
			2080	845
			2081	845
			2082	845
			2083	845
			2084	845
			2085	846
			2086	846
			2087	846
			2088	846
			2089	847
			2090	847
			2091	847
			2092	848
			2093	848
			2094	848
			2095	849
			2096	849
			2097	849
			2098	849
			2098	850
			2099	850
			2100	850
			2101	851
			2102	851
			2103	851
			2104	852
			2105	852
			2106	853
			2107	853
			2108	853
			2109	854
			2110	855
			2111	855
			2112	856
			2113	856
			2114	857
			2115	857
			2115	858
			2116	858
			2117	859
			2118	859
			2118	860
			2119	861
			2120	862
			2121	863
			2122	864
			2123	865
			2124	866
			2124	867
			2125	868
			2125	869
			2126	870
			2126	871
			2127	872
			2127	873
			2128	874
			2128	875
			2128	876
			2128	877
			2128	878
			2128	879
			2128	880
			2128	881
			2128	882
			2128	883
			2128	884
			2128	885
			2128	886
			2128	887
			2128	888
			2128	889
			2128	890
			2128	891
			2128	892
			2128	893
			2128	894
			2128	895
			2128	896
			2128	897
			2127	898
			2127	899
			2127	900
			2127	901
		</Outline3>
		<Outline4 type=matrix rownames=FALSE colnames=FALSE nrow=87 ncol=2 as.numeric=TRUE >
			2127	901
			2127	902
			2127	903
			2127	904
			2127	905
			2126	906
			2126	907
			2126	908
			2126	909
			2126	910
			2126	911
			2125	912
			2125	913
			2125	914
			2125	915
			2124	916
			2124	917
			2124	918
			2124	919
			2123	920
			2122	921
			2122	922
			2121	923
			2121	924
			2121	925
			2120	926
			2120	927
			2119	928
			2119	929
			2118	930
			2117	931
			2116	932
			2115	933
			2114	934
			2113	935
			2112	936
			2111	937
			2110	938
			2109	939
			2108	939
			2107	940
			2106	941
			2105	941
			2104	942
			2103	942
			2102	943
			2101	943
			2100	944
			2099	944
			2098	945
			2097	945
			2096	945
			2095	946
			2094	946
			2093	946
			2092	947
			2091	947
			2090	947
			2089	947
			2088	947
			2087	947
			2086	947
			2085	947
			2084	947
			2083	947
			2082	947
			2081	947
			2080	947
			2079	947
			2078	947
			2077	947
			2076	947
			2075	947
			2074	947
			2073	947
			2072	947
			2071	947
			2070	947
			2069	948
			2068	948
			2067	948
			2066	948
			2065	948
			2064	948
			2063	949
			2062	949
			2061	949
		</Outline4>
	</curves.pixel>
	<curves.scaled type=list>
		<Outline1 type=matrix rownames=FALSE colnames=FALSE nrow=105 ncol=2 as.numeric=TRUE >
			19.3681110276186	-8.91816466046096
			19.3587135938352	-8.91816466046096
			19.3493161600518	-8.91816466046096
			19.3399187262683	-8.92756209424438
			19.3305212924849	-8.92756209424438
			19.3211238587015	-8.92756209424438
			19.3117264249181	-8.93695952802779
			19.3023289911347	-8.93695952802779
			19.3023289911347	-8.94635696181121
			19.2929315573513	-8.94635696181121
			19.2835341235679	-8.94635696181121
			19.2741366897844	-8.95575439559462
			19.264739256001	-8.95575439559462
			19.2553418222176	-8.96515182937804
			19.2459443884342	-8.96515182937804
			19.2365469546508	-8.96515182937804
			19.2271495208674	-8.96515182937804
			19.2177520870839	-8.96515182937804
			19.2083546533005	-8.97454926316145
			19.1989572195171	-8.97454926316145
			19.1895597857337	-8.97454926316145
			19.1801623519503	-8.97454926316145
			19.1707649181669	-8.97454926316145
			19.1613674843835	-8.97454926316145
			19.1519700506	-8.97454926316145
			19.1425726168166	-8.97454926316145
			19.1331751830332	-8.97454926316145
			19.1237777492498	-8.97454926316145
			19.1143803154664	-8.96515182937804
			19.104982881683	-8.96515182937804
			19.0955854478996	-8.96515182937804
			19.0861880141161	-8.96515182937804
			19.0861880141161	-8.95575439559462
			19.0767905803327	-8.95575439559462
			19.0673931465493	-8.95575439559462
			19.0579957127659	-8.94635696181121
			19.0485982789825	-8.94635696181121
			19.0392008451991	-8.94635696181121
			19.0392008451991	-8.93695952802779
			19.0298034114156	-8.93695952802779
			19.0204059776322	-8.92756209424438
			19.0110085438488	-8.92756209424438
			19.0110085438488	-8.91816466046096
			19.0016111100654	-8.91816466046096
			18.992213676282	-8.91816466046096
			18.992213676282	-8.90876722667755
			18.9828162424986	-8.90876722667755
			18.9734188087152	-8.89936979289413
			18.9640213749317	-8.88997235911072
			18.9546239411483	-8.8805749253273
			18.9452265073649	-8.87117749154389
			18.9358290735815	-8.86178005776047
			18.9264316397981	-8.86178005776047
			18.9264316397981	-8.85238262397706
			18.9170342060147	-8.84298519019364
			18.9076367722312	-8.83358775641022
			18.8982393384478	-8.83358775641022
			18.8982393384478	-8.82419032262681
			18.8982393384478	-8.81479288884339
			18.8888419046644	-8.80539545505998
			18.8888419046644	-8.79599802127657
			18.8888419046644	-8.78660058749315
			18.8888419046644	-8.77720315370973
			18.879444470881	-8.76780571992632
			18.879444470881	-8.7584082861429
			18.879444470881	-8.74901085235949
			18.879444470881	-8.73961341857607
			18.879444470881	-8.73021598479266
			18.879444470881	-8.72081855100924
			18.8700470370976	-8.71142111722583
			18.8700470370976	-8.70202368344241
			18.8700470370976	-8.692626249659
			18.8700470370976	-8.68322881587558
			18.8700470370976	-8.67383138209217
			18.8700470370976	-8.66443394830875
			18.8700470370976	-8.65503651452534
			18.8700470370976	-8.64563908074192
			18.8700470370976	-8.63624164695851
			18.8700470370976	-8.62684421317509
			18.8700470370976	-8.61744677939168
			18.8700470370976	-8.60804934560826
			18.8700470370976	-8.59865191182485
			18.8700470370976	-8.58925447804143
			18.8606496033142	-8.57985704425802
			18.8606496033142	-8.5704596104746
			18.8606496033142	-8.56106217669119
			18.8606496033142	-8.55166474290777
			18.8606496033142	-8.54226730912436
			18.8606496033142	-8.53286987534094
			18.8606496033142	-8.52347244155753
			18.8606496033142	-8.51407500777411
			18.8606496033142	-8.5046775739907
			18.8512521695308	-8.49528014020728
			18.8512521695308	-8.48588270642387
			18.8512521695308	-8.47648527264045
			18.8512521695308	-8.46708783885703
			18.8512521695308	-8.45769040507362
			18.8512521695308	-8.4482929712902
			18.8512521695308	-8.43889553750679
			18.8512521695308	-8.42949810372338
			18.8418547357473	-8.42010066993996
			18.8418547357473	-8.41070323615654
			18.8418547357473	-8.40130580237313
			18.8418547357473	-8.39190836858971
			18.8418547357473	-8.3825109348063
		</Outline1>
		<Outline2 type=matrix rownames=FALSE colnames=FALSE nrow=94 ncol=2 as.numeric=TRUE >
			18.8418547357473	-8.3825109348063
			18.8418547357473	-8.37311350102288
			18.8418547357473	-8.36371606723947
			18.8418547357473	-8.35431863345605
			18.8418547357473	-8.34492119967264
			18.8418547357473	-8.33552376588922
			18.8418547357473	-8.32612633210581
			18.8418547357473	-8.31672889832239
			18.8418547357473	-8.30733146453898
			18.8418547357473	-8.29793403075556
			18.8418547357473	-8.28853659697215
			18.8418547357473	-8.27913916318873
			18.8418547357473	-8.26974172940532
			18.8418547357473	-8.2603442956219
			18.8512521695308	-8.25094686183849
			18.8512521695308	-8.24154942805507
			18.8512521695308	-8.23215199427166
			18.8512521695308	-8.22275456048824
			18.8512521695308	-8.21335712670483
			18.8512521695308	-8.20395969292141
			18.8512521695308	-8.194562259138
			18.8606496033142	-8.18516482535458
			18.8606496033142	-8.17576739157117
			18.8700470370976	-8.16636995778775
			18.8700470370976	-8.15697252400434
			18.879444470881	-8.14757509022092
			18.879444470881	-8.13817765643751
			18.8888419046644	-8.13817765643751
			18.8888419046644	-8.12878022265409
			18.8982393384478	-8.11938278887068
			18.8982393384478	-8.10998535508726
			18.9076367722312	-8.10058792130384
			18.9076367722312	-8.09119048752043
			18.9170342060147	-8.09119048752043
			18.9170342060147	-8.08179305373701
			18.9170342060147	-8.0723956199536
			18.9264316397981	-8.06299818617018
			18.9264316397981	-8.05360075238677
			18.9358290735815	-8.05360075238677
			18.9358290735815	-8.04420331860335
			18.9452265073649	-8.03480588481994
			18.9452265073649	-8.02540845103652
			18.9546239411483	-8.02540845103652
			18.9640213749317	-8.01601101725311
			18.9640213749317	-8.00661358346969
			18.9734188087152	-7.99721614968628
			18.9828162424986	-7.98781871590286
			18.992213676282	-7.97842128211945
			19.0016111100654	-7.96902384833603
			19.0110085438488	-7.95962641455262
			19.0204059776322	-7.95962641455262
			19.0298034114156	-7.95962641455262
			19.0392008451991	-7.9502289807692
			19.0485982789825	-7.9502289807692
			19.0579957127659	-7.94083154698579
			19.0673931465493	-7.94083154698579
			19.0767905803327	-7.94083154698579
			19.0861880141161	-7.93143411320237
			19.0955854478996	-7.93143411320237
			19.104982881683	-7.93143411320237
			19.1143803154664	-7.92203667941896
			19.1237777492498	-7.92203667941896
			19.1331751830332	-7.92203667941896
			19.1425726168166	-7.92203667941896
			19.1519700506	-7.92203667941896
			19.1613674843835	-7.91263924563554
			19.1707649181669	-7.91263924563554
			19.1801623519503	-7.91263924563554
			19.1895597857337	-7.91263924563554
			19.1989572195171	-7.91263924563554
			19.2083546533005	-7.91263924563554
			19.2177520870839	-7.91263924563554
			19.2271495208674	-7.90324181185213
			19.2365469546508	-7.90324181185213
			19.2459443884342	-7.90324181185213
			19.2553418222176	-7.90324181185213
			19.264739256001	-7.90324181185213
			19.2741366897844	-7.90324181185213
			19.2835341235679	-7.90324181185213
			19.2929315573513	-7.90324181185213
			19.3023289911347	-7.90324181185213
			19.3117264249181	-7.90324181185213
			19.3211238587015	-7.90324181185213
			19.3305212924849	-7.90324181185213
			19.3399187262683	-7.91263924563554
			19.3493161600518	-7.91263924563554
			19.3587135938352	-7.91263924563554
			19.3681110276186	-7.91263924563554
			19.377508461402	-7.91263924563554
			19.3869058951854	-7.91263924563554
			19.3963033289688	-7.91263924563554
			19.4057007627523	-7.92203667941896
			19.4150981965357	-7.92203667941896
			19.4244956303191	-7.92203667941896
		</Outline2>
		<Outline3 type=matrix rownames=FALSE colnames=FALSE nrow=98 ncol=2 as.numeric=TRUE >
			19.4244956303191	-7.92203667941896
			19.4338930641025	-7.92203667941896
			19.4432904978859	-7.92203667941896
			19.4526879316693	-7.92203667941896
			19.4620853654527	-7.92203667941896
			19.4714827992362	-7.92203667941896
			19.4714827992362	-7.93143411320237
			19.4808802330196	-7.93143411320237
			19.490277666803	-7.93143411320237
			19.4996751005864	-7.93143411320237
			19.5090725343698	-7.93143411320237
			19.5184699681532	-7.93143411320237
			19.5278674019366	-7.93143411320237
			19.5372648357201	-7.93143411320237
			19.5466622695035	-7.93143411320237
			19.5466622695035	-7.94083154698579
			19.5560597032869	-7.94083154698579
			19.5654571370703	-7.94083154698579
			19.5748545708537	-7.94083154698579
			19.5842520046371	-7.94083154698579
			19.5936494384206	-7.9502289807692
			19.603046872204	-7.9502289807692
			19.6124443059874	-7.9502289807692
			19.6218417397708	-7.9502289807692
			19.6312391735542	-7.95962641455262
			19.6406366073376	-7.95962641455262
			19.650034041121	-7.95962641455262
			19.6594314749045	-7.96902384833603
			19.6688289086879	-7.96902384833603
			19.6782263424713	-7.96902384833603
			19.6876237762547	-7.97842128211945
			19.6970212100381	-7.97842128211945
			19.7064186438215	-7.97842128211945
			19.7158160776049	-7.97842128211945
			19.7158160776049	-7.98781871590286
			19.7252135113884	-7.98781871590286
			19.7346109451718	-7.98781871590286
			19.7440083789552	-7.99721614968628
			19.7534058127386	-7.99721614968628
			19.762803246522	-7.99721614968628
			19.7722006803054	-8.00661358346969
			19.7815981140889	-8.00661358346969
			19.7909955478723	-8.01601101725311
			19.8003929816557	-8.01601101725311
			19.8097904154391	-8.01601101725311
			19.8191878492225	-8.02540845103652
			19.8285852830059	-8.03480588481994
			19.8379827167893	-8.03480588481994
			19.8473801505728	-8.04420331860335
			19.8567775843562	-8.04420331860335
			19.8661750181396	-8.05360075238677
			19.875572451923	-8.05360075238677
			19.875572451923	-8.06299818617018
			19.8849698857064	-8.06299818617018
			19.8943673194898	-8.0723956199536
			19.9037647532733	-8.0723956199536
			19.9037647532733	-8.08179305373701
			19.9131621870567	-8.09119048752043
			19.9225596208401	-8.10058792130384
			19.9319570546235	-8.10998535508726
			19.9413544884069	-8.11938278887068
			19.9507519221903	-8.12878022265409
			19.9601493559737	-8.13817765643751
			19.9601493559737	-8.14757509022092
			19.9695467897572	-8.15697252400434
			19.9695467897572	-8.16636995778775
			19.9789442235406	-8.17576739157117
			19.9789442235406	-8.18516482535458
			19.988341657324	-8.194562259138
			19.988341657324	-8.20395969292141
			19.9977390911074	-8.21335712670483
			19.9977390911074	-8.22275456048824
			19.9977390911074	-8.23215199427166
			19.9977390911074	-8.24154942805507
			19.9977390911074	-8.25094686183849
			19.9977390911074	-8.2603442956219
			19.9977390911074	-8.26974172940532
			19.9977390911074	-8.27913916318873
			19.9977390911074	-8.28853659697215
			19.9977390911074	-8.29793403075556
			19.9977390911074	-8.30733146453898
			19.9977390911074	-8.31672889832239
			19.9977390911074	-8.32612633210581
			19.9977390911074	-8.33552376588922
			19.9977390911074	-8.34492119967264
			19.9977390911074	-8.35431863345605
			19.9977390911074	-8.36371606723947
			19.9977390911074	-8.37311350102288
			19.9977390911074	-8.3825109348063
			19.9977390911074	-8.39190836858971
			19.9977390911074	-8.40130580237313
			19.9977390911074	-8.41070323615654
			19.9977390911074	-8.42010066993996
			19.9977390911074	-8.42949810372338
			19.988341657324	-8.43889553750679
			19.988341657324	-8.4482929712902
			19.988341657324	-8.45769040507362
			19.988341657324	-8.46708783885703
		</Outline3>
		<Outline4 type=matrix rownames=FALSE colnames=FALSE nrow=87 ncol=2 as.numeric=TRUE >
			19.988341657324	-8.46708783885703
			19.988341657324	-8.47648527264045
			19.988341657324	-8.48588270642387
			19.988341657324	-8.49528014020728
			19.988341657324	-8.5046775739907
			19.9789442235406	-8.51407500777411
			19.9789442235406	-8.52347244155753
			19.9789442235406	-8.53286987534094
			19.9789442235406	-8.54226730912436
			19.9789442235406	-8.55166474290777
			19.9789442235406	-8.56106217669119
			19.9695467897572	-8.5704596104746
			19.9695467897572	-8.57985704425802
			19.9695467897572	-8.58925447804143
			19.9695467897572	-8.59865191182485
			19.9601493559737	-8.60804934560826
			19.9601493559737	-8.61744677939168
			19.9601493559737	-8.62684421317509
			19.9601493559737	-8.63624164695851
			19.9507519221903	-8.64563908074192
			19.9413544884069	-8.65503651452534
			19.9413544884069	-8.66443394830875
			19.9319570546235	-8.67383138209217
			19.9319570546235	-8.68322881587558
			19.9319570546235	-8.692626249659
			19.9225596208401	-8.70202368344241
			19.9225596208401	-8.71142111722583
			19.9131621870567	-8.72081855100924
			19.9131621870567	-8.73021598479266
			19.9037647532733	-8.73961341857607
			19.8943673194898	-8.74901085235949
			19.8849698857064	-8.7584082861429
			19.875572451923	-8.76780571992632
			19.8661750181396	-8.77720315370973
			19.8567775843562	-8.78660058749315
			19.8473801505728	-8.79599802127657
			19.8379827167893	-8.80539545505998
			19.8285852830059	-8.81479288884339
			19.8191878492225	-8.82419032262681
			19.8097904154391	-8.82419032262681
			19.8003929816557	-8.83358775641022
			19.7909955478723	-8.84298519019364
			19.7815981140889	-8.84298519019364
			19.7722006803054	-8.85238262397706
			19.762803246522	-8.85238262397706
			19.7534058127386	-8.86178005776047
			19.7440083789552	-8.86178005776047
			19.7346109451718	-8.87117749154389
			19.7252135113884	-8.87117749154389
			19.7158160776049	-8.8805749253273
			19.7064186438215	-8.8805749253273
			19.6970212100381	-8.8805749253273
			19.6876237762547	-8.88997235911072
			19.6782263424713	-8.88997235911072
			19.6688289086879	-8.88997235911072
			19.6594314749045	-8.89936979289413
			19.650034041121	-8.89936979289413
			19.6406366073376	-8.89936979289413
			19.6312391735542	-8.89936979289413
			19.6218417397708	-8.89936979289413
			19.6124443059874	-8.89936979289413
			19.603046872204	-8.89936979289413
			19.5936494384206	-8.89936979289413
			19.5842520046371	-8.89936979289413
			19.5748545708537	-8.89936979289413
			19.5654571370703	-8.89936979289413
			19.5560597032869	-8.89936979289413
			19.5466622695035	-8.89936979289413
			19.5372648357201	-8.89936979289413
			19.5278674019366	-8.89936979289413
			19.5184699681532	-8.89936979289413
			19.5090725343698	-8.89936979289413
			19.4996751005864	-8.89936979289413
			19.490277666803	-8.89936979289413
			19.4808802330196	-8.89936979289413
			19.4714827992362	-8.89936979289413
			19.4620853654527	-8.89936979289413
			19.4526879316693	-8.89936979289413
			19.4432904978859	-8.90876722667755
			19.4338930641025	-8.90876722667755
			19.4244956303191	-8.90876722667755
			19.4150981965357	-8.90876722667755
			19.4057007627523	-8.90876722667755
			19.3963033289688	-8.90876722667755
			19.3869058951854	-8.91816466046096
			19.377508461402	-8.91816466046096
			19.3681110276186	-8.91816466046096
		</Outline4>
	</curves.scaled>
	<ruler.points type=matrix rownames=TRUE colnames=FALSE nrow=2 ncol=2 as.numeric=TRUE >
		Ruler point 1	3268	2051
		Ruler point 2	2204	2067
	</ruler.points>
</shapes>

