<shapes type=list>
	<ruler.pixel type=vector names=FALSE length=1 as.numeric=TRUE >692.01806334806</ruler.pixel>
	<ruler.interval type=vector names=FALSE length=1 as.numeric=TRUE >10</ruler.interval>
	<scaling.units type=vector names=FALSE length=1 as.numeric=FALSE >mm</scaling.units>
	<scaling type=vector names=FALSE length=1 as.numeric=TRUE >0.0144504898493818</scaling>
	<landmarks.pixel type=matrix rownames=TRUE colnames=FALSE nrow=4 ncol=2 as.numeric=TRUE >
		Labial	2509	1843
		Posterior	2431	1796
		Lingual	2490	1725
		Anterior	2569	1773
	</landmarks.pixel>
	<landmarks.scaled type=matrix rownames=TRUE colnames=FALSE nrow=4 ncol=2 as.numeric=TRUE >
		Labial	36.2562790320989	-26.6322527924107
		Posterior	35.1291408238472	-25.9530797694897
		Lingual	35.9817197249607	-24.9270949901836
		Anterior	37.1233084230619	-25.6207185029539
	</landmarks.scaled>
	<curves.control type=list>
		<Outline1 type=matrix rownames=FALSE colnames=FALSE nrow=19 ncol=2 as.numeric=TRUE >
			2509	1843
			2504	1846
			2500	1848
			2495	1852
			2490	1855
			2484	1857
			2477	1858
			2469	1858
			2462	1856
			2456	1852
			2450	1847
			2445	1843
			2441	1836
			2437	1831
			2435	1825
			2433	1816
			2432	1808
			2431	1803
			2431	1796
		</Outline1>
		<Outline2 type=matrix rownames=FALSE colnames=FALSE nrow=17 ncol=2 as.numeric=TRUE >
			2431	1796
			2430	1785
			2430	1775
			2430	1765
			2431	1757
			2434	1750
			2437	1744
			2440	1739
			2444	1736
			2449	1733
			2455	1731
			2461	1729
			2468	1728
			2474	1727
			2480	1726
			2485	1726
			2490	1725
		</Outline2>
		<Outline3 type=matrix rownames=FALSE colnames=FALSE nrow=19 ncol=2 as.numeric=TRUE >
			2490	1725
			2498	1724
			2506	1723
			2513	1722
			2519	1720
			2526	1719
			2533	1720
			2540	1723
			2545	1726
			2551	1730
			2555	1738
			2558	1743
			2561	1745
			2564	1750
			2566	1755
			2567	1761
			2568	1765
			2568	1769
			2569	1773
		</Outline3>
		<Outline4 type=matrix rownames=FALSE colnames=FALSE nrow=19 ncol=2 as.numeric=TRUE >
			2569	1773
			2570	1779
			2569	1784
			2567	1789
			2565	1793
			2565	1800
			2563	1806
			2561	1813
			2557	1820
			2552	1826
			2548	1829
			2542	1832
			2536	1835
			2531	1835
			2526	1835
			2522	1835
			2517	1838
			2512	1840
			2509	1843
		</Outline4>
	</curves.control>
	<curves.pixel type=list>
		<Outline1 type=matrix rownames=FALSE colnames=FALSE nrow=118 ncol=2 as.numeric=TRUE >
			2509	1843
			2508	1843
			2508	1844
			2507	1844
			2506	1845
			2505	1845
			2504	1846
			2503	1847
			2502	1847
			2501	1848
			2500	1848
			2499	1849
			2498	1849
			2497	1850
			2497	1851
			2496	1851
			2495	1852
			2494	1852
			2493	1853
			2492	1854
			2491	1854
			2490	1855
			2489	1855
			2488	1856
			2487	1856
			2486	1856
			2485	1856
			2484	1857
			2483	1857
			2482	1857
			2481	1857
			2480	1857
			2479	1858
			2478	1858
			2477	1858
			2476	1858
			2475	1858
			2474	1858
			2473	1858
			2472	1858
			2471	1858
			2470	1858
			2469	1857
			2468	1857
			2467	1857
			2466	1857
			2465	1857
			2464	1856
			2463	1856
			2462	1856
			2461	1855
			2460	1854
			2459	1854
			2458	1853
			2457	1852
			2456	1852
			2455	1851
			2454	1850
			2453	1850
			2452	1849
			2451	1848
			2451	1847
			2450	1847
			2449	1846
			2448	1845
			2447	1845
			2447	1844
			2446	1843
			2445	1842
			2444	1841
			2443	1840
			2443	1839
			2442	1838
			2442	1837
			2441	1837
			2441	1836
			2441	1835
			2440	1835
			2440	1834
			2439	1834
			2439	1833
			2438	1832
			2438	1831
			2437	1830
			2437	1829
			2436	1828
			2436	1827
			2435	1826
			2435	1825
			2435	1824
			2435	1823
			2434	1822
			2434	1821
			2434	1820
			2434	1819
			2434	1818
			2433	1817
			2433	1816
			2433	1815
			2433	1814
			2433	1813
			2433	1812
			2432	1811
			2432	1810
			2432	1809
			2432	1808
			2432	1807
			2432	1806
			2431	1805
			2431	1804
			2431	1803
			2431	1802
			2431	1801
			2431	1800
			2431	1799
			2431	1798
			2431	1797
			2431	1796
		</Outline1>
		<Outline2 type=matrix rownames=FALSE colnames=FALSE nrow=111 ncol=2 as.numeric=TRUE >
			2431	1796
			2431	1795
			2431	1794
			2431	1793
			2431	1792
			2431	1791
			2431	1790
			2430	1789
			2430	1788
			2430	1787
			2430	1786
			2430	1785
			2430	1784
			2430	1783
			2430	1782
			2430	1781
			2430	1780
			2430	1779
			2430	1778
			2430	1777
			2430	1776
			2430	1775
			2430	1774
			2430	1773
			2430	1772
			2430	1771
			2430	1770
			2430	1769
			2430	1768
			2430	1767
			2430	1766
			2430	1765
			2430	1764
			2430	1763
			2430	1762
			2431	1761
			2431	1760
			2431	1759
			2431	1758
			2431	1757
			2432	1756
			2432	1755
			2432	1754
			2433	1753
			2433	1752
			2433	1751
			2434	1751
			2434	1750
			2435	1749
			2435	1748
			2435	1747
			2436	1747
			2436	1746
			2437	1745
			2437	1744
			2438	1743
			2438	1742
			2439	1741
			2440	1740
			2441	1739
			2442	1738
			2443	1737
			2444	1736
			2445	1735
			2446	1735
			2447	1734
			2448	1734
			2449	1734
			2449	1733
			2450	1733
			2451	1732
			2452	1732
			2453	1732
			2454	1731
			2455	1731
			2456	1731
			2457	1730
			2458	1730
			2459	1730
			2460	1730
			2461	1729
			2462	1729
			2463	1729
			2464	1729
			2465	1729
			2466	1728
			2467	1728
			2468	1728
			2469	1728
			2470	1728
			2471	1728
			2471	1727
			2472	1727
			2473	1727
			2474	1727
			2475	1727
			2476	1727
			2477	1726
			2478	1726
			2479	1726
			2480	1726
			2481	1726
			2482	1726
			2483	1726
			2484	1726
			2485	1726
			2486	1726
			2487	1726
			2488	1725
			2489	1725
			2490	1725
		</Outline2>
		<Outline3 type=matrix rownames=FALSE colnames=FALSE nrow=110 ncol=2 as.numeric=TRUE >
			2490	1725
			2491	1725
			2492	1725
			2493	1725
			2494	1725
			2494	1724
			2495	1724
			2496	1724
			2497	1724
			2498	1724
			2499	1724
			2500	1724
			2501	1724
			2502	1724
			2503	1723
			2504	1723
			2505	1723
			2506	1723
			2507	1723
			2508	1723
			2509	1722
			2510	1722
			2511	1722
			2512	1722
			2513	1722
			2514	1722
			2515	1721
			2516	1721
			2517	1721
			2518	1720
			2519	1720
			2520	1720
			2521	1720
			2522	1720
			2523	1720
			2524	1720
			2525	1720
			2526	1720
			2527	1720
			2528	1720
			2529	1720
			2530	1720
			2531	1720
			2532	1720
			2533	1720
			2534	1721
			2535	1721
			2536	1721
			2537	1722
			2538	1722
			2539	1723
			2540	1723
			2541	1724
			2542	1724
			2543	1725
			2544	1725
			2545	1726
			2546	1727
			2547	1727
			2548	1728
			2549	1729
			2550	1730
			2551	1731
			2551	1732
			2552	1733
			2553	1734
			2553	1735
			2554	1736
			2555	1737
			2555	1738
			2555	1739
			2556	1739
			2556	1740
			2557	1740
			2557	1741
			2558	1742
			2558	1743
			2559	1744
			2560	1744
			2561	1745
			2561	1746
			2562	1747
			2563	1748
			2563	1749
			2564	1750
			2564	1751
			2565	1752
			2565	1753
			2566	1754
			2566	1755
			2566	1756
			2566	1757
			2567	1758
			2567	1759
			2567	1760
			2567	1761
			2567	1762
			2567	1763
			2568	1763
			2568	1764
			2568	1765
			2568	1766
			2568	1767
			2568	1768
			2568	1769
			2568	1770
			2568	1771
			2569	1771
			2569	1772
			2569	1773
		</Outline3>
		<Outline4 type=matrix rownames=FALSE colnames=FALSE nrow=100 ncol=2 as.numeric=TRUE >
			2569	1773
			2569	1774
			2569	1775
			2569	1776
			2569	1777
			2569	1778
			2569	1779
			2569	1780
			2569	1781
			2569	1782
			2569	1783
			2569	1784
			2568	1785
			2568	1786
			2568	1787
			2567	1788
			2567	1789
			2566	1790
			2566	1791
			2566	1792
			2565	1793
			2565	1794
			2565	1795
			2565	1796
			2565	1797
			2565	1798
			2565	1799
			2564	1800
			2564	1801
			2564	1802
			2564	1803
			2564	1804
			2563	1805
			2563	1806
			2563	1807
			2562	1808
			2562	1809
			2562	1810
			2561	1811
			2561	1812
			2560	1813
			2560	1814
			2560	1815
			2559	1816
			2559	1817
			2558	1818
			2557	1819
			2557	1820
			2556	1821
			2555	1822
			2555	1823
			2554	1824
			2553	1824
			2553	1825
			2552	1826
			2551	1826
			2551	1827
			2550	1827
			2549	1828
			2548	1829
			2547	1829
			2546	1830
			2545	1831
			2544	1831
			2543	1832
			2542	1832
			2541	1833
			2540	1833
			2539	1834
			2538	1834
			2537	1835
			2536	1835
			2535	1835
			2534	1835
			2533	1835
			2532	1835
			2531	1835
			2530	1835
			2529	1835
			2528	1835
			2527	1835
			2526	1835
			2525	1835
			2524	1835
			2523	1835
			2522	1836
			2521	1836
			2520	1836
			2520	1837
			2519	1837
			2518	1838
			2517	1838
			2516	1838
			2515	1839
			2514	1839
			2513	1840
			2512	1841
			2511	1842
			2510	1842
			2509	1843
		</Outline4>
	</curves.pixel>
	<curves.scaled type=list>
		<Outline1 type=matrix rownames=FALSE colnames=FALSE nrow=118 ncol=2 as.numeric=TRUE >
			36.2562790320989	-26.6322527924107
			36.2418285422496	-26.6322527924107
			36.2418285422496	-26.64670328226
			36.2273780524002	-26.64670328226
			36.2129275625508	-26.6611537721094
			36.1984770727014	-26.6611537721094
			36.184026582852	-26.6756042619588
			36.1695760930027	-26.6900547518082
			36.1551256031533	-26.6900547518082
			36.1406751133039	-26.7045052416576
			36.1262246234545	-26.7045052416576
			36.1117741336051	-26.718955731507
			36.0973236437558	-26.718955731507
			36.0828731539064	-26.7334062213563
			36.0828731539064	-26.7478567112057
			36.068422664057	-26.7478567112057
			36.0539721742076	-26.7623072010551
			36.0395216843582	-26.7623072010551
			36.0250711945088	-26.7767576909045
			36.0106207046595	-26.7912081807539
			35.9961702148101	-26.7912081807539
			35.9817197249607	-26.8056586706032
			35.9672692351113	-26.8056586706032
			35.9528187452619	-26.8201091604526
			35.9383682554125	-26.8201091604526
			35.9239177655632	-26.8201091604526
			35.9094672757138	-26.8201091604526
			35.8950167858644	-26.834559650302
			35.880566296015	-26.834559650302
			35.8661158061656	-26.834559650302
			35.8516653163163	-26.834559650302
			35.8372148264669	-26.834559650302
			35.8227643366175	-26.8490101401514
			35.8083138467681	-26.8490101401514
			35.7938633569187	-26.8490101401514
			35.7794128670693	-26.8490101401514
			35.76496237722	-26.8490101401514
			35.7505118873706	-26.8490101401514
			35.7360613975212	-26.8490101401514
			35.7216109076718	-26.8490101401514
			35.7071604178224	-26.8490101401514
			35.6927099279731	-26.8490101401514
			35.6782594381237	-26.834559650302
			35.6638089482743	-26.834559650302
			35.6493584584249	-26.834559650302
			35.6349079685755	-26.834559650302
			35.6204574787262	-26.834559650302
			35.6060069888768	-26.8201091604526
			35.5915564990274	-26.8201091604526
			35.577106009178	-26.8201091604526
			35.5626555193286	-26.8056586706032
			35.5482050294792	-26.7912081807539
			35.5337545396299	-26.7912081807539
			35.5193040497805	-26.7767576909045
			35.5048535599311	-26.7623072010551
			35.4904030700817	-26.7623072010551
			35.4759525802323	-26.7478567112057
			35.461502090383	-26.7334062213563
			35.4470516005336	-26.7334062213563
			35.4326011106842	-26.718955731507
			35.4181506208348	-26.7045052416576
			35.4181506208348	-26.6900547518082
			35.4037001309854	-26.6900547518082
			35.389249641136	-26.6756042619588
			35.3747991512867	-26.6611537721094
			35.3603486614373	-26.6611537721094
			35.3603486614373	-26.64670328226
			35.3458981715879	-26.6322527924107
			35.3314476817385	-26.6178023025613
			35.3169971918891	-26.6033518127119
			35.3025467020397	-26.5889013228625
			35.3025467020397	-26.5744508330131
			35.2880962121904	-26.5600003431638
			35.2880962121904	-26.5455498533144
			35.273645722341	-26.5455498533144
			35.273645722341	-26.531099363465
			35.273645722341	-26.5166488736156
			35.2591952324916	-26.5166488736156
			35.2591952324916	-26.5021983837662
			35.2447447426422	-26.5021983837662
			35.2447447426422	-26.4877478939168
			35.2302942527928	-26.4732974040675
			35.2302942527928	-26.4588469142181
			35.2158437629435	-26.4443964243687
			35.2158437629435	-26.4299459345193
			35.2013932730941	-26.4154954446699
			35.2013932730941	-26.4010449548206
			35.1869427832447	-26.3865944649712
			35.1869427832447	-26.3721439751218
			35.1869427832447	-26.3576934852724
			35.1869427832447	-26.343242995423
			35.1724922933953	-26.3287925055736
			35.1724922933953	-26.3143420157243
			35.1724922933953	-26.2998915258749
			35.1724922933953	-26.2854410360255
			35.1724922933953	-26.2709905461761
			35.1580418035459	-26.2565400563267
			35.1580418035459	-26.2420895664774
			35.1580418035459	-26.227639076628
			35.1580418035459	-26.2131885867786
			35.1580418035459	-26.1987380969292
			35.1580418035459	-26.1842876070798
			35.1435913136965	-26.1698371172304
			35.1435913136965	-26.1553866273811
			35.1435913136965	-26.1409361375317
			35.1435913136965	-26.1264856476823
			35.1435913136965	-26.1120351578329
			35.1435913136965	-26.0975846679835
			35.1291408238472	-26.0831341781342
			35.1291408238472	-26.0686836882848
			35.1291408238472	-26.0542331984354
			35.1291408238472	-26.039782708586
			35.1291408238472	-26.0253322187366
			35.1291408238472	-26.0108817288872
			35.1291408238472	-25.9964312390379
			35.1291408238472	-25.9819807491885
			35.1291408238472	-25.9675302593391
			35.1291408238472	-25.9530797694897
		</Outline1>
		<Outline2 type=matrix rownames=FALSE colnames=FALSE nrow=111 ncol=2 as.numeric=TRUE >
			35.1291408238472	-25.9530797694897
			35.1291408238472	-25.9386292796403
			35.1291408238472	-25.924178789791
			35.1291408238472	-25.9097282999416
			35.1291408238472	-25.8952778100922
			35.1291408238472	-25.8808273202428
			35.1291408238472	-25.8663768303934
			35.1146903339978	-25.8519263405441
			35.1146903339978	-25.8374758506947
			35.1146903339978	-25.8230253608453
			35.1146903339978	-25.8085748709959
			35.1146903339978	-25.7941243811465
			35.1146903339978	-25.7796738912971
			35.1146903339978	-25.7652234014478
			35.1146903339978	-25.7507729115984
			35.1146903339978	-25.736322421749
			35.1146903339978	-25.7218719318996
			35.1146903339978	-25.7074214420502
			35.1146903339978	-25.6929709522008
			35.1146903339978	-25.6785204623515
			35.1146903339978	-25.6640699725021
			35.1146903339978	-25.6496194826527
			35.1146903339978	-25.6351689928033
			35.1146903339978	-25.6207185029539
			35.1146903339978	-25.6062680131046
			35.1146903339978	-25.5918175232552
			35.1146903339978	-25.5773670334058
			35.1146903339978	-25.5629165435564
			35.1146903339978	-25.548466053707
			35.1146903339978	-25.5340155638577
			35.1146903339978	-25.5195650740083
			35.1146903339978	-25.5051145841589
			35.1146903339978	-25.4906640943095
			35.1146903339978	-25.4762136044601
			35.1146903339978	-25.4617631146107
			35.1291408238472	-25.4473126247614
			35.1291408238472	-25.432862134912
			35.1291408238472	-25.4184116450626
			35.1291408238472	-25.4039611552132
			35.1291408238472	-25.3895106653638
			35.1435913136965	-25.3750601755144
			35.1435913136965	-25.3606096856651
			35.1435913136965	-25.3461591958157
			35.1580418035459	-25.3317087059663
			35.1580418035459	-25.3172582161169
			35.1580418035459	-25.3028077262675
			35.1724922933953	-25.3028077262675
			35.1724922933953	-25.2883572364182
			35.1869427832447	-25.2739067465688
			35.1869427832447	-25.2594562567194
			35.1869427832447	-25.24500576687
			35.2013932730941	-25.24500576687
			35.2013932730941	-25.2305552770206
			35.2158437629435	-25.2161047871713
			35.2158437629435	-25.2016542973219
			35.2302942527928	-25.1872038074725
			35.2302942527928	-25.1727533176231
			35.2447447426422	-25.1583028277737
			35.2591952324916	-25.1438523379243
			35.273645722341	-25.129401848075
			35.2880962121904	-25.1149513582256
			35.3025467020397	-25.1005008683762
			35.3169971918891	-25.0860503785268
			35.3314476817385	-25.0715998886774
			35.3458981715879	-25.0715998886774
			35.3603486614373	-25.057149398828
			35.3747991512867	-25.057149398828
			35.389249641136	-25.057149398828
			35.389249641136	-25.0426989089787
			35.4037001309854	-25.0426989089787
			35.4181506208348	-25.0282484191293
			35.4326011106842	-25.0282484191293
			35.4470516005336	-25.0282484191293
			35.461502090383	-25.0137979292799
			35.4759525802323	-25.0137979292799
			35.4904030700817	-25.0137979292799
			35.5048535599311	-24.9993474394305
			35.5193040497805	-24.9993474394305
			35.5337545396299	-24.9993474394305
			35.5482050294792	-24.9993474394305
			35.5626555193286	-24.9848969495811
			35.577106009178	-24.9848969495811
			35.5915564990274	-24.9848969495811
			35.6060069888768	-24.9848969495811
			35.6204574787262	-24.9848969495811
			35.6349079685755	-24.9704464597318
			35.6493584584249	-24.9704464597318
			35.6638089482743	-24.9704464597318
			35.6782594381237	-24.9704464597318
			35.6927099279731	-24.9704464597318
			35.7071604178224	-24.9704464597318
			35.7071604178224	-24.9559959698824
			35.7216109076718	-24.9559959698824
			35.7360613975212	-24.9559959698824
			35.7505118873706	-24.9559959698824
			35.76496237722	-24.9559959698824
			35.7794128670693	-24.9559959698824
			35.7938633569187	-24.941545480033
			35.8083138467681	-24.941545480033
			35.8227643366175	-24.941545480033
			35.8372148264669	-24.941545480033
			35.8516653163163	-24.941545480033
			35.8661158061656	-24.941545480033
			35.880566296015	-24.941545480033
			35.8950167858644	-24.941545480033
			35.9094672757138	-24.941545480033
			35.9239177655632	-24.941545480033
			35.9383682554125	-24.941545480033
			35.9528187452619	-24.9270949901836
			35.9672692351113	-24.9270949901836
			35.9817197249607	-24.9270949901836
		</Outline2>
		<Outline3 type=matrix rownames=FALSE colnames=FALSE nrow=110 ncol=2 as.numeric=TRUE >
			35.9817197249607	-24.9270949901836
			35.9961702148101	-24.9270949901836
			36.0106207046595	-24.9270949901836
			36.0250711945088	-24.9270949901836
			36.0395216843582	-24.9270949901836
			36.0395216843582	-24.9126445003342
			36.0539721742076	-24.9126445003342
			36.068422664057	-24.9126445003342
			36.0828731539064	-24.9126445003342
			36.0973236437558	-24.9126445003342
			36.1117741336051	-24.9126445003342
			36.1262246234545	-24.9126445003342
			36.1406751133039	-24.9126445003342
			36.1551256031533	-24.9126445003342
			36.1695760930027	-24.8981940104849
			36.184026582852	-24.8981940104849
			36.1984770727014	-24.8981940104849
			36.2129275625508	-24.8981940104849
			36.2273780524002	-24.8981940104849
			36.2418285422496	-24.8981940104849
			36.2562790320989	-24.8837435206355
			36.2707295219483	-24.8837435206355
			36.2851800117977	-24.8837435206355
			36.2996305016471	-24.8837435206355
			36.3140809914965	-24.8837435206355
			36.3285314813459	-24.8837435206355
			36.3429819711952	-24.8692930307861
			36.3574324610446	-24.8692930307861
			36.371882950894	-24.8692930307861
			36.3863334407434	-24.8548425409367
			36.4007839305928	-24.8548425409367
			36.4152344204421	-24.8548425409367
			36.4296849102915	-24.8548425409367
			36.4441354001409	-24.8548425409367
			36.4585858899903	-24.8548425409367
			36.4730363798397	-24.8548425409367
			36.4874868696891	-24.8548425409367
			36.5019373595384	-24.8548425409367
			36.5163878493878	-24.8548425409367
			36.5308383392372	-24.8548425409367
			36.5452888290866	-24.8548425409367
			36.559739318936	-24.8548425409367
			36.5741898087853	-24.8548425409367
			36.5886402986347	-24.8548425409367
			36.6030907884841	-24.8548425409367
			36.6175412783335	-24.8692930307861
			36.6319917681829	-24.8692930307861
			36.6464422580323	-24.8692930307861
			36.6608927478816	-24.8837435206355
			36.675343237731	-24.8837435206355
			36.6897937275804	-24.8981940104849
			36.7042442174298	-24.8981940104849
			36.7186947072792	-24.9126445003342
			36.7331451971286	-24.9126445003342
			36.7475956869779	-24.9270949901836
			36.7620461768273	-24.9270949901836
			36.7764966666767	-24.941545480033
			36.7909471565261	-24.9559959698824
			36.8053976463755	-24.9559959698824
			36.8198481362248	-24.9704464597318
			36.8342986260742	-24.9848969495811
			36.8487491159236	-24.9993474394305
			36.863199605773	-25.0137979292799
			36.863199605773	-25.0282484191293
			36.8776500956224	-25.0426989089787
			36.8921005854717	-25.057149398828
			36.8921005854717	-25.0715998886774
			36.9065510753211	-25.0860503785268
			36.9210015651705	-25.1005008683762
			36.9210015651705	-25.1149513582256
			36.9210015651705	-25.129401848075
			36.9354520550199	-25.129401848075
			36.9354520550199	-25.1438523379243
			36.9499025448693	-25.1438523379243
			36.9499025448693	-25.1583028277737
			36.9643530347187	-25.1727533176231
			36.9643530347187	-25.1872038074725
			36.978803524568	-25.2016542973219
			36.9932540144174	-25.2016542973219
			37.0077045042668	-25.2161047871713
			37.0077045042668	-25.2305552770206
			37.0221549941162	-25.24500576687
			37.0366054839656	-25.2594562567194
			37.0366054839656	-25.2739067465688
			37.0510559738149	-25.2883572364182
			37.0510559738149	-25.3028077262675
			37.0655064636643	-25.3172582161169
			37.0655064636643	-25.3317087059663
			37.0799569535137	-25.3461591958157
			37.0799569535137	-25.3606096856651
			37.0799569535137	-25.3750601755144
			37.0799569535137	-25.3895106653638
			37.0944074433631	-25.4039611552132
			37.0944074433631	-25.4184116450626
			37.0944074433631	-25.432862134912
			37.0944074433631	-25.4473126247614
			37.0944074433631	-25.4617631146107
			37.0944074433631	-25.4762136044601
			37.1088579332125	-25.4762136044601
			37.1088579332125	-25.4906640943095
			37.1088579332125	-25.5051145841589
			37.1088579332125	-25.5195650740083
			37.1088579332125	-25.5340155638577
			37.1088579332125	-25.548466053707
			37.1088579332125	-25.5629165435564
			37.1088579332125	-25.5773670334058
			37.1088579332125	-25.5918175232552
			37.1233084230619	-25.5918175232552
			37.1233084230619	-25.6062680131046
			37.1233084230619	-25.6207185029539
		</Outline3>
		<Outline4 type=matrix rownames=FALSE colnames=FALSE nrow=100 ncol=2 as.numeric=TRUE >
			37.1233084230619	-25.6207185029539
			37.1233084230619	-25.6351689928033
			37.1233084230619	-25.6496194826527
			37.1233084230619	-25.6640699725021
			37.1233084230619	-25.6785204623515
			37.1233084230619	-25.6929709522008
			37.1233084230619	-25.7074214420502
			37.1233084230619	-25.7218719318996
			37.1233084230619	-25.736322421749
			37.1233084230619	-25.7507729115984
			37.1233084230619	-25.7652234014478
			37.1233084230619	-25.7796738912971
			37.1088579332125	-25.7941243811465
			37.1088579332125	-25.8085748709959
			37.1088579332125	-25.8230253608453
			37.0944074433631	-25.8374758506947
			37.0944074433631	-25.8519263405441
			37.0799569535137	-25.8663768303934
			37.0799569535137	-25.8808273202428
			37.0799569535137	-25.8952778100922
			37.0655064636643	-25.9097282999416
			37.0655064636643	-25.924178789791
			37.0655064636643	-25.9386292796403
			37.0655064636643	-25.9530797694897
			37.0655064636643	-25.9675302593391
			37.0655064636643	-25.9819807491885
			37.0655064636643	-25.9964312390379
			37.0510559738149	-26.0108817288872
			37.0510559738149	-26.0253322187366
			37.0510559738149	-26.039782708586
			37.0510559738149	-26.0542331984354
			37.0510559738149	-26.0686836882848
			37.0366054839656	-26.0831341781342
			37.0366054839656	-26.0975846679835
			37.0366054839656	-26.1120351578329
			37.0221549941162	-26.1264856476823
			37.0221549941162	-26.1409361375317
			37.0221549941162	-26.1553866273811
			37.0077045042668	-26.1698371172304
			37.0077045042668	-26.1842876070798
			36.9932540144174	-26.1987380969292
			36.9932540144174	-26.2131885867786
			36.9932540144174	-26.227639076628
			36.978803524568	-26.2420895664774
			36.978803524568	-26.2565400563267
			36.9643530347187	-26.2709905461761
			36.9499025448693	-26.2854410360255
			36.9499025448693	-26.2998915258749
			36.9354520550199	-26.3143420157243
			36.9210015651705	-26.3287925055736
			36.9210015651705	-26.343242995423
			36.9065510753211	-26.3576934852724
			36.8921005854717	-26.3576934852724
			36.8921005854717	-26.3721439751218
			36.8776500956224	-26.3865944649712
			36.863199605773	-26.3865944649712
			36.863199605773	-26.4010449548206
			36.8487491159236	-26.4010449548206
			36.8342986260742	-26.4154954446699
			36.8198481362248	-26.4299459345193
			36.8053976463755	-26.4299459345193
			36.7909471565261	-26.4443964243687
			36.7764966666767	-26.4588469142181
			36.7620461768273	-26.4588469142181
			36.7475956869779	-26.4732974040675
			36.7331451971286	-26.4732974040675
			36.7186947072792	-26.4877478939168
			36.7042442174298	-26.4877478939168
			36.6897937275804	-26.5021983837662
			36.675343237731	-26.5021983837662
			36.6608927478816	-26.5166488736156
			36.6464422580323	-26.5166488736156
			36.6319917681829	-26.5166488736156
			36.6175412783335	-26.5166488736156
			36.6030907884841	-26.5166488736156
			36.5886402986347	-26.5166488736156
			36.5741898087853	-26.5166488736156
			36.559739318936	-26.5166488736156
			36.5452888290866	-26.5166488736156
			36.5308383392372	-26.5166488736156
			36.5163878493878	-26.5166488736156
			36.5019373595384	-26.5166488736156
			36.4874868696891	-26.5166488736156
			36.4730363798397	-26.5166488736156
			36.4585858899903	-26.5166488736156
			36.4441354001409	-26.531099363465
			36.4296849102915	-26.531099363465
			36.4152344204421	-26.531099363465
			36.4152344204421	-26.5455498533144
			36.4007839305928	-26.5455498533144
			36.3863334407434	-26.5600003431638
			36.371882950894	-26.5600003431638
			36.3574324610446	-26.5600003431638
			36.3429819711952	-26.5744508330131
			36.3285314813459	-26.5744508330131
			36.3140809914965	-26.5889013228625
			36.2996305016471	-26.6033518127119
			36.2851800117977	-26.6178023025613
			36.2707295219483	-26.6178023025613
			36.2562790320989	-26.6322527924107
		</Outline4>
	</curves.scaled>
	<ruler.points type=matrix rownames=TRUE colnames=FALSE nrow=2 ncol=2 as.numeric=TRUE >
		Ruler point 1	3260	344
		Ruler point 2	2568	339
	</ruler.points>
</shapes>

