<shapes type=list>
	<ruler.pixel type=vector names=FALSE length=1 as.numeric=TRUE >1072.05643508166</ruler.pixel>
	<ruler.interval type=vector names=FALSE length=1 as.numeric=TRUE >10</ruler.interval>
	<scaling.units type=vector names=FALSE length=1 as.numeric=FALSE >mm</scaling.units>
	<scaling type=vector names=FALSE length=1 as.numeric=TRUE >0.00932786714650733</scaling>
	<landmarks.pixel type=matrix rownames=TRUE colnames=FALSE nrow=4 ncol=2 as.numeric=TRUE >
		Labial	2239	1631
		Posterior	2140	1574
		Lingual	2196	1474
		Anterior	2300	1530
	</landmarks.pixel>
	<landmarks.scaled type=matrix rownames=TRUE colnames=FALSE nrow=4 ncol=2 as.numeric=TRUE >
		Labial	20.8850945410299	-15.2137513159535
		Posterior	19.9616356935257	-14.6820628886025
		Lingual	20.4839962537301	-13.7492761739518
		Anterior	21.4540944369669	-14.2716367341562
	</landmarks.scaled>
	<curves.control type=list>
		<Outline1 type=matrix rownames=FALSE colnames=FALSE nrow=21 ncol=2 as.numeric=TRUE >
			2239	1631
			2234	1637
			2229	1644
			2225	1650
			2220	1655
			2214	1658
			2209	1660
			2203	1661
			2194	1660
			2186	1657
			2179	1654
			2172	1648
			2167	1640
			2163	1633
			2159	1626
			2156	1619
			2152	1612
			2149	1604
			2147	1597
			2144	1587
			2140	1574
		</Outline1>
		<Outline2 type=matrix rownames=FALSE colnames=FALSE nrow=15 ncol=2 as.numeric=TRUE >
			2140	1574
			2138	1561
			2138	1551
			2139	1539
			2141	1530
			2142	1521
			2144	1510
			2147	1501
			2153	1495
			2159	1488
			2165	1484
			2172	1480
			2177	1478
			2184	1475
			2196	1474
		</Outline2>
		<Outline3 type=matrix rownames=FALSE colnames=FALSE nrow=19 ncol=2 as.numeric=TRUE >
			2196	1474
			2205	1473
			2213	1475
			2222	1474
			2230	1474
			2238	1474
			2248	1475
			2256	1476
			2263	1478
			2269	1481
			2275	1485
			2280	1490
			2285	1495
			2289	1501
			2294	1507
			2298	1515
			2299	1521
			2300	1525
			2300	1530
		</Outline3>
		<Outline4 type=matrix rownames=FALSE colnames=FALSE nrow=17 ncol=2 as.numeric=TRUE >
			2300	1530
			2301	1538
			2301	1546
			2301	1553
			2301	1560
			2301	1568
			2298	1581
			2293	1593
			2288	1602
			2282	1610
			2275	1618
			2268	1622
			2260	1624
			2253	1624
			2247	1623
			2243	1627
			2239	1631
		</Outline4>
	</curves.control>
	<curves.pixel type=list>
		<Outline1 type=matrix rownames=FALSE colnames=FALSE nrow=156 ncol=2 as.numeric=TRUE >
			2239	1631
			2238	1632
			2237	1633
			2236	1634
			2236	1635
			2235	1636
			2234	1637
			2234	1638
			2233	1639
			2232	1640
			2231	1641
			2231	1642
			2230	1643
			2229	1644
			2229	1645
			2228	1646
			2227	1646
			2227	1647
			2226	1648
			2225	1649
			2225	1650
			2224	1651
			2223	1651
			2223	1652
			2222	1653
			2221	1654
			2220	1655
			2219	1656
			2218	1656
			2217	1657
			2216	1657
			2215	1657
			2214	1658
			2213	1658
			2212	1659
			2211	1659
			2210	1660
			2209	1660
			2208	1660
			2207	1660
			2206	1660
			2205	1660
			2204	1660
			2203	1660
			2202	1660
			2201	1660
			2200	1660
			2199	1660
			2198	1660
			2197	1660
			2196	1660
			2195	1660
			2194	1660
			2193	1660
			2193	1659
			2192	1659
			2191	1659
			2190	1659
			2189	1658
			2188	1658
			2187	1657
			2186	1657
			2185	1656
			2184	1656
			2183	1656
			2183	1655
			2182	1655
			2181	1655
			2180	1654
			2179	1654
			2178	1653
			2177	1652
			2176	1652
			2176	1651
			2175	1650
			2174	1650
			2174	1649
			2173	1648
			2172	1647
			2171	1646
			2170	1645
			2170	1644
			2169	1643
			2168	1642
			2167	1641
			2167	1640
			2166	1639
			2166	1638
			2165	1637
			2165	1636
			2164	1635
			2164	1634
			2163	1633
			2163	1632
			2162	1631
			2161	1630
			2160	1629
			2160	1628
			2160	1627
			2159	1627
			2159	1626
			2159	1625
			2158	1625
			2158	1624
			2158	1623
			2157	1623
			2157	1622
			2157	1621
			2156	1620
			2156	1619
			2155	1618
			2155	1617
			2154	1616
			2154	1615
			2153	1614
			2153	1613
			2152	1612
			2152	1611
			2151	1610
			2151	1609
			2150	1608
			2150	1607
			2150	1606
			2149	1605
			2149	1604
			2149	1603
			2148	1602
			2148	1601
			2148	1600
			2147	1599
			2147	1598
			2147	1597
			2147	1596
			2146	1595
			2146	1594
			2146	1593
			2146	1592
			2145	1592
			2145	1591
			2145	1590
			2145	1589
			2144	1588
			2144	1587
			2144	1586
			2143	1585
			2143	1584
			2143	1583
			2143	1582
			2142	1581
			2142	1580
			2142	1579
			2141	1578
			2141	1577
			2141	1576
			2140	1575
			2140	1574
		</Outline1>
		<Outline2 type=matrix rownames=FALSE colnames=FALSE nrow=127 ncol=2 as.numeric=TRUE >
			2140	1574
			2140	1573
			2140	1572
			2140	1571
			2139	1570
			2139	1569
			2139	1568
			2139	1567
			2139	1566
			2139	1565
			2139	1564
			2139	1563
			2139	1562
			2138	1561
			2138	1560
			2138	1559
			2138	1558
			2138	1557
			2138	1556
			2138	1555
			2138	1554
			2138	1553
			2138	1552
			2138	1551
			2138	1550
			2138	1549
			2138	1548
			2138	1547
			2139	1546
			2139	1545
			2139	1544
			2139	1543
			2139	1542
			2139	1541
			2139	1540
			2139	1539
			2140	1538
			2140	1537
			2140	1536
			2140	1535
			2140	1534
			2140	1533
			2141	1532
			2141	1531
			2141	1530
			2141	1529
			2141	1528
			2141	1527
			2141	1526
			2142	1526
			2142	1525
			2142	1524
			2142	1523
			2142	1522
			2142	1521
			2142	1520
			2142	1519
			2143	1518
			2143	1517
			2143	1516
			2143	1515
			2143	1514
			2143	1513
			2144	1512
			2144	1511
			2144	1510
			2144	1509
			2145	1508
			2145	1507
			2146	1506
			2146	1505
			2147	1504
			2147	1503
			2147	1502
			2148	1501
			2149	1501
			2149	1500
			2150	1499
			2150	1498
			2151	1497
			2152	1497
			2152	1496
			2153	1495
			2154	1494
			2155	1493
			2156	1492
			2157	1491
			2157	1490
			2158	1490
			2159	1489
			2160	1488
			2161	1487
			2162	1486
			2163	1485
			2164	1484
			2165	1484
			2166	1483
			2167	1483
			2168	1482
			2169	1482
			2170	1481
			2171	1481
			2172	1480
			2173	1480
			2174	1479
			2175	1479
			2176	1478
			2177	1478
			2178	1478
			2179	1477
			2180	1477
			2181	1477
			2182	1476
			2183	1476
			2184	1476
			2185	1476
			2186	1475
			2187	1475
			2188	1475
			2189	1475
			2190	1475
			2191	1475
			2192	1474
			2193	1474
			2194	1474
			2195	1474
			2196	1474
		</Outline2>
		<Outline3 type=matrix rownames=FALSE colnames=FALSE nrow=127 ncol=2 as.numeric=TRUE >
			2196	1474
			2197	1474
			2198	1474
			2199	1474
			2200	1474
			2201	1474
			2202	1474
			2203	1474
			2204	1474
			2205	1474
			2206	1474
			2207	1474
			2208	1474
			2209	1474
			2210	1474
			2211	1475
			2212	1475
			2213	1475
			2214	1475
			2215	1475
			2216	1475
			2217	1475
			2218	1475
			2219	1474
			2220	1474
			2221	1474
			2222	1474
			2223	1474
			2224	1474
			2225	1474
			2226	1474
			2227	1474
			2228	1474
			2229	1474
			2230	1474
			2231	1474
			2232	1474
			2233	1474
			2234	1474
			2235	1474
			2236	1474
			2237	1474
			2238	1474
			2239	1474
			2240	1474
			2241	1474
			2242	1474
			2243	1475
			2244	1475
			2245	1475
			2246	1475
			2247	1475
			2248	1475
			2249	1475
			2250	1475
			2251	1475
			2252	1476
			2253	1476
			2254	1476
			2255	1476
			2256	1476
			2257	1476
			2258	1477
			2259	1477
			2260	1477
			2261	1478
			2262	1478
			2263	1478
			2264	1479
			2265	1479
			2266	1480
			2267	1480
			2268	1480
			2268	1481
			2269	1481
			2270	1482
			2271	1482
			2272	1483
			2273	1484
			2274	1484
			2275	1485
			2276	1486
			2277	1487
			2278	1488
			2279	1489
			2280	1490
			2281	1491
			2282	1492
			2283	1493
			2284	1494
			2285	1495
			2286	1496
			2286	1497
			2287	1498
			2288	1499
			2288	1500
			2289	1501
			2290	1502
			2290	1503
			2291	1503
			2292	1504
			2293	1505
			2293	1506
			2294	1507
			2295	1508
			2295	1509
			2295	1510
			2296	1511
			2296	1512
			2297	1513
			2297	1514
			2297	1515
			2298	1516
			2298	1517
			2298	1518
			2299	1519
			2299	1520
			2299	1521
			2299	1522
			2299	1523
			2300	1524
			2300	1525
			2300	1526
			2300	1527
			2300	1528
			2300	1529
			2300	1530
		</Outline3>
		<Outline4 type=matrix rownames=FALSE colnames=FALSE nrow=129 ncol=2 as.numeric=TRUE >
			2300	1530
			2300	1531
			2300	1532
			2300	1533
			2300	1534
			2301	1535
			2301	1536
			2301	1537
			2301	1538
			2301	1539
			2301	1540
			2301	1541
			2301	1542
			2301	1543
			2301	1544
			2301	1545
			2301	1546
			2301	1547
			2301	1548
			2301	1549
			2301	1550
			2301	1551
			2301	1552
			2301	1553
			2301	1554
			2301	1555
			2301	1556
			2301	1557
			2301	1558
			2301	1559
			2301	1560
			2301	1561
			2301	1562
			2301	1563
			2301	1564
			2301	1565
			2301	1566
			2301	1567
			2300	1568
			2300	1569
			2300	1570
			2300	1571
			2300	1572
			2300	1573
			2299	1574
			2299	1575
			2299	1576
			2299	1577
			2299	1578
			2298	1579
			2298	1580
			2298	1581
			2298	1582
			2297	1583
			2297	1584
			2296	1585
			2296	1586
			2296	1587
			2295	1587
			2295	1588
			2295	1589
			2294	1590
			2294	1591
			2293	1592
			2293	1593
			2292	1594
			2292	1595
			2291	1596
			2291	1597
			2290	1598
			2290	1599
			2289	1600
			2289	1601
			2288	1602
			2287	1603
			2286	1604
			2286	1605
			2285	1606
			2284	1607
			2284	1608
			2283	1609
			2282	1610
			2281	1610
			2281	1611
			2280	1612
			2279	1613
			2278	1614
			2278	1615
			2277	1616
			2276	1617
			2275	1618
			2274	1618
			2274	1619
			2273	1619
			2272	1620
			2271	1620
			2270	1620
			2270	1621
			2269	1621
			2268	1621
			2267	1622
			2266	1622
			2265	1622
			2264	1623
			2263	1623
			2262	1624
			2261	1624
			2260	1624
			2259	1624
			2258	1624
			2257	1624
			2256	1624
			2255	1624
			2254	1624
			2253	1624
			2252	1624
			2251	1624
			2250	1623
			2249	1623
			2248	1623
			2247	1623
			2246	1624
			2245	1625
			2244	1626
			2243	1627
			2242	1628
			2241	1629
			2240	1630
			2239	1631
		</Outline4>
	</curves.pixel>
	<curves.scaled type=list>
		<Outline1 type=matrix rownames=FALSE colnames=FALSE nrow=156 ncol=2 as.numeric=TRUE >
			20.8850945410299	-15.2137513159535
			20.8757666738834	-15.2230791831
			20.8664388067369	-15.2324070502465
			20.8571109395904	-15.241734917393
			20.8571109395904	-15.2510627845395
			20.8477830724439	-15.260390651686
			20.8384552052974	-15.2697185188325
			20.8384552052974	-15.279046385979
			20.8291273381509	-15.2883742531255
			20.8197994710044	-15.297702120272
			20.8104716038579	-15.3070299874185
			20.8104716038579	-15.316357854565
			20.8011437367114	-15.3256857217115
			20.7918158695648	-15.3350135888581
			20.7918158695648	-15.3443414560046
			20.7824880024183	-15.3536693231511
			20.7731601352718	-15.3536693231511
			20.7731601352718	-15.3629971902976
			20.7638322681253	-15.3723250574441
			20.7545044009788	-15.3816529245906
			20.7545044009788	-15.3909807917371
			20.7451765338323	-15.4003086588836
			20.7358486666858	-15.4003086588836
			20.7358486666858	-15.4096365260301
			20.7265207995393	-15.4189643931766
			20.7171929323928	-15.4282922603231
			20.7078650652463	-15.4376201274696
			20.6985371980998	-15.4469479946161
			20.6892093309533	-15.4469479946161
			20.6798814638068	-15.4562758617627
			20.6705535966603	-15.4562758617627
			20.6612257295137	-15.4562758617627
			20.6518978623672	-15.4656037289092
			20.6425699952207	-15.4656037289092
			20.6332421280742	-15.4749315960557
			20.6239142609277	-15.4749315960557
			20.6145863937812	-15.4842594632022
			20.6052585266347	-15.4842594632022
			20.5959306594882	-15.4842594632022
			20.5866027923417	-15.4842594632022
			20.5772749251952	-15.4842594632022
			20.5679470580487	-15.4842594632022
			20.5586191909022	-15.4842594632022
			20.5492913237557	-15.4842594632022
			20.5399634566092	-15.4842594632022
			20.5306355894626	-15.4842594632022
			20.5213077223161	-15.4842594632022
			20.5119798551696	-15.4842594632022
			20.5026519880231	-15.4842594632022
			20.4933241208766	-15.4842594632022
			20.4839962537301	-15.4842594632022
			20.4746683865836	-15.4842594632022
			20.4653405194371	-15.4842594632022
			20.4560126522906	-15.4842594632022
			20.4560126522906	-15.4749315960557
			20.4466847851441	-15.4749315960557
			20.4373569179976	-15.4749315960557
			20.4280290508511	-15.4749315960557
			20.4187011837046	-15.4656037289092
			20.409373316558	-15.4656037289092
			20.4000454494115	-15.4562758617627
			20.390717582265	-15.4562758617627
			20.3813897151185	-15.4469479946161
			20.372061847972	-15.4469479946161
			20.3627339808255	-15.4469479946161
			20.3627339808255	-15.4376201274696
			20.353406113679	-15.4376201274696
			20.3440782465325	-15.4376201274696
			20.334750379386	-15.4282922603231
			20.3254225122395	-15.4282922603231
			20.316094645093	-15.4189643931766
			20.3067667779465	-15.4096365260301
			20.2974389108	-15.4096365260301
			20.2974389108	-15.4003086588836
			20.2881110436535	-15.3909807917371
			20.2787831765069	-15.3909807917371
			20.2787831765069	-15.3816529245906
			20.2694553093604	-15.3723250574441
			20.2601274422139	-15.3629971902976
			20.2507995750674	-15.3536693231511
			20.2414717079209	-15.3443414560046
			20.2414717079209	-15.3350135888581
			20.2321438407744	-15.3256857217115
			20.2228159736279	-15.316357854565
			20.2134881064814	-15.3070299874185
			20.2134881064814	-15.297702120272
			20.2041602393349	-15.2883742531255
			20.2041602393349	-15.279046385979
			20.1948323721884	-15.2697185188325
			20.1948323721884	-15.260390651686
			20.1855045050419	-15.2510627845395
			20.1855045050419	-15.241734917393
			20.1761766378954	-15.2324070502465
			20.1761766378954	-15.2230791831
			20.1668487707489	-15.2137513159535
			20.1575209036024	-15.204423448807
			20.1481930364558	-15.1950955816604
			20.1481930364558	-15.1857677145139
			20.1481930364558	-15.1764398473674
			20.1388651693093	-15.1764398473674
			20.1388651693093	-15.1671119802209
			20.1388651693093	-15.1577841130744
			20.1295373021628	-15.1577841130744
			20.1295373021628	-15.1484562459279
			20.1295373021628	-15.1391283787814
			20.1202094350163	-15.1391283787814
			20.1202094350163	-15.1298005116349
			20.1202094350163	-15.1204726444884
			20.1108815678698	-15.1111447773419
			20.1108815678698	-15.1018169101954
			20.1015537007233	-15.0924890430489
			20.1015537007233	-15.0831611759024
			20.0922258335768	-15.0738333087559
			20.0922258335768	-15.0645054416093
			20.0828979664303	-15.0551775744628
			20.0828979664303	-15.0458497073163
			20.0735700992838	-15.0365218401698
			20.0735700992838	-15.0271939730233
			20.0642422321373	-15.0178661058768
			20.0642422321373	-15.0085382387303
			20.0549143649908	-14.9992103715838
			20.0549143649908	-14.9898825044373
			20.0549143649908	-14.9805546372908
			20.0455864978443	-14.9712267701443
			20.0455864978443	-14.9618989029978
			20.0455864978443	-14.9525710358513
			20.0362586306978	-14.9432431687047
			20.0362586306978	-14.9339153015582
			20.0362586306978	-14.9245874344117
			20.0269307635512	-14.9152595672652
			20.0269307635512	-14.9059317001187
			20.0269307635512	-14.8966038329722
			20.0269307635512	-14.8872759658257
			20.0176028964047	-14.8779480986792
			20.0176028964047	-14.8686202315327
			20.0176028964047	-14.8592923643862
			20.0176028964047	-14.8499644972397
			20.0082750292582	-14.8499644972397
			20.0082750292582	-14.8406366300932
			20.0082750292582	-14.8313087629467
			20.0082750292582	-14.8219808958002
			19.9989471621117	-14.8126530286536
			19.9989471621117	-14.8033251615071
			19.9989471621117	-14.7939972943606
			19.9896192949652	-14.7846694272141
			19.9896192949652	-14.7753415600676
			19.9896192949652	-14.7660136929211
			19.9896192949652	-14.7566858257746
			19.9802914278187	-14.7473579586281
			19.9802914278187	-14.7380300914816
			19.9802914278187	-14.7287022243351
			19.9709635606722	-14.7193743571886
			19.9709635606722	-14.7100464900421
			19.9709635606722	-14.7007186228956
			19.9616356935257	-14.6913907557491
			19.9616356935257	-14.6820628886025
		</Outline1>
		<Outline2 type=matrix rownames=FALSE colnames=FALSE nrow=127 ncol=2 as.numeric=TRUE >
			19.9616356935257	-14.6820628886025
			19.9616356935257	-14.672735021456
			19.9616356935257	-14.6634071543095
			19.9616356935257	-14.654079287163
			19.9523078263792	-14.6447514200165
			19.9523078263792	-14.63542355287
			19.9523078263792	-14.6260956857235
			19.9523078263792	-14.616767818577
			19.9523078263792	-14.6074399514305
			19.9523078263792	-14.598112084284
			19.9523078263792	-14.5887842171375
			19.9523078263792	-14.579456349991
			19.9523078263792	-14.5701284828445
			19.9429799592327	-14.5608006156979
			19.9429799592327	-14.5514727485514
			19.9429799592327	-14.5421448814049
			19.9429799592327	-14.5328170142584
			19.9429799592327	-14.5234891471119
			19.9429799592327	-14.5141612799654
			19.9429799592327	-14.5048334128189
			19.9429799592327	-14.4955055456724
			19.9429799592327	-14.4861776785259
			19.9429799592327	-14.4768498113794
			19.9429799592327	-14.4675219442329
			19.9429799592327	-14.4581940770864
			19.9429799592327	-14.4488662099399
			19.9429799592327	-14.4395383427934
			19.9429799592327	-14.4302104756468
			19.9523078263792	-14.4208826085003
			19.9523078263792	-14.4115547413538
			19.9523078263792	-14.4022268742073
			19.9523078263792	-14.3928990070608
			19.9523078263792	-14.3835711399143
			19.9523078263792	-14.3742432727678
			19.9523078263792	-14.3649154056213
			19.9523078263792	-14.3555875384748
			19.9616356935257	-14.3462596713283
			19.9616356935257	-14.3369318041818
			19.9616356935257	-14.3276039370353
			19.9616356935257	-14.3182760698888
			19.9616356935257	-14.3089482027423
			19.9616356935257	-14.2996203355957
			19.9709635606722	-14.2902924684492
			19.9709635606722	-14.2809646013027
			19.9709635606722	-14.2716367341562
			19.9709635606722	-14.2623088670097
			19.9709635606722	-14.2529809998632
			19.9709635606722	-14.2436531327167
			19.9709635606722	-14.2343252655702
			19.9802914278187	-14.2343252655702
			19.9802914278187	-14.2249973984237
			19.9802914278187	-14.2156695312772
			19.9802914278187	-14.2063416641307
			19.9802914278187	-14.1970137969842
			19.9802914278187	-14.1876859298377
			19.9802914278187	-14.1783580626911
			19.9802914278187	-14.1690301955446
			19.9896192949652	-14.1597023283981
			19.9896192949652	-14.1503744612516
			19.9896192949652	-14.1410465941051
			19.9896192949652	-14.1317187269586
			19.9896192949652	-14.1223908598121
			19.9896192949652	-14.1130629926656
			19.9989471621117	-14.1037351255191
			19.9989471621117	-14.0944072583726
			19.9989471621117	-14.0850793912261
			19.9989471621117	-14.0757515240796
			20.0082750292582	-14.0664236569331
			20.0082750292582	-14.0570957897866
			20.0176028964047	-14.04776792264
			20.0176028964047	-14.0384400554935
			20.0269307635512	-14.029112188347
			20.0269307635512	-14.0197843212005
			20.0269307635512	-14.010456454054
			20.0362586306978	-14.0011285869075
			20.0455864978443	-14.0011285869075
			20.0455864978443	-13.991800719761
			20.0549143649908	-13.9824728526145
			20.0549143649908	-13.973144985468
			20.0642422321373	-13.9638171183215
			20.0735700992838	-13.9638171183215
			20.0735700992838	-13.954489251175
			20.0828979664303	-13.9451613840285
			20.0922258335768	-13.935833516882
			20.1015537007233	-13.9265056497355
			20.1108815678698	-13.9171777825889
			20.1202094350163	-13.9078499154424
			20.1202094350163	-13.8985220482959
			20.1295373021628	-13.8985220482959
			20.1388651693093	-13.8891941811494
			20.1481930364558	-13.8798663140029
			20.1575209036024	-13.8705384468564
			20.1668487707489	-13.8612105797099
			20.1761766378954	-13.8518827125634
			20.1855045050419	-13.8425548454169
			20.1948323721884	-13.8425548454169
			20.2041602393349	-13.8332269782704
			20.2134881064814	-13.8332269782704
			20.2228159736279	-13.8238991111239
			20.2321438407744	-13.8238991111239
			20.2414717079209	-13.8145712439774
			20.2507995750674	-13.8145712439774
			20.2601274422139	-13.8052433768309
			20.2694553093604	-13.8052433768309
			20.2787831765069	-13.7959155096843
			20.2881110436535	-13.7959155096843
			20.2974389108	-13.7865876425378
			20.3067667779465	-13.7865876425378
			20.316094645093	-13.7865876425378
			20.3254225122395	-13.7772597753913
			20.334750379386	-13.7772597753913
			20.3440782465325	-13.7772597753913
			20.353406113679	-13.7679319082448
			20.3627339808255	-13.7679319082448
			20.372061847972	-13.7679319082448
			20.3813897151185	-13.7679319082448
			20.390717582265	-13.7586040410983
			20.4000454494115	-13.7586040410983
			20.409373316558	-13.7586040410983
			20.4187011837046	-13.7586040410983
			20.4280290508511	-13.7586040410983
			20.4373569179976	-13.7586040410983
			20.4466847851441	-13.7492761739518
			20.4560126522906	-13.7492761739518
			20.4653405194371	-13.7492761739518
			20.4746683865836	-13.7492761739518
			20.4839962537301	-13.7492761739518
		</Outline2>
		<Outline3 type=matrix rownames=FALSE colnames=FALSE nrow=127 ncol=2 as.numeric=TRUE >
			20.4839962537301	-13.7492761739518
			20.4933241208766	-13.7492761739518
			20.5026519880231	-13.7492761739518
			20.5119798551696	-13.7492761739518
			20.5213077223161	-13.7492761739518
			20.5306355894626	-13.7492761739518
			20.5399634566092	-13.7492761739518
			20.5492913237557	-13.7492761739518
			20.5586191909022	-13.7492761739518
			20.5679470580487	-13.7492761739518
			20.5772749251952	-13.7492761739518
			20.5866027923417	-13.7492761739518
			20.5959306594882	-13.7492761739518
			20.6052585266347	-13.7492761739518
			20.6145863937812	-13.7492761739518
			20.6239142609277	-13.7586040410983
			20.6332421280742	-13.7586040410983
			20.6425699952207	-13.7586040410983
			20.6518978623672	-13.7586040410983
			20.6612257295137	-13.7586040410983
			20.6705535966603	-13.7586040410983
			20.6798814638068	-13.7586040410983
			20.6892093309533	-13.7586040410983
			20.6985371980998	-13.7492761739518
			20.7078650652463	-13.7492761739518
			20.7171929323928	-13.7492761739518
			20.7265207995393	-13.7492761739518
			20.7358486666858	-13.7492761739518
			20.7451765338323	-13.7492761739518
			20.7545044009788	-13.7492761739518
			20.7638322681253	-13.7492761739518
			20.7731601352718	-13.7492761739518
			20.7824880024183	-13.7492761739518
			20.7918158695648	-13.7492761739518
			20.8011437367114	-13.7492761739518
			20.8104716038579	-13.7492761739518
			20.8197994710044	-13.7492761739518
			20.8291273381509	-13.7492761739518
			20.8384552052974	-13.7492761739518
			20.8477830724439	-13.7492761739518
			20.8571109395904	-13.7492761739518
			20.8664388067369	-13.7492761739518
			20.8757666738834	-13.7492761739518
			20.8850945410299	-13.7492761739518
			20.8944224081764	-13.7492761739518
			20.9037502753229	-13.7492761739518
			20.9130781424694	-13.7492761739518
			20.922406009616	-13.7586040410983
			20.9317338767625	-13.7586040410983
			20.941061743909	-13.7586040410983
			20.9503896110555	-13.7586040410983
			20.959717478202	-13.7586040410983
			20.9690453453485	-13.7586040410983
			20.978373212495	-13.7586040410983
			20.9877010796415	-13.7586040410983
			20.997028946788	-13.7586040410983
			21.0063568139345	-13.7679319082448
			21.015684681081	-13.7679319082448
			21.0250125482275	-13.7679319082448
			21.034340415374	-13.7679319082448
			21.0436682825205	-13.7679319082448
			21.0529961496671	-13.7679319082448
			21.0623240168136	-13.7772597753913
			21.0716518839601	-13.7772597753913
			21.0809797511066	-13.7772597753913
			21.0903076182531	-13.7865876425378
			21.0996354853996	-13.7865876425378
			21.1089633525461	-13.7865876425378
			21.1182912196926	-13.7959155096843
			21.1276190868391	-13.7959155096843
			21.1369469539856	-13.8052433768309
			21.1462748211321	-13.8052433768309
			21.1556026882786	-13.8052433768309
			21.1556026882786	-13.8145712439774
			21.1649305554251	-13.8145712439774
			21.1742584225716	-13.8238991111239
			21.1835862897182	-13.8238991111239
			21.1929141568647	-13.8332269782704
			21.2022420240112	-13.8425548454169
			21.2115698911577	-13.8425548454169
			21.2208977583042	-13.8518827125634
			21.2302256254507	-13.8612105797099
			21.2395534925972	-13.8705384468564
			21.2488813597437	-13.8798663140029
			21.2582092268902	-13.8891941811494
			21.2675370940367	-13.8985220482959
			21.2768649611832	-13.9078499154424
			21.2861928283297	-13.9171777825889
			21.2955206954762	-13.9265056497355
			21.3048485626228	-13.935833516882
			21.3141764297693	-13.9451613840285
			21.3235042969158	-13.954489251175
			21.3235042969158	-13.9638171183215
			21.3328321640623	-13.973144985468
			21.3421600312088	-13.9824728526145
			21.3421600312088	-13.991800719761
			21.3514878983553	-14.0011285869075
			21.3608157655018	-14.010456454054
			21.3608157655018	-14.0197843212005
			21.3701436326483	-14.0197843212005
			21.3794714997948	-14.029112188347
			21.3887993669413	-14.0384400554935
			21.3887993669413	-14.04776792264
			21.3981272340878	-14.0570957897866
			21.4074551012343	-14.0664236569331
			21.4074551012343	-14.0757515240796
			21.4074551012343	-14.0850793912261
			21.4167829683808	-14.0944072583726
			21.4167829683808	-14.1037351255191
			21.4261108355273	-14.1130629926656
			21.4261108355273	-14.1223908598121
			21.4261108355273	-14.1317187269586
			21.4354387026739	-14.1410465941051
			21.4354387026739	-14.1503744612516
			21.4354387026739	-14.1597023283981
			21.4447665698204	-14.1690301955446
			21.4447665698204	-14.1783580626911
			21.4447665698204	-14.1876859298377
			21.4447665698204	-14.1970137969842
			21.4447665698204	-14.2063416641307
			21.4540944369669	-14.2156695312772
			21.4540944369669	-14.2249973984237
			21.4540944369669	-14.2343252655702
			21.4540944369669	-14.2436531327167
			21.4540944369669	-14.2529809998632
			21.4540944369669	-14.2623088670097
			21.4540944369669	-14.2716367341562
		</Outline3>
		<Outline4 type=matrix rownames=FALSE colnames=FALSE nrow=129 ncol=2 as.numeric=TRUE >
			21.4540944369669	-14.2716367341562
			21.4540944369669	-14.2809646013027
			21.4540944369669	-14.2902924684492
			21.4540944369669	-14.2996203355957
			21.4540944369669	-14.3089482027423
			21.4634223041134	-14.3182760698888
			21.4634223041134	-14.3276039370353
			21.4634223041134	-14.3369318041818
			21.4634223041134	-14.3462596713283
			21.4634223041134	-14.3555875384748
			21.4634223041134	-14.3649154056213
			21.4634223041134	-14.3742432727678
			21.4634223041134	-14.3835711399143
			21.4634223041134	-14.3928990070608
			21.4634223041134	-14.4022268742073
			21.4634223041134	-14.4115547413538
			21.4634223041134	-14.4208826085003
			21.4634223041134	-14.4302104756468
			21.4634223041134	-14.4395383427934
			21.4634223041134	-14.4488662099399
			21.4634223041134	-14.4581940770864
			21.4634223041134	-14.4675219442329
			21.4634223041134	-14.4768498113794
			21.4634223041134	-14.4861776785259
			21.4634223041134	-14.4955055456724
			21.4634223041134	-14.5048334128189
			21.4634223041134	-14.5141612799654
			21.4634223041134	-14.5234891471119
			21.4634223041134	-14.5328170142584
			21.4634223041134	-14.5421448814049
			21.4634223041134	-14.5514727485514
			21.4634223041134	-14.5608006156979
			21.4634223041134	-14.5701284828445
			21.4634223041134	-14.579456349991
			21.4634223041134	-14.5887842171375
			21.4634223041134	-14.598112084284
			21.4634223041134	-14.6074399514305
			21.4634223041134	-14.616767818577
			21.4540944369669	-14.6260956857235
			21.4540944369669	-14.63542355287
			21.4540944369669	-14.6447514200165
			21.4540944369669	-14.654079287163
			21.4540944369669	-14.6634071543095
			21.4540944369669	-14.672735021456
			21.4447665698204	-14.6820628886025
			21.4447665698204	-14.6913907557491
			21.4447665698204	-14.7007186228956
			21.4447665698204	-14.7100464900421
			21.4447665698204	-14.7193743571886
			21.4354387026739	-14.7287022243351
			21.4354387026739	-14.7380300914816
			21.4354387026739	-14.7473579586281
			21.4354387026739	-14.7566858257746
			21.4261108355273	-14.7660136929211
			21.4261108355273	-14.7753415600676
			21.4167829683808	-14.7846694272141
			21.4167829683808	-14.7939972943606
			21.4167829683808	-14.8033251615071
			21.4074551012343	-14.8033251615071
			21.4074551012343	-14.8126530286536
			21.4074551012343	-14.8219808958002
			21.3981272340878	-14.8313087629467
			21.3981272340878	-14.8406366300932
			21.3887993669413	-14.8499644972397
			21.3887993669413	-14.8592923643862
			21.3794714997948	-14.8686202315327
			21.3794714997948	-14.8779480986792
			21.3701436326483	-14.8872759658257
			21.3701436326483	-14.8966038329722
			21.3608157655018	-14.9059317001187
			21.3608157655018	-14.9152595672652
			21.3514878983553	-14.9245874344117
			21.3514878983553	-14.9339153015582
			21.3421600312088	-14.9432431687047
			21.3328321640623	-14.9525710358513
			21.3235042969158	-14.9618989029978
			21.3235042969158	-14.9712267701443
			21.3141764297693	-14.9805546372908
			21.3048485626228	-14.9898825044373
			21.3048485626228	-14.9992103715838
			21.2955206954762	-15.0085382387303
			21.2861928283297	-15.0178661058768
			21.2768649611832	-15.0178661058768
			21.2768649611832	-15.0271939730233
			21.2675370940367	-15.0365218401698
			21.2582092268902	-15.0458497073163
			21.2488813597437	-15.0551775744628
			21.2488813597437	-15.0645054416093
			21.2395534925972	-15.0738333087559
			21.2302256254507	-15.0831611759024
			21.2208977583042	-15.0924890430489
			21.2115698911577	-15.0924890430489
			21.2115698911577	-15.1018169101954
			21.2022420240112	-15.1018169101954
			21.1929141568647	-15.1111447773419
			21.1835862897182	-15.1111447773419
			21.1742584225716	-15.1111447773419
			21.1742584225716	-15.1204726444884
			21.1649305554251	-15.1204726444884
			21.1556026882786	-15.1204726444884
			21.1462748211321	-15.1298005116349
			21.1369469539856	-15.1298005116349
			21.1276190868391	-15.1298005116349
			21.1182912196926	-15.1391283787814
			21.1089633525461	-15.1391283787814
			21.0996354853996	-15.1484562459279
			21.0903076182531	-15.1484562459279
			21.0809797511066	-15.1484562459279
			21.0716518839601	-15.1484562459279
			21.0623240168136	-15.1484562459279
			21.0529961496671	-15.1484562459279
			21.0436682825205	-15.1484562459279
			21.034340415374	-15.1484562459279
			21.0250125482275	-15.1484562459279
			21.015684681081	-15.1484562459279
			21.0063568139345	-15.1484562459279
			20.997028946788	-15.1484562459279
			20.9877010796415	-15.1391283787814
			20.978373212495	-15.1391283787814
			20.9690453453485	-15.1391283787814
			20.959717478202	-15.1391283787814
			20.9503896110555	-15.1484562459279
			20.941061743909	-15.1577841130744
			20.9317338767625	-15.1671119802209
			20.922406009616	-15.1764398473674
			20.9130781424694	-15.1857677145139
			20.9037502753229	-15.1950955816604
			20.8944224081764	-15.204423448807
			20.8850945410299	-15.2137513159535
		</Outline4>
	</curves.scaled>
	<ruler.points type=matrix rownames=TRUE colnames=FALSE nrow=2 ncol=2 as.numeric=TRUE >
		Ruler point 1	3494	2557
		Ruler point 2	2422	2568
	</ruler.points>
</shapes>

