<shapes type=list>
	<ruler.pixel type=vector names=FALSE length=1 as.numeric=TRUE >893.002239638849</ruler.pixel>
	<ruler.interval type=vector names=FALSE length=1 as.numeric=TRUE >10</ruler.interval>
	<scaling.units type=vector names=FALSE length=1 as.numeric=FALSE >mm</scaling.units>
	<scaling type=vector names=FALSE length=1 as.numeric=TRUE >0.0111981802017028</scaling>
	<landmarks.pixel type=matrix rownames=TRUE colnames=FALSE nrow=4 ncol=2 as.numeric=TRUE >
		Labial	2350	1601
		Posterior	2240	1566
		Lingual	2290	1462
		Anterior	2405	1498
	</landmarks.pixel>
	<landmarks.scaled type=matrix rownames=TRUE colnames=FALSE nrow=4 ncol=2 as.numeric=TRUE >
		Labial	26.3157234740015	-17.9282865029262
		Posterior	25.0839236518142	-17.5363501958666
		Lingual	25.6438326618994	-16.3717394548895
		Anterior	26.9316233850952	-16.7748739421508
	</landmarks.scaled>
	<curves.control type=list>
		<Outline1 type=matrix rownames=FALSE colnames=FALSE nrow=27 ncol=2 as.numeric=TRUE >
			2350	1601
			2345	1606
			2341	1611
			2335	1617
			2329	1622
			2322	1628
			2315	1632
			2309	1635
			2304	1637
			2297	1638
			2292	1639
			2287	1639
			2281	1638
			2275	1636
			2270	1633
			2265	1630
			2261	1627
			2257	1622
			2251	1617
			2248	1613
			2246	1608
			2243	1604
			2241	1598
			2240	1592
			2239	1585
			2239	1578
			2240	1566
		</Outline1>
		<Outline2 type=matrix rownames=FALSE colnames=FALSE nrow=21 ncol=2 as.numeric=TRUE >
			2240	1566
			2240	1557
			2239	1549
			2238	1541
			2237	1533
			2237	1526
			2238	1520
			2240	1514
			2242	1508
			2244	1502
			2246	1497
			2249	1491
			2252	1486
			2256	1481
			2260	1476
			2265	1472
			2271	1469
			2276	1466
			2281	1464
			2285	1463
			2290	1462
		</Outline2>
		<Outline3 type=matrix rownames=FALSE colnames=FALSE nrow=21 ncol=2 as.numeric=TRUE >
			2290	1462
			2296	1460
			2304	1459
			2310	1458
			2316	1457
			2323	1455
			2330	1455
			2338	1455
			2345	1455
			2353	1455
			2360	1456
			2368	1458
			2374	1461
			2381	1465
			2386	1468
			2391	1471
			2396	1478
			2401	1484
			2404	1490
			2405	1494
			2405	1498
		</Outline3>
		<Outline4 type=matrix rownames=FALSE colnames=FALSE nrow=21 ncol=2 as.numeric=TRUE >
			2405	1498
			2407	1505
			2409	1512
			2410	1520
			2410	1527
			2410	1533
			2410	1539
			2408	1545
			2405	1551
			2402	1554
			2400	1559
			2397	1564
			2393	1569
			2389	1575
			2384	1580
			2378	1585
			2371	1589
			2364	1593
			2358	1596
			2354	1599
			2350	1601
		</Outline4>
	</curves.control>
	<curves.pixel type=list>
		<Outline1 type=matrix rownames=FALSE colnames=FALSE nrow=162 ncol=2 as.numeric=TRUE >
			2350	1601
			2349	1602
			2349	1603
			2348	1603
			2347	1604
			2346	1605
			2346	1606
			2345	1606
			2344	1607
			2344	1608
			2343	1609
			2342	1609
			2342	1610
			2341	1611
			2340	1612
			2339	1613
			2338	1614
			2337	1615
			2336	1616
			2335	1617
			2334	1617
			2334	1618
			2333	1619
			2332	1619
			2332	1620
			2331	1620
			2330	1621
			2329	1622
			2328	1623
			2327	1624
			2326	1625
			2325	1625
			2324	1626
			2323	1627
			2322	1627
			2321	1628
			2320	1629
			2319	1629
			2318	1630
			2317	1631
			2316	1632
			2315	1632
			2314	1633
			2313	1633
			2312	1634
			2311	1634
			2310	1634
			2309	1635
			2308	1635
			2307	1636
			2306	1636
			2305	1637
			2304	1637
			2303	1637
			2302	1637
			2301	1637
			2300	1638
			2299	1638
			2298	1638
			2297	1638
			2296	1638
			2295	1638
			2295	1639
			2294	1639
			2293	1639
			2292	1639
			2291	1639
			2290	1639
			2289	1639
			2288	1639
			2287	1639
			2286	1639
			2285	1639
			2284	1638
			2283	1638
			2282	1638
			2281	1638
			2280	1638
			2279	1637
			2278	1637
			2277	1637
			2276	1636
			2275	1635
			2274	1635
			2273	1635
			2272	1634
			2271	1634
			2270	1633
			2269	1632
			2268	1632
			2267	1631
			2266	1631
			2266	1630
			2265	1630
			2264	1629
			2263	1629
			2263	1628
			2262	1628
			2261	1627
			2261	1626
			2260	1626
			2259	1625
			2258	1624
			2258	1623
			2257	1622
			2256	1621
			2255	1621
			2254	1620
			2253	1619
			2252	1618
			2251	1617
			2250	1616
			2250	1615
			2249	1614
			2249	1613
			2248	1612
			2248	1611
			2247	1610
			2246	1609
			2246	1608
			2245	1607
			2245	1606
			2244	1605
			2243	1604
			2243	1603
			2243	1602
			2242	1601
			2242	1600
			2241	1599
			2241	1598
			2241	1597
			2241	1596
			2241	1595
			2240	1594
			2240	1593
			2240	1592
			2240	1591
			2240	1590
			2240	1589
			2239	1588
			2239	1587
			2239	1586
			2239	1585
			2239	1584
			2239	1583
			2239	1582
			2239	1581
			2239	1580
			2239	1579
			2239	1578
			2239	1577
			2239	1576
			2239	1575
			2239	1574
			2239	1573
			2240	1572
			2240	1571
			2240	1570
			2240	1569
			2240	1568
			2240	1567
			2240	1566
		</Outline1>
		<Outline2 type=matrix rownames=FALSE colnames=FALSE nrow=125 ncol=2 as.numeric=TRUE >
			2240	1566
			2240	1565
			2240	1564
			2240	1563
			2240	1562
			2240	1561
			2240	1560
			2240	1559
			2240	1558
			2240	1557
			2240	1556
			2240	1555
			2240	1554
			2239	1553
			2239	1552
			2239	1551
			2239	1550
			2239	1549
			2239	1548
			2239	1547
			2239	1546
			2238	1545
			2238	1544
			2238	1543
			2238	1542
			2238	1541
			2238	1540
			2238	1539
			2238	1538
			2238	1537
			2237	1536
			2237	1535
			2237	1534
			2237	1533
			2237	1532
			2237	1531
			2237	1530
			2237	1529
			2237	1528
			2237	1527
			2237	1526
			2237	1525
			2237	1524
			2238	1524
			2238	1523
			2238	1522
			2238	1521
			2238	1520
			2238	1519
			2239	1518
			2239	1517
			2239	1516
			2240	1515
			2240	1514
			2240	1513
			2241	1512
			2241	1511
			2241	1510
			2242	1509
			2242	1508
			2242	1507
			2243	1506
			2243	1505
			2243	1504
			2244	1503
			2244	1502
			2244	1501
			2245	1500
			2245	1499
			2246	1498
			2246	1497
			2247	1496
			2247	1495
			2248	1494
			2248	1493
			2249	1492
			2249	1491
			2250	1490
			2250	1489
			2251	1488
			2251	1487
			2252	1486
			2253	1485
			2253	1484
			2254	1484
			2255	1483
			2255	1482
			2256	1481
			2257	1480
			2257	1479
			2258	1478
			2259	1477
			2260	1477
			2260	1476
			2261	1475
			2262	1474
			2263	1474
			2264	1473
			2265	1473
			2266	1472
			2267	1471
			2268	1471
			2269	1470
			2270	1470
			2271	1469
			2272	1469
			2272	1468
			2273	1468
			2274	1467
			2275	1467
			2276	1466
			2277	1466
			2278	1465
			2279	1465
			2280	1464
			2281	1464
			2282	1464
			2283	1464
			2284	1463
			2285	1463
			2286	1463
			2287	1463
			2288	1462
			2289	1462
			2290	1462
		</Outline2>
		<Outline3 type=matrix rownames=FALSE colnames=FALSE nrow=132 ncol=2 as.numeric=TRUE >
			2290	1462
			2291	1462
			2292	1461
			2293	1461
			2294	1461
			2295	1461
			2296	1460
			2297	1460
			2298	1460
			2299	1460
			2300	1460
			2301	1459
			2302	1459
			2303	1459
			2304	1459
			2305	1459
			2306	1459
			2307	1459
			2308	1458
			2309	1458
			2310	1458
			2311	1458
			2312	1458
			2313	1457
			2314	1457
			2315	1457
			2316	1457
			2317	1457
			2318	1456
			2319	1456
			2320	1456
			2321	1456
			2322	1456
			2323	1456
			2324	1455
			2325	1455
			2326	1455
			2327	1455
			2328	1455
			2329	1455
			2330	1455
			2331	1455
			2332	1455
			2333	1455
			2334	1455
			2335	1455
			2336	1455
			2337	1455
			2338	1455
			2339	1455
			2340	1455
			2341	1455
			2342	1455
			2343	1455
			2344	1455
			2345	1455
			2346	1455
			2347	1455
			2348	1455
			2349	1455
			2350	1455
			2351	1455
			2352	1455
			2353	1455
			2354	1455
			2355	1455
			2356	1456
			2357	1456
			2358	1456
			2359	1456
			2360	1456
			2361	1456
			2362	1456
			2363	1457
			2364	1457
			2365	1457
			2366	1458
			2367	1458
			2368	1458
			2368	1459
			2369	1459
			2370	1459
			2371	1460
			2372	1460
			2373	1460
			2374	1461
			2375	1462
			2376	1462
			2377	1463
			2378	1464
			2379	1464
			2380	1465
			2381	1465
			2382	1466
			2383	1466
			2384	1467
			2385	1467
			2386	1468
			2387	1469
			2388	1469
			2389	1470
			2390	1471
			2391	1472
			2392	1473
			2393	1474
			2394	1475
			2395	1476
			2395	1477
			2396	1478
			2396	1479
			2397	1479
			2398	1480
			2398	1481
			2399	1481
			2399	1482
			2400	1483
			2400	1484
			2401	1485
			2402	1486
			2402	1487
			2403	1488
			2403	1489
			2404	1489
			2404	1490
			2404	1491
			2404	1492
			2405	1493
			2405	1494
			2405	1495
			2405	1496
			2405	1497
			2405	1498
		</Outline3>
		<Outline4 type=matrix rownames=FALSE colnames=FALSE nrow=124 ncol=2 as.numeric=TRUE >
			2405	1498
			2405	1499
			2406	1500
			2406	1501
			2406	1502
			2407	1503
			2407	1504
			2407	1505
			2407	1506
			2408	1507
			2408	1508
			2408	1509
			2408	1510
			2409	1511
			2409	1512
			2409	1513
			2409	1514
			2409	1515
			2409	1516
			2410	1517
			2410	1518
			2410	1519
			2410	1520
			2410	1521
			2410	1522
			2410	1523
			2410	1524
			2410	1525
			2410	1526
			2410	1527
			2410	1528
			2410	1529
			2410	1530
			2410	1531
			2410	1532
			2410	1533
			2410	1534
			2410	1535
			2410	1536
			2410	1537
			2410	1538
			2410	1539
			2410	1540
			2409	1541
			2409	1542
			2409	1543
			2408	1544
			2408	1545
			2407	1546
			2407	1547
			2407	1548
			2406	1548
			2406	1549
			2406	1550
			2405	1550
			2405	1551
			2404	1552
			2403	1553
			2402	1554
			2402	1555
			2401	1556
			2401	1557
			2401	1558
			2400	1558
			2400	1559
			2399	1560
			2399	1561
			2398	1562
			2398	1563
			2397	1563
			2397	1564
			2396	1565
			2395	1566
			2395	1567
			2394	1567
			2394	1568
			2393	1569
			2392	1570
			2392	1571
			2391	1572
			2390	1573
			2389	1574
			2389	1575
			2388	1576
			2387	1577
			2386	1577
			2386	1578
			2385	1579
			2384	1580
			2383	1581
			2382	1582
			2381	1582
			2380	1583
			2379	1584
			2378	1585
			2377	1585
			2376	1586
			2375	1587
			2374	1587
			2373	1588
			2372	1588
			2371	1589
			2370	1589
			2369	1590
			2368	1591
			2367	1591
			2366	1592
			2365	1592
			2364	1593
			2363	1593
			2362	1594
			2361	1594
			2360	1595
			2359	1596
			2358	1596
			2357	1597
			2356	1597
			2356	1598
			2355	1598
			2354	1599
			2353	1599
			2352	1600
			2351	1601
			2350	1601
		</Outline4>
	</curves.pixel>
	<curves.scaled type=list>
		<Outline1 type=matrix rownames=FALSE colnames=FALSE nrow=162 ncol=2 as.numeric=TRUE >
			26.3157234740015	-17.9282865029262
			26.3045252937998	-17.9394846831279
			26.3045252937998	-17.9506828633296
			26.2933271135981	-17.9506828633296
			26.2821289333964	-17.9618810435313
			26.2709307531947	-17.973079223733
			26.2709307531947	-17.9842774039347
			26.259732572993	-17.9842774039347
			26.2485343927913	-17.9954755841364
			26.2485343927913	-18.0066737643381
			26.2373362125896	-18.0178719445398
			26.2261380323879	-18.0178719445398
			26.2261380323879	-18.0290701247415
			26.2149398521862	-18.0402683049432
			26.2037416719845	-18.0514664851449
			26.1925434917828	-18.0626646653466
			26.1813453115811	-18.0738628455483
			26.1701471313794	-18.08506102575
			26.1589489511777	-18.0962592059517
			26.147750770976	-18.1074573861534
			26.1365525907743	-18.1074573861534
			26.1365525907743	-18.1186555663551
			26.1253544105726	-18.1298537465568
			26.1141562303709	-18.1298537465568
			26.1141562303709	-18.1410519267585
			26.1029580501692	-18.1410519267585
			26.0917598699675	-18.1522501069602
			26.0805616897658	-18.1634482871619
			26.0693635095641	-18.1746464673636
			26.0581653293624	-18.1858446475653
			26.0469671491607	-18.197042827767
			26.035768968959	-18.197042827767
			26.0245707887573	-18.2082410079687
			26.0133726085556	-18.2194391881704
			26.0021744283539	-18.2194391881704
			25.9909762481522	-18.2306373683721
			25.9797780679505	-18.2418355485738
			25.9685798877487	-18.2418355485738
			25.957381707547	-18.2530337287755
			25.9461835273453	-18.2642319089772
			25.9349853471436	-18.2754300891789
			25.9237871669419	-18.2754300891789
			25.9125889867402	-18.2866282693806
			25.9013908065385	-18.2866282693806
			25.8901926263368	-18.2978264495823
			25.8789944461351	-18.2978264495823
			25.8677962659334	-18.2978264495823
			25.8565980857317	-18.309024629784
			25.84539990553	-18.309024629784
			25.8342017253283	-18.3202228099858
			25.8230035451266	-18.3202228099858
			25.8118053649249	-18.3314209901875
			25.8006071847232	-18.3314209901875
			25.7894090045215	-18.3314209901875
			25.7782108243198	-18.3314209901875
			25.7670126441181	-18.3314209901875
			25.7558144639164	-18.3426191703892
			25.7446162837147	-18.3426191703892
			25.733418103513	-18.3426191703892
			25.7222199233113	-18.3426191703892
			25.7110217431096	-18.3426191703892
			25.6998235629079	-18.3426191703892
			25.6998235629079	-18.3538173505909
			25.6886253827062	-18.3538173505909
			25.6774272025045	-18.3538173505909
			25.6662290223028	-18.3538173505909
			25.6550308421011	-18.3538173505909
			25.6438326618994	-18.3538173505909
			25.6326344816977	-18.3538173505909
			25.621436301496	-18.3538173505909
			25.6102381212943	-18.3538173505909
			25.5990399410926	-18.3538173505909
			25.5878417608909	-18.3538173505909
			25.5766435806892	-18.3426191703892
			25.5654454004875	-18.3426191703892
			25.5542472202857	-18.3426191703892
			25.543049040084	-18.3426191703892
			25.5318508598823	-18.3426191703892
			25.5206526796806	-18.3314209901875
			25.5094544994789	-18.3314209901875
			25.4982563192772	-18.3314209901875
			25.4870581390755	-18.3202228099858
			25.4758599588738	-18.309024629784
			25.4646617786721	-18.309024629784
			25.4534635984704	-18.309024629784
			25.4422654182687	-18.2978264495823
			25.431067238067	-18.2978264495823
			25.4198690578653	-18.2866282693806
			25.4086708776636	-18.2754300891789
			25.3974726974619	-18.2754300891789
			25.3862745172602	-18.2642319089772
			25.3750763370585	-18.2642319089772
			25.3750763370585	-18.2530337287755
			25.3638781568568	-18.2530337287755
			25.3526799766551	-18.2418355485738
			25.3414817964534	-18.2418355485738
			25.3414817964534	-18.2306373683721
			25.3302836162517	-18.2306373683721
			25.31908543605	-18.2194391881704
			25.31908543605	-18.2082410079687
			25.3078872558483	-18.2082410079687
			25.2966890756466	-18.197042827767
			25.2854908954449	-18.1858446475653
			25.2854908954449	-18.1746464673636
			25.2742927152432	-18.1634482871619
			25.2630945350415	-18.1522501069602
			25.2518963548398	-18.1522501069602
			25.2406981746381	-18.1410519267585
			25.2294999944364	-18.1298537465568
			25.2183018142347	-18.1186555663551
			25.207103634033	-18.1074573861534
			25.1959054538313	-18.0962592059517
			25.1959054538313	-18.08506102575
			25.1847072736296	-18.0738628455483
			25.1847072736296	-18.0626646653466
			25.1735090934279	-18.0514664851449
			25.1735090934279	-18.0402683049432
			25.1623109132262	-18.0290701247415
			25.1511127330244	-18.0178719445398
			25.1511127330244	-18.0066737643381
			25.1399145528227	-17.9954755841364
			25.1399145528227	-17.9842774039347
			25.128716372621	-17.973079223733
			25.1175181924193	-17.9618810435313
			25.1175181924193	-17.9506828633296
			25.1175181924193	-17.9394846831279
			25.1063200122176	-17.9282865029262
			25.1063200122176	-17.9170883227244
			25.0951218320159	-17.9058901425227
			25.0951218320159	-17.894691962321
			25.0951218320159	-17.8834937821193
			25.0951218320159	-17.8722956019176
			25.0951218320159	-17.8610974217159
			25.0839236518142	-17.8498992415142
			25.0839236518142	-17.8387010613125
			25.0839236518142	-17.8275028811108
			25.0839236518142	-17.8163047009091
			25.0839236518142	-17.8051065207074
			25.0839236518142	-17.7939083405057
			25.0727254716125	-17.782710160304
			25.0727254716125	-17.7715119801023
			25.0727254716125	-17.7603137999006
			25.0727254716125	-17.7491156196989
			25.0727254716125	-17.7379174394972
			25.0727254716125	-17.7267192592955
			25.0727254716125	-17.7155210790938
			25.0727254716125	-17.7043228988921
			25.0727254716125	-17.6931247186904
			25.0727254716125	-17.6819265384887
			25.0727254716125	-17.670728358287
			25.0727254716125	-17.6595301780853
			25.0727254716125	-17.6483319978836
			25.0727254716125	-17.6371338176819
			25.0727254716125	-17.6259356374802
			25.0727254716125	-17.6147374572785
			25.0839236518142	-17.6035392770768
			25.0839236518142	-17.5923410968751
			25.0839236518142	-17.5811429166734
			25.0839236518142	-17.5699447364717
			25.0839236518142	-17.55874655627
			25.0839236518142	-17.5475483760683
			25.0839236518142	-17.5363501958666
		</Outline1>
		<Outline2 type=matrix rownames=FALSE colnames=FALSE nrow=125 ncol=2 as.numeric=TRUE >
			25.0839236518142	-17.5363501958666
			25.0839236518142	-17.5251520156649
			25.0839236518142	-17.5139538354632
			25.0839236518142	-17.5027556552614
			25.0839236518142	-17.4915574750597
			25.0839236518142	-17.480359294858
			25.0839236518142	-17.4691611146563
			25.0839236518142	-17.4579629344546
			25.0839236518142	-17.4467647542529
			25.0839236518142	-17.4355665740512
			25.0839236518142	-17.4243683938495
			25.0839236518142	-17.4131702136478
			25.0839236518142	-17.4019720334461
			25.0727254716125	-17.3907738532444
			25.0727254716125	-17.3795756730427
			25.0727254716125	-17.368377492841
			25.0727254716125	-17.3571793126393
			25.0727254716125	-17.3459811324376
			25.0727254716125	-17.3347829522359
			25.0727254716125	-17.3235847720342
			25.0727254716125	-17.3123865918325
			25.0615272914108	-17.3011884116308
			25.0615272914108	-17.2899902314291
			25.0615272914108	-17.2787920512274
			25.0615272914108	-17.2675938710257
			25.0615272914108	-17.256395690824
			25.0615272914108	-17.2451975106223
			25.0615272914108	-17.2339993304206
			25.0615272914108	-17.2228011502189
			25.0615272914108	-17.2116029700172
			25.0503291112091	-17.2004047898155
			25.0503291112091	-17.1892066096138
			25.0503291112091	-17.1780084294121
			25.0503291112091	-17.1668102492104
			25.0503291112091	-17.1556120690087
			25.0503291112091	-17.144413888807
			25.0503291112091	-17.1332157086053
			25.0503291112091	-17.1220175284036
			25.0503291112091	-17.1108193482019
			25.0503291112091	-17.0996211680001
			25.0503291112091	-17.0884229877984
			25.0503291112091	-17.0772248075967
			25.0503291112091	-17.066026627395
			25.0615272914108	-17.066026627395
			25.0615272914108	-17.0548284471933
			25.0615272914108	-17.0436302669916
			25.0615272914108	-17.0324320867899
			25.0615272914108	-17.0212339065882
			25.0615272914108	-17.0100357263865
			25.0727254716125	-16.9988375461848
			25.0727254716125	-16.9876393659831
			25.0727254716125	-16.9764411857814
			25.0839236518142	-16.9652430055797
			25.0839236518142	-16.954044825378
			25.0839236518142	-16.9428466451763
			25.0951218320159	-16.9316484649746
			25.0951218320159	-16.9204502847729
			25.0951218320159	-16.9092521045712
			25.1063200122176	-16.8980539243695
			25.1063200122176	-16.8868557441678
			25.1063200122176	-16.8756575639661
			25.1175181924193	-16.8644593837644
			25.1175181924193	-16.8532612035627
			25.1175181924193	-16.842063023361
			25.128716372621	-16.8308648431593
			25.128716372621	-16.8196666629576
			25.128716372621	-16.8084684827559
			25.1399145528227	-16.7972703025542
			25.1399145528227	-16.7860721223525
			25.1511127330244	-16.7748739421508
			25.1511127330244	-16.7636757619491
			25.1623109132262	-16.7524775817474
			25.1623109132262	-16.7412794015457
			25.1735090934279	-16.730081221344
			25.1735090934279	-16.7188830411423
			25.1847072736296	-16.7076848609405
			25.1847072736296	-16.6964866807388
			25.1959054538313	-16.6852885005371
			25.1959054538313	-16.6740903203354
			25.207103634033	-16.6628921401337
			25.207103634033	-16.651693959932
			25.2183018142347	-16.6404957797303
			25.2294999944364	-16.6292975995286
			25.2294999944364	-16.6180994193269
			25.2406981746381	-16.6180994193269
			25.2518963548398	-16.6069012391252
			25.2518963548398	-16.5957030589235
			25.2630945350415	-16.5845048787218
			25.2742927152432	-16.5733066985201
			25.2742927152432	-16.5621085183184
			25.2854908954449	-16.5509103381167
			25.2966890756466	-16.539712157915
			25.3078872558483	-16.539712157915
			25.3078872558483	-16.5285139777133
			25.31908543605	-16.5173157975116
			25.3302836162517	-16.5061176173099
			25.3414817964534	-16.5061176173099
			25.3526799766551	-16.4949194371082
			25.3638781568568	-16.4949194371082
			25.3750763370585	-16.4837212569065
			25.3862745172602	-16.4725230767048
			25.3974726974619	-16.4725230767048
			25.4086708776636	-16.4613248965031
			25.4198690578653	-16.4613248965031
			25.431067238067	-16.4501267163014
			25.4422654182687	-16.4501267163014
			25.4422654182687	-16.4389285360997
			25.4534635984704	-16.4389285360997
			25.4646617786721	-16.427730355898
			25.4758599588738	-16.427730355898
			25.4870581390755	-16.4165321756963
			25.4982563192772	-16.4165321756963
			25.5094544994789	-16.4053339954946
			25.5206526796806	-16.4053339954946
			25.5318508598823	-16.3941358152929
			25.543049040084	-16.3941358152929
			25.5542472202857	-16.3941358152929
			25.5654454004875	-16.3941358152929
			25.5766435806892	-16.3829376350912
			25.5878417608909	-16.3829376350912
			25.5990399410926	-16.3829376350912
			25.6102381212943	-16.3829376350912
			25.621436301496	-16.3717394548895
			25.6326344816977	-16.3717394548895
			25.6438326618994	-16.3717394548895
		</Outline2>
		<Outline3 type=matrix rownames=FALSE colnames=FALSE nrow=132 ncol=2 as.numeric=TRUE >
			25.6438326618994	-16.3717394548895
			25.6550308421011	-16.3717394548895
			25.6662290223028	-16.3605412746878
			25.6774272025045	-16.3605412746878
			25.6886253827062	-16.3605412746878
			25.6998235629079	-16.3605412746878
			25.7110217431096	-16.3493430944861
			25.7222199233113	-16.3493430944861
			25.733418103513	-16.3493430944861
			25.7446162837147	-16.3493430944861
			25.7558144639164	-16.3493430944861
			25.7670126441181	-16.3381449142844
			25.7782108243198	-16.3381449142844
			25.7894090045215	-16.3381449142844
			25.8006071847232	-16.3381449142844
			25.8118053649249	-16.3381449142844
			25.8230035451266	-16.3381449142844
			25.8342017253283	-16.3381449142844
			25.84539990553	-16.3269467340827
			25.8565980857317	-16.3269467340827
			25.8677962659334	-16.3269467340827
			25.8789944461351	-16.3269467340827
			25.8901926263368	-16.3269467340827
			25.9013908065385	-16.315748553881
			25.9125889867402	-16.315748553881
			25.9237871669419	-16.315748553881
			25.9349853471436	-16.315748553881
			25.9461835273453	-16.315748553881
			25.957381707547	-16.3045503736792
			25.9685798877487	-16.3045503736792
			25.9797780679505	-16.3045503736792
			25.9909762481522	-16.3045503736792
			26.0021744283539	-16.3045503736792
			26.0133726085556	-16.3045503736792
			26.0245707887573	-16.2933521934775
			26.035768968959	-16.2933521934775
			26.0469671491607	-16.2933521934775
			26.0581653293624	-16.2933521934775
			26.0693635095641	-16.2933521934775
			26.0805616897658	-16.2933521934775
			26.0917598699675	-16.2933521934775
			26.1029580501692	-16.2933521934775
			26.1141562303709	-16.2933521934775
			26.1253544105726	-16.2933521934775
			26.1365525907743	-16.2933521934775
			26.147750770976	-16.2933521934775
			26.1589489511777	-16.2933521934775
			26.1701471313794	-16.2933521934775
			26.1813453115811	-16.2933521934775
			26.1925434917828	-16.2933521934775
			26.2037416719845	-16.2933521934775
			26.2149398521862	-16.2933521934775
			26.2261380323879	-16.2933521934775
			26.2373362125896	-16.2933521934775
			26.2485343927913	-16.2933521934775
			26.259732572993	-16.2933521934775
			26.2709307531947	-16.2933521934775
			26.2821289333964	-16.2933521934775
			26.2933271135981	-16.2933521934775
			26.3045252937998	-16.2933521934775
			26.3157234740015	-16.2933521934775
			26.3269216542032	-16.2933521934775
			26.3381198344049	-16.2933521934775
			26.3493180146066	-16.2933521934775
			26.3605161948083	-16.2933521934775
			26.3717143750101	-16.2933521934775
			26.3829125552118	-16.3045503736792
			26.3941107354135	-16.3045503736792
			26.4053089156152	-16.3045503736792
			26.4165070958169	-16.3045503736792
			26.4277052760186	-16.3045503736792
			26.4389034562203	-16.3045503736792
			26.450101636422	-16.3045503736792
			26.4612998166237	-16.315748553881
			26.4724979968254	-16.315748553881
			26.4836961770271	-16.315748553881
			26.4948943572288	-16.3269467340827
			26.5060925374305	-16.3269467340827
			26.5172907176322	-16.3269467340827
			26.5172907176322	-16.3381449142844
			26.5284888978339	-16.3381449142844
			26.5396870780356	-16.3381449142844
			26.5508852582373	-16.3493430944861
			26.562083438439	-16.3493430944861
			26.5732816186407	-16.3493430944861
			26.5844797988424	-16.3605412746878
			26.5956779790441	-16.3717394548895
			26.6068761592458	-16.3717394548895
			26.6180743394475	-16.3829376350912
			26.6292725196492	-16.3941358152929
			26.6404706998509	-16.3941358152929
			26.6516688800526	-16.4053339954946
			26.6628670602543	-16.4053339954946
			26.674065240456	-16.4165321756963
			26.6852634206577	-16.4165321756963
			26.6964616008594	-16.427730355898
			26.7076597810611	-16.427730355898
			26.7188579612628	-16.4389285360997
			26.7300561414645	-16.4501267163014
			26.7412543216662	-16.4501267163014
			26.7524525018679	-16.4613248965031
			26.7636506820696	-16.4725230767048
			26.7748488622714	-16.4837212569065
			26.7860470424731	-16.4949194371082
			26.7972452226748	-16.5061176173099
			26.8084434028765	-16.5173157975116
			26.8196415830782	-16.5285139777133
			26.8196415830782	-16.539712157915
			26.8308397632799	-16.5509103381167
			26.8308397632799	-16.5621085183184
			26.8420379434816	-16.5621085183184
			26.8532361236833	-16.5733066985201
			26.8532361236833	-16.5845048787218
			26.864434303885	-16.5845048787218
			26.864434303885	-16.5957030589235
			26.8756324840867	-16.6069012391252
			26.8756324840867	-16.6180994193269
			26.8868306642884	-16.6292975995286
			26.8980288444901	-16.6404957797303
			26.8980288444901	-16.651693959932
			26.9092270246918	-16.6628921401337
			26.9092270246918	-16.6740903203354
			26.9204252048935	-16.6740903203354
			26.9204252048935	-16.6852885005371
			26.9204252048935	-16.6964866807388
			26.9204252048935	-16.7076848609405
			26.9316233850952	-16.7188830411423
			26.9316233850952	-16.730081221344
			26.9316233850952	-16.7412794015457
			26.9316233850952	-16.7524775817474
			26.9316233850952	-16.7636757619491
			26.9316233850952	-16.7748739421508
		</Outline3>
		<Outline4 type=matrix rownames=FALSE colnames=FALSE nrow=124 ncol=2 as.numeric=TRUE >
			26.9316233850952	-16.7748739421508
			26.9316233850952	-16.7860721223525
			26.9428215652969	-16.7972703025542
			26.9428215652969	-16.8084684827559
			26.9428215652969	-16.8196666629576
			26.9540197454986	-16.8308648431593
			26.9540197454986	-16.842063023361
			26.9540197454986	-16.8532612035627
			26.9540197454986	-16.8644593837644
			26.9652179257003	-16.8756575639661
			26.9652179257003	-16.8868557441678
			26.9652179257003	-16.8980539243695
			26.9652179257003	-16.9092521045712
			26.976416105902	-16.9204502847729
			26.976416105902	-16.9316484649746
			26.976416105902	-16.9428466451763
			26.976416105902	-16.954044825378
			26.976416105902	-16.9652430055797
			26.976416105902	-16.9764411857814
			26.9876142861037	-16.9876393659831
			26.9876142861037	-16.9988375461848
			26.9876142861037	-17.0100357263865
			26.9876142861037	-17.0212339065882
			26.9876142861037	-17.0324320867899
			26.9876142861037	-17.0436302669916
			26.9876142861037	-17.0548284471933
			26.9876142861037	-17.066026627395
			26.9876142861037	-17.0772248075967
			26.9876142861037	-17.0884229877984
			26.9876142861037	-17.0996211680001
			26.9876142861037	-17.1108193482019
			26.9876142861037	-17.1220175284036
			26.9876142861037	-17.1332157086053
			26.9876142861037	-17.144413888807
			26.9876142861037	-17.1556120690087
			26.9876142861037	-17.1668102492104
			26.9876142861037	-17.1780084294121
			26.9876142861037	-17.1892066096138
			26.9876142861037	-17.2004047898155
			26.9876142861037	-17.2116029700172
			26.9876142861037	-17.2228011502189
			26.9876142861037	-17.2339993304206
			26.9876142861037	-17.2451975106223
			26.976416105902	-17.256395690824
			26.976416105902	-17.2675938710257
			26.976416105902	-17.2787920512274
			26.9652179257003	-17.2899902314291
			26.9652179257003	-17.3011884116308
			26.9540197454986	-17.3123865918325
			26.9540197454986	-17.3235847720342
			26.9540197454986	-17.3347829522359
			26.9428215652969	-17.3347829522359
			26.9428215652969	-17.3459811324376
			26.9428215652969	-17.3571793126393
			26.9316233850952	-17.3571793126393
			26.9316233850952	-17.368377492841
			26.9204252048935	-17.3795756730427
			26.9092270246918	-17.3907738532444
			26.8980288444901	-17.4019720334461
			26.8980288444901	-17.4131702136478
			26.8868306642884	-17.4243683938495
			26.8868306642884	-17.4355665740512
			26.8868306642884	-17.4467647542529
			26.8756324840867	-17.4467647542529
			26.8756324840867	-17.4579629344546
			26.864434303885	-17.4691611146563
			26.864434303885	-17.480359294858
			26.8532361236833	-17.4915574750597
			26.8532361236833	-17.5027556552614
			26.8420379434816	-17.5027556552614
			26.8420379434816	-17.5139538354632
			26.8308397632799	-17.5251520156649
			26.8196415830782	-17.5363501958666
			26.8196415830782	-17.5475483760683
			26.8084434028765	-17.5475483760683
			26.8084434028765	-17.55874655627
			26.7972452226748	-17.5699447364717
			26.7860470424731	-17.5811429166734
			26.7860470424731	-17.5923410968751
			26.7748488622714	-17.6035392770768
			26.7636506820696	-17.6147374572785
			26.7524525018679	-17.6259356374802
			26.7524525018679	-17.6371338176819
			26.7412543216662	-17.6483319978836
			26.7300561414645	-17.6595301780853
			26.7188579612628	-17.6595301780853
			26.7188579612628	-17.670728358287
			26.7076597810611	-17.6819265384887
			26.6964616008594	-17.6931247186904
			26.6852634206577	-17.7043228988921
			26.674065240456	-17.7155210790938
			26.6628670602543	-17.7155210790938
			26.6516688800526	-17.7267192592955
			26.6404706998509	-17.7379174394972
			26.6292725196492	-17.7491156196989
			26.6180743394475	-17.7491156196989
			26.6068761592458	-17.7603137999006
			26.5956779790441	-17.7715119801023
			26.5844797988424	-17.7715119801023
			26.5732816186407	-17.782710160304
			26.562083438439	-17.782710160304
			26.5508852582373	-17.7939083405057
			26.5396870780356	-17.7939083405057
			26.5284888978339	-17.8051065207074
			26.5172907176322	-17.8163047009091
			26.5060925374305	-17.8163047009091
			26.4948943572288	-17.8275028811108
			26.4836961770271	-17.8275028811108
			26.4724979968254	-17.8387010613125
			26.4612998166237	-17.8387010613125
			26.450101636422	-17.8498992415142
			26.4389034562203	-17.8498992415142
			26.4277052760186	-17.8610974217159
			26.4165070958169	-17.8722956019176
			26.4053089156152	-17.8722956019176
			26.3941107354135	-17.8834937821193
			26.3829125552118	-17.8834937821193
			26.3829125552118	-17.894691962321
			26.3717143750101	-17.894691962321
			26.3605161948083	-17.9058901425227
			26.3493180146066	-17.9058901425227
			26.3381198344049	-17.9170883227244
			26.3269216542032	-17.9282865029262
			26.3157234740015	-17.9282865029262
		</Outline4>
	</curves.scaled>
	<ruler.points type=matrix rownames=TRUE colnames=FALSE nrow=2 ncol=2 as.numeric=TRUE >
		Ruler point 1	3086	2435
		Ruler point 2	2193	2437
	</ruler.points>
</shapes>

