<shapes type=list>
	<ruler.pixel type=vector names=FALSE length=1 as.numeric=TRUE >874.057206365808</ruler.pixel>
	<ruler.interval type=vector names=FALSE length=1 as.numeric=TRUE >10</ruler.interval>
	<scaling.units type=vector names=FALSE length=1 as.numeric=FALSE >mm</scaling.units>
	<scaling type=vector names=FALSE length=1 as.numeric=TRUE >0.0114408987502985</scaling>
	<landmarks.pixel type=matrix rownames=TRUE colnames=FALSE nrow=4 ncol=2 as.numeric=TRUE >
		Labial	2502	1305
		Posterior	2396	1229
		Lingual	2484	1134
		Anterior	2594	1207
	</landmarks.pixel>
	<landmarks.scaled type=matrix rownames=TRUE colnames=FALSE nrow=4 ncol=2 as.numeric=TRUE >
		Labial	28.6251286732469	-14.9303728691396
		Posterior	27.4123934057153	-14.0608645641169
		Lingual	28.4191924957416	-12.9739791828385
		Anterior	29.6776913582744	-13.8091647916103
	</landmarks.scaled>
	<curves.control type=list>
		<Outline1 type=matrix rownames=FALSE colnames=FALSE nrow=15 ncol=2 as.numeric=TRUE >
			2502	1305
			2492	1311
			2482	1316
			2471	1321
			2458	1323
			2447	1322
			2435	1319
			2423	1313
			2414	1304
			2407	1295
			2401	1285
			2397	1275
			2395	1265
			2395	1249
			2396	1229
		</Outline1>
		<Outline2 type=matrix rownames=FALSE colnames=FALSE nrow=15 ncol=2 as.numeric=TRUE >
			2396	1229
			2397	1215
			2400	1195
			2405	1176
			2409	1161
			2414	1150
			2421	1142
			2428	1138
			2435	1135
			2443	1132
			2451	1131
			2461	1131
			2469	1132
			2477	1133
			2484	1134
		</Outline2>
		<Outline3 type=matrix rownames=FALSE colnames=FALSE nrow=15 ncol=2 as.numeric=TRUE >
			2484	1134
			2498	1137
			2511	1139
			2522	1142
			2534	1146
			2545	1150
			2556	1155
			2567	1161
			2575	1167
			2581	1173
			2586	1179
			2590	1186
			2592	1192
			2593	1198
			2594	1207
		</Outline3>
		<Outline4 type=matrix rownames=FALSE colnames=FALSE nrow=13 ncol=2 as.numeric=TRUE >
			2594	1207
			2594	1219
			2591	1233
			2586	1247
			2581	1257
			2572	1268
			2563	1276
			2554	1281
			2545	1286
			2535	1288
			2524	1290
			2518	1293
			2502	1305
		</Outline4>
	</curves.control>
	<curves.pixel type=list>
		<Outline1 type=matrix rownames=FALSE colnames=FALSE nrow=167 ncol=2 as.numeric=TRUE >
			2502	1305
			2501	1305
			2500	1306
			2499	1307
			2498	1307
			2497	1308
			2496	1309
			2495	1309
			2494	1310
			2493	1310
			2492	1311
			2491	1311
			2490	1312
			2489	1312
			2488	1313
			2487	1313
			2487	1314
			2486	1314
			2485	1315
			2484	1315
			2483	1316
			2482	1316
			2481	1317
			2480	1317
			2479	1317
			2478	1318
			2477	1318
			2476	1318
			2475	1319
			2474	1319
			2473	1319
			2472	1320
			2471	1320
			2470	1320
			2469	1321
			2468	1321
			2467	1321
			2466	1321
			2465	1322
			2464	1322
			2463	1322
			2462	1322
			2461	1323
			2460	1323
			2459	1323
			2458	1323
			2457	1323
			2456	1323
			2455	1323
			2454	1323
			2453	1322
			2452	1322
			2451	1322
			2450	1322
			2449	1322
			2448	1322
			2447	1322
			2446	1321
			2445	1321
			2444	1321
			2443	1321
			2442	1321
			2441	1320
			2440	1320
			2439	1320
			2438	1320
			2437	1319
			2436	1319
			2435	1319
			2434	1318
			2433	1318
			2432	1317
			2431	1317
			2430	1316
			2429	1316
			2428	1315
			2427	1314
			2426	1314
			2425	1313
			2424	1313
			2423	1312
			2422	1311
			2421	1310
			2420	1309
			2419	1308
			2418	1307
			2417	1307
			2416	1306
			2415	1305
			2414	1304
			2413	1303
			2413	1302
			2412	1301
			2411	1300
			2410	1299
			2410	1298
			2409	1297
			2408	1296
			2408	1295
			2407	1294
			2406	1294
			2406	1293
			2405	1292
			2404	1291
			2404	1290
			2403	1289
			2403	1288
			2402	1287
			2401	1286
			2401	1285
			2400	1284
			2400	1283
			2400	1282
			2400	1281
			2399	1281
			2399	1280
			2399	1279
			2399	1278
			2398	1277
			2398	1276
			2397	1275
			2397	1274
			2397	1273
			2397	1272
			2396	1271
			2396	1270
			2396	1269
			2396	1268
			2395	1267
			2395	1266
			2395	1265
			2395	1264
			2395	1263
			2395	1262
			2395	1261
			2395	1260
			2395	1259
			2395	1258
			2395	1257
			2395	1256
			2395	1255
			2395	1254
			2395	1253
			2395	1252
			2395	1251
			2395	1250
			2395	1249
			2395	1248
			2395	1247
			2395	1246
			2395	1245
			2395	1244
			2395	1243
			2395	1242
			2395	1241
			2396	1240
			2396	1239
			2396	1238
			2396	1237
			2396	1236
			2396	1235
			2396	1234
			2396	1233
			2396	1232
			2396	1231
			2396	1230
			2396	1229
		</Outline1>
		<Outline2 type=matrix rownames=FALSE colnames=FALSE nrow=154 ncol=2 as.numeric=TRUE >
			2396	1229
			2396	1228
			2396	1227
			2396	1226
			2396	1225
			2396	1224
			2397	1223
			2397	1222
			2397	1221
			2397	1220
			2397	1219
			2397	1218
			2397	1217
			2397	1216
			2397	1215
			2397	1214
			2398	1213
			2398	1212
			2398	1211
			2398	1210
			2398	1209
			2398	1208
			2398	1207
			2398	1206
			2399	1205
			2399	1204
			2399	1203
			2399	1202
			2399	1201
			2399	1200
			2399	1199
			2400	1198
			2400	1197
			2400	1196
			2400	1195
			2400	1194
			2401	1193
			2401	1192
			2401	1191
			2401	1190
			2402	1189
			2402	1188
			2402	1187
			2402	1186
			2403	1185
			2403	1184
			2403	1183
			2404	1182
			2404	1181
			2404	1180
			2404	1179
			2405	1178
			2405	1177
			2405	1176
			2405	1175
			2406	1174
			2406	1173
			2406	1172
			2406	1171
			2407	1170
			2407	1169
			2407	1168
			2407	1167
			2408	1166
			2408	1165
			2408	1164
			2409	1163
			2409	1162
			2409	1161
			2410	1160
			2410	1159
			2410	1158
			2411	1158
			2411	1157
			2411	1156
			2412	1156
			2412	1155
			2412	1154
			2413	1153
			2414	1152
			2414	1151
			2415	1150
			2415	1149
			2416	1148
			2417	1148
			2417	1147
			2418	1146
			2419	1145
			2419	1144
			2420	1143
			2421	1142
			2422	1141
			2423	1141
			2424	1140
			2425	1140
			2426	1139
			2427	1139
			2428	1138
			2429	1138
			2430	1137
			2431	1137
			2432	1136
			2433	1136
			2434	1135
			2435	1135
			2436	1134
			2437	1134
			2438	1134
			2439	1134
			2440	1133
			2441	1133
			2442	1133
			2443	1133
			2444	1132
			2445	1132
			2446	1132
			2447	1132
			2448	1131
			2449	1131
			2450	1131
			2451	1131
			2452	1131
			2453	1131
			2454	1131
			2455	1131
			2456	1131
			2457	1131
			2458	1131
			2459	1131
			2460	1131
			2461	1131
			2462	1131
			2463	1131
			2464	1131
			2465	1132
			2466	1132
			2467	1132
			2468	1132
			2469	1132
			2470	1132
			2471	1132
			2472	1132
			2473	1133
			2474	1133
			2475	1133
			2476	1133
			2477	1133
			2478	1133
			2479	1133
			2480	1133
			2481	1134
			2482	1134
			2483	1134
			2484	1134
		</Outline2>
		<Outline3 type=matrix rownames=FALSE colnames=FALSE nrow=134 ncol=2 as.numeric=TRUE >
			2484	1134
			2485	1134
			2486	1134
			2487	1135
			2488	1135
			2489	1135
			2490	1135
			2491	1135
			2492	1136
			2493	1136
			2494	1136
			2495	1136
			2496	1136
			2497	1137
			2498	1137
			2499	1137
			2500	1137
			2501	1137
			2502	1137
			2503	1138
			2504	1138
			2505	1138
			2506	1138
			2507	1138
			2508	1139
			2509	1139
			2510	1139
			2511	1139
			2512	1139
			2513	1140
			2514	1140
			2515	1140
			2516	1140
			2517	1141
			2518	1141
			2519	1141
			2520	1142
			2521	1142
			2522	1142
			2523	1143
			2524	1143
			2525	1143
			2526	1144
			2527	1144
			2528	1144
			2529	1144
			2530	1145
			2531	1145
			2532	1145
			2533	1146
			2534	1146
			2535	1146
			2536	1147
			2537	1147
			2538	1148
			2539	1148
			2540	1148
			2541	1149
			2542	1149
			2543	1149
			2544	1150
			2545	1150
			2546	1151
			2547	1151
			2548	1152
			2549	1152
			2550	1152
			2551	1153
			2552	1153
			2553	1154
			2554	1154
			2555	1155
			2556	1155
			2557	1156
			2558	1156
			2559	1157
			2560	1157
			2561	1158
			2562	1158
			2563	1159
			2564	1159
			2565	1160
			2566	1161
			2567	1162
			2568	1162
			2569	1163
			2570	1164
			2571	1164
			2572	1165
			2573	1166
			2574	1166
			2575	1167
			2576	1168
			2577	1169
			2578	1170
			2579	1171
			2580	1172
			2581	1173
			2581	1174
			2582	1175
			2583	1175
			2584	1176
			2584	1177
			2585	1178
			2586	1178
			2586	1179
			2587	1180
			2587	1181
			2588	1182
			2588	1183
			2589	1184
			2589	1185
			2590	1186
			2590	1187
			2591	1188
			2591	1189
			2591	1190
			2592	1191
			2592	1192
			2592	1193
			2592	1194
			2592	1195
			2593	1196
			2593	1197
			2593	1198
			2593	1199
			2593	1200
			2593	1201
			2593	1202
			2594	1203
			2594	1204
			2594	1205
			2594	1206
			2594	1207
		</Outline3>
		<Outline4 type=matrix rownames=FALSE colnames=FALSE nrow=141 ncol=2 as.numeric=TRUE >
			2594	1207
			2594	1208
			2594	1209
			2594	1210
			2594	1211
			2594	1212
			2594	1213
			2594	1214
			2594	1215
			2594	1216
			2594	1217
			2593	1218
			2593	1219
			2593	1220
			2593	1221
			2593	1222
			2593	1223
			2593	1224
			2592	1225
			2592	1226
			2592	1227
			2592	1228
			2592	1229
			2592	1230
			2591	1231
			2591	1232
			2591	1233
			2591	1234
			2590	1235
			2590	1236
			2590	1237
			2589	1238
			2589	1239
			2588	1240
			2588	1241
			2588	1242
			2587	1243
			2587	1244
			2586	1245
			2586	1246
			2585	1247
			2585	1248
			2585	1249
			2584	1250
			2584	1251
			2583	1252
			2583	1253
			2582	1254
			2582	1255
			2582	1256
			2581	1257
			2580	1258
			2579	1259
			2578	1260
			2578	1261
			2577	1261
			2577	1262
			2576	1263
			2575	1264
			2574	1265
			2573	1266
			2572	1267
			2571	1268
			2571	1269
			2570	1269
			2569	1270
			2569	1271
			2568	1271
			2567	1272
			2567	1273
			2566	1273
			2565	1274
			2565	1275
			2564	1275
			2563	1276
			2562	1277
			2561	1277
			2560	1278
			2559	1278
			2558	1279
			2557	1279
			2557	1280
			2556	1280
			2555	1280
			2554	1281
			2553	1282
			2552	1282
			2551	1283
			2550	1283
			2549	1284
			2548	1284
			2547	1285
			2546	1285
			2545	1286
			2544	1286
			2543	1286
			2542	1287
			2541	1287
			2540	1287
			2539	1287
			2538	1287
			2537	1288
			2536	1288
			2535	1288
			2534	1288
			2533	1288
			2532	1289
			2531	1289
			2530	1289
			2529	1289
			2528	1289
			2527	1289
			2526	1290
			2525	1290
			2524	1290
			2523	1290
			2523	1291
			2522	1291
			2521	1291
			2521	1292
			2520	1292
			2519	1293
			2518	1294
			2517	1294
			2516	1295
			2515	1295
			2514	1296
			2513	1297
			2512	1298
			2511	1298
			2510	1299
			2509	1300
			2508	1300
			2507	1301
			2507	1302
			2506	1302
			2505	1303
			2504	1303
			2503	1304
			2503	1305
			2502	1305
		</Outline4>
	</curves.pixel>
	<curves.scaled type=list>
		<Outline1 type=matrix rownames=FALSE colnames=FALSE nrow=167 ncol=2 as.numeric=TRUE >
			28.6251286732469	-14.9303728691396
			28.6136877744966	-14.9303728691396
			28.6022468757463	-14.9418137678899
			28.590805976996	-14.9532546666402
			28.5793650782457	-14.9532546666402
			28.5679241794954	-14.9646955653905
			28.5564832807452	-14.9761364641408
			28.5450423819949	-14.9761364641408
			28.5336014832446	-14.9875773628911
			28.5221605844943	-14.9875773628911
			28.510719685744	-14.9990182616414
			28.4992787869937	-14.9990182616414
			28.4878378882434	-15.0104591603917
			28.4763969894931	-15.0104591603917
			28.4649560907428	-15.021900059142
			28.4535151919925	-15.021900059142
			28.4535151919925	-15.0333409578923
			28.4420742932422	-15.0333409578923
			28.4306333944919	-15.0447818566426
			28.4191924957416	-15.0447818566426
			28.4077515969913	-15.0562227553929
			28.396310698241	-15.0562227553929
			28.3848697994907	-15.0676636541432
			28.3734289007404	-15.0676636541432
			28.3619880019901	-15.0676636541432
			28.3505471032398	-15.0791045528935
			28.3391062044895	-15.0791045528935
			28.3276653057392	-15.0791045528935
			28.3162244069889	-15.0905454516438
			28.3047835082386	-15.0905454516438
			28.2933426094883	-15.0905454516438
			28.281901710738	-15.1019863503941
			28.2704608119877	-15.1019863503941
			28.2590199132374	-15.1019863503941
			28.2475790144871	-15.1134272491444
			28.2361381157368	-15.1134272491444
			28.2246972169865	-15.1134272491444
			28.2132563182362	-15.1134272491444
			28.2018154194859	-15.1248681478947
			28.1903745207356	-15.1248681478947
			28.1789336219853	-15.1248681478947
			28.167492723235	-15.1248681478947
			28.1560518244847	-15.136309046645
			28.1446109257344	-15.136309046645
			28.1331700269841	-15.136309046645
			28.1217291282338	-15.136309046645
			28.1102882294835	-15.136309046645
			28.0988473307332	-15.136309046645
			28.0874064319829	-15.136309046645
			28.0759655332326	-15.136309046645
			28.0645246344823	-15.1248681478947
			28.053083735732	-15.1248681478947
			28.0416428369817	-15.1248681478947
			28.0302019382314	-15.1248681478947
			28.0187610394811	-15.1248681478947
			28.0073201407308	-15.1248681478947
			27.9958792419805	-15.1248681478947
			27.9844383432302	-15.1134272491444
			27.9729974444799	-15.1134272491444
			27.9615565457296	-15.1134272491444
			27.9501156469793	-15.1134272491444
			27.938674748229	-15.1134272491444
			27.9272338494787	-15.1019863503941
			27.9157929507284	-15.1019863503941
			27.9043520519781	-15.1019863503941
			27.8929111532278	-15.1019863503941
			27.8814702544775	-15.0905454516438
			27.8700293557272	-15.0905454516438
			27.8585884569769	-15.0905454516438
			27.8471475582266	-15.0791045528935
			27.8357066594763	-15.0791045528935
			27.824265760726	-15.0676636541432
			27.8128248619757	-15.0676636541432
			27.8013839632254	-15.0562227553929
			27.7899430644751	-15.0562227553929
			27.7785021657249	-15.0447818566426
			27.7670612669746	-15.0333409578923
			27.7556203682243	-15.0333409578923
			27.744179469474	-15.021900059142
			27.7327385707237	-15.021900059142
			27.7212976719734	-15.0104591603917
			27.7098567732231	-14.9990182616414
			27.6984158744728	-14.9875773628911
			27.6869749757225	-14.9761364641408
			27.6755340769722	-14.9646955653905
			27.6640931782219	-14.9532546666402
			27.6526522794716	-14.9532546666402
			27.6412113807213	-14.9418137678899
			27.629770481971	-14.9303728691396
			27.6183295832207	-14.9189319703893
			27.6068886844704	-14.907491071639
			27.6068886844704	-14.8960501728887
			27.5954477857201	-14.8846092741384
			27.5840068869698	-14.8731683753881
			27.5725659882195	-14.8617274766378
			27.5725659882195	-14.8502865778875
			27.5611250894692	-14.8388456791372
			27.5496841907189	-14.8274047803869
			27.5496841907189	-14.8159638816366
			27.5382432919686	-14.8045229828863
			27.5268023932183	-14.8045229828863
			27.5268023932183	-14.793082084136
			27.515361494468	-14.7816411853857
			27.5039205957177	-14.7702002866354
			27.5039205957177	-14.7587593878851
			27.4924796969674	-14.7473184891348
			27.4924796969674	-14.7358775903845
			27.4810387982171	-14.7244366916342
			27.4695978994668	-14.7129957928839
			27.4695978994668	-14.7015548941336
			27.4581570007165	-14.6901139953833
			27.4581570007165	-14.678673096633
			27.4581570007165	-14.6672321978827
			27.4581570007165	-14.6557912991324
			27.4467161019662	-14.6557912991324
			27.4467161019662	-14.6443504003821
			27.4467161019662	-14.6329095016318
			27.4467161019662	-14.6214686028815
			27.4352752032159	-14.6100277041312
			27.4352752032159	-14.5985868053809
			27.4238343044656	-14.5871459066306
			27.4238343044656	-14.5757050078803
			27.4238343044656	-14.56426410913
			27.4238343044656	-14.5528232103797
			27.4123934057153	-14.5413823116294
			27.4123934057153	-14.5299414128791
			27.4123934057153	-14.5185005141288
			27.4123934057153	-14.5070596153785
			27.400952506965	-14.4956187166282
			27.400952506965	-14.4841778178779
			27.400952506965	-14.4727369191277
			27.400952506965	-14.4612960203774
			27.400952506965	-14.4498551216271
			27.400952506965	-14.4384142228768
			27.400952506965	-14.4269733241265
			27.400952506965	-14.4155324253762
			27.400952506965	-14.4040915266259
			27.400952506965	-14.3926506278756
			27.400952506965	-14.3812097291253
			27.400952506965	-14.369768830375
			27.400952506965	-14.3583279316247
			27.400952506965	-14.3468870328744
			27.400952506965	-14.3354461341241
			27.400952506965	-14.3240052353738
			27.400952506965	-14.3125643366235
			27.400952506965	-14.3011234378732
			27.400952506965	-14.2896825391229
			27.400952506965	-14.2782416403726
			27.400952506965	-14.2668007416223
			27.400952506965	-14.255359842872
			27.400952506965	-14.2439189441217
			27.400952506965	-14.2324780453714
			27.400952506965	-14.2210371466211
			27.400952506965	-14.2095962478708
			27.400952506965	-14.1981553491205
			27.4123934057153	-14.1867144503702
			27.4123934057153	-14.1752735516199
			27.4123934057153	-14.1638326528696
			27.4123934057153	-14.1523917541193
			27.4123934057153	-14.140950855369
			27.4123934057153	-14.1295099566187
			27.4123934057153	-14.1180690578684
			27.4123934057153	-14.1066281591181
			27.4123934057153	-14.0951872603678
			27.4123934057153	-14.0837463616175
			27.4123934057153	-14.0723054628672
			27.4123934057153	-14.0608645641169
		</Outline1>
		<Outline2 type=matrix rownames=FALSE colnames=FALSE nrow=154 ncol=2 as.numeric=TRUE >
			27.4123934057153	-14.0608645641169
			27.4123934057153	-14.0494236653666
			27.4123934057153	-14.0379827666163
			27.4123934057153	-14.026541867866
			27.4123934057153	-14.0151009691157
			27.4123934057153	-14.0036600703654
			27.4238343044656	-13.9922191716151
			27.4238343044656	-13.9807782728648
			27.4238343044656	-13.9693373741145
			27.4238343044656	-13.9578964753642
			27.4238343044656	-13.9464555766139
			27.4238343044656	-13.9350146778636
			27.4238343044656	-13.9235737791133
			27.4238343044656	-13.912132880363
			27.4238343044656	-13.9006919816127
			27.4238343044656	-13.8892510828624
			27.4352752032159	-13.8778101841121
			27.4352752032159	-13.8663692853618
			27.4352752032159	-13.8549283866115
			27.4352752032159	-13.8434874878612
			27.4352752032159	-13.8320465891109
			27.4352752032159	-13.8206056903606
			27.4352752032159	-13.8091647916103
			27.4352752032159	-13.79772389286
			27.4467161019662	-13.7862829941097
			27.4467161019662	-13.7748420953594
			27.4467161019662	-13.7634011966091
			27.4467161019662	-13.7519602978588
			27.4467161019662	-13.7405193991085
			27.4467161019662	-13.7290785003582
			27.4467161019662	-13.7176376016079
			27.4581570007165	-13.7061967028576
			27.4581570007165	-13.6947558041074
			27.4581570007165	-13.6833149053571
			27.4581570007165	-13.6718740066068
			27.4581570007165	-13.6604331078565
			27.4695978994668	-13.6489922091062
			27.4695978994668	-13.6375513103559
			27.4695978994668	-13.6261104116056
			27.4695978994668	-13.6146695128553
			27.4810387982171	-13.603228614105
			27.4810387982171	-13.5917877153547
			27.4810387982171	-13.5803468166044
			27.4810387982171	-13.5689059178541
			27.4924796969674	-13.5574650191038
			27.4924796969674	-13.5460241203535
			27.4924796969674	-13.5345832216032
			27.5039205957177	-13.5231423228529
			27.5039205957177	-13.5117014241026
			27.5039205957177	-13.5002605253523
			27.5039205957177	-13.488819626602
			27.515361494468	-13.4773787278517
			27.515361494468	-13.4659378291014
			27.515361494468	-13.4544969303511
			27.515361494468	-13.4430560316008
			27.5268023932183	-13.4316151328505
			27.5268023932183	-13.4201742341002
			27.5268023932183	-13.4087333353499
			27.5268023932183	-13.3972924365996
			27.5382432919686	-13.3858515378493
			27.5382432919686	-13.374410639099
			27.5382432919686	-13.3629697403487
			27.5382432919686	-13.3515288415984
			27.5496841907189	-13.3400879428481
			27.5496841907189	-13.3286470440978
			27.5496841907189	-13.3172061453475
			27.5611250894692	-13.3057652465972
			27.5611250894692	-13.2943243478469
			27.5611250894692	-13.2828834490966
			27.5725659882195	-13.2714425503463
			27.5725659882195	-13.260001651596
			27.5725659882195	-13.2485607528457
			27.5840068869698	-13.2485607528457
			27.5840068869698	-13.2371198540954
			27.5840068869698	-13.2256789553451
			27.5954477857201	-13.2256789553451
			27.5954477857201	-13.2142380565948
			27.5954477857201	-13.2027971578445
			27.6068886844704	-13.1913562590942
			27.6183295832207	-13.1799153603439
			27.6183295832207	-13.1684744615936
			27.629770481971	-13.1570335628433
			27.629770481971	-13.145592664093
			27.6412113807213	-13.1341517653427
			27.6526522794716	-13.1341517653427
			27.6526522794716	-13.1227108665924
			27.6640931782219	-13.1112699678421
			27.6755340769722	-13.0998290690918
			27.6755340769722	-13.0883881703415
			27.6869749757225	-13.0769472715912
			27.6984158744728	-13.0655063728409
			27.7098567732231	-13.0540654740906
			27.7212976719734	-13.0540654740906
			27.7327385707237	-13.0426245753403
			27.744179469474	-13.0426245753403
			27.7556203682243	-13.03118367659
			27.7670612669746	-13.03118367659
			27.7785021657249	-13.0197427778397
			27.7899430644751	-13.0197427778397
			27.8013839632254	-13.0083018790894
			27.8128248619757	-13.0083018790894
			27.824265760726	-12.9968609803391
			27.8357066594763	-12.9968609803391
			27.8471475582266	-12.9854200815888
			27.8585884569769	-12.9854200815888
			27.8700293557272	-12.9739791828385
			27.8814702544775	-12.9739791828385
			27.8929111532278	-12.9739791828385
			27.9043520519781	-12.9739791828385
			27.9157929507284	-12.9625382840882
			27.9272338494787	-12.9625382840882
			27.938674748229	-12.9625382840882
			27.9501156469793	-12.9625382840882
			27.9615565457296	-12.9510973853379
			27.9729974444799	-12.9510973853379
			27.9844383432302	-12.9510973853379
			27.9958792419805	-12.9510973853379
			28.0073201407308	-12.9396564865876
			28.0187610394811	-12.9396564865876
			28.0302019382314	-12.9396564865876
			28.0416428369817	-12.9396564865876
			28.053083735732	-12.9396564865876
			28.0645246344823	-12.9396564865876
			28.0759655332326	-12.9396564865876
			28.0874064319829	-12.9396564865876
			28.0988473307332	-12.9396564865876
			28.1102882294835	-12.9396564865876
			28.1217291282338	-12.9396564865876
			28.1331700269841	-12.9396564865876
			28.1446109257344	-12.9396564865876
			28.1560518244847	-12.9396564865876
			28.167492723235	-12.9396564865876
			28.1789336219853	-12.9396564865876
			28.1903745207356	-12.9396564865876
			28.2018154194859	-12.9510973853379
			28.2132563182362	-12.9510973853379
			28.2246972169865	-12.9510973853379
			28.2361381157368	-12.9510973853379
			28.2475790144871	-12.9510973853379
			28.2590199132374	-12.9510973853379
			28.2704608119877	-12.9510973853379
			28.281901710738	-12.9510973853379
			28.2933426094883	-12.9625382840882
			28.3047835082386	-12.9625382840882
			28.3162244069889	-12.9625382840882
			28.3276653057392	-12.9625382840882
			28.3391062044895	-12.9625382840882
			28.3505471032398	-12.9625382840882
			28.3619880019901	-12.9625382840882
			28.3734289007404	-12.9625382840882
			28.3848697994907	-12.9739791828385
			28.396310698241	-12.9739791828385
			28.4077515969913	-12.9739791828385
			28.4191924957416	-12.9739791828385
		</Outline2>
		<Outline3 type=matrix rownames=FALSE colnames=FALSE nrow=134 ncol=2 as.numeric=TRUE >
			28.4191924957416	-12.9739791828385
			28.4306333944919	-12.9739791828385
			28.4420742932422	-12.9739791828385
			28.4535151919925	-12.9854200815888
			28.4649560907428	-12.9854200815888
			28.4763969894931	-12.9854200815888
			28.4878378882434	-12.9854200815888
			28.4992787869937	-12.9854200815888
			28.510719685744	-12.9968609803391
			28.5221605844943	-12.9968609803391
			28.5336014832446	-12.9968609803391
			28.5450423819949	-12.9968609803391
			28.5564832807452	-12.9968609803391
			28.5679241794954	-13.0083018790894
			28.5793650782457	-13.0083018790894
			28.590805976996	-13.0083018790894
			28.6022468757463	-13.0083018790894
			28.6136877744966	-13.0083018790894
			28.6251286732469	-13.0083018790894
			28.6365695719972	-13.0197427778397
			28.6480104707475	-13.0197427778397
			28.6594513694978	-13.0197427778397
			28.6708922682481	-13.0197427778397
			28.6823331669984	-13.0197427778397
			28.6937740657487	-13.03118367659
			28.705214964499	-13.03118367659
			28.7166558632493	-13.03118367659
			28.7280967619996	-13.03118367659
			28.7395376607499	-13.03118367659
			28.7509785595002	-13.0426245753403
			28.7624194582505	-13.0426245753403
			28.7738603570008	-13.0426245753403
			28.7853012557511	-13.0426245753403
			28.7967421545014	-13.0540654740906
			28.8081830532517	-13.0540654740906
			28.819623952002	-13.0540654740906
			28.8310648507523	-13.0655063728409
			28.8425057495026	-13.0655063728409
			28.8539466482529	-13.0655063728409
			28.8653875470032	-13.0769472715912
			28.8768284457535	-13.0769472715912
			28.8882693445038	-13.0769472715912
			28.8997102432541	-13.0883881703415
			28.9111511420044	-13.0883881703415
			28.9225920407547	-13.0883881703415
			28.934032939505	-13.0883881703415
			28.9454738382553	-13.0998290690918
			28.9569147370056	-13.0998290690918
			28.9683556357559	-13.0998290690918
			28.9797965345062	-13.1112699678421
			28.9912374332565	-13.1112699678421
			29.0026783320068	-13.1112699678421
			29.0141192307571	-13.1227108665924
			29.0255601295074	-13.1227108665924
			29.0370010282577	-13.1341517653427
			29.048441927008	-13.1341517653427
			29.0598828257583	-13.1341517653427
			29.0713237245086	-13.145592664093
			29.0827646232589	-13.145592664093
			29.0942055220092	-13.145592664093
			29.1056464207595	-13.1570335628433
			29.1170873195098	-13.1570335628433
			29.1285282182601	-13.1684744615936
			29.1399691170104	-13.1684744615936
			29.1514100157607	-13.1799153603439
			29.162850914511	-13.1799153603439
			29.1742918132613	-13.1799153603439
			29.1857327120116	-13.1913562590942
			29.1971736107619	-13.1913562590942
			29.2086145095122	-13.2027971578445
			29.2200554082625	-13.2027971578445
			29.2314963070128	-13.2142380565948
			29.2429372057631	-13.2142380565948
			29.2543781045134	-13.2256789553451
			29.2658190032637	-13.2256789553451
			29.277259902014	-13.2371198540954
			29.2887008007643	-13.2371198540954
			29.3001416995146	-13.2485607528457
			29.3115825982649	-13.2485607528457
			29.3230234970152	-13.260001651596
			29.3344643957655	-13.260001651596
			29.3459052945158	-13.2714425503463
			29.357346193266	-13.2828834490966
			29.3687870920163	-13.2943243478469
			29.3802279907666	-13.2943243478469
			29.3916688895169	-13.3057652465972
			29.4031097882672	-13.3172061453475
			29.4145506870175	-13.3172061453475
			29.4259915857678	-13.3286470440978
			29.4374324845181	-13.3400879428481
			29.4488733832684	-13.3400879428481
			29.4603142820187	-13.3515288415984
			29.471755180769	-13.3629697403487
			29.4831960795193	-13.374410639099
			29.4946369782696	-13.3858515378493
			29.5060778770199	-13.3972924365996
			29.5175187757702	-13.4087333353499
			29.5289596745205	-13.4201742341002
			29.5289596745205	-13.4316151328505
			29.5404005732708	-13.4430560316008
			29.5518414720211	-13.4430560316008
			29.5632823707714	-13.4544969303511
			29.5632823707714	-13.4659378291014
			29.5747232695217	-13.4773787278517
			29.586164168272	-13.4773787278517
			29.586164168272	-13.488819626602
			29.5976050670223	-13.5002605253523
			29.5976050670223	-13.5117014241026
			29.6090459657726	-13.5231423228529
			29.6090459657726	-13.5345832216032
			29.6204868645229	-13.5460241203535
			29.6204868645229	-13.5574650191038
			29.6319277632732	-13.5689059178541
			29.6319277632732	-13.5803468166044
			29.6433686620235	-13.5917877153547
			29.6433686620235	-13.603228614105
			29.6433686620235	-13.6146695128553
			29.6548095607738	-13.6261104116056
			29.6548095607738	-13.6375513103559
			29.6548095607738	-13.6489922091062
			29.6548095607738	-13.6604331078565
			29.6548095607738	-13.6718740066068
			29.6662504595241	-13.6833149053571
			29.6662504595241	-13.6947558041074
			29.6662504595241	-13.7061967028576
			29.6662504595241	-13.7176376016079
			29.6662504595241	-13.7290785003582
			29.6662504595241	-13.7405193991085
			29.6662504595241	-13.7519602978588
			29.6776913582744	-13.7634011966091
			29.6776913582744	-13.7748420953594
			29.6776913582744	-13.7862829941097
			29.6776913582744	-13.79772389286
			29.6776913582744	-13.8091647916103
		</Outline3>
		<Outline4 type=matrix rownames=FALSE colnames=FALSE nrow=141 ncol=2 as.numeric=TRUE >
			29.6776913582744	-13.8091647916103
			29.6776913582744	-13.8206056903606
			29.6776913582744	-13.8320465891109
			29.6776913582744	-13.8434874878612
			29.6776913582744	-13.8549283866115
			29.6776913582744	-13.8663692853618
			29.6776913582744	-13.8778101841121
			29.6776913582744	-13.8892510828624
			29.6776913582744	-13.9006919816127
			29.6776913582744	-13.912132880363
			29.6776913582744	-13.9235737791133
			29.6662504595241	-13.9350146778636
			29.6662504595241	-13.9464555766139
			29.6662504595241	-13.9578964753642
			29.6662504595241	-13.9693373741145
			29.6662504595241	-13.9807782728648
			29.6662504595241	-13.9922191716151
			29.6662504595241	-14.0036600703654
			29.6548095607738	-14.0151009691157
			29.6548095607738	-14.026541867866
			29.6548095607738	-14.0379827666163
			29.6548095607738	-14.0494236653666
			29.6548095607738	-14.0608645641169
			29.6548095607738	-14.0723054628672
			29.6433686620235	-14.0837463616175
			29.6433686620235	-14.0951872603678
			29.6433686620235	-14.1066281591181
			29.6433686620235	-14.1180690578684
			29.6319277632732	-14.1295099566187
			29.6319277632732	-14.140950855369
			29.6319277632732	-14.1523917541193
			29.6204868645229	-14.1638326528696
			29.6204868645229	-14.1752735516199
			29.6090459657726	-14.1867144503702
			29.6090459657726	-14.1981553491205
			29.6090459657726	-14.2095962478708
			29.5976050670223	-14.2210371466211
			29.5976050670223	-14.2324780453714
			29.586164168272	-14.2439189441217
			29.586164168272	-14.255359842872
			29.5747232695217	-14.2668007416223
			29.5747232695217	-14.2782416403726
			29.5747232695217	-14.2896825391229
			29.5632823707714	-14.3011234378732
			29.5632823707714	-14.3125643366235
			29.5518414720211	-14.3240052353738
			29.5518414720211	-14.3354461341241
			29.5404005732708	-14.3468870328744
			29.5404005732708	-14.3583279316247
			29.5404005732708	-14.369768830375
			29.5289596745205	-14.3812097291253
			29.5175187757702	-14.3926506278756
			29.5060778770199	-14.4040915266259
			29.4946369782696	-14.4155324253762
			29.4946369782696	-14.4269733241265
			29.4831960795193	-14.4269733241265
			29.4831960795193	-14.4384142228768
			29.471755180769	-14.4498551216271
			29.4603142820187	-14.4612960203774
			29.4488733832684	-14.4727369191277
			29.4374324845181	-14.4841778178779
			29.4259915857678	-14.4956187166282
			29.4145506870175	-14.5070596153785
			29.4145506870175	-14.5185005141288
			29.4031097882672	-14.5185005141288
			29.3916688895169	-14.5299414128791
			29.3916688895169	-14.5413823116294
			29.3802279907666	-14.5413823116294
			29.3687870920163	-14.5528232103797
			29.3687870920163	-14.56426410913
			29.357346193266	-14.56426410913
			29.3459052945158	-14.5757050078803
			29.3459052945158	-14.5871459066306
			29.3344643957655	-14.5871459066306
			29.3230234970152	-14.5985868053809
			29.3115825982649	-14.6100277041312
			29.3001416995146	-14.6100277041312
			29.2887008007643	-14.6214686028815
			29.277259902014	-14.6214686028815
			29.2658190032637	-14.6329095016318
			29.2543781045134	-14.6329095016318
			29.2543781045134	-14.6443504003821
			29.2429372057631	-14.6443504003821
			29.2314963070128	-14.6443504003821
			29.2200554082625	-14.6557912991324
			29.2086145095122	-14.6672321978827
			29.1971736107619	-14.6672321978827
			29.1857327120116	-14.678673096633
			29.1742918132613	-14.678673096633
			29.162850914511	-14.6901139953833
			29.1514100157607	-14.6901139953833
			29.1399691170104	-14.7015548941336
			29.1285282182601	-14.7015548941336
			29.1170873195098	-14.7129957928839
			29.1056464207595	-14.7129957928839
			29.0942055220092	-14.7129957928839
			29.0827646232589	-14.7244366916342
			29.0713237245086	-14.7244366916342
			29.0598828257583	-14.7244366916342
			29.048441927008	-14.7244366916342
			29.0370010282577	-14.7244366916342
			29.0255601295074	-14.7358775903845
			29.0141192307571	-14.7358775903845
			29.0026783320068	-14.7358775903845
			28.9912374332565	-14.7358775903845
			28.9797965345062	-14.7358775903845
			28.9683556357559	-14.7473184891348
			28.9569147370056	-14.7473184891348
			28.9454738382553	-14.7473184891348
			28.934032939505	-14.7473184891348
			28.9225920407547	-14.7473184891348
			28.9111511420044	-14.7473184891348
			28.8997102432541	-14.7587593878851
			28.8882693445038	-14.7587593878851
			28.8768284457535	-14.7587593878851
			28.8653875470032	-14.7587593878851
			28.8653875470032	-14.7702002866354
			28.8539466482529	-14.7702002866354
			28.8425057495026	-14.7702002866354
			28.8425057495026	-14.7816411853857
			28.8310648507523	-14.7816411853857
			28.819623952002	-14.793082084136
			28.8081830532517	-14.8045229828863
			28.7967421545014	-14.8045229828863
			28.7853012557511	-14.8159638816366
			28.7738603570008	-14.8159638816366
			28.7624194582505	-14.8274047803869
			28.7509785595002	-14.8388456791372
			28.7395376607499	-14.8502865778875
			28.7280967619996	-14.8502865778875
			28.7166558632493	-14.8617274766378
			28.705214964499	-14.8731683753881
			28.6937740657487	-14.8731683753881
			28.6823331669984	-14.8846092741384
			28.6823331669984	-14.8960501728887
			28.6708922682481	-14.8960501728887
			28.6594513694978	-14.907491071639
			28.6480104707475	-14.907491071639
			28.6365695719972	-14.9189319703893
			28.6365695719972	-14.9303728691396
			28.6251286732469	-14.9303728691396
		</Outline4>
	</curves.scaled>
	<ruler.points type=matrix rownames=TRUE colnames=FALSE nrow=2 ncol=2 as.numeric=TRUE >
		Ruler point 1	3325	2357
		Ruler point 2	2451	2367
	</ruler.points>
</shapes>

