<shapes type=list>
	<ruler.pixel type=vector names=FALSE length=1 as.numeric=TRUE >886.005078992214</ruler.pixel>
	<ruler.interval type=vector names=FALSE length=1 as.numeric=TRUE >10</ruler.interval>
	<scaling.units type=vector names=FALSE length=1 as.numeric=FALSE >mm</scaling.units>
	<scaling type=vector names=FALSE length=1 as.numeric=TRUE >0.0112866170150791</scaling>
	<landmarks.pixel type=matrix rownames=TRUE colnames=FALSE nrow=4 ncol=2 as.numeric=TRUE >
		Labial	2540	1605
		Posterior	2425	1589
		Lingual	2452	1476
		Anterior	2568	1493
	</landmarks.pixel>
	<landmarks.scaled type=matrix rownames=TRUE colnames=FALSE nrow=4 ncol=2 as.numeric=TRUE >
		Labial	28.6680072183008	-18.1150203092019
		Posterior	27.3700462615667	-17.9344344369606
		Lingual	27.6747849209739	-16.6590467142567
		Anterior	28.984032494723	-16.850919203513
	</landmarks.scaled>
	<curves.control type=list>
		<Outline1 type=matrix rownames=FALSE colnames=FALSE nrow=19 ncol=2 as.numeric=TRUE >
			2540	1605
			2535	1611
			2529	1619
			2522	1627
			2515	1634
			2508	1639
			2500	1644
			2492	1648
			2486	1650
			2479	1651
			2471	1650
			2461	1648
			2453	1644
			2446	1639
			2441	1633
			2437	1625
			2433	1616
			2429	1607
			2425	1589
		</Outline1>
		<Outline2 type=matrix rownames=FALSE colnames=FALSE nrow=9 ncol=2 as.numeric=TRUE >
			2425	1589
			2423	1574
			2421	1554
			2416	1498
			2425	1486
			2430	1483
			2436	1480
			2443	1477
			2452	1476
		</Outline2>
		<Outline3 type=matrix rownames=FALSE colnames=FALSE nrow=13 ncol=2 as.numeric=TRUE >
			2452	1476
			2462	1476
			2473	1474
			2484	1472
			2496	1470
			2508	1469
			2520	1469
			2530	1469
			2539	1472
			2546	1475
			2554	1481
			2562	1487
			2568	1493
		</Outline3>
		<Outline4 type=matrix rownames=FALSE colnames=FALSE nrow=17 ncol=2 as.numeric=TRUE >
			2568	1493
			2575	1501
			2580	1507
			2584	1515
			2586	1521
			2587	1528
			2586	1536
			2584	1546
			2582	1555
			2578	1564
			2572	1573
			2568	1580
			2563	1586
			2557	1591
			2553	1593
			2548	1598
			2540	1605
		</Outline4>
	</curves.control>
	<curves.pixel type=list>
		<Outline1 type=matrix rownames=FALSE colnames=FALSE nrow=156 ncol=2 as.numeric=TRUE >
			2540	1605
			2539	1606
			2538	1607
			2537	1608
			2537	1609
			2536	1610
			2535	1611
			2535	1612
			2534	1613
			2533	1614
			2532	1615
			2532	1616
			2531	1617
			2530	1618
			2529	1619
			2529	1620
			2528	1621
			2527	1622
			2526	1623
			2525	1624
			2524	1625
			2523	1625
			2522	1626
			2521	1627
			2520	1628
			2520	1629
			2519	1630
			2518	1631
			2517	1632
			2516	1633
			2515	1634
			2514	1635
			2513	1635
			2512	1636
			2511	1636
			2511	1637
			2510	1638
			2509	1638
			2508	1639
			2507	1640
			2506	1640
			2505	1641
			2504	1642
			2503	1642
			2502	1643
			2501	1644
			2500	1644
			2499	1645
			2498	1645
			2497	1646
			2496	1646
			2495	1646
			2494	1647
			2493	1647
			2492	1648
			2491	1648
			2490	1648
			2490	1649
			2489	1649
			2488	1649
			2487	1650
			2486	1650
			2485	1650
			2484	1650
			2483	1650
			2482	1650
			2481	1650
			2480	1650
			2479	1650
			2478	1650
			2477	1650
			2476	1650
			2475	1650
			2474	1650
			2473	1650
			2472	1650
			2471	1650
			2470	1650
			2469	1650
			2469	1649
			2468	1649
			2467	1649
			2466	1649
			2465	1649
			2465	1648
			2464	1648
			2463	1648
			2462	1648
			2461	1647
			2460	1647
			2459	1647
			2458	1646
			2457	1646
			2456	1645
			2455	1645
			2454	1644
			2453	1644
			2452	1643
			2451	1643
			2451	1642
			2450	1642
			2449	1641
			2448	1640
			2447	1639
			2446	1638
			2445	1637
			2444	1636
			2443	1636
			2443	1635
			2442	1634
			2441	1633
			2441	1632
			2440	1631
			2439	1630
			2439	1629
			2438	1628
			2438	1627
			2438	1626
			2437	1625
			2437	1624
			2436	1623
			2436	1622
			2435	1621
			2435	1620
			2434	1619
			2434	1618
			2434	1617
			2433	1616
			2433	1615
			2432	1615
			2432	1614
			2432	1613
			2431	1612
			2431	1611
			2431	1610
			2430	1609
			2430	1608
			2430	1607
			2429	1606
			2429	1605
			2429	1604
			2429	1603
			2428	1602
			2428	1601
			2428	1600
			2427	1599
			2427	1598
			2427	1597
			2427	1596
			2426	1595
			2426	1594
			2426	1593
			2426	1592
			2425	1591
			2425	1590
			2425	1589
		</Outline1>
		<Outline2 type=matrix rownames=FALSE colnames=FALSE nrow=133 ncol=2 as.numeric=TRUE >
			2425	1589
			2425	1588
			2425	1587
			2425	1586
			2425	1585
			2424	1584
			2424	1583
			2424	1582
			2424	1581
			2424	1580
			2424	1579
			2424	1578
			2423	1577
			2423	1576
			2423	1575
			2423	1574
			2423	1573
			2423	1572
			2423	1571
			2423	1570
			2423	1569
			2422	1568
			2422	1567
			2422	1566
			2422	1565
			2422	1564
			2422	1563
			2422	1562
			2422	1561
			2422	1560
			2421	1559
			2421	1558
			2421	1557
			2421	1556
			2421	1555
			2421	1554
			2421	1553
			2421	1552
			2421	1551
			2421	1550
			2421	1549
			2420	1548
			2420	1547
			2420	1546
			2420	1545
			2420	1544
			2420	1543
			2420	1542
			2420	1541
			2420	1540
			2420	1539
			2420	1538
			2420	1537
			2420	1536
			2420	1535
			2420	1534
			2420	1533
			2420	1532
			2419	1531
			2419	1530
			2419	1529
			2419	1528
			2419	1527
			2419	1526
			2419	1525
			2419	1524
			2419	1523
			2419	1522
			2419	1521
			2419	1520
			2419	1519
			2419	1518
			2419	1517
			2419	1516
			2419	1515
			2419	1514
			2419	1513
			2419	1512
			2419	1511
			2419	1510
			2420	1509
			2420	1508
			2420	1507
			2420	1506
			2420	1505
			2420	1504
			2420	1503
			2420	1502
			2420	1501
			2420	1500
			2421	1499
			2421	1498
			2421	1497
			2421	1496
			2421	1495
			2422	1494
			2422	1493
			2422	1492
			2422	1491
			2423	1491
			2423	1490
			2423	1489
			2424	1488
			2424	1487
			2425	1486
			2426	1485
			2427	1485
			2428	1485
			2428	1484
			2429	1484
			2430	1483
			2431	1483
			2432	1482
			2433	1482
			2434	1481
			2435	1481
			2436	1480
			2437	1480
			2438	1479
			2439	1479
			2440	1478
			2441	1478
			2442	1478
			2443	1478
			2444	1477
			2445	1477
			2446	1477
			2447	1477
			2448	1477
			2449	1476
			2450	1476
			2451	1476
			2452	1476
		</Outline2>
		<Outline3 type=matrix rownames=FALSE colnames=FALSE nrow=121 ncol=2 as.numeric=TRUE >
			2452	1476
			2453	1476
			2454	1476
			2455	1476
			2456	1476
			2457	1476
			2458	1476
			2459	1476
			2460	1476
			2461	1476
			2462	1476
			2463	1475
			2464	1475
			2465	1475
			2466	1475
			2467	1475
			2468	1475
			2469	1475
			2470	1474
			2471	1474
			2472	1474
			2473	1474
			2474	1474
			2475	1474
			2476	1474
			2476	1473
			2477	1473
			2478	1473
			2479	1473
			2480	1473
			2481	1473
			2482	1472
			2483	1472
			2484	1472
			2485	1472
			2486	1472
			2487	1472
			2488	1471
			2489	1471
			2490	1471
			2491	1471
			2492	1471
			2493	1471
			2494	1470
			2495	1470
			2496	1470
			2497	1470
			2498	1470
			2499	1470
			2500	1470
			2501	1470
			2502	1470
			2503	1470
			2504	1469
			2505	1469
			2506	1469
			2507	1469
			2508	1469
			2509	1469
			2510	1469
			2511	1469
			2512	1469
			2513	1469
			2514	1469
			2515	1469
			2516	1469
			2517	1469
			2518	1469
			2519	1469
			2520	1469
			2521	1469
			2522	1469
			2523	1469
			2524	1469
			2525	1469
			2526	1469
			2527	1469
			2528	1470
			2529	1470
			2530	1470
			2531	1470
			2532	1470
			2533	1470
			2534	1471
			2535	1471
			2536	1471
			2537	1471
			2537	1472
			2538	1472
			2539	1472
			2540	1472
			2541	1473
			2542	1473
			2543	1474
			2544	1474
			2545	1475
			2546	1475
			2547	1476
			2548	1477
			2549	1478
			2550	1478
			2551	1479
			2552	1480
			2553	1480
			2554	1481
			2555	1481
			2555	1482
			2556	1483
			2557	1483
			2558	1484
			2559	1485
			2560	1486
			2561	1487
			2562	1487
			2563	1488
			2564	1489
			2564	1490
			2565	1490
			2566	1491
			2567	1492
			2568	1493
		</Outline3>
		<Outline4 type=matrix rownames=FALSE colnames=FALSE nrow=127 ncol=2 as.numeric=TRUE >
			2568	1493
			2569	1494
			2570	1495
			2570	1496
			2571	1497
			2572	1498
			2573	1498
			2573	1499
			2574	1500
			2575	1501
			2576	1502
			2576	1503
			2577	1503
			2578	1504
			2578	1505
			2579	1506
			2580	1506
			2580	1507
			2581	1508
			2581	1509
			2581	1510
			2582	1511
			2582	1512
			2583	1513
			2583	1514
			2584	1515
			2584	1516
			2585	1517
			2585	1518
			2585	1519
			2586	1520
			2586	1521
			2586	1522
			2586	1523
			2586	1524
			2586	1525
			2586	1526
			2586	1527
			2586	1528
			2586	1529
			2586	1530
			2586	1531
			2586	1532
			2586	1533
			2586	1534
			2586	1535
			2586	1536
			2586	1537
			2586	1538
			2585	1539
			2585	1540
			2585	1541
			2585	1542
			2585	1543
			2584	1544
			2584	1545
			2584	1546
			2584	1547
			2584	1548
			2583	1549
			2583	1550
			2583	1551
			2583	1552
			2583	1553
			2582	1554
			2582	1555
			2582	1556
			2581	1557
			2581	1558
			2580	1559
			2580	1560
			2579	1561
			2579	1562
			2578	1563
			2577	1564
			2577	1565
			2576	1566
			2576	1567
			2575	1568
			2575	1569
			2574	1570
			2573	1571
			2573	1572
			2572	1573
			2572	1574
			2571	1574
			2571	1575
			2570	1576
			2570	1577
			2569	1577
			2569	1578
			2569	1579
			2568	1579
			2568	1580
			2567	1581
			2566	1582
			2565	1583
			2564	1584
			2564	1585
			2563	1586
			2562	1586
			2562	1587
			2561	1588
			2560	1588
			2560	1589
			2559	1589
			2558	1590
			2557	1591
			2556	1591
			2555	1592
			2554	1593
			2553	1593
			2552	1594
			2551	1595
			2550	1596
			2549	1597
			2548	1598
			2547	1599
			2546	1599
			2546	1600
			2545	1601
			2544	1601
			2543	1602
			2543	1603
			2542	1604
			2541	1604
			2540	1605
		</Outline4>
	</curves.pixel>
	<curves.scaled type=list>
		<Outline1 type=matrix rownames=FALSE colnames=FALSE nrow=156 ncol=2 as.numeric=TRUE >
			28.6680072183008	-18.1150203092019
			28.6567206012858	-18.126306926217
			28.6454339842707	-18.1375935432321
			28.6341473672556	-18.1488801602471
			28.6341473672556	-18.1601667772622
			28.6228607502405	-18.1714533942773
			28.6115741332254	-18.1827400112924
			28.6115741332254	-18.1940266283075
			28.6002875162104	-18.2053132453225
			28.5890008991953	-18.2165998623376
			28.5777142821802	-18.2278864793527
			28.5777142821802	-18.2391730963678
			28.5664276651651	-18.2504597133829
			28.55514104815	-18.2617463303979
			28.543854431135	-18.273032947413
			28.543854431135	-18.2843195644281
			28.5325678141199	-18.2956061814432
			28.5212811971048	-18.3068927984582
			28.5099945800897	-18.3181794154733
			28.4987079630746	-18.3294660324884
			28.4874213460596	-18.3407526495035
			28.4761347290445	-18.3407526495035
			28.4648481120294	-18.3520392665186
			28.4535614950143	-18.3633258835336
			28.4422748779992	-18.3746125005487
			28.4422748779992	-18.3858991175638
			28.4309882609842	-18.3971857345789
			28.4197016439691	-18.408472351594
			28.408415026954	-18.419758968609
			28.3971284099389	-18.4310455856241
			28.3858417929239	-18.4423322026392
			28.3745551759088	-18.4536188196543
			28.3632685588937	-18.4536188196543
			28.3519819418786	-18.4649054366694
			28.3406953248635	-18.4649054366694
			28.3406953248635	-18.4761920536844
			28.3294087078485	-18.4874786706995
			28.3181220908334	-18.4874786706995
			28.3068354738183	-18.4987652877146
			28.2955488568032	-18.5100519047297
			28.2842622397881	-18.5100519047297
			28.2729756227731	-18.5213385217447
			28.261689005758	-18.5326251387598
			28.2504023887429	-18.5326251387598
			28.2391157717278	-18.5439117557749
			28.2278291547127	-18.55519837279
			28.2165425376977	-18.55519837279
			28.2052559206826	-18.5664849898051
			28.1939693036675	-18.5664849898051
			28.1826826866524	-18.5777716068201
			28.1713960696373	-18.5777716068201
			28.1601094526223	-18.5777716068201
			28.1488228356072	-18.5890582238352
			28.1375362185921	-18.5890582238352
			28.126249601577	-18.6003448408503
			28.114962984562	-18.6003448408503
			28.1036763675469	-18.6003448408503
			28.1036763675469	-18.6116314578654
			28.0923897505318	-18.6116314578654
			28.0811031335167	-18.6116314578654
			28.0698165165016	-18.6229180748805
			28.0585298994866	-18.6229180748805
			28.0472432824715	-18.6229180748805
			28.0359566654564	-18.6229180748805
			28.0246700484413	-18.6229180748805
			28.0133834314262	-18.6229180748805
			28.0020968144112	-18.6229180748805
			27.9908101973961	-18.6229180748805
			27.979523580381	-18.6229180748805
			27.9682369633659	-18.6229180748805
			27.9569503463508	-18.6229180748805
			27.9456637293358	-18.6229180748805
			27.9343771123207	-18.6229180748805
			27.9230904953056	-18.6229180748805
			27.9118038782905	-18.6229180748805
			27.9005172612755	-18.6229180748805
			27.8892306442604	-18.6229180748805
			27.8779440272453	-18.6229180748805
			27.8666574102302	-18.6229180748805
			27.8666574102302	-18.6116314578654
			27.8553707932151	-18.6116314578654
			27.8440841762001	-18.6116314578654
			27.832797559185	-18.6116314578654
			27.8215109421699	-18.6116314578654
			27.8215109421699	-18.6003448408503
			27.8102243251548	-18.6003448408503
			27.7989377081397	-18.6003448408503
			27.7876510911247	-18.6003448408503
			27.7763644741096	-18.5890582238352
			27.7650778570945	-18.5890582238352
			27.7537912400794	-18.5890582238352
			27.7425046230643	-18.5777716068201
			27.7312180060493	-18.5777716068201
			27.7199313890342	-18.5664849898051
			27.7086447720191	-18.5664849898051
			27.697358155004	-18.55519837279
			27.686071537989	-18.55519837279
			27.6747849209739	-18.5439117557749
			27.6634983039588	-18.5439117557749
			27.6634983039588	-18.5326251387598
			27.6522116869437	-18.5326251387598
			27.6409250699286	-18.5213385217447
			27.6296384529136	-18.5100519047297
			27.6183518358985	-18.4987652877146
			27.6070652188834	-18.4874786706995
			27.5957786018683	-18.4761920536844
			27.5844919848532	-18.4649054366694
			27.5732053678382	-18.4649054366694
			27.5732053678382	-18.4536188196543
			27.5619187508231	-18.4423322026392
			27.550632133808	-18.4310455856241
			27.550632133808	-18.419758968609
			27.5393455167929	-18.408472351594
			27.5280588997778	-18.3971857345789
			27.5280588997778	-18.3858991175638
			27.5167722827628	-18.3746125005487
			27.5167722827628	-18.3633258835336
			27.5167722827628	-18.3520392665186
			27.5054856657477	-18.3407526495035
			27.5054856657477	-18.3294660324884
			27.4941990487326	-18.3181794154733
			27.4941990487326	-18.3068927984582
			27.4829124317175	-18.2956061814432
			27.4829124317175	-18.2843195644281
			27.4716258147024	-18.273032947413
			27.4716258147024	-18.2617463303979
			27.4716258147024	-18.2504597133829
			27.4603391976874	-18.2391730963678
			27.4603391976874	-18.2278864793527
			27.4490525806723	-18.2278864793527
			27.4490525806723	-18.2165998623376
			27.4490525806723	-18.2053132453225
			27.4377659636572	-18.1940266283075
			27.4377659636572	-18.1827400112924
			27.4377659636572	-18.1714533942773
			27.4264793466421	-18.1601667772622
			27.4264793466421	-18.1488801602471
			27.4264793466421	-18.1375935432321
			27.4151927296271	-18.126306926217
			27.4151927296271	-18.1150203092019
			27.4151927296271	-18.1037336921868
			27.4151927296271	-18.0924470751717
			27.403906112612	-18.0811604581567
			27.403906112612	-18.0698738411416
			27.403906112612	-18.0585872241265
			27.3926194955969	-18.0473006071114
			27.3926194955969	-18.0360139900964
			27.3926194955969	-18.0247273730813
			27.3926194955969	-18.0134407560662
			27.3813328785818	-18.0021541390511
			27.3813328785818	-17.990867522036
			27.3813328785818	-17.979580905021
			27.3813328785818	-17.9682942880059
			27.3700462615667	-17.9570076709908
			27.3700462615667	-17.9457210539757
			27.3700462615667	-17.9344344369606
		</Outline1>
		<Outline2 type=matrix rownames=FALSE colnames=FALSE nrow=133 ncol=2 as.numeric=TRUE >
			27.3700462615667	-17.9344344369606
			27.3700462615667	-17.9231478199456
			27.3700462615667	-17.9118612029305
			27.3700462615667	-17.9005745859154
			27.3700462615667	-17.8892879689003
			27.3587596445517	-17.8780013518852
			27.3587596445517	-17.8667147348702
			27.3587596445517	-17.8554281178551
			27.3587596445517	-17.84414150084
			27.3587596445517	-17.8328548838249
			27.3587596445517	-17.8215682668098
			27.3587596445517	-17.8102816497948
			27.3474730275366	-17.7989950327797
			27.3474730275366	-17.7877084157646
			27.3474730275366	-17.7764217987495
			27.3474730275366	-17.7651351817345
			27.3474730275366	-17.7538485647194
			27.3474730275366	-17.7425619477043
			27.3474730275366	-17.7312753306892
			27.3474730275366	-17.7199887136741
			27.3474730275366	-17.7087020966591
			27.3361864105215	-17.697415479644
			27.3361864105215	-17.6861288626289
			27.3361864105215	-17.6748422456138
			27.3361864105215	-17.6635556285987
			27.3361864105215	-17.6522690115837
			27.3361864105215	-17.6409823945686
			27.3361864105215	-17.6296957775535
			27.3361864105215	-17.6184091605384
			27.3361864105215	-17.6071225435233
			27.3248997935064	-17.5958359265083
			27.3248997935064	-17.5845493094932
			27.3248997935064	-17.5732626924781
			27.3248997935064	-17.561976075463
			27.3248997935064	-17.5506894584479
			27.3248997935064	-17.5394028414329
			27.3248997935064	-17.5281162244178
			27.3248997935064	-17.5168296074027
			27.3248997935064	-17.5055429903876
			27.3248997935064	-17.4942563733726
			27.3248997935064	-17.4829697563575
			27.3136131764913	-17.4716831393424
			27.3136131764913	-17.4603965223273
			27.3136131764913	-17.4491099053122
			27.3136131764913	-17.4378232882972
			27.3136131764913	-17.4265366712821
			27.3136131764913	-17.415250054267
			27.3136131764913	-17.4039634372519
			27.3136131764913	-17.3926768202368
			27.3136131764913	-17.3813902032218
			27.3136131764913	-17.3701035862067
			27.3136131764913	-17.3588169691916
			27.3136131764913	-17.3475303521765
			27.3136131764913	-17.3362437351614
			27.3136131764913	-17.3249571181464
			27.3136131764913	-17.3136705011313
			27.3136131764913	-17.3023838841162
			27.3136131764913	-17.2910972671011
			27.3023265594763	-17.2798106500861
			27.3023265594763	-17.268524033071
			27.3023265594763	-17.2572374160559
			27.3023265594763	-17.2459507990408
			27.3023265594763	-17.2346641820257
			27.3023265594763	-17.2233775650107
			27.3023265594763	-17.2120909479956
			27.3023265594763	-17.2008043309805
			27.3023265594763	-17.1895177139654
			27.3023265594763	-17.1782310969503
			27.3023265594763	-17.1669444799353
			27.3023265594763	-17.1556578629202
			27.3023265594763	-17.1443712459051
			27.3023265594763	-17.13308462889
			27.3023265594763	-17.1217980118749
			27.3023265594763	-17.1105113948599
			27.3023265594763	-17.0992247778448
			27.3023265594763	-17.0879381608297
			27.3023265594763	-17.0766515438146
			27.3023265594763	-17.0653649267995
			27.3023265594763	-17.0540783097845
			27.3023265594763	-17.0427916927694
			27.3136131764913	-17.0315050757543
			27.3136131764913	-17.0202184587392
			27.3136131764913	-17.0089318417242
			27.3136131764913	-16.9976452247091
			27.3136131764913	-16.986358607694
			27.3136131764913	-16.9750719906789
			27.3136131764913	-16.9637853736638
			27.3136131764913	-16.9524987566488
			27.3136131764913	-16.9412121396337
			27.3136131764913	-16.9299255226186
			27.3248997935064	-16.9186389056035
			27.3248997935064	-16.9073522885884
			27.3248997935064	-16.8960656715734
			27.3248997935064	-16.8847790545583
			27.3248997935064	-16.8734924375432
			27.3361864105215	-16.8622058205281
			27.3361864105215	-16.850919203513
			27.3361864105215	-16.839632586498
			27.3361864105215	-16.8283459694829
			27.3474730275366	-16.8283459694829
			27.3474730275366	-16.8170593524678
			27.3474730275366	-16.8057727354527
			27.3587596445517	-16.7944861184376
			27.3587596445517	-16.7831995014226
			27.3700462615667	-16.7719128844075
			27.3813328785818	-16.7606262673924
			27.3926194955969	-16.7606262673924
			27.403906112612	-16.7606262673924
			27.403906112612	-16.7493396503773
			27.4151927296271	-16.7493396503773
			27.4264793466421	-16.7380530333623
			27.4377659636572	-16.7380530333623
			27.4490525806723	-16.7267664163472
			27.4603391976874	-16.7267664163472
			27.4716258147024	-16.7154797993321
			27.4829124317175	-16.7154797993321
			27.4941990487326	-16.704193182317
			27.5054856657477	-16.704193182317
			27.5167722827628	-16.6929065653019
			27.5280588997778	-16.6929065653019
			27.5393455167929	-16.6816199482869
			27.550632133808	-16.6816199482869
			27.5619187508231	-16.6816199482869
			27.5732053678382	-16.6816199482869
			27.5844919848532	-16.6703333312718
			27.5957786018683	-16.6703333312718
			27.6070652188834	-16.6703333312718
			27.6183518358985	-16.6703333312718
			27.6296384529136	-16.6703333312718
			27.6409250699286	-16.6590467142567
			27.6522116869437	-16.6590467142567
			27.6634983039588	-16.6590467142567
			27.6747849209739	-16.6590467142567
		</Outline2>
		<Outline3 type=matrix rownames=FALSE colnames=FALSE nrow=121 ncol=2 as.numeric=TRUE >
			27.6747849209739	-16.6590467142567
			27.686071537989	-16.6590467142567
			27.697358155004	-16.6590467142567
			27.7086447720191	-16.6590467142567
			27.7199313890342	-16.6590467142567
			27.7312180060493	-16.6590467142567
			27.7425046230643	-16.6590467142567
			27.7537912400794	-16.6590467142567
			27.7650778570945	-16.6590467142567
			27.7763644741096	-16.6590467142567
			27.7876510911247	-16.6590467142567
			27.7989377081397	-16.6477600972416
			27.8102243251548	-16.6477600972416
			27.8215109421699	-16.6477600972416
			27.832797559185	-16.6477600972416
			27.8440841762001	-16.6477600972416
			27.8553707932151	-16.6477600972416
			27.8666574102302	-16.6477600972416
			27.8779440272453	-16.6364734802265
			27.8892306442604	-16.6364734802265
			27.9005172612755	-16.6364734802265
			27.9118038782905	-16.6364734802265
			27.9230904953056	-16.6364734802265
			27.9343771123207	-16.6364734802265
			27.9456637293358	-16.6364734802265
			27.9456637293358	-16.6251868632115
			27.9569503463508	-16.6251868632115
			27.9682369633659	-16.6251868632115
			27.979523580381	-16.6251868632115
			27.9908101973961	-16.6251868632115
			28.0020968144112	-16.6251868632115
			28.0133834314262	-16.6139002461964
			28.0246700484413	-16.6139002461964
			28.0359566654564	-16.6139002461964
			28.0472432824715	-16.6139002461964
			28.0585298994866	-16.6139002461964
			28.0698165165016	-16.6139002461964
			28.0811031335167	-16.6026136291813
			28.0923897505318	-16.6026136291813
			28.1036763675469	-16.6026136291813
			28.114962984562	-16.6026136291813
			28.126249601577	-16.6026136291813
			28.1375362185921	-16.6026136291813
			28.1488228356072	-16.5913270121662
			28.1601094526223	-16.5913270121662
			28.1713960696373	-16.5913270121662
			28.1826826866524	-16.5913270121662
			28.1939693036675	-16.5913270121662
			28.2052559206826	-16.5913270121662
			28.2165425376977	-16.5913270121662
			28.2278291547127	-16.5913270121662
			28.2391157717278	-16.5913270121662
			28.2504023887429	-16.5913270121662
			28.261689005758	-16.5800403951511
			28.2729756227731	-16.5800403951511
			28.2842622397881	-16.5800403951511
			28.2955488568032	-16.5800403951511
			28.3068354738183	-16.5800403951511
			28.3181220908334	-16.5800403951511
			28.3294087078485	-16.5800403951511
			28.3406953248635	-16.5800403951511
			28.3519819418786	-16.5800403951511
			28.3632685588937	-16.5800403951511
			28.3745551759088	-16.5800403951511
			28.3858417929239	-16.5800403951511
			28.3971284099389	-16.5800403951511
			28.408415026954	-16.5800403951511
			28.4197016439691	-16.5800403951511
			28.4309882609842	-16.5800403951511
			28.4422748779992	-16.5800403951511
			28.4535614950143	-16.5800403951511
			28.4648481120294	-16.5800403951511
			28.4761347290445	-16.5800403951511
			28.4874213460596	-16.5800403951511
			28.4987079630746	-16.5800403951511
			28.5099945800897	-16.5800403951511
			28.5212811971048	-16.5800403951511
			28.5325678141199	-16.5913270121662
			28.543854431135	-16.5913270121662
			28.55514104815	-16.5913270121662
			28.5664276651651	-16.5913270121662
			28.5777142821802	-16.5913270121662
			28.5890008991953	-16.5913270121662
			28.6002875162104	-16.6026136291813
			28.6115741332254	-16.6026136291813
			28.6228607502405	-16.6026136291813
			28.6341473672556	-16.6026136291813
			28.6341473672556	-16.6139002461964
			28.6454339842707	-16.6139002461964
			28.6567206012858	-16.6139002461964
			28.6680072183008	-16.6139002461964
			28.6792938353159	-16.6251868632115
			28.690580452331	-16.6251868632115
			28.7018670693461	-16.6364734802265
			28.7131536863611	-16.6364734802265
			28.7244403033762	-16.6477600972416
			28.7357269203913	-16.6477600972416
			28.7470135374064	-16.6590467142567
			28.7583001544215	-16.6703333312718
			28.7695867714365	-16.6816199482869
			28.7808733884516	-16.6816199482869
			28.7921600054667	-16.6929065653019
			28.8034466224818	-16.704193182317
			28.8147332394969	-16.704193182317
			28.8260198565119	-16.7154797993321
			28.837306473527	-16.7154797993321
			28.837306473527	-16.7267664163472
			28.8485930905421	-16.7380530333623
			28.8598797075572	-16.7380530333623
			28.8711663245723	-16.7493396503773
			28.8824529415873	-16.7606262673924
			28.8937395586024	-16.7719128844075
			28.9050261756175	-16.7831995014226
			28.9163127926326	-16.7831995014226
			28.9275994096476	-16.7944861184376
			28.9388860266627	-16.8057727354527
			28.9388860266627	-16.8170593524678
			28.9501726436778	-16.8170593524678
			28.9614592606929	-16.8283459694829
			28.972745877708	-16.839632586498
			28.984032494723	-16.850919203513
		</Outline3>
		<Outline4 type=matrix rownames=FALSE colnames=FALSE nrow=127 ncol=2 as.numeric=TRUE >
			28.984032494723	-16.850919203513
			28.9953191117381	-16.8622058205281
			29.0066057287532	-16.8734924375432
			29.0066057287532	-16.8847790545583
			29.0178923457683	-16.8960656715734
			29.0291789627834	-16.9073522885884
			29.0404655797984	-16.9073522885884
			29.0404655797984	-16.9186389056035
			29.0517521968135	-16.9299255226186
			29.0630388138286	-16.9412121396337
			29.0743254308437	-16.9524987566488
			29.0743254308437	-16.9637853736638
			29.0856120478588	-16.9637853736638
			29.0968986648738	-16.9750719906789
			29.0968986648738	-16.986358607694
			29.1081852818889	-16.9976452247091
			29.119471898904	-16.9976452247091
			29.119471898904	-17.0089318417242
			29.1307585159191	-17.0202184587392
			29.1307585159191	-17.0315050757543
			29.1307585159191	-17.0427916927694
			29.1420451329342	-17.0540783097845
			29.1420451329342	-17.0653649267995
			29.1533317499492	-17.0766515438146
			29.1533317499492	-17.0879381608297
			29.1646183669643	-17.0992247778448
			29.1646183669643	-17.1105113948599
			29.1759049839794	-17.1217980118749
			29.1759049839794	-17.13308462889
			29.1759049839794	-17.1443712459051
			29.1871916009945	-17.1556578629202
			29.1871916009945	-17.1669444799353
			29.1871916009945	-17.1782310969503
			29.1871916009945	-17.1895177139654
			29.1871916009945	-17.2008043309805
			29.1871916009945	-17.2120909479956
			29.1871916009945	-17.2233775650107
			29.1871916009945	-17.2346641820257
			29.1871916009945	-17.2459507990408
			29.1871916009945	-17.2572374160559
			29.1871916009945	-17.268524033071
			29.1871916009945	-17.2798106500861
			29.1871916009945	-17.2910972671011
			29.1871916009945	-17.3023838841162
			29.1871916009945	-17.3136705011313
			29.1871916009945	-17.3249571181464
			29.1871916009945	-17.3362437351614
			29.1871916009945	-17.3475303521765
			29.1871916009945	-17.3588169691916
			29.1759049839794	-17.3701035862067
			29.1759049839794	-17.3813902032218
			29.1759049839794	-17.3926768202368
			29.1759049839794	-17.4039634372519
			29.1759049839794	-17.415250054267
			29.1646183669643	-17.4265366712821
			29.1646183669643	-17.4378232882972
			29.1646183669643	-17.4491099053122
			29.1646183669643	-17.4603965223273
			29.1646183669643	-17.4716831393424
			29.1533317499492	-17.4829697563575
			29.1533317499492	-17.4942563733726
			29.1533317499492	-17.5055429903876
			29.1533317499492	-17.5168296074027
			29.1533317499492	-17.5281162244178
			29.1420451329342	-17.5394028414329
			29.1420451329342	-17.5506894584479
			29.1420451329342	-17.561976075463
			29.1307585159191	-17.5732626924781
			29.1307585159191	-17.5845493094932
			29.119471898904	-17.5958359265083
			29.119471898904	-17.6071225435233
			29.1081852818889	-17.6184091605384
			29.1081852818889	-17.6296957775535
			29.0968986648738	-17.6409823945686
			29.0856120478588	-17.6522690115837
			29.0856120478588	-17.6635556285987
			29.0743254308437	-17.6748422456138
			29.0743254308437	-17.6861288626289
			29.0630388138286	-17.697415479644
			29.0630388138286	-17.7087020966591
			29.0517521968135	-17.7199887136741
			29.0404655797984	-17.7312753306892
			29.0404655797984	-17.7425619477043
			29.0291789627834	-17.7538485647194
			29.0291789627834	-17.7651351817345
			29.0178923457683	-17.7651351817345
			29.0178923457683	-17.7764217987495
			29.0066057287532	-17.7877084157646
			29.0066057287532	-17.7989950327797
			28.9953191117381	-17.7989950327797
			28.9953191117381	-17.8102816497948
			28.9953191117381	-17.8215682668098
			28.984032494723	-17.8215682668098
			28.984032494723	-17.8328548838249
			28.972745877708	-17.84414150084
			28.9614592606929	-17.8554281178551
			28.9501726436778	-17.8667147348702
			28.9388860266627	-17.8780013518852
			28.9388860266627	-17.8892879689003
			28.9275994096476	-17.9005745859154
			28.9163127926326	-17.9005745859154
			28.9163127926326	-17.9118612029305
			28.9050261756175	-17.9231478199456
			28.8937395586024	-17.9231478199456
			28.8937395586024	-17.9344344369606
			28.8824529415873	-17.9344344369606
			28.8711663245723	-17.9457210539757
			28.8598797075572	-17.9570076709908
			28.8485930905421	-17.9570076709908
			28.837306473527	-17.9682942880059
			28.8260198565119	-17.979580905021
			28.8147332394969	-17.979580905021
			28.8034466224818	-17.990867522036
			28.7921600054667	-18.0021541390511
			28.7808733884516	-18.0134407560662
			28.7695867714365	-18.0247273730813
			28.7583001544215	-18.0360139900964
			28.7470135374064	-18.0473006071114
			28.7357269203913	-18.0473006071114
			28.7357269203913	-18.0585872241265
			28.7244403033762	-18.0698738411416
			28.7131536863611	-18.0698738411416
			28.7018670693461	-18.0811604581567
			28.7018670693461	-18.0924470751717
			28.690580452331	-18.1037336921868
			28.6792938353159	-18.1037336921868
			28.6680072183008	-18.1150203092019
		</Outline4>
	</curves.scaled>
	<ruler.points type=matrix rownames=TRUE colnames=FALSE nrow=2 ncol=2 as.numeric=TRUE >
		Ruler point 1	3149	2542
		Ruler point 2	2263	2539
	</ruler.points>
</shapes>

