<shapes type=list>
	<ruler.pixel type=vector names=FALSE length=1 as.numeric=TRUE >1409.02271095962</ruler.pixel>
	<ruler.interval type=vector names=FALSE length=1 as.numeric=TRUE >10</ruler.interval>
	<scaling.units type=vector names=FALSE length=1 as.numeric=FALSE >mm</scaling.units>
	<scaling type=vector names=FALSE length=1 as.numeric=TRUE >0.00709711768463225</scaling>
	<landmarks.pixel type=matrix rownames=TRUE colnames=FALSE nrow=4 ncol=2 as.numeric=TRUE >
		Labial	2546	1337
		Posterior	2430	1254
		Lingual	2524	1144
		Anterior	2648	1229
	</landmarks.pixel>
	<landmarks.scaled type=matrix rownames=TRUE colnames=FALSE nrow=4 ncol=2 as.numeric=TRUE >
		Labial	18.0692616250737	-9.48884634435332
		Posterior	17.2459959736564	-8.89978557652884
		Lingual	17.9131250360118	-8.11910263121929
		Anterior	18.7931676289062	-8.72235763441303
	</landmarks.scaled>
	<curves.control type=list>
		<Outline1 type=matrix rownames=FALSE colnames=FALSE nrow=13 ncol=2 as.numeric=TRUE >
			2546	1337
			2534	1342
			2523	1348
			2509	1354
			2495	1355
			2480	1355
			2469	1352
			2459	1348
			2448	1340
			2440	1331
			2435	1318
			2429	1305
			2430	1254
		</Outline1>
		<Outline2 type=matrix rownames=FALSE colnames=FALSE nrow=15 ncol=2 as.numeric=TRUE >
			2430	1254
			2430	1239
			2429	1224
			2432	1209
			2437	1195
			2445	1182
			2452	1170
			2458	1162
			2468	1157
			2480	1152
			2491	1149
			2501	1146
			2508	1145
			2516	1144
			2524	1144
		</Outline2>
		<Outline3 type=matrix rownames=FALSE colnames=FALSE nrow=17 ncol=2 as.numeric=TRUE >
			2524	1144
			2538	1143
			2553	1142
			2565	1142
			2575	1143
			2585	1145
			2594	1149
			2603	1155
			2609	1162
			2616	1169
			2621	1176
			2629	1184
			2634	1192
			2639	1200
			2643	1209
			2646	1218
			2648	1229
		</Outline3>
		<Outline4 type=matrix rownames=FALSE colnames=FALSE nrow=17 ncol=2 as.numeric=TRUE >
			2648	1229
			2648	1239
			2647	1248
			2646	1259
			2644	1270
			2641	1278
			2633	1292
			2627	1299
			2621	1307
			2613	1313
			2605	1317
			2596	1321
			2589	1323
			2578	1325
			2570	1327
			2559	1331
			2546	1337
		</Outline4>
	</curves.control>
	<curves.pixel type=list>
		<Outline1 type=matrix rownames=FALSE colnames=FALSE nrow=187 ncol=2 as.numeric=TRUE >
			2546	1337
			2545	1337
			2545	1338
			2544	1338
			2543	1338
			2542	1339
			2541	1339
			2540	1340
			2539	1340
			2538	1340
			2537	1341
			2536	1342
			2535	1342
			2534	1343
			2533	1343
			2532	1344
			2531	1344
			2530	1345
			2529	1345
			2528	1346
			2527	1346
			2526	1347
			2525	1347
			2524	1348
			2523	1348
			2522	1348
			2521	1349
			2520	1349
			2519	1350
			2518	1350
			2517	1350
			2516	1351
			2515	1351
			2514	1351
			2513	1352
			2512	1352
			2511	1352
			2510	1353
			2509	1353
			2508	1353
			2507	1353
			2506	1353
			2505	1354
			2504	1354
			2503	1354
			2502	1354
			2501	1354
			2500	1354
			2499	1355
			2498	1355
			2497	1355
			2496	1355
			2495	1355
			2494	1355
			2493	1355
			2492	1355
			2491	1355
			2490	1355
			2489	1355
			2488	1355
			2487	1355
			2486	1355
			2485	1355
			2484	1355
			2483	1354
			2482	1354
			2481	1354
			2480	1354
			2479	1354
			2478	1354
			2477	1354
			2476	1353
			2475	1353
			2474	1353
			2473	1353
			2472	1353
			2471	1352
			2470	1352
			2469	1352
			2468	1352
			2467	1351
			2466	1351
			2465	1350
			2464	1350
			2463	1349
			2462	1349
			2461	1348
			2460	1348
			2459	1347
			2458	1346
			2457	1346
			2456	1345
			2455	1345
			2454	1344
			2453	1343
			2452	1343
			2451	1342
			2450	1342
			2449	1341
			2449	1340
			2448	1340
			2447	1339
			2446	1338
			2445	1337
			2445	1336
			2444	1335
			2443	1334
			2443	1333
			2442	1332
			2442	1331
			2441	1330
			2440	1329
			2440	1328
			2439	1327
			2438	1326
			2438	1325
			2438	1324
			2437	1323
			2437	1322
			2436	1321
			2436	1320
			2435	1319
			2435	1318
			2435	1317
			2434	1316
			2434	1315
			2434	1314
			2433	1313
			2433	1312
			2433	1311
			2433	1310
			2432	1309
			2432	1308
			2432	1307
			2432	1306
			2432	1305
			2432	1304
			2431	1303
			2431	1302
			2431	1301
			2431	1300
			2431	1299
			2431	1298
			2431	1297
			2431	1296
			2431	1295
			2431	1294
			2431	1293
			2430	1292
			2430	1291
			2430	1290
			2430	1289
			2430	1288
			2430	1287
			2430	1286
			2430	1285
			2430	1284
			2430	1283
			2430	1282
			2430	1281
			2430	1280
			2430	1279
			2430	1278
			2430	1277
			2430	1276
			2430	1275
			2430	1274
			2430	1273
			2430	1272
			2430	1271
			2430	1270
			2430	1269
			2430	1268
			2430	1267
			2430	1266
			2430	1265
			2430	1264
			2430	1263
			2430	1262
			2430	1261
			2430	1260
			2430	1259
			2430	1258
			2430	1257
			2430	1256
			2430	1255
			2430	1254
		</Outline1>
		<Outline2 type=matrix rownames=FALSE colnames=FALSE nrow=165 ncol=2 as.numeric=TRUE >
			2430	1254
			2430	1253
			2430	1252
			2430	1251
			2430	1250
			2430	1249
			2430	1248
			2430	1247
			2430	1246
			2430	1245
			2430	1244
			2430	1243
			2430	1242
			2430	1241
			2430	1240
			2430	1239
			2430	1238
			2430	1237
			2430	1236
			2430	1235
			2430	1234
			2429	1233
			2429	1232
			2429	1231
			2429	1230
			2429	1229
			2429	1228
			2429	1227
			2429	1226
			2429	1225
			2429	1224
			2429	1223
			2429	1222
			2430	1222
			2430	1221
			2430	1220
			2430	1219
			2430	1218
			2431	1217
			2431	1216
			2431	1215
			2431	1214
			2431	1213
			2432	1212
			2432	1211
			2432	1210
			2433	1209
			2433	1208
			2433	1207
			2433	1206
			2434	1206
			2434	1205
			2434	1204
			2434	1203
			2435	1202
			2435	1201
			2435	1200
			2435	1199
			2436	1199
			2436	1198
			2436	1197
			2437	1196
			2437	1195
			2438	1194
			2438	1193
			2439	1192
			2439	1191
			2440	1190
			2440	1189
			2441	1189
			2441	1188
			2442	1187
			2442	1186
			2443	1185
			2443	1184
			2444	1184
			2444	1183
			2445	1182
			2445	1181
			2446	1180
			2447	1179
			2447	1178
			2448	1177
			2448	1176
			2449	1175
			2450	1174
			2450	1173
			2451	1172
			2451	1171
			2452	1170
			2453	1169
			2454	1168
			2455	1167
			2456	1166
			2457	1165
			2457	1164
			2458	1164
			2459	1163
			2459	1162
			2460	1162
			2461	1161
			2462	1161
			2463	1160
			2464	1159
			2465	1158
			2466	1158
			2467	1157
			2468	1157
			2469	1157
			2470	1156
			2471	1156
			2472	1155
			2473	1155
			2474	1155
			2475	1154
			2476	1154
			2477	1154
			2478	1153
			2479	1153
			2480	1153
			2481	1152
			2482	1152
			2483	1151
			2484	1151
			2485	1151
			2486	1150
			2487	1150
			2488	1150
			2489	1150
			2489	1149
			2490	1149
			2491	1149
			2492	1149
			2493	1148
			2494	1148
			2495	1148
			2496	1148
			2497	1147
			2498	1147
			2499	1147
			2500	1147
			2501	1146
			2502	1146
			2503	1146
			2504	1146
			2505	1145
			2506	1145
			2507	1145
			2508	1145
			2509	1145
			2510	1145
			2511	1145
			2512	1145
			2513	1144
			2514	1144
			2515	1144
			2516	1144
			2517	1144
			2518	1144
			2519	1144
			2520	1144
			2521	1144
			2522	1144
			2523	1144
			2524	1144
		</Outline2>
		<Outline3 type=matrix rownames=FALSE colnames=FALSE nrow=161 ncol=2 as.numeric=TRUE >
			2524	1144
			2525	1144
			2526	1144
			2527	1144
			2528	1144
			2529	1144
			2530	1144
			2531	1143
			2532	1143
			2533	1143
			2534	1143
			2535	1143
			2536	1143
			2537	1143
			2538	1143
			2539	1143
			2540	1143
			2541	1143
			2542	1143
			2543	1143
			2544	1143
			2545	1143
			2546	1142
			2547	1142
			2548	1142
			2549	1142
			2550	1142
			2551	1142
			2552	1142
			2553	1142
			2554	1142
			2555	1142
			2556	1142
			2557	1142
			2558	1142
			2559	1142
			2560	1142
			2561	1142
			2562	1142
			2563	1142
			2564	1142
			2565	1142
			2566	1142
			2567	1142
			2568	1142
			2569	1143
			2570	1143
			2571	1143
			2572	1143
			2573	1143
			2574	1143
			2575	1143
			2576	1143
			2577	1143
			2578	1144
			2579	1144
			2580	1144
			2581	1144
			2582	1145
			2583	1145
			2584	1145
			2585	1146
			2586	1146
			2587	1146
			2588	1147
			2589	1147
			2590	1147
			2591	1148
			2592	1148
			2593	1148
			2593	1149
			2594	1149
			2595	1150
			2596	1150
			2597	1151
			2598	1152
			2599	1152
			2600	1153
			2600	1154
			2601	1154
			2602	1155
			2603	1156
			2604	1157
			2605	1158
			2606	1159
			2607	1159
			2607	1160
			2608	1161
			2609	1162
			2610	1163
			2611	1164
			2612	1165
			2613	1166
			2614	1167
			2615	1168
			2616	1169
			2617	1170
			2618	1171
			2618	1172
			2619	1173
			2620	1174
			2621	1175
			2621	1176
			2622	1177
			2622	1178
			2623	1178
			2624	1179
			2624	1180
			2625	1180
			2626	1181
			2626	1182
			2627	1182
			2628	1183
			2628	1184
			2629	1185
			2630	1186
			2631	1187
			2631	1188
			2632	1189
			2633	1190
			2633	1191
			2634	1191
			2634	1192
			2635	1193
			2635	1194
			2636	1195
			2636	1196
			2637	1197
			2638	1198
			2638	1199
			2639	1200
			2639	1201
			2640	1202
			2640	1203
			2641	1204
			2641	1205
			2642	1206
			2642	1207
			2642	1208
			2643	1208
			2643	1209
			2643	1210
			2644	1211
			2644	1212
			2644	1213
			2645	1214
			2645	1215
			2645	1216
			2645	1217
			2646	1218
			2646	1219
			2646	1220
			2646	1221
			2647	1222
			2647	1223
			2647	1224
			2647	1225
			2647	1226
			2648	1227
			2648	1228
			2648	1229
		</Outline3>
		<Outline4 type=matrix rownames=FALSE colnames=FALSE nrow=158 ncol=2 as.numeric=TRUE >
			2648	1229
			2648	1230
			2648	1231
			2648	1232
			2648	1233
			2648	1234
			2648	1235
			2648	1236
			2648	1237
			2648	1238
			2648	1239
			2648	1240
			2648	1241
			2648	1242
			2647	1243
			2647	1244
			2647	1245
			2647	1246
			2647	1247
			2647	1248
			2647	1249
			2647	1250
			2647	1251
			2647	1252
			2646	1253
			2646	1254
			2646	1255
			2646	1256
			2646	1257
			2646	1258
			2646	1259
			2646	1260
			2645	1261
			2645	1262
			2645	1263
			2645	1264
			2645	1265
			2645	1266
			2645	1267
			2644	1268
			2644	1269
			2644	1270
			2644	1271
			2643	1272
			2643	1273
			2642	1274
			2642	1275
			2641	1276
			2641	1277
			2640	1278
			2640	1279
			2639	1280
			2639	1281
			2638	1282
			2638	1283
			2638	1284
			2637	1284
			2637	1285
			2636	1286
			2636	1287
			2636	1288
			2635	1288
			2635	1289
			2634	1290
			2634	1291
			2633	1292
			2632	1293
			2632	1294
			2631	1294
			2630	1295
			2629	1296
			2629	1297
			2628	1298
			2627	1299
			2626	1300
			2626	1301
			2625	1302
			2624	1303
			2623	1304
			2623	1305
			2622	1306
			2621	1307
			2620	1308
			2619	1308
			2618	1309
			2617	1310
			2616	1310
			2615	1311
			2614	1312
			2613	1312
			2612	1313
			2611	1313
			2610	1314
			2609	1315
			2608	1315
			2607	1316
			2606	1316
			2605	1317
			2604	1317
			2603	1318
			2602	1318
			2601	1319
			2600	1319
			2599	1320
			2598	1320
			2597	1320
			2596	1321
			2595	1321
			2594	1321
			2593	1322
			2592	1322
			2591	1322
			2590	1323
			2589	1323
			2588	1323
			2587	1323
			2586	1324
			2585	1324
			2584	1324
			2583	1324
			2582	1324
			2581	1325
			2580	1325
			2579	1325
			2578	1325
			2577	1325
			2576	1326
			2575	1326
			2574	1326
			2573	1326
			2572	1326
			2571	1327
			2570	1327
			2569	1327
			2568	1328
			2567	1328
			2566	1329
			2565	1329
			2564	1329
			2563	1329
			2563	1330
			2562	1330
			2561	1330
			2560	1331
			2559	1331
			2558	1332
			2557	1332
			2556	1333
			2555	1333
			2554	1333
			2553	1334
			2552	1334
			2551	1335
			2550	1335
			2549	1335
			2548	1336
			2547	1336
			2546	1337
		</Outline4>
	</curves.pixel>
	<curves.scaled type=list>
		<Outline1 type=matrix rownames=FALSE colnames=FALSE nrow=187 ncol=2 as.numeric=TRUE >
			18.0692616250737	-9.48884634435332
			18.0621645073891	-9.48884634435332
			18.0621645073891	-9.49594346203795
			18.0550673897044	-9.49594346203795
			18.0479702720198	-9.49594346203795
			18.0408731543352	-9.50304057972258
			18.0337760366505	-9.50304057972258
			18.0266789189659	-9.51013769740721
			18.0195818012813	-9.51013769740721
			18.0124846835967	-9.51013769740721
			18.005387565912	-9.51723481509185
			17.9982904482274	-9.52433193277648
			17.9911933305428	-9.52433193277648
			17.9840962128581	-9.53142905046111
			17.9769990951735	-9.53142905046111
			17.9699019774889	-9.53852616814574
			17.9628048598042	-9.53852616814574
			17.9557077421196	-9.54562328583038
			17.948610624435	-9.54562328583038
			17.9415135067503	-9.55272040351501
			17.9344163890657	-9.55272040351501
			17.9273192713811	-9.55981752119964
			17.9202221536964	-9.55981752119964
			17.9131250360118	-9.56691463888427
			17.9060279183272	-9.56691463888427
			17.8989308006425	-9.56691463888427
			17.8918336829579	-9.5740117565689
			17.8847365652733	-9.5740117565689
			17.8776394475886	-9.58110887425354
			17.870542329904	-9.58110887425354
			17.8634452122194	-9.58110887425354
			17.8563480945347	-9.58820599193817
			17.8492509768501	-9.58820599193817
			17.8421538591655	-9.58820599193817
			17.8350567414808	-9.5953031096228
			17.8279596237962	-9.5953031096228
			17.8208625061116	-9.5953031096228
			17.8137653884269	-9.60240022730743
			17.8066682707423	-9.60240022730743
			17.7995711530577	-9.60240022730743
			17.7924740353731	-9.60240022730743
			17.7853769176884	-9.60240022730743
			17.7782798000038	-9.60949734499207
			17.7711826823192	-9.60949734499207
			17.7640855646345	-9.60949734499207
			17.7569884469499	-9.60949734499207
			17.7498913292653	-9.60949734499207
			17.7427942115806	-9.60949734499207
			17.735697093896	-9.6165944626767
			17.7285999762114	-9.6165944626767
			17.7215028585267	-9.6165944626767
			17.7144057408421	-9.6165944626767
			17.7073086231575	-9.6165944626767
			17.7002115054728	-9.6165944626767
			17.6931143877882	-9.6165944626767
			17.6860172701036	-9.6165944626767
			17.6789201524189	-9.6165944626767
			17.6718230347343	-9.6165944626767
			17.6647259170497	-9.6165944626767
			17.657628799365	-9.6165944626767
			17.6505316816804	-9.6165944626767
			17.6434345639958	-9.6165944626767
			17.6363374463111	-9.6165944626767
			17.6292403286265	-9.6165944626767
			17.6221432109419	-9.60949734499207
			17.6150460932572	-9.60949734499207
			17.6079489755726	-9.60949734499207
			17.600851857888	-9.60949734499207
			17.5937547402033	-9.60949734499207
			17.5866576225187	-9.60949734499207
			17.5795605048341	-9.60949734499207
			17.5724633871495	-9.60240022730743
			17.5653662694648	-9.60240022730743
			17.5582691517802	-9.60240022730743
			17.5511720340956	-9.60240022730743
			17.5440749164109	-9.60240022730743
			17.5369777987263	-9.5953031096228
			17.5298806810417	-9.5953031096228
			17.522783563357	-9.5953031096228
			17.5156864456724	-9.5953031096228
			17.5085893279878	-9.58820599193817
			17.5014922103031	-9.58820599193817
			17.4943950926185	-9.58110887425354
			17.4872979749339	-9.58110887425354
			17.4802008572492	-9.5740117565689
			17.4731037395646	-9.5740117565689
			17.46600662188	-9.56691463888427
			17.4589095041953	-9.56691463888427
			17.4518123865107	-9.55981752119964
			17.4447152688261	-9.55272040351501
			17.4376181511414	-9.55272040351501
			17.4305210334568	-9.54562328583038
			17.4234239157722	-9.54562328583038
			17.4163267980875	-9.53852616814574
			17.4092296804029	-9.53142905046111
			17.4021325627183	-9.53142905046111
			17.3950354450336	-9.52433193277648
			17.387938327349	-9.52433193277648
			17.3808412096644	-9.51723481509185
			17.3808412096644	-9.51013769740721
			17.3737440919797	-9.51013769740721
			17.3666469742951	-9.50304057972258
			17.3595498566105	-9.49594346203795
			17.3524527389258	-9.48884634435332
			17.3524527389258	-9.48174922666868
			17.3453556212412	-9.47465210898405
			17.3382585035566	-9.46755499129942
			17.3382585035566	-9.46045787361479
			17.331161385872	-9.45336075593016
			17.331161385872	-9.44626363824552
			17.3240642681873	-9.43916652056089
			17.3169671505027	-9.43206940287626
			17.3169671505027	-9.42497228519163
			17.3098700328181	-9.417875167507
			17.3027729151334	-9.41077804982236
			17.3027729151334	-9.40368093213773
			17.3027729151334	-9.3965838144531
			17.2956757974488	-9.38948669676847
			17.2956757974488	-9.38238957908383
			17.2885786797642	-9.3752924613992
			17.2885786797642	-9.36819534371457
			17.2814815620795	-9.36109822602994
			17.2814815620795	-9.3540011083453
			17.2814815620795	-9.34690399066067
			17.2743844443949	-9.33980687297604
			17.2743844443949	-9.33270975529141
			17.2743844443949	-9.32561263760678
			17.2672873267103	-9.31851551992214
			17.2672873267103	-9.31141840223751
			17.2672873267103	-9.30432128455288
			17.2672873267103	-9.29722416686825
			17.2601902090256	-9.29012704918361
			17.2601902090256	-9.28302993149898
			17.2601902090256	-9.27593281381435
			17.2601902090256	-9.26883569612972
			17.2601902090256	-9.26173857844508
			17.2601902090256	-9.25464146076045
			17.253093091341	-9.24754434307582
			17.253093091341	-9.24044722539119
			17.253093091341	-9.23335010770656
			17.253093091341	-9.22625299002192
			17.253093091341	-9.21915587233729
			17.253093091341	-9.21205875465266
			17.253093091341	-9.20496163696803
			17.253093091341	-9.1978645192834
			17.253093091341	-9.19076740159876
			17.253093091341	-9.18367028391413
			17.253093091341	-9.1765731662295
			17.2459959736564	-9.16947604854487
			17.2459959736564	-9.16237893086023
			17.2459959736564	-9.1552818131756
			17.2459959736564	-9.14818469549097
			17.2459959736564	-9.14108757780634
			17.2459959736564	-9.13399046012171
			17.2459959736564	-9.12689334243707
			17.2459959736564	-9.11979622475244
			17.2459959736564	-9.11269910706781
			17.2459959736564	-9.10560198938318
			17.2459959736564	-9.09850487169854
			17.2459959736564	-9.09140775401391
			17.2459959736564	-9.08431063632928
			17.2459959736564	-9.07721351864465
			17.2459959736564	-9.07011640096001
			17.2459959736564	-9.06301928327538
			17.2459959736564	-9.05592216559075
			17.2459959736564	-9.04882504790612
			17.2459959736564	-9.04172793022149
			17.2459959736564	-9.03463081253685
			17.2459959736564	-9.02753369485222
			17.2459959736564	-9.02043657716759
			17.2459959736564	-9.01333945948296
			17.2459959736564	-9.00624234179833
			17.2459959736564	-8.99914522411369
			17.2459959736564	-8.99204810642906
			17.2459959736564	-8.98495098874443
			17.2459959736564	-8.97785387105979
			17.2459959736564	-8.97075675337516
			17.2459959736564	-8.96365963569053
			17.2459959736564	-8.9565625180059
			17.2459959736564	-8.94946540032127
			17.2459959736564	-8.94236828263663
			17.2459959736564	-8.935271164952
			17.2459959736564	-8.92817404726737
			17.2459959736564	-8.92107692958274
			17.2459959736564	-8.91397981189811
			17.2459959736564	-8.90688269421347
			17.2459959736564	-8.89978557652884
		</Outline1>
		<Outline2 type=matrix rownames=FALSE colnames=FALSE nrow=165 ncol=2 as.numeric=TRUE >
			17.2459959736564	-8.89978557652884
			17.2459959736564	-8.89268845884421
			17.2459959736564	-8.88559134115958
			17.2459959736564	-8.87849422347494
			17.2459959736564	-8.87139710579031
			17.2459959736564	-8.86429998810568
			17.2459959736564	-8.85720287042105
			17.2459959736564	-8.85010575273641
			17.2459959736564	-8.84300863505178
			17.2459959736564	-8.83591151736715
			17.2459959736564	-8.82881439968252
			17.2459959736564	-8.82171728199789
			17.2459959736564	-8.81462016431325
			17.2459959736564	-8.80752304662862
			17.2459959736564	-8.80042592894399
			17.2459959736564	-8.79332881125936
			17.2459959736564	-8.78623169357473
			17.2459959736564	-8.77913457589009
			17.2459959736564	-8.77203745820546
			17.2459959736564	-8.76494034052083
			17.2459959736564	-8.7578432228362
			17.2388988559717	-8.75074610515156
			17.2388988559717	-8.74364898746693
			17.2388988559717	-8.7365518697823
			17.2388988559717	-8.72945475209767
			17.2388988559717	-8.72235763441303
			17.2388988559717	-8.7152605167284
			17.2388988559717	-8.70816339904377
			17.2388988559717	-8.70106628135914
			17.2388988559717	-8.69396916367451
			17.2388988559717	-8.68687204598987
			17.2388988559717	-8.67977492830524
			17.2388988559717	-8.67267781062061
			17.2459959736564	-8.67267781062061
			17.2459959736564	-8.66558069293598
			17.2459959736564	-8.65848357525134
			17.2459959736564	-8.65138645756671
			17.2459959736564	-8.64428933988208
			17.253093091341	-8.63719222219745
			17.253093091341	-8.63009510451282
			17.253093091341	-8.62299798682818
			17.253093091341	-8.61590086914355
			17.253093091341	-8.60880375145892
			17.2601902090256	-8.60170663377429
			17.2601902090256	-8.59460951608965
			17.2601902090256	-8.58751239840502
			17.2672873267103	-8.58041528072039
			17.2672873267103	-8.57331816303576
			17.2672873267103	-8.56622104535112
			17.2672873267103	-8.55912392766649
			17.2743844443949	-8.55912392766649
			17.2743844443949	-8.55202680998186
			17.2743844443949	-8.54492969229723
			17.2743844443949	-8.5378325746126
			17.2814815620795	-8.53073545692796
			17.2814815620795	-8.52363833924333
			17.2814815620795	-8.5165412215587
			17.2814815620795	-8.50944410387407
			17.2885786797642	-8.50944410387407
			17.2885786797642	-8.50234698618944
			17.2885786797642	-8.4952498685048
			17.2956757974488	-8.48815275082017
			17.2956757974488	-8.48105563313554
			17.3027729151334	-8.47395851545091
			17.3027729151334	-8.46686139776627
			17.3098700328181	-8.45976428008164
			17.3098700328181	-8.45266716239701
			17.3169671505027	-8.44557004471238
			17.3169671505027	-8.43847292702774
			17.3240642681873	-8.43847292702774
			17.3240642681873	-8.43137580934311
			17.331161385872	-8.42427869165848
			17.331161385872	-8.41718157397385
			17.3382585035566	-8.41008445628922
			17.3382585035566	-8.40298733860458
			17.3453556212412	-8.40298733860458
			17.3453556212412	-8.39589022091995
			17.3524527389258	-8.38879310323532
			17.3524527389258	-8.38169598555069
			17.3595498566105	-8.37459886786605
			17.3666469742951	-8.36750175018142
			17.3666469742951	-8.36040463249679
			17.3737440919797	-8.35330751481216
			17.3737440919797	-8.34621039712752
			17.3808412096644	-8.33911327944289
			17.387938327349	-8.33201616175826
			17.387938327349	-8.32491904407363
			17.3950354450336	-8.317821926389
			17.3950354450336	-8.31072480870436
			17.4021325627183	-8.30362769101973
			17.4092296804029	-8.2965305733351
			17.4163267980875	-8.28943345565047
			17.4234239157722	-8.28233633796584
			17.4305210334568	-8.2752392202812
			17.4376181511414	-8.26814210259657
			17.4376181511414	-8.26104498491194
			17.4447152688261	-8.26104498491194
			17.4518123865107	-8.25394786722731
			17.4518123865107	-8.24685074954267
			17.4589095041953	-8.24685074954267
			17.46600662188	-8.23975363185804
			17.4731037395646	-8.23975363185804
			17.4802008572492	-8.23265651417341
			17.4872979749339	-8.22555939648878
			17.4943950926185	-8.21846227880414
			17.5014922103031	-8.21846227880414
			17.5085893279878	-8.21136516111951
			17.5156864456724	-8.21136516111951
			17.522783563357	-8.21136516111951
			17.5298806810417	-8.20426804343488
			17.5369777987263	-8.20426804343488
			17.5440749164109	-8.19717092575025
			17.5511720340956	-8.19717092575025
			17.5582691517802	-8.19717092575025
			17.5653662694648	-8.19007380806562
			17.5724633871495	-8.19007380806562
			17.5795605048341	-8.19007380806562
			17.5866576225187	-8.18297669038098
			17.5937547402033	-8.18297669038098
			17.600851857888	-8.18297669038098
			17.6079489755726	-8.17587957269635
			17.6150460932572	-8.17587957269635
			17.6221432109419	-8.16878245501172
			17.6292403286265	-8.16878245501172
			17.6363374463111	-8.16878245501172
			17.6434345639958	-8.16168533732709
			17.6505316816804	-8.16168533732709
			17.657628799365	-8.16168533732709
			17.6647259170497	-8.16168533732709
			17.6647259170497	-8.15458821964245
			17.6718230347343	-8.15458821964245
			17.6789201524189	-8.15458821964245
			17.6860172701036	-8.15458821964245
			17.6931143877882	-8.14749110195782
			17.7002115054728	-8.14749110195782
			17.7073086231575	-8.14749110195782
			17.7144057408421	-8.14749110195782
			17.7215028585267	-8.14039398427319
			17.7285999762114	-8.14039398427319
			17.735697093896	-8.14039398427319
			17.7427942115806	-8.14039398427319
			17.7498913292653	-8.13329686658856
			17.7569884469499	-8.13329686658856
			17.7640855646345	-8.13329686658856
			17.7711826823192	-8.13329686658856
			17.7782798000038	-8.12619974890393
			17.7853769176884	-8.12619974890393
			17.7924740353731	-8.12619974890393
			17.7995711530577	-8.12619974890393
			17.8066682707423	-8.12619974890393
			17.8137653884269	-8.12619974890393
			17.8208625061116	-8.12619974890393
			17.8279596237962	-8.12619974890393
			17.8350567414808	-8.11910263121929
			17.8421538591655	-8.11910263121929
			17.8492509768501	-8.11910263121929
			17.8563480945347	-8.11910263121929
			17.8634452122194	-8.11910263121929
			17.870542329904	-8.11910263121929
			17.8776394475886	-8.11910263121929
			17.8847365652733	-8.11910263121929
			17.8918336829579	-8.11910263121929
			17.8989308006425	-8.11910263121929
			17.9060279183272	-8.11910263121929
			17.9131250360118	-8.11910263121929
		</Outline2>
		<Outline3 type=matrix rownames=FALSE colnames=FALSE nrow=161 ncol=2 as.numeric=TRUE >
			17.9131250360118	-8.11910263121929
			17.9202221536964	-8.11910263121929
			17.9273192713811	-8.11910263121929
			17.9344163890657	-8.11910263121929
			17.9415135067503	-8.11910263121929
			17.948610624435	-8.11910263121929
			17.9557077421196	-8.11910263121929
			17.9628048598042	-8.11200551353466
			17.9699019774889	-8.11200551353466
			17.9769990951735	-8.11200551353466
			17.9840962128581	-8.11200551353466
			17.9911933305428	-8.11200551353466
			17.9982904482274	-8.11200551353466
			18.005387565912	-8.11200551353466
			18.0124846835967	-8.11200551353466
			18.0195818012813	-8.11200551353466
			18.0266789189659	-8.11200551353466
			18.0337760366505	-8.11200551353466
			18.0408731543352	-8.11200551353466
			18.0479702720198	-8.11200551353466
			18.0550673897044	-8.11200551353466
			18.0621645073891	-8.11200551353466
			18.0692616250737	-8.10490839585003
			18.0763587427583	-8.10490839585003
			18.083455860443	-8.10490839585003
			18.0905529781276	-8.10490839585003
			18.0976500958122	-8.10490839585003
			18.1047472134969	-8.10490839585003
			18.1118443311815	-8.10490839585003
			18.1189414488661	-8.10490839585003
			18.1260385665508	-8.10490839585003
			18.1331356842354	-8.10490839585003
			18.14023280192	-8.10490839585003
			18.1473299196047	-8.10490839585003
			18.1544270372893	-8.10490839585003
			18.1615241549739	-8.10490839585003
			18.1686212726586	-8.10490839585003
			18.1757183903432	-8.10490839585003
			18.1828155080278	-8.10490839585003
			18.1899126257125	-8.10490839585003
			18.1970097433971	-8.10490839585003
			18.2041068610817	-8.10490839585003
			18.2112039787664	-8.10490839585003
			18.218301096451	-8.10490839585003
			18.2253982141356	-8.10490839585003
			18.2324953318202	-8.11200551353466
			18.2395924495049	-8.11200551353466
			18.2466895671895	-8.11200551353466
			18.2537866848741	-8.11200551353466
			18.2608838025588	-8.11200551353466
			18.2679809202434	-8.11200551353466
			18.275078037928	-8.11200551353466
			18.2821751556127	-8.11200551353466
			18.2892722732973	-8.11200551353466
			18.2963693909819	-8.11910263121929
			18.3034665086666	-8.11910263121929
			18.3105636263512	-8.11910263121929
			18.3176607440358	-8.11910263121929
			18.3247578617205	-8.12619974890393
			18.3318549794051	-8.12619974890393
			18.3389520970897	-8.12619974890393
			18.3460492147744	-8.13329686658856
			18.353146332459	-8.13329686658856
			18.3602434501436	-8.13329686658856
			18.3673405678283	-8.14039398427319
			18.3744376855129	-8.14039398427319
			18.3815348031975	-8.14039398427319
			18.3886319208822	-8.14749110195782
			18.3957290385668	-8.14749110195782
			18.4028261562514	-8.14749110195782
			18.4028261562514	-8.15458821964245
			18.4099232739361	-8.15458821964245
			18.4170203916207	-8.16168533732709
			18.4241175093053	-8.16168533732709
			18.43121462699	-8.16878245501172
			18.4383117446746	-8.17587957269635
			18.4454088623592	-8.17587957269635
			18.4525059800438	-8.18297669038098
			18.4525059800438	-8.19007380806562
			18.4596030977285	-8.19007380806562
			18.4667002154131	-8.19717092575025
			18.4737973330977	-8.20426804343488
			18.4808944507824	-8.21136516111951
			18.487991568467	-8.21846227880414
			18.4950886861516	-8.22555939648878
			18.5021858038363	-8.22555939648878
			18.5021858038363	-8.23265651417341
			18.5092829215209	-8.23975363185804
			18.5163800392055	-8.24685074954267
			18.5234771568902	-8.25394786722731
			18.5305742745748	-8.26104498491194
			18.5376713922594	-8.26814210259657
			18.5447685099441	-8.2752392202812
			18.5518656276287	-8.28233633796584
			18.5589627453133	-8.28943345565047
			18.566059862998	-8.2965305733351
			18.5731569806826	-8.30362769101973
			18.5802540983672	-8.31072480870436
			18.5802540983672	-8.317821926389
			18.5873512160519	-8.32491904407363
			18.5944483337365	-8.33201616175826
			18.6015454514211	-8.33911327944289
			18.6015454514211	-8.34621039712752
			18.6086425691058	-8.35330751481216
			18.6086425691058	-8.36040463249679
			18.6157396867904	-8.36040463249679
			18.622836804475	-8.36750175018142
			18.622836804475	-8.37459886786605
			18.6299339221597	-8.37459886786605
			18.6370310398443	-8.38169598555069
			18.6370310398443	-8.38879310323532
			18.6441281575289	-8.38879310323532
			18.6512252752136	-8.39589022091995
			18.6512252752136	-8.40298733860458
			18.6583223928982	-8.41008445628922
			18.6654195105828	-8.41718157397385
			18.6725166282674	-8.42427869165848
			18.6725166282674	-8.43137580934311
			18.6796137459521	-8.43847292702774
			18.6867108636367	-8.44557004471238
			18.6867108636367	-8.45266716239701
			18.6938079813213	-8.45266716239701
			18.6938079813213	-8.45976428008164
			18.700905099006	-8.46686139776627
			18.700905099006	-8.47395851545091
			18.7080022166906	-8.48105563313554
			18.7080022166906	-8.48815275082017
			18.7150993343752	-8.4952498685048
			18.7221964520599	-8.50234698618944
			18.7221964520599	-8.50944410387407
			18.7292935697445	-8.5165412215587
			18.7292935697445	-8.52363833924333
			18.7363906874291	-8.53073545692796
			18.7363906874291	-8.5378325746126
			18.7434878051138	-8.54492969229723
			18.7434878051138	-8.55202680998186
			18.7505849227984	-8.55912392766649
			18.7505849227984	-8.56622104535112
			18.7505849227984	-8.57331816303576
			18.757682040483	-8.57331816303576
			18.757682040483	-8.58041528072039
			18.757682040483	-8.58751239840502
			18.7647791581677	-8.59460951608965
			18.7647791581677	-8.60170663377429
			18.7647791581677	-8.60880375145892
			18.7718762758523	-8.61590086914355
			18.7718762758523	-8.62299798682818
			18.7718762758523	-8.63009510451282
			18.7718762758523	-8.63719222219745
			18.7789733935369	-8.64428933988208
			18.7789733935369	-8.65138645756671
			18.7789733935369	-8.65848357525134
			18.7789733935369	-8.66558069293598
			18.7860705112216	-8.67267781062061
			18.7860705112216	-8.67977492830524
			18.7860705112216	-8.68687204598987
			18.7860705112216	-8.69396916367451
			18.7860705112216	-8.70106628135914
			18.7931676289062	-8.70816339904377
			18.7931676289062	-8.7152605167284
			18.7931676289062	-8.72235763441303
		</Outline3>
		<Outline4 type=matrix rownames=FALSE colnames=FALSE nrow=158 ncol=2 as.numeric=TRUE >
			18.7931676289062	-8.72235763441303
			18.7931676289062	-8.72945475209767
			18.7931676289062	-8.7365518697823
			18.7931676289062	-8.74364898746693
			18.7931676289062	-8.75074610515156
			18.7931676289062	-8.7578432228362
			18.7931676289062	-8.76494034052083
			18.7931676289062	-8.77203745820546
			18.7931676289062	-8.77913457589009
			18.7931676289062	-8.78623169357473
			18.7931676289062	-8.79332881125936
			18.7931676289062	-8.80042592894399
			18.7931676289062	-8.80752304662862
			18.7931676289062	-8.81462016431325
			18.7860705112216	-8.82171728199789
			18.7860705112216	-8.82881439968252
			18.7860705112216	-8.83591151736715
			18.7860705112216	-8.84300863505178
			18.7860705112216	-8.85010575273641
			18.7860705112216	-8.85720287042105
			18.7860705112216	-8.86429998810568
			18.7860705112216	-8.87139710579031
			18.7860705112216	-8.87849422347494
			18.7860705112216	-8.88559134115958
			18.7789733935369	-8.89268845884421
			18.7789733935369	-8.89978557652884
			18.7789733935369	-8.90688269421347
			18.7789733935369	-8.91397981189811
			18.7789733935369	-8.92107692958274
			18.7789733935369	-8.92817404726737
			18.7789733935369	-8.935271164952
			18.7789733935369	-8.94236828263663
			18.7718762758523	-8.94946540032127
			18.7718762758523	-8.9565625180059
			18.7718762758523	-8.96365963569053
			18.7718762758523	-8.97075675337516
			18.7718762758523	-8.97785387105979
			18.7718762758523	-8.98495098874443
			18.7718762758523	-8.99204810642906
			18.7647791581677	-8.99914522411369
			18.7647791581677	-9.00624234179833
			18.7647791581677	-9.01333945948296
			18.7647791581677	-9.02043657716759
			18.757682040483	-9.02753369485222
			18.757682040483	-9.03463081253685
			18.7505849227984	-9.04172793022149
			18.7505849227984	-9.04882504790612
			18.7434878051138	-9.05592216559075
			18.7434878051138	-9.06301928327538
			18.7363906874291	-9.07011640096001
			18.7363906874291	-9.07721351864465
			18.7292935697445	-9.08431063632928
			18.7292935697445	-9.09140775401391
			18.7221964520599	-9.09850487169854
			18.7221964520599	-9.10560198938318
			18.7221964520599	-9.11269910706781
			18.7150993343752	-9.11269910706781
			18.7150993343752	-9.11979622475244
			18.7080022166906	-9.12689334243707
			18.7080022166906	-9.13399046012171
			18.7080022166906	-9.14108757780634
			18.700905099006	-9.14108757780634
			18.700905099006	-9.14818469549097
			18.6938079813213	-9.1552818131756
			18.6938079813213	-9.16237893086023
			18.6867108636367	-9.16947604854487
			18.6796137459521	-9.1765731662295
			18.6796137459521	-9.18367028391413
			18.6725166282674	-9.18367028391413
			18.6654195105828	-9.19076740159876
			18.6583223928982	-9.1978645192834
			18.6583223928982	-9.20496163696803
			18.6512252752136	-9.21205875465266
			18.6441281575289	-9.21915587233729
			18.6370310398443	-9.22625299002192
			18.6370310398443	-9.23335010770656
			18.6299339221597	-9.24044722539119
			18.622836804475	-9.24754434307582
			18.6157396867904	-9.25464146076045
			18.6157396867904	-9.26173857844508
			18.6086425691058	-9.26883569612972
			18.6015454514211	-9.27593281381435
			18.5944483337365	-9.28302993149898
			18.5873512160519	-9.28302993149898
			18.5802540983672	-9.29012704918361
			18.5731569806826	-9.29722416686825
			18.566059862998	-9.29722416686825
			18.5589627453133	-9.30432128455288
			18.5518656276287	-9.31141840223751
			18.5447685099441	-9.31141840223751
			18.5376713922594	-9.31851551992214
			18.5305742745748	-9.31851551992214
			18.5234771568902	-9.32561263760678
			18.5163800392055	-9.33270975529141
			18.5092829215209	-9.33270975529141
			18.5021858038363	-9.33980687297604
			18.4950886861516	-9.33980687297604
			18.487991568467	-9.34690399066067
			18.4808944507824	-9.34690399066067
			18.4737973330977	-9.3540011083453
			18.4667002154131	-9.3540011083453
			18.4596030977285	-9.36109822602994
			18.4525059800438	-9.36109822602994
			18.4454088623592	-9.36819534371457
			18.4383117446746	-9.36819534371457
			18.43121462699	-9.36819534371457
			18.4241175093053	-9.3752924613992
			18.4170203916207	-9.3752924613992
			18.4099232739361	-9.3752924613992
			18.4028261562514	-9.38238957908383
			18.3957290385668	-9.38238957908383
			18.3886319208822	-9.38238957908383
			18.3815348031975	-9.38948669676847
			18.3744376855129	-9.38948669676847
			18.3673405678283	-9.38948669676847
			18.3602434501436	-9.38948669676847
			18.353146332459	-9.3965838144531
			18.3460492147744	-9.3965838144531
			18.3389520970897	-9.3965838144531
			18.3318549794051	-9.3965838144531
			18.3247578617205	-9.3965838144531
			18.3176607440358	-9.40368093213773
			18.3105636263512	-9.40368093213773
			18.3034665086666	-9.40368093213773
			18.2963693909819	-9.40368093213773
			18.2892722732973	-9.40368093213773
			18.2821751556127	-9.41077804982236
			18.275078037928	-9.41077804982236
			18.2679809202434	-9.41077804982236
			18.2608838025588	-9.41077804982236
			18.2537866848741	-9.41077804982236
			18.2466895671895	-9.417875167507
			18.2395924495049	-9.417875167507
			18.2324953318202	-9.417875167507
			18.2253982141356	-9.42497228519163
			18.218301096451	-9.42497228519163
			18.2112039787664	-9.43206940287626
			18.2041068610817	-9.43206940287626
			18.1970097433971	-9.43206940287626
			18.1899126257125	-9.43206940287626
			18.1899126257125	-9.43916652056089
			18.1828155080278	-9.43916652056089
			18.1757183903432	-9.43916652056089
			18.1686212726586	-9.44626363824552
			18.1615241549739	-9.44626363824552
			18.1544270372893	-9.45336075593016
			18.1473299196047	-9.45336075593016
			18.14023280192	-9.46045787361479
			18.1331356842354	-9.46045787361479
			18.1260385665508	-9.46045787361479
			18.1189414488661	-9.46755499129942
			18.1118443311815	-9.46755499129942
			18.1047472134969	-9.47465210898405
			18.0976500958122	-9.47465210898405
			18.0905529781276	-9.47465210898405
			18.083455860443	-9.48174922666868
			18.0763587427583	-9.48174922666868
			18.0692616250737	-9.48884634435332
		</Outline4>
	</curves.scaled>
	<ruler.points type=matrix rownames=TRUE colnames=FALSE nrow=2 ncol=2 as.numeric=TRUE >
		Ruler point 1	3739	2710
		Ruler point 2	2330	2718
	</ruler.points>
</shapes>

