<shapes type=list>
	<ruler.pixel type=vector names=FALSE length=1 as.numeric=TRUE >1193.22168937712</ruler.pixel>
	<ruler.interval type=vector names=FALSE length=1 as.numeric=TRUE >10</ruler.interval>
	<scaling.units type=vector names=FALSE length=1 as.numeric=FALSE >mm</scaling.units>
	<scaling type=vector names=FALSE length=1 as.numeric=TRUE >0.008380672333588</scaling>
	<landmarks.pixel type=matrix rownames=TRUE colnames=FALSE nrow=4 ncol=2 as.numeric=TRUE >
		Labial	2488	1687
		Posterior	2432	1654
		Lingual	2474	1605
		Anterior	2524	1639
	</landmarks.pixel>
	<landmarks.scaled type=matrix rownames=TRUE colnames=FALSE nrow=4 ncol=2 as.numeric=TRUE >
		Labial	20.8511127659669	-14.138194226763
		Posterior	20.381795115286	-13.8616320397545
		Lingual	20.7337833532967	-13.4509790954087
		Anterior	21.1528169699761	-13.7359219547507
	</landmarks.scaled>
	<curves.control type=list>
		<Outline1 type=matrix rownames=FALSE colnames=FALSE nrow=13 ncol=2 as.numeric=TRUE >
			2488	1687
			2481	1691
			2475	1695
			2469	1698
			2462	1699
			2455	1699
			2449	1696
			2443	1692
			2438	1687
			2435	1682
			2433	1675
			2432	1667
			2432	1654
		</Outline1>
		<Outline2 type=matrix rownames=FALSE colnames=FALSE nrow=13 ncol=2 as.numeric=TRUE >
			2432	1654
			2432	1645
			2432	1638
			2432	1629
			2434	1621
			2438	1615
			2442	1609
			2446	1606
			2450	1604
			2455	1603
			2460	1603
			2466	1603
			2474	1605
		</Outline2>
		<Outline3 type=matrix rownames=FALSE colnames=FALSE nrow=11 ncol=2 as.numeric=TRUE >
			2474	1605
			2482	1607
			2487	1609
			2493	1610
			2499	1614
			2507	1618
			2514	1622
			2518	1626
			2521	1630
			2523	1634
			2524	1639
		</Outline3>
		<Outline4 type=matrix rownames=FALSE colnames=FALSE nrow=11 ncol=2 as.numeric=TRUE >
			2524	1639
			2525	1648
			2524	1655
			2522	1663
			2518	1668
			2513	1672
			2508	1675
			2503	1677
			2498	1680
			2493	1683
			2488	1687
		</Outline4>
	</curves.control>
	<curves.pixel type=list>
		<Outline1 type=matrix rownames=FALSE colnames=FALSE nrow=86 ncol=2 as.numeric=TRUE >
			2488	1687
			2487	1688
			2486	1688
			2485	1689
			2484	1689
			2483	1690
			2482	1691
			2481	1691
			2480	1692
			2479	1693
			2478	1693
			2477	1694
			2476	1695
			2475	1695
			2474	1696
			2473	1696
			2472	1696
			2471	1697
			2470	1697
			2469	1697
			2468	1698
			2467	1698
			2466	1698
			2465	1699
			2464	1699
			2463	1699
			2462	1699
			2461	1699
			2460	1699
			2459	1699
			2458	1699
			2457	1699
			2456	1699
			2456	1698
			2455	1698
			2454	1698
			2453	1698
			2452	1697
			2451	1697
			2450	1697
			2449	1696
			2448	1695
			2447	1694
			2446	1694
			2445	1693
			2444	1692
			2443	1692
			2442	1691
			2441	1690
			2440	1689
			2439	1688
			2438	1687
			2437	1686
			2437	1685
			2436	1684
			2436	1683
			2436	1682
			2435	1682
			2435	1681
			2435	1680
			2434	1679
			2434	1678
			2434	1677
			2433	1676
			2433	1675
			2433	1674
			2433	1673
			2433	1672
			2433	1671
			2432	1670
			2432	1669
			2432	1668
			2432	1667
			2432	1666
			2432	1665
			2432	1664
			2432	1663
			2432	1662
			2432	1661
			2432	1660
			2432	1659
			2432	1658
			2432	1657
			2432	1656
			2432	1655
			2432	1654
		</Outline1>
		<Outline2 type=matrix rownames=FALSE colnames=FALSE nrow=80 ncol=2 as.numeric=TRUE >
			2432	1654
			2432	1653
			2432	1652
			2432	1651
			2432	1650
			2432	1649
			2432	1648
			2432	1647
			2432	1646
			2432	1645
			2432	1644
			2432	1643
			2432	1642
			2432	1641
			2432	1640
			2432	1639
			2432	1638
			2432	1637
			2432	1636
			2432	1635
			2432	1634
			2432	1633
			2432	1632
			2432	1631
			2432	1630
			2433	1629
			2433	1628
			2433	1627
			2433	1626
			2433	1625
			2433	1624
			2434	1623
			2434	1622
			2434	1621
			2435	1620
			2436	1619
			2436	1618
			2437	1617
			2437	1616
			2438	1615
			2439	1614
			2439	1613
			2440	1612
			2441	1611
			2441	1610
			2442	1609
			2443	1609
			2443	1608
			2444	1608
			2444	1607
			2445	1607
			2446	1606
			2447	1606
			2448	1605
			2449	1604
			2450	1604
			2451	1604
			2452	1604
			2453	1604
			2454	1603
			2455	1603
			2456	1603
			2457	1603
			2458	1603
			2459	1603
			2460	1603
			2461	1603
			2462	1603
			2463	1603
			2464	1603
			2465	1603
			2466	1603
			2467	1604
			2468	1604
			2469	1604
			2470	1604
			2471	1604
			2472	1605
			2473	1605
			2474	1605
		</Outline2>
		<Outline3 type=matrix rownames=FALSE colnames=FALSE nrow=61 ncol=2 as.numeric=TRUE >
			2474	1605
			2475	1605
			2476	1606
			2477	1606
			2478	1606
			2479	1606
			2480	1607
			2481	1607
			2482	1607
			2483	1607
			2483	1608
			2484	1608
			2485	1608
			2486	1609
			2487	1609
			2488	1609
			2489	1609
			2490	1610
			2491	1610
			2492	1610
			2492	1611
			2493	1611
			2494	1611
			2495	1612
			2496	1612
			2497	1613
			2498	1614
			2499	1614
			2500	1615
			2501	1615
			2502	1615
			2502	1616
			2503	1616
			2504	1617
			2505	1617
			2506	1618
			2507	1618
			2508	1619
			2509	1619
			2510	1620
			2511	1620
			2512	1621
			2513	1622
			2514	1622
			2515	1623
			2516	1624
			2517	1625
			2518	1626
			2519	1627
			2520	1628
			2521	1629
			2521	1630
			2521	1631
			2522	1632
			2522	1633
			2523	1634
			2523	1635
			2523	1636
			2524	1637
			2524	1638
			2524	1639
		</Outline3>
		<Outline4 type=matrix rownames=FALSE colnames=FALSE nrow=62 ncol=2 as.numeric=TRUE >
			2524	1639
			2524	1640
			2524	1641
			2524	1642
			2524	1643
			2524	1644
			2524	1645
			2524	1646
			2524	1647
			2524	1648
			2524	1649
			2524	1650
			2524	1651
			2524	1652
			2524	1653
			2524	1654
			2524	1655
			2524	1656
			2523	1657
			2523	1658
			2523	1659
			2522	1660
			2522	1661
			2522	1662
			2521	1663
			2521	1664
			2520	1665
			2519	1666
			2519	1667
			2518	1668
			2517	1669
			2516	1670
			2515	1670
			2514	1671
			2513	1672
			2512	1672
			2511	1673
			2510	1674
			2509	1674
			2508	1675
			2507	1675
			2506	1676
			2505	1676
			2505	1677
			2504	1677
			2503	1677
			2502	1678
			2501	1678
			2500	1679
			2499	1679
			2498	1680
			2497	1681
			2496	1681
			2495	1682
			2494	1682
			2493	1683
			2492	1684
			2491	1684
			2490	1685
			2489	1686
			2489	1687
			2488	1687
		</Outline4>
	</curves.pixel>
	<curves.scaled type=list>
		<Outline1 type=matrix rownames=FALSE colnames=FALSE nrow=86 ncol=2 as.numeric=TRUE >
			20.8511127659669	-14.138194226763
			20.8427320936333	-14.1465748990965
			20.8343514212998	-14.1465748990965
			20.8259707489662	-14.1549555714301
			20.8175900766326	-14.1549555714301
			20.809209404299	-14.1633362437637
			20.8008287319654	-14.1717169160973
			20.7924480596318	-14.1717169160973
			20.7840673872982	-14.1800975884309
			20.7756867149646	-14.1884782607645
			20.7673060426311	-14.1884782607645
			20.7589253702975	-14.1968589330981
			20.7505446979639	-14.2052396054317
			20.7421640256303	-14.2052396054317
			20.7337833532967	-14.2136202777652
			20.7254026809631	-14.2136202777652
			20.7170220086295	-14.2136202777652
			20.7086413362959	-14.2220009500988
			20.7002606639624	-14.2220009500988
			20.6918799916288	-14.2220009500988
			20.6834993192952	-14.2303816224324
			20.6751186469616	-14.2303816224324
			20.666737974628	-14.2303816224324
			20.6583573022944	-14.238762294766
			20.6499766299608	-14.238762294766
			20.6415959576272	-14.238762294766
			20.6332152852936	-14.238762294766
			20.6248346129601	-14.238762294766
			20.6164539406265	-14.238762294766
			20.6080732682929	-14.238762294766
			20.5996925959593	-14.238762294766
			20.5913119236257	-14.238762294766
			20.5829312512921	-14.238762294766
			20.5829312512921	-14.2303816224324
			20.5745505789585	-14.2303816224324
			20.5661699066249	-14.2303816224324
			20.5577892342914	-14.2303816224324
			20.5494085619578	-14.2220009500988
			20.5410278896242	-14.2220009500988
			20.5326472172906	-14.2220009500988
			20.524266544957	-14.2136202777652
			20.5158858726234	-14.2052396054317
			20.5075052002898	-14.1968589330981
			20.4991245279562	-14.1968589330981
			20.4907438556227	-14.1884782607645
			20.4823631832891	-14.1800975884309
			20.4739825109555	-14.1800975884309
			20.4656018386219	-14.1717169160973
			20.4572211662883	-14.1633362437637
			20.4488404939547	-14.1549555714301
			20.4404598216211	-14.1465748990965
			20.4320791492875	-14.138194226763
			20.4236984769539	-14.1298135544294
			20.4236984769539	-14.1214328820958
			20.4153178046204	-14.1130522097622
			20.4153178046204	-14.1046715374286
			20.4153178046204	-14.096290865095
			20.4069371322868	-14.096290865095
			20.4069371322868	-14.0879101927614
			20.4069371322868	-14.0795295204278
			20.3985564599532	-14.0711488480942
			20.3985564599532	-14.0627681757607
			20.3985564599532	-14.0543875034271
			20.3901757876196	-14.0460068310935
			20.3901757876196	-14.0376261587599
			20.3901757876196	-14.0292454864263
			20.3901757876196	-14.0208648140927
			20.3901757876196	-14.0124841417591
			20.3901757876196	-14.0041034694255
			20.381795115286	-13.995722797092
			20.381795115286	-13.9873421247584
			20.381795115286	-13.9789614524248
			20.381795115286	-13.9705807800912
			20.381795115286	-13.9622001077576
			20.381795115286	-13.953819435424
			20.381795115286	-13.9454387630904
			20.381795115286	-13.9370580907568
			20.381795115286	-13.9286774184233
			20.381795115286	-13.9202967460897
			20.381795115286	-13.9119160737561
			20.381795115286	-13.9035354014225
			20.381795115286	-13.8951547290889
			20.381795115286	-13.8867740567553
			20.381795115286	-13.8783933844217
			20.381795115286	-13.8700127120881
			20.381795115286	-13.8616320397545
		</Outline1>
		<Outline2 type=matrix rownames=FALSE colnames=FALSE nrow=80 ncol=2 as.numeric=TRUE >
			20.381795115286	-13.8616320397545
			20.381795115286	-13.853251367421
			20.381795115286	-13.8448706950874
			20.381795115286	-13.8364900227538
			20.381795115286	-13.8281093504202
			20.381795115286	-13.8197286780866
			20.381795115286	-13.811348005753
			20.381795115286	-13.8029673334194
			20.381795115286	-13.7945866610858
			20.381795115286	-13.7862059887523
			20.381795115286	-13.7778253164187
			20.381795115286	-13.7694446440851
			20.381795115286	-13.7610639717515
			20.381795115286	-13.7526832994179
			20.381795115286	-13.7443026270843
			20.381795115286	-13.7359219547507
			20.381795115286	-13.7275412824171
			20.381795115286	-13.7191606100836
			20.381795115286	-13.71077993775
			20.381795115286	-13.7023992654164
			20.381795115286	-13.6940185930828
			20.381795115286	-13.6856379207492
			20.381795115286	-13.6772572484156
			20.381795115286	-13.668876576082
			20.381795115286	-13.6604959037484
			20.3901757876196	-13.6521152314148
			20.3901757876196	-13.6437345590813
			20.3901757876196	-13.6353538867477
			20.3901757876196	-13.6269732144141
			20.3901757876196	-13.6185925420805
			20.3901757876196	-13.6102118697469
			20.3985564599532	-13.6018311974133
			20.3985564599532	-13.5934505250797
			20.3985564599532	-13.5850698527461
			20.4069371322868	-13.5766891804126
			20.4153178046204	-13.568308508079
			20.4153178046204	-13.5599278357454
			20.4236984769539	-13.5515471634118
			20.4236984769539	-13.5431664910782
			20.4320791492875	-13.5347858187446
			20.4404598216211	-13.526405146411
			20.4404598216211	-13.5180244740774
			20.4488404939547	-13.5096438017439
			20.4572211662883	-13.5012631294103
			20.4572211662883	-13.4928824570767
			20.4656018386219	-13.4845017847431
			20.4739825109555	-13.4845017847431
			20.4739825109555	-13.4761211124095
			20.4823631832891	-13.4761211124095
			20.4823631832891	-13.4677404400759
			20.4907438556227	-13.4677404400759
			20.4991245279562	-13.4593597677423
			20.5075052002898	-13.4593597677423
			20.5158858726234	-13.4509790954087
			20.524266544957	-13.4425984230751
			20.5326472172906	-13.4425984230751
			20.5410278896242	-13.4425984230751
			20.5494085619578	-13.4425984230751
			20.5577892342914	-13.4425984230751
			20.5661699066249	-13.4342177507416
			20.5745505789585	-13.4342177507416
			20.5829312512921	-13.4342177507416
			20.5913119236257	-13.4342177507416
			20.5996925959593	-13.4342177507416
			20.6080732682929	-13.4342177507416
			20.6164539406265	-13.4342177507416
			20.6248346129601	-13.4342177507416
			20.6332152852936	-13.4342177507416
			20.6415959576272	-13.4342177507416
			20.6499766299608	-13.4342177507416
			20.6583573022944	-13.4342177507416
			20.666737974628	-13.4342177507416
			20.6751186469616	-13.4425984230751
			20.6834993192952	-13.4425984230751
			20.6918799916288	-13.4425984230751
			20.7002606639624	-13.4425984230751
			20.7086413362959	-13.4425984230751
			20.7170220086295	-13.4509790954087
			20.7254026809631	-13.4509790954087
			20.7337833532967	-13.4509790954087
		</Outline2>
		<Outline3 type=matrix rownames=FALSE colnames=FALSE nrow=61 ncol=2 as.numeric=TRUE >
			20.7337833532967	-13.4509790954087
			20.7421640256303	-13.4509790954087
			20.7505446979639	-13.4593597677423
			20.7589253702975	-13.4593597677423
			20.7673060426311	-13.4593597677423
			20.7756867149646	-13.4593597677423
			20.7840673872982	-13.4677404400759
			20.7924480596318	-13.4677404400759
			20.8008287319654	-13.4677404400759
			20.809209404299	-13.4677404400759
			20.809209404299	-13.4761211124095
			20.8175900766326	-13.4761211124095
			20.8259707489662	-13.4761211124095
			20.8343514212998	-13.4845017847431
			20.8427320936333	-13.4845017847431
			20.8511127659669	-13.4845017847431
			20.8594934383005	-13.4845017847431
			20.8678741106341	-13.4928824570767
			20.8762547829677	-13.4928824570767
			20.8846354553013	-13.4928824570767
			20.8846354553013	-13.5012631294103
			20.8930161276349	-13.5012631294103
			20.9013967999685	-13.5012631294103
			20.909777472302	-13.5096438017439
			20.9181581446356	-13.5096438017439
			20.9265388169692	-13.5180244740774
			20.9349194893028	-13.526405146411
			20.9433001616364	-13.526405146411
			20.95168083397	-13.5347858187446
			20.9600615063036	-13.5347858187446
			20.9684421786372	-13.5347858187446
			20.9684421786372	-13.5431664910782
			20.9768228509708	-13.5431664910782
			20.9852035233043	-13.5515471634118
			20.9935841956379	-13.5515471634118
			21.0019648679715	-13.5599278357454
			21.0103455403051	-13.5599278357454
			21.0187262126387	-13.568308508079
			21.0271068849723	-13.568308508079
			21.0354875573059	-13.5766891804126
			21.0438682296395	-13.5766891804126
			21.052248901973	-13.5850698527461
			21.0606295743066	-13.5934505250797
			21.0690102466402	-13.5934505250797
			21.0773909189738	-13.6018311974133
			21.0857715913074	-13.6102118697469
			21.094152263641	-13.6185925420805
			21.1025329359746	-13.6269732144141
			21.1109136083082	-13.6353538867477
			21.1192942806417	-13.6437345590813
			21.1276749529753	-13.6521152314148
			21.1276749529753	-13.6604959037484
			21.1276749529753	-13.668876576082
			21.1360556253089	-13.6772572484156
			21.1360556253089	-13.6856379207492
			21.1444362976425	-13.6940185930828
			21.1444362976425	-13.7023992654164
			21.1444362976425	-13.71077993775
			21.1528169699761	-13.7191606100836
			21.1528169699761	-13.7275412824171
			21.1528169699761	-13.7359219547507
		</Outline3>
		<Outline4 type=matrix rownames=FALSE colnames=FALSE nrow=62 ncol=2 as.numeric=TRUE >
			21.1528169699761	-13.7359219547507
			21.1528169699761	-13.7443026270843
			21.1528169699761	-13.7526832994179
			21.1528169699761	-13.7610639717515
			21.1528169699761	-13.7694446440851
			21.1528169699761	-13.7778253164187
			21.1528169699761	-13.7862059887523
			21.1528169699761	-13.7945866610858
			21.1528169699761	-13.8029673334194
			21.1528169699761	-13.811348005753
			21.1528169699761	-13.8197286780866
			21.1528169699761	-13.8281093504202
			21.1528169699761	-13.8364900227538
			21.1528169699761	-13.8448706950874
			21.1528169699761	-13.853251367421
			21.1528169699761	-13.8616320397545
			21.1528169699761	-13.8700127120881
			21.1528169699761	-13.8783933844217
			21.1444362976425	-13.8867740567553
			21.1444362976425	-13.8951547290889
			21.1444362976425	-13.9035354014225
			21.1360556253089	-13.9119160737561
			21.1360556253089	-13.9202967460897
			21.1360556253089	-13.9286774184233
			21.1276749529753	-13.9370580907568
			21.1276749529753	-13.9454387630904
			21.1192942806417	-13.953819435424
			21.1109136083082	-13.9622001077576
			21.1109136083082	-13.9705807800912
			21.1025329359746	-13.9789614524248
			21.094152263641	-13.9873421247584
			21.0857715913074	-13.995722797092
			21.0773909189738	-13.995722797092
			21.0690102466402	-14.0041034694255
			21.0606295743066	-14.0124841417591
			21.052248901973	-14.0124841417591
			21.0438682296395	-14.0208648140927
			21.0354875573059	-14.0292454864263
			21.0271068849723	-14.0292454864263
			21.0187262126387	-14.0376261587599
			21.0103455403051	-14.0376261587599
			21.0019648679715	-14.0460068310935
			20.9935841956379	-14.0460068310935
			20.9935841956379	-14.0543875034271
			20.9852035233043	-14.0543875034271
			20.9768228509708	-14.0543875034271
			20.9684421786372	-14.0627681757607
			20.9600615063036	-14.0627681757607
			20.95168083397	-14.0711488480942
			20.9433001616364	-14.0711488480942
			20.9349194893028	-14.0795295204278
			20.9265388169692	-14.0879101927614
			20.9181581446356	-14.0879101927614
			20.909777472302	-14.096290865095
			20.9013967999685	-14.096290865095
			20.8930161276349	-14.1046715374286
			20.8846354553013	-14.1130522097622
			20.8762547829677	-14.1130522097622
			20.8678741106341	-14.1214328820958
			20.8594934383005	-14.1298135544294
			20.8594934383005	-14.138194226763
			20.8511127659669	-14.138194226763
		</Outline4>
	</curves.scaled>
	<ruler.points type=matrix rownames=TRUE colnames=FALSE nrow=2 ncol=2 as.numeric=TRUE >
		Ruler point 1	3722	2630
		Ruler point 2	2529	2653
	</ruler.points>
</shapes>

