<shapes type=list>
	<ruler.pixel type=vector names=FALSE length=1 as.numeric=TRUE >1481.00844021903</ruler.pixel>
	<ruler.interval type=vector names=FALSE length=1 as.numeric=TRUE >10</ruler.interval>
	<scaling.units type=vector names=FALSE length=1 as.numeric=FALSE >mm</scaling.units>
	<scaling type=vector names=FALSE length=1 as.numeric=TRUE >0.00675215598266346</scaling>
	<landmarks.pixel type=matrix rownames=TRUE colnames=FALSE nrow=4 ncol=2 as.numeric=TRUE >
		Labial	2624	1060
		Posterior	2520	1024
		Lingual	2571	926
		Anterior	2676	963
	</landmarks.pixel>
	<landmarks.scaled type=matrix rownames=TRUE colnames=FALSE nrow=4 ncol=2 as.numeric=TRUE >
		Labial	17.7176572985089	-7.15728534162327
		Posterior	17.0154330763119	-6.91420772624739
		Lingual	17.3597930314278	-6.25249643994637
		Anterior	18.0687694096074	-6.50232621130492
	</landmarks.scaled>
	<curves.control type=list>
		<Outline1 type=matrix rownames=FALSE colnames=FALSE nrow=25 ncol=2 as.numeric=TRUE >
			2624	1060
			2618	1063
			2613	1067
			2608	1072
			2603	1076
			2597	1081
			2591	1085
			2585	1088
			2578	1090
			2570	1092
			2564	1092
			2557	1092
			2550	1091
			2542	1088
			2536	1085
			2530	1082
			2524	1077
			2519	1072
			2517	1066
			2515	1059
			2514	1051
			2514	1044
			2515	1038
			2518	1031
			2520	1024
		</Outline1>
		<Outline2 type=matrix rownames=FALSE colnames=FALSE nrow=17 ncol=2 as.numeric=TRUE >
			2520	1024
			2520	1016
			2519	1009
			2519	1001
			2521	992
			2524	981
			2527	971
			2530	962
			2535	955
			2539	949
			2543	944
			2548	939
			2552	936
			2557	933
			2563	930
			2567	928
			2571	926
		</Outline2>
		<Outline3 type=matrix rownames=FALSE colnames=FALSE nrow=19 ncol=2 as.numeric=TRUE >
			2571	926
			2578	924
			2587	922
			2596	921
			2604	920
			2611	919
			2618	919
			2625	920
			2631	921
			2637	923
			2642	925
			2650	929
			2656	934
			2662	939
			2665	944
			2669	950
			2671	955
			2674	959
			2676	963
		</Outline3>
		<Outline4 type=matrix rownames=FALSE colnames=FALSE nrow=19 ncol=2 as.numeric=TRUE >
			2676	963
			2679	969
			2681	977
			2682	986
			2682	994
			2682	1002
			2681	1009
			2679	1016
			2677	1021
			2674	1027
			2671	1032
			2666	1038
			2662	1042
			2657	1046
			2654	1049
			2648	1052
			2642	1054
			2636	1055
			2624	1060
		</Outline4>
	</curves.control>
	<curves.pixel type=list>
		<Outline1 type=matrix rownames=FALSE colnames=FALSE nrow=169 ncol=2 as.numeric=TRUE >
			2624	1060
			2623	1060
			2622	1061
			2621	1062
			2620	1062
			2619	1063
			2618	1064
			2617	1064
			2616	1065
			2615	1065
			2614	1066
			2613	1067
			2612	1068
			2611	1069
			2610	1070
			2609	1071
			2608	1072
			2607	1073
			2606	1074
			2605	1075
			2604	1076
			2603	1076
			2602	1077
			2601	1077
			2601	1078
			2600	1078
			2599	1079
			2599	1080
			2598	1080
			2597	1081
			2596	1081
			2596	1082
			2595	1082
			2594	1083
			2593	1083
			2593	1084
			2592	1084
			2591	1085
			2590	1085
			2590	1086
			2589	1086
			2588	1086
			2587	1087
			2586	1087
			2585	1088
			2584	1088
			2583	1088
			2582	1089
			2581	1089
			2580	1089
			2579	1090
			2578	1090
			2577	1090
			2576	1091
			2575	1091
			2574	1091
			2573	1091
			2572	1091
			2571	1091
			2570	1092
			2569	1092
			2568	1092
			2567	1092
			2566	1092
			2565	1092
			2564	1092
			2563	1092
			2562	1092
			2561	1092
			2560	1092
			2559	1092
			2558	1092
			2557	1092
			2556	1092
			2555	1092
			2554	1092
			2554	1091
			2553	1091
			2552	1091
			2551	1091
			2550	1091
			2549	1091
			2548	1090
			2547	1090
			2546	1090
			2546	1089
			2545	1089
			2544	1089
			2543	1088
			2542	1088
			2541	1087
			2540	1087
			2539	1087
			2538	1086
			2537	1086
			2537	1085
			2536	1085
			2535	1085
			2534	1084
			2533	1084
			2533	1083
			2532	1083
			2531	1082
			2530	1082
			2530	1081
			2529	1081
			2528	1080
			2527	1080
			2526	1079
			2526	1078
			2525	1078
			2524	1077
			2523	1076
			2522	1075
			2521	1074
			2520	1073
			2520	1072
			2519	1071
			2519	1070
			2518	1069
			2518	1068
			2518	1067
			2517	1067
			2517	1066
			2517	1065
			2517	1064
			2516	1064
			2516	1063
			2516	1062
			2516	1061
			2516	1060
			2515	1059
			2515	1058
			2515	1057
			2515	1056
			2515	1055
			2514	1054
			2514	1053
			2514	1052
			2514	1051
			2514	1050
			2514	1049
			2514	1048
			2514	1047
			2514	1046
			2514	1045
			2514	1044
			2514	1043
			2514	1042
			2515	1042
			2515	1041
			2515	1040
			2515	1039
			2515	1038
			2515	1037
			2516	1036
			2516	1035
			2516	1034
			2517	1034
			2517	1033
			2518	1032
			2518	1031
			2518	1030
			2519	1029
			2519	1028
			2519	1027
			2519	1026
			2520	1025
			2520	1024
		</Outline1>
		<Outline2 type=matrix rownames=FALSE colnames=FALSE nrow=117 ncol=2 as.numeric=TRUE >
			2520	1024
			2520	1023
			2520	1022
			2520	1021
			2520	1020
			2520	1019
			2520	1018
			2520	1017
			2520	1016
			2520	1015
			2520	1014
			2519	1013
			2519	1012
			2519	1011
			2519	1010
			2519	1009
			2519	1008
			2519	1007
			2519	1006
			2519	1005
			2519	1004
			2519	1003
			2519	1002
			2519	1001
			2520	1000
			2520	999
			2520	998
			2520	997
			2520	996
			2520	995
			2521	994
			2521	993
			2521	992
			2521	991
			2522	990
			2522	989
			2522	988
			2522	987
			2523	986
			2523	985
			2523	984
			2523	983
			2524	983
			2524	982
			2524	981
			2524	980
			2525	979
			2525	978
			2525	977
			2525	976
			2526	976
			2526	975
			2526	974
			2526	973
			2527	972
			2527	971
			2527	970
			2528	969
			2528	968
			2528	967
			2529	966
			2529	965
			2530	964
			2530	963
			2531	962
			2531	961
			2532	960
			2532	959
			2533	958
			2533	957
			2534	956
			2535	956
			2535	955
			2536	954
			2536	953
			2537	953
			2537	952
			2538	951
			2539	950
			2539	949
			2540	948
			2541	947
			2541	946
			2542	946
			2542	945
			2543	944
			2544	943
			2545	942
			2546	941
			2547	940
			2548	939
			2549	939
			2550	938
			2550	937
			2551	937
			2552	936
			2553	935
			2554	935
			2555	934
			2556	934
			2556	933
			2557	933
			2558	933
			2558	932
			2559	932
			2560	932
			2561	931
			2562	930
			2563	930
			2564	929
			2565	929
			2566	928
			2567	928
			2568	927
			2569	927
			2570	926
			2571	926
		</Outline2>
		<Outline3 type=matrix rownames=FALSE colnames=FALSE nrow=122 ncol=2 as.numeric=TRUE >
			2571	926
			2572	926
			2573	925
			2574	925
			2575	925
			2576	925
			2577	924
			2578	924
			2579	924
			2580	924
			2581	923
			2582	923
			2583	923
			2584	923
			2585	922
			2586	922
			2587	922
			2588	922
			2589	922
			2590	922
			2591	922
			2592	921
			2593	921
			2594	921
			2595	921
			2596	921
			2597	921
			2598	921
			2599	921
			2600	920
			2601	920
			2602	920
			2603	920
			2604	920
			2605	920
			2606	920
			2607	920
			2608	920
			2608	919
			2609	919
			2610	919
			2611	919
			2612	919
			2613	919
			2614	919
			2615	919
			2616	919
			2617	919
			2618	919
			2619	919
			2620	919
			2621	919
			2622	920
			2623	920
			2624	920
			2625	920
			2626	920
			2627	920
			2628	920
			2628	921
			2629	921
			2630	921
			2631	921
			2632	921
			2633	922
			2634	922
			2635	922
			2635	923
			2636	923
			2637	923
			2638	923
			2638	924
			2639	924
			2640	924
			2641	925
			2642	925
			2643	926
			2644	926
			2645	927
			2646	927
			2647	927
			2647	928
			2648	928
			2649	929
			2650	930
			2651	930
			2652	931
			2653	932
			2654	932
			2654	933
			2655	933
			2656	934
			2657	935
			2658	936
			2659	937
			2660	938
			2661	938
			2661	939
			2662	940
			2663	941
			2664	942
			2665	943
			2665	944
			2666	945
			2666	946
			2667	947
			2667	948
			2668	949
			2669	950
			2669	951
			2669	952
			2670	953
			2671	954
			2671	955
			2672	956
			2672	957
			2673	958
			2674	959
			2674	960
			2675	961
			2676	962
			2676	963
		</Outline3>
		<Outline4 type=matrix rownames=FALSE colnames=FALSE nrow=119 ncol=2 as.numeric=TRUE >
			2676	963
			2676	964
			2677	965
			2677	966
			2678	967
			2678	968
			2679	969
			2679	970
			2679	971
			2680	972
			2680	973
			2680	974
			2681	975
			2681	976
			2681	977
			2681	978
			2681	979
			2681	980
			2681	981
			2681	982
			2682	983
			2682	984
			2682	985
			2682	986
			2682	987
			2682	988
			2682	989
			2682	990
			2682	991
			2682	992
			2682	993
			2682	994
			2682	995
			2682	996
			2682	997
			2682	998
			2682	999
			2682	1000
			2682	1001
			2682	1002
			2682	1003
			2682	1004
			2681	1005
			2681	1006
			2681	1007
			2681	1008
			2681	1009
			2681	1010
			2680	1011
			2680	1012
			2680	1013
			2679	1014
			2679	1015
			2679	1016
			2678	1017
			2678	1018
			2678	1019
			2677	1020
			2677	1021
			2676	1022
			2676	1023
			2675	1024
			2675	1025
			2674	1026
			2674	1027
			2673	1028
			2673	1029
			2672	1030
			2671	1031
			2671	1032
			2670	1033
			2669	1034
			2668	1035
			2667	1036
			2667	1037
			2666	1038
			2665	1039
			2664	1040
			2663	1041
			2662	1042
			2661	1043
			2660	1044
			2659	1045
			2658	1045
			2657	1046
			2656	1047
			2655	1048
			2654	1049
			2653	1050
			2652	1050
			2651	1051
			2650	1051
			2649	1051
			2648	1052
			2647	1052
			2646	1053
			2645	1053
			2644	1053
			2643	1054
			2642	1054
			2641	1054
			2640	1054
			2639	1055
			2638	1055
			2637	1055
			2636	1056
			2635	1056
			2634	1056
			2633	1056
			2633	1057
			2632	1057
			2631	1057
			2630	1058
			2629	1058
			2628	1058
			2627	1059
			2626	1059
			2625	1060
			2624	1060
		</Outline4>
	</curves.pixel>
	<curves.scaled type=list>
		<Outline1 type=matrix rownames=FALSE colnames=FALSE nrow=169 ncol=2 as.numeric=TRUE >
			17.7176572985089	-7.15728534162327
			17.7109051425263	-7.15728534162327
			17.7041529865436	-7.16403749760594
			17.6974008305609	-7.1707896535886
			17.6906486745783	-7.1707896535886
			17.6838965185956	-7.17754180957126
			17.6771443626129	-7.18429396555393
			17.6703922066303	-7.18429396555393
			17.6636400506476	-7.19104612153659
			17.656887894665	-7.19104612153659
			17.6501357386823	-7.19779827751925
			17.6433835826996	-7.20455043350192
			17.636631426717	-7.21130258948458
			17.6298792707343	-7.21805474546724
			17.6231271147516	-7.22480690144991
			17.616374958769	-7.23155905743257
			17.6096228027863	-7.23831121341523
			17.6028706468037	-7.2450633693979
			17.596118490821	-7.25181552538056
			17.5893663348383	-7.25856768136322
			17.5826141788557	-7.26531983734589
			17.575862022873	-7.26531983734589
			17.5691098668903	-7.27207199332855
			17.5623577109077	-7.27207199332855
			17.5623577109077	-7.27882414931122
			17.555605554925	-7.27882414931122
			17.5488533989423	-7.28557630529388
			17.5488533989423	-7.29232846127654
			17.5421012429597	-7.29232846127654
			17.535349086977	-7.29908061725921
			17.5285969309944	-7.29908061725921
			17.5285969309944	-7.30583277324187
			17.5218447750117	-7.30583277324187
			17.515092619029	-7.31258492922453
			17.5083404630464	-7.31258492922453
			17.5083404630464	-7.3193370852072
			17.5015883070637	-7.3193370852072
			17.494836151081	-7.32608924118986
			17.4880839950984	-7.32608924118986
			17.4880839950984	-7.33284139717252
			17.4813318391157	-7.33284139717252
			17.474579683133	-7.33284139717252
			17.4678275271504	-7.33959355315519
			17.4610753711677	-7.33959355315519
			17.4543232151851	-7.34634570913785
			17.4475710592024	-7.34634570913785
			17.4408189032197	-7.34634570913785
			17.4340667472371	-7.35309786512051
			17.4273145912544	-7.35309786512051
			17.4205624352717	-7.35309786512051
			17.4138102792891	-7.35985002110318
			17.4070581233064	-7.35985002110318
			17.4003059673237	-7.35985002110318
			17.3935538113411	-7.36660217708584
			17.3868016553584	-7.36660217708584
			17.3800494993758	-7.36660217708584
			17.3732973433931	-7.36660217708584
			17.3665451874104	-7.36660217708584
			17.3597930314278	-7.36660217708584
			17.3530408754451	-7.3733543330685
			17.3462887194624	-7.3733543330685
			17.3395365634798	-7.3733543330685
			17.3327844074971	-7.3733543330685
			17.3260322515145	-7.3733543330685
			17.3192800955318	-7.3733543330685
			17.3125279395491	-7.3733543330685
			17.3057757835665	-7.3733543330685
			17.2990236275838	-7.3733543330685
			17.2922714716011	-7.3733543330685
			17.2855193156185	-7.3733543330685
			17.2787671596358	-7.3733543330685
			17.2720150036531	-7.3733543330685
			17.2652628476705	-7.3733543330685
			17.2585106916878	-7.3733543330685
			17.2517585357052	-7.3733543330685
			17.2450063797225	-7.3733543330685
			17.2450063797225	-7.36660217708584
			17.2382542237398	-7.36660217708584
			17.2315020677572	-7.36660217708584
			17.2247499117745	-7.36660217708584
			17.2179977557918	-7.36660217708584
			17.2112455998092	-7.36660217708584
			17.2044934438265	-7.35985002110318
			17.1977412878438	-7.35985002110318
			17.1909891318612	-7.35985002110318
			17.1909891318612	-7.35309786512051
			17.1842369758785	-7.35309786512051
			17.1774848198959	-7.35309786512051
			17.1707326639132	-7.34634570913785
			17.1639805079305	-7.34634570913785
			17.1572283519479	-7.33959355315519
			17.1504761959652	-7.33959355315519
			17.1437240399825	-7.33959355315519
			17.1369718839999	-7.33284139717252
			17.1302197280172	-7.33284139717252
			17.1302197280172	-7.32608924118986
			17.1234675720345	-7.32608924118986
			17.1167154160519	-7.32608924118986
			17.1099632600692	-7.3193370852072
			17.1032111040866	-7.3193370852072
			17.1032111040866	-7.31258492922453
			17.0964589481039	-7.31258492922453
			17.0897067921212	-7.30583277324187
			17.0829546361386	-7.30583277324187
			17.0829546361386	-7.29908061725921
			17.0762024801559	-7.29908061725921
			17.0694503241732	-7.29232846127654
			17.0626981681906	-7.29232846127654
			17.0559460122079	-7.28557630529388
			17.0559460122079	-7.27882414931122
			17.0491938562252	-7.27882414931122
			17.0424417002426	-7.27207199332855
			17.0356895442599	-7.26531983734589
			17.0289373882773	-7.25856768136322
			17.0221852322946	-7.25181552538056
			17.0154330763119	-7.2450633693979
			17.0154330763119	-7.23831121341523
			17.0086809203293	-7.23155905743257
			17.0086809203293	-7.22480690144991
			17.0019287643466	-7.21805474546724
			17.0019287643466	-7.21130258948458
			17.0019287643466	-7.20455043350192
			16.9951766083639	-7.20455043350192
			16.9951766083639	-7.19779827751925
			16.9951766083639	-7.19104612153659
			16.9951766083639	-7.18429396555393
			16.9884244523813	-7.18429396555393
			16.9884244523813	-7.17754180957126
			16.9884244523813	-7.1707896535886
			16.9884244523813	-7.16403749760594
			16.9884244523813	-7.15728534162327
			16.9816722963986	-7.15053318564061
			16.9816722963986	-7.14378102965795
			16.9816722963986	-7.13702887367528
			16.9816722963986	-7.13027671769262
			16.9816722963986	-7.12352456170995
			16.9749201404159	-7.11677240572729
			16.9749201404159	-7.11002024974463
			16.9749201404159	-7.10326809376197
			16.9749201404159	-7.0965159377793
			16.9749201404159	-7.08976378179664
			16.9749201404159	-7.08301162581397
			16.9749201404159	-7.07625946983131
			16.9749201404159	-7.06950731384865
			16.9749201404159	-7.06275515786598
			16.9749201404159	-7.05600300188332
			16.9749201404159	-7.04925084590066
			16.9749201404159	-7.04249868991799
			16.9749201404159	-7.03574653393533
			16.9816722963986	-7.03574653393533
			16.9816722963986	-7.02899437795267
			16.9816722963986	-7.02224222197
			16.9816722963986	-7.01549006598734
			16.9816722963986	-7.00873791000468
			16.9816722963986	-7.00198575402201
			16.9884244523813	-6.99523359803935
			16.9884244523813	-6.98848144205669
			16.9884244523813	-6.98172928607402
			16.9951766083639	-6.98172928607402
			16.9951766083639	-6.97497713009136
			17.0019287643466	-6.9682249741087
			17.0019287643466	-6.96147281812603
			17.0019287643466	-6.95472066214337
			17.0086809203293	-6.9479685061607
			17.0086809203293	-6.94121635017804
			17.0086809203293	-6.93446419419538
			17.0086809203293	-6.92771203821271
			17.0154330763119	-6.92095988223005
			17.0154330763119	-6.91420772624739
		</Outline1>
		<Outline2 type=matrix rownames=FALSE colnames=FALSE nrow=117 ncol=2 as.numeric=TRUE >
			17.0154330763119	-6.91420772624739
			17.0154330763119	-6.90745557026472
			17.0154330763119	-6.90070341428206
			17.0154330763119	-6.8939512582994
			17.0154330763119	-6.88719910231673
			17.0154330763119	-6.88044694633407
			17.0154330763119	-6.87369479035141
			17.0154330763119	-6.86694263436874
			17.0154330763119	-6.86019047838608
			17.0154330763119	-6.85343832240342
			17.0154330763119	-6.84668616642075
			17.0086809203293	-6.83993401043809
			17.0086809203293	-6.83318185445543
			17.0086809203293	-6.82642969847276
			17.0086809203293	-6.8196775424901
			17.0086809203293	-6.81292538650744
			17.0086809203293	-6.80617323052477
			17.0086809203293	-6.79942107454211
			17.0086809203293	-6.79266891855945
			17.0086809203293	-6.78591676257678
			17.0086809203293	-6.77916460659412
			17.0086809203293	-6.77241245061145
			17.0086809203293	-6.76566029462879
			17.0086809203293	-6.75890813864613
			17.0154330763119	-6.75215598266346
			17.0154330763119	-6.7454038266808
			17.0154330763119	-6.73865167069814
			17.0154330763119	-6.73189951471547
			17.0154330763119	-6.72514735873281
			17.0154330763119	-6.71839520275015
			17.0221852322946	-6.71164304676748
			17.0221852322946	-6.70489089078482
			17.0221852322946	-6.69813873480216
			17.0221852322946	-6.69138657881949
			17.0289373882773	-6.68463442283683
			17.0289373882773	-6.67788226685417
			17.0289373882773	-6.6711301108715
			17.0289373882773	-6.66437795488884
			17.0356895442599	-6.65762579890618
			17.0356895442599	-6.65087364292351
			17.0356895442599	-6.64412148694085
			17.0356895442599	-6.63736933095819
			17.0424417002426	-6.63736933095819
			17.0424417002426	-6.63061717497552
			17.0424417002426	-6.62386501899286
			17.0424417002426	-6.6171128630102
			17.0491938562252	-6.61036070702753
			17.0491938562252	-6.60360855104487
			17.0491938562252	-6.59685639506221
			17.0491938562252	-6.59010423907954
			17.0559460122079	-6.59010423907954
			17.0559460122079	-6.58335208309688
			17.0559460122079	-6.57659992711421
			17.0559460122079	-6.56984777113155
			17.0626981681906	-6.56309561514889
			17.0626981681906	-6.55634345916622
			17.0626981681906	-6.54959130318356
			17.0694503241732	-6.5428391472009
			17.0694503241732	-6.53608699121823
			17.0694503241732	-6.52933483523557
			17.0762024801559	-6.52258267925291
			17.0762024801559	-6.51583052327024
			17.0829546361386	-6.50907836728758
			17.0829546361386	-6.50232621130492
			17.0897067921212	-6.49557405532225
			17.0897067921212	-6.48882189933959
			17.0964589481039	-6.48206974335693
			17.0964589481039	-6.47531758737426
			17.1032111040866	-6.4685654313916
			17.1032111040866	-6.46181327540894
			17.1099632600692	-6.45506111942627
			17.1167154160519	-6.45506111942627
			17.1167154160519	-6.44830896344361
			17.1234675720345	-6.44155680746095
			17.1234675720345	-6.43480465147828
			17.1302197280172	-6.43480465147828
			17.1302197280172	-6.42805249549562
			17.1369718839999	-6.42130033951296
			17.1437240399825	-6.41454818353029
			17.1437240399825	-6.40779602754763
			17.1504761959652	-6.40104387156496
			17.1572283519479	-6.3942917155823
			17.1572283519479	-6.38753955959964
			17.1639805079305	-6.38753955959964
			17.1639805079305	-6.38078740361697
			17.1707326639132	-6.37403524763431
			17.1774848198959	-6.36728309165165
			17.1842369758785	-6.36053093566898
			17.1909891318612	-6.35377877968632
			17.1977412878438	-6.34702662370366
			17.2044934438265	-6.34027446772099
			17.2112455998092	-6.34027446772099
			17.2179977557918	-6.33352231173833
			17.2179977557918	-6.32677015575567
			17.2247499117745	-6.32677015575567
			17.2315020677572	-6.320017999773
			17.2382542237398	-6.31326584379034
			17.2450063797225	-6.31326584379034
			17.2517585357052	-6.30651368780768
			17.2585106916878	-6.30651368780768
			17.2585106916878	-6.29976153182501
			17.2652628476705	-6.29976153182501
			17.2720150036531	-6.29976153182501
			17.2720150036531	-6.29300937584235
			17.2787671596358	-6.29300937584235
			17.2855193156185	-6.29300937584235
			17.2922714716011	-6.28625721985969
			17.2990236275838	-6.27950506387702
			17.3057757835665	-6.27950506387702
			17.3125279395491	-6.27275290789436
			17.3192800955318	-6.27275290789436
			17.3260322515145	-6.2660007519117
			17.3327844074971	-6.2660007519117
			17.3395365634798	-6.25924859592903
			17.3462887194624	-6.25924859592903
			17.3530408754451	-6.25249643994637
			17.3597930314278	-6.25249643994637
		</Outline2>
		<Outline3 type=matrix rownames=FALSE colnames=FALSE nrow=122 ncol=2 as.numeric=TRUE >
			17.3597930314278	-6.25249643994637
			17.3665451874104	-6.25249643994637
			17.3732973433931	-6.24574428396371
			17.3800494993758	-6.24574428396371
			17.3868016553584	-6.24574428396371
			17.3935538113411	-6.24574428396371
			17.4003059673237	-6.23899212798104
			17.4070581233064	-6.23899212798104
			17.4138102792891	-6.23899212798104
			17.4205624352717	-6.23899212798104
			17.4273145912544	-6.23223997199838
			17.4340667472371	-6.23223997199838
			17.4408189032197	-6.23223997199838
			17.4475710592024	-6.23223997199838
			17.4543232151851	-6.22548781601571
			17.4610753711677	-6.22548781601571
			17.4678275271504	-6.22548781601571
			17.474579683133	-6.22548781601571
			17.4813318391157	-6.22548781601571
			17.4880839950984	-6.22548781601571
			17.494836151081	-6.22548781601571
			17.5015883070637	-6.21873566003305
			17.5083404630464	-6.21873566003305
			17.515092619029	-6.21873566003305
			17.5218447750117	-6.21873566003305
			17.5285969309944	-6.21873566003305
			17.535349086977	-6.21873566003305
			17.5421012429597	-6.21873566003305
			17.5488533989423	-6.21873566003305
			17.555605554925	-6.21198350405039
			17.5623577109077	-6.21198350405039
			17.5691098668903	-6.21198350405039
			17.575862022873	-6.21198350405039
			17.5826141788557	-6.21198350405039
			17.5893663348383	-6.21198350405039
			17.596118490821	-6.21198350405039
			17.6028706468037	-6.21198350405039
			17.6096228027863	-6.21198350405039
			17.6096228027863	-6.20523134806772
			17.616374958769	-6.20523134806772
			17.6231271147516	-6.20523134806772
			17.6298792707343	-6.20523134806772
			17.636631426717	-6.20523134806772
			17.6433835826996	-6.20523134806772
			17.6501357386823	-6.20523134806772
			17.656887894665	-6.20523134806772
			17.6636400506476	-6.20523134806772
			17.6703922066303	-6.20523134806772
			17.6771443626129	-6.20523134806772
			17.6838965185956	-6.20523134806772
			17.6906486745783	-6.20523134806772
			17.6974008305609	-6.20523134806772
			17.7041529865436	-6.21198350405039
			17.7109051425263	-6.21198350405039
			17.7176572985089	-6.21198350405039
			17.7244094544916	-6.21198350405039
			17.7311616104743	-6.21198350405039
			17.7379137664569	-6.21198350405039
			17.7446659224396	-6.21198350405039
			17.7446659224396	-6.21873566003305
			17.7514180784222	-6.21873566003305
			17.7581702344049	-6.21873566003305
			17.7649223903876	-6.21873566003305
			17.7716745463702	-6.21873566003305
			17.7784267023529	-6.22548781601571
			17.7851788583356	-6.22548781601571
			17.7919310143182	-6.22548781601571
			17.7919310143182	-6.23223997199838
			17.7986831703009	-6.23223997199838
			17.8054353262836	-6.23223997199838
			17.8121874822662	-6.23223997199838
			17.8121874822662	-6.23899212798104
			17.8189396382489	-6.23899212798104
			17.8256917942315	-6.23899212798104
			17.8324439502142	-6.24574428396371
			17.8391961061969	-6.24574428396371
			17.8459482621795	-6.25249643994637
			17.8527004181622	-6.25249643994637
			17.8594525741449	-6.25924859592903
			17.8662047301275	-6.25924859592903
			17.8729568861102	-6.25924859592903
			17.8729568861102	-6.2660007519117
			17.8797090420929	-6.2660007519117
			17.8864611980755	-6.27275290789436
			17.8932133540582	-6.27950506387702
			17.8999655100408	-6.27950506387702
			17.9067176660235	-6.28625721985969
			17.9134698220062	-6.29300937584235
			17.9202219779888	-6.29300937584235
			17.9202219779888	-6.29976153182501
			17.9269741339715	-6.29976153182501
			17.9337262899542	-6.30651368780768
			17.9404784459368	-6.31326584379034
			17.9472306019195	-6.320017999773
			17.9539827579022	-6.32677015575567
			17.9607349138848	-6.33352231173833
			17.9674870698675	-6.33352231173833
			17.9674870698675	-6.34027446772099
			17.9742392258501	-6.34702662370366
			17.9809913818328	-6.35377877968632
			17.9877435378155	-6.36053093566898
			17.9944956937981	-6.36728309165165
			17.9944956937981	-6.37403524763431
			18.0012478497808	-6.38078740361697
			18.0012478497808	-6.38753955959964
			18.0080000057635	-6.3942917155823
			18.0080000057635	-6.40104387156496
			18.0147521617461	-6.40779602754763
			18.0215043177288	-6.41454818353029
			18.0215043177288	-6.42130033951296
			18.0215043177288	-6.42805249549562
			18.0282564737115	-6.43480465147828
			18.0350086296941	-6.44155680746095
			18.0350086296941	-6.44830896344361
			18.0417607856768	-6.45506111942627
			18.0417607856768	-6.46181327540894
			18.0485129416594	-6.4685654313916
			18.0552650976421	-6.47531758737426
			18.0552650976421	-6.48206974335693
			18.0620172536248	-6.48882189933959
			18.0687694096074	-6.49557405532225
			18.0687694096074	-6.50232621130492
		</Outline3>
		<Outline4 type=matrix rownames=FALSE colnames=FALSE nrow=119 ncol=2 as.numeric=TRUE >
			18.0687694096074	-6.50232621130492
			18.0687694096074	-6.50907836728758
			18.0755215655901	-6.51583052327024
			18.0755215655901	-6.52258267925291
			18.0822737215728	-6.52933483523557
			18.0822737215728	-6.53608699121823
			18.0890258775554	-6.5428391472009
			18.0890258775554	-6.54959130318356
			18.0890258775554	-6.55634345916622
			18.0957780335381	-6.56309561514889
			18.0957780335381	-6.56984777113155
			18.0957780335381	-6.57659992711421
			18.1025301895207	-6.58335208309688
			18.1025301895207	-6.59010423907954
			18.1025301895207	-6.59685639506221
			18.1025301895207	-6.60360855104487
			18.1025301895207	-6.61036070702753
			18.1025301895207	-6.6171128630102
			18.1025301895207	-6.62386501899286
			18.1025301895207	-6.63061717497552
			18.1092823455034	-6.63736933095819
			18.1092823455034	-6.64412148694085
			18.1092823455034	-6.65087364292351
			18.1092823455034	-6.65762579890618
			18.1092823455034	-6.66437795488884
			18.1092823455034	-6.6711301108715
			18.1092823455034	-6.67788226685417
			18.1092823455034	-6.68463442283683
			18.1092823455034	-6.69138657881949
			18.1092823455034	-6.69813873480216
			18.1092823455034	-6.70489089078482
			18.1092823455034	-6.71164304676748
			18.1092823455034	-6.71839520275015
			18.1092823455034	-6.72514735873281
			18.1092823455034	-6.73189951471547
			18.1092823455034	-6.73865167069814
			18.1092823455034	-6.7454038266808
			18.1092823455034	-6.75215598266346
			18.1092823455034	-6.75890813864613
			18.1092823455034	-6.76566029462879
			18.1092823455034	-6.77241245061145
			18.1092823455034	-6.77916460659412
			18.1025301895207	-6.78591676257678
			18.1025301895207	-6.79266891855945
			18.1025301895207	-6.79942107454211
			18.1025301895207	-6.80617323052477
			18.1025301895207	-6.81292538650744
			18.1025301895207	-6.8196775424901
			18.0957780335381	-6.82642969847276
			18.0957780335381	-6.83318185445543
			18.0957780335381	-6.83993401043809
			18.0890258775554	-6.84668616642075
			18.0890258775554	-6.85343832240342
			18.0890258775554	-6.86019047838608
			18.0822737215728	-6.86694263436874
			18.0822737215728	-6.87369479035141
			18.0822737215728	-6.88044694633407
			18.0755215655901	-6.88719910231673
			18.0755215655901	-6.8939512582994
			18.0687694096074	-6.90070341428206
			18.0687694096074	-6.90745557026472
			18.0620172536248	-6.91420772624739
			18.0620172536248	-6.92095988223005
			18.0552650976421	-6.92771203821271
			18.0552650976421	-6.93446419419538
			18.0485129416594	-6.94121635017804
			18.0485129416594	-6.9479685061607
			18.0417607856768	-6.95472066214337
			18.0350086296941	-6.96147281812603
			18.0350086296941	-6.9682249741087
			18.0282564737115	-6.97497713009136
			18.0215043177288	-6.98172928607402
			18.0147521617461	-6.98848144205669
			18.0080000057635	-6.99523359803935
			18.0080000057635	-7.00198575402201
			18.0012478497808	-7.00873791000468
			17.9944956937981	-7.01549006598734
			17.9877435378155	-7.02224222197
			17.9809913818328	-7.02899437795267
			17.9742392258501	-7.03574653393533
			17.9674870698675	-7.04249868991799
			17.9607349138848	-7.04925084590066
			17.9539827579022	-7.05600300188332
			17.9472306019195	-7.05600300188332
			17.9404784459368	-7.06275515786598
			17.9337262899542	-7.06950731384865
			17.9269741339715	-7.07625946983131
			17.9202219779888	-7.08301162581397
			17.9134698220062	-7.08976378179664
			17.9067176660235	-7.08976378179664
			17.8999655100408	-7.0965159377793
			17.8932133540582	-7.0965159377793
			17.8864611980755	-7.0965159377793
			17.8797090420929	-7.10326809376197
			17.8729568861102	-7.10326809376197
			17.8662047301275	-7.11002024974463
			17.8594525741449	-7.11002024974463
			17.8527004181622	-7.11002024974463
			17.8459482621795	-7.11677240572729
			17.8391961061969	-7.11677240572729
			17.8324439502142	-7.11677240572729
			17.8256917942315	-7.11677240572729
			17.8189396382489	-7.12352456170995
			17.8121874822662	-7.12352456170995
			17.8054353262836	-7.12352456170995
			17.7986831703009	-7.13027671769262
			17.7919310143182	-7.13027671769262
			17.7851788583356	-7.13027671769262
			17.7784267023529	-7.13027671769262
			17.7784267023529	-7.13702887367528
			17.7716745463702	-7.13702887367528
			17.7649223903876	-7.13702887367528
			17.7581702344049	-7.14378102965795
			17.7514180784222	-7.14378102965795
			17.7446659224396	-7.14378102965795
			17.7379137664569	-7.15053318564061
			17.7311616104743	-7.15053318564061
			17.7244094544916	-7.15728534162327
			17.7176572985089	-7.15728534162327
		</Outline4>
	</curves.scaled>
	<ruler.points type=matrix rownames=TRUE colnames=FALSE nrow=2 ncol=2 as.numeric=TRUE >
		Ruler point 1	4167	2443
		Ruler point 2	2686	2438
	</ruler.points>
</shapes>

