<shapes type=list>
	<ruler.pixel type=vector names=FALSE length=1 as.numeric=TRUE >973.205528138841</ruler.pixel>
	<ruler.interval type=vector names=FALSE length=1 as.numeric=TRUE >10</ruler.interval>
	<scaling.units type=vector names=FALSE length=1 as.numeric=FALSE >mm</scaling.units>
	<scaling type=vector names=FALSE length=1 as.numeric=TRUE >0.0102753218214081</scaling>
	<landmarks.pixel type=matrix rownames=TRUE colnames=FALSE nrow=4 ncol=2 as.numeric=TRUE >
		Labial	2369	1314
		Posterior	2250	1279
		Lingual	2323	1178
		Anterior	2440	1218
	</landmarks.pixel>
	<landmarks.scaled type=matrix rownames=TRUE colnames=FALSE nrow=4 ncol=2 as.numeric=TRUE >
		Labial	24.3422373949157	-13.5017728733302
		Posterior	23.1194740981682	-13.1421366095809
		Lingual	23.869572591131	-12.1043291056187
		Anterior	25.0717852442357	-12.515341978475
	</landmarks.scaled>
	<curves.control type=list>
		<Outline1 type=matrix rownames=FALSE colnames=FALSE nrow=17 ncol=2 as.numeric=TRUE >
			2369	1314
			2361	1320
			2355	1328
			2350	1334
			2342	1343
			2335	1350
			2323	1356
			2311	1359
			2298	1360
			2287	1358
			2274	1353
			2262	1345
			2253	1336
			2248	1325
			2245	1314
			2246	1298
			2250	1279
		</Outline1>
		<Outline2 type=matrix rownames=FALSE colnames=FALSE nrow=13 ncol=2 as.numeric=TRUE >
			2250	1279
			2254	1260
			2256	1249
			2259	1239
			2263	1227
			2268	1219
			2274	1210
			2279	1203
			2286	1197
			2294	1191
			2301	1184
			2310	1180
			2323	1178
		</Outline2>
		<Outline3 type=matrix rownames=FALSE colnames=FALSE nrow=15 ncol=2 as.numeric=TRUE >
			2323	1178
			2337	1176
			2350	1174
			2362	1172
			2375	1172
			2387	1172
			2401	1173
			2411	1175
			2420	1179
			2428	1186
			2433	1193
			2437	1201
			2439	1206
			2439	1212
			2440	1218
		</Outline3>
		<Outline4 type=matrix rownames=FALSE colnames=FALSE nrow=13 ncol=2 as.numeric=TRUE >
			2440	1218
			2442	1226
			2443	1236
			2443	1245
			2441	1256
			2437	1266
			2432	1277
			2423	1288
			2416	1296
			2407	1304
			2397	1308
			2385	1313
			2369	1314
		</Outline4>
	</curves.control>
	<curves.pixel type=list>
		<Outline1 type=matrix rownames=FALSE colnames=FALSE nrow=187 ncol=2 as.numeric=TRUE >
			2369	1314
			2368	1314
			2368	1315
			2367	1315
			2366	1316
			2365	1317
			2364	1318
			2363	1319
			2362	1320
			2361	1321
			2360	1322
			2359	1323
			2358	1324
			2357	1325
			2357	1326
			2356	1327
			2355	1328
			2355	1329
			2354	1329
			2353	1330
			2353	1331
			2352	1332
			2351	1332
			2351	1333
			2350	1334
			2349	1335
			2348	1336
			2348	1337
			2347	1338
			2346	1339
			2345	1339
			2344	1340
			2343	1341
			2342	1342
			2342	1343
			2341	1344
			2340	1345
			2339	1346
			2338	1347
			2337	1347
			2336	1348
			2335	1349
			2334	1350
			2333	1350
			2332	1351
			2331	1352
			2330	1352
			2329	1353
			2328	1353
			2327	1354
			2326	1354
			2325	1355
			2324	1355
			2323	1356
			2322	1356
			2321	1356
			2320	1357
			2319	1357
			2318	1357
			2317	1357
			2316	1358
			2315	1358
			2314	1358
			2313	1358
			2312	1358
			2311	1358
			2310	1359
			2309	1359
			2308	1359
			2307	1359
			2306	1359
			2305	1359
			2304	1359
			2303	1360
			2302	1360
			2301	1360
			2300	1360
			2299	1360
			2298	1360
			2297	1360
			2296	1360
			2295	1359
			2294	1359
			2293	1359
			2292	1359
			2291	1358
			2290	1358
			2289	1358
			2288	1358
			2287	1357
			2286	1357
			2285	1357
			2284	1356
			2283	1356
			2282	1356
			2281	1355
			2280	1355
			2279	1355
			2278	1355
			2278	1354
			2277	1354
			2276	1354
			2275	1353
			2274	1353
			2273	1352
			2272	1352
			2271	1351
			2270	1350
			2269	1350
			2269	1349
			2268	1349
			2267	1348
			2266	1347
			2265	1347
			2264	1346
			2264	1345
			2263	1345
			2262	1344
			2261	1344
			2261	1343
			2260	1342
			2259	1342
			2258	1341
			2258	1340
			2257	1340
			2256	1339
			2255	1338
			2254	1337
			2253	1336
			2252	1335
			2252	1334
			2252	1333
			2251	1332
			2251	1331
			2250	1330
			2250	1329
			2250	1328
			2249	1327
			2249	1326
			2248	1325
			2248	1324
			2248	1323
			2247	1322
			2247	1321
			2247	1320
			2246	1319
			2246	1318
			2246	1317
			2246	1316
			2245	1315
			2245	1314
			2245	1313
			2245	1312
			2245	1311
			2245	1310
			2245	1309
			2246	1308
			2246	1307
			2246	1306
			2246	1305
			2246	1304
			2246	1303
			2246	1302
			2246	1301
			2246	1300
			2246	1299
			2247	1299
			2247	1298
			2247	1297
			2247	1296
			2247	1295
			2247	1294
			2247	1293
			2248	1292
			2248	1291
			2248	1290
			2248	1289
			2248	1288
			2248	1287
			2249	1286
			2249	1285
			2249	1284
			2249	1283
			2249	1282
			2250	1281
			2250	1280
			2250	1279
		</Outline1>
		<Outline2 type=matrix rownames=FALSE colnames=FALSE nrow=124 ncol=2 as.numeric=TRUE >
			2250	1279
			2250	1278
			2250	1277
			2251	1276
			2251	1275
			2251	1274
			2251	1273
			2251	1272
			2252	1271
			2252	1270
			2252	1269
			2252	1268
			2253	1267
			2253	1266
			2253	1265
			2253	1264
			2253	1263
			2254	1262
			2254	1261
			2254	1260
			2254	1259
			2254	1258
			2254	1257
			2255	1256
			2255	1255
			2255	1254
			2255	1253
			2255	1252
			2256	1251
			2256	1250
			2256	1249
			2256	1248
			2257	1247
			2257	1246
			2257	1245
			2258	1244
			2258	1243
			2258	1242
			2258	1241
			2259	1240
			2259	1239
			2259	1238
			2260	1237
			2260	1236
			2260	1235
			2261	1234
			2261	1233
			2261	1232
			2262	1231
			2262	1230
			2262	1229
			2263	1228
			2263	1227
			2264	1226
			2264	1225
			2265	1224
			2265	1223
			2266	1222
			2266	1221
			2267	1221
			2268	1220
			2268	1219
			2269	1218
			2270	1217
			2270	1216
			2271	1215
			2271	1214
			2272	1213
			2273	1212
			2273	1211
			2274	1210
			2275	1209
			2275	1208
			2276	1208
			2276	1207
			2277	1206
			2278	1205
			2279	1204
			2280	1203
			2280	1202
			2281	1201
			2282	1200
			2283	1200
			2284	1199
			2285	1198
			2286	1197
			2287	1196
			2288	1196
			2289	1195
			2290	1194
			2291	1193
			2292	1192
			2293	1191
			2294	1191
			2295	1190
			2296	1189
			2297	1188
			2298	1187
			2299	1186
			2300	1185
			2301	1184
			2302	1184
			2303	1183
			2304	1183
			2305	1182
			2306	1182
			2307	1182
			2308	1182
			2308	1181
			2309	1181
			2310	1181
			2311	1180
			2312	1180
			2313	1180
			2314	1180
			2315	1180
			2316	1179
			2317	1179
			2318	1179
			2319	1179
			2320	1178
			2321	1178
			2322	1178
			2323	1178
		</Outline2>
		<Outline3 type=matrix rownames=FALSE colnames=FALSE nrow=142 ncol=2 as.numeric=TRUE >
			2323	1178
			2324	1178
			2325	1178
			2326	1178
			2327	1177
			2328	1177
			2329	1177
			2330	1177
			2331	1177
			2332	1177
			2333	1177
			2334	1176
			2335	1176
			2336	1176
			2337	1176
			2338	1176
			2339	1176
			2340	1176
			2341	1175
			2342	1175
			2343	1175
			2344	1175
			2345	1175
			2346	1175
			2347	1174
			2348	1174
			2349	1174
			2350	1174
			2351	1174
			2352	1174
			2353	1173
			2354	1173
			2355	1173
			2356	1173
			2357	1173
			2358	1173
			2359	1173
			2360	1173
			2361	1173
			2362	1172
			2363	1172
			2364	1172
			2365	1172
			2366	1172
			2367	1172
			2368	1172
			2369	1172
			2370	1172
			2371	1172
			2372	1172
			2373	1172
			2374	1172
			2375	1172
			2376	1172
			2377	1172
			2378	1172
			2379	1172
			2380	1172
			2381	1172
			2382	1172
			2383	1172
			2384	1172
			2385	1172
			2386	1172
			2387	1172
			2388	1172
			2389	1172
			2390	1172
			2391	1172
			2392	1172
			2393	1173
			2394	1173
			2395	1173
			2396	1173
			2397	1173
			2398	1173
			2399	1173
			2400	1173
			2401	1173
			2402	1173
			2403	1173
			2404	1174
			2405	1174
			2406	1174
			2407	1174
			2408	1175
			2409	1175
			2410	1175
			2411	1175
			2411	1176
			2412	1176
			2413	1176
			2414	1177
			2415	1177
			2416	1177
			2417	1178
			2418	1178
			2419	1179
			2420	1179
			2421	1180
			2422	1181
			2423	1182
			2424	1182
			2424	1183
			2425	1184
			2426	1185
			2427	1185
			2428	1186
			2428	1187
			2429	1188
			2430	1189
			2431	1190
			2432	1191
			2432	1192
			2433	1193
			2434	1194
			2434	1195
			2435	1196
			2435	1197
			2435	1198
			2436	1199
			2436	1200
			2437	1201
			2437	1202
			2438	1202
			2438	1203
			2438	1204
			2438	1205
			2439	1205
			2439	1206
			2439	1207
			2439	1208
			2439	1209
			2439	1210
			2439	1211
			2439	1212
			2439	1213
			2439	1214
			2440	1215
			2440	1216
			2440	1217
			2440	1218
		</Outline3>
		<Outline4 type=matrix rownames=FALSE colnames=FALSE nrow=128 ncol=2 as.numeric=TRUE >
			2440	1218
			2440	1219
			2441	1220
			2441	1221
			2441	1222
			2441	1223
			2441	1224
			2441	1225
			2442	1226
			2442	1227
			2442	1228
			2442	1229
			2442	1230
			2442	1231
			2443	1232
			2443	1233
			2443	1234
			2443	1235
			2443	1236
			2443	1237
			2443	1238
			2443	1239
			2443	1240
			2443	1241
			2443	1242
			2443	1243
			2443	1244
			2443	1245
			2442	1246
			2442	1247
			2442	1248
			2442	1249
			2442	1250
			2442	1251
			2442	1252
			2441	1253
			2441	1254
			2441	1255
			2441	1256
			2440	1257
			2440	1258
			2440	1259
			2439	1260
			2439	1261
			2439	1262
			2438	1263
			2438	1264
			2437	1265
			2437	1266
			2436	1267
			2436	1268
			2436	1269
			2435	1270
			2435	1271
			2434	1272
			2434	1273
			2433	1274
			2433	1275
			2432	1276
			2432	1277
			2431	1278
			2430	1279
			2429	1280
			2429	1281
			2428	1282
			2427	1283
			2426	1284
			2425	1285
			2425	1286
			2424	1287
			2423	1288
			2422	1288
			2422	1289
			2421	1290
			2420	1291
			2420	1292
			2419	1293
			2418	1293
			2418	1294
			2417	1295
			2416	1296
			2415	1297
			2414	1298
			2413	1299
			2412	1300
			2411	1300
			2410	1301
			2409	1302
			2408	1302
			2407	1303
			2406	1304
			2405	1304
			2404	1305
			2403	1305
			2402	1306
			2401	1306
			2400	1307
			2399	1307
			2398	1308
			2397	1308
			2396	1308
			2395	1309
			2394	1309
			2393	1309
			2392	1310
			2391	1310
			2390	1310
			2389	1311
			2388	1311
			2387	1311
			2386	1311
			2385	1312
			2384	1312
			2383	1312
			2382	1312
			2381	1313
			2380	1313
			2379	1313
			2378	1313
			2377	1313
			2376	1313
			2375	1313
			2374	1314
			2373	1314
			2372	1314
			2371	1314
			2370	1314
			2369	1314
		</Outline4>
	</curves.pixel>
	<curves.scaled type=list>
		<Outline1 type=matrix rownames=FALSE colnames=FALSE nrow=187 ncol=2 as.numeric=TRUE >
			24.3422373949157	-13.5017728733302
			24.3319620730943	-13.5017728733302
			24.3319620730943	-13.5120481951516
			24.3216867512729	-13.5120481951516
			24.3114114294515	-13.522323516973
			24.3011361076301	-13.5325988387944
			24.2908607858087	-13.5428741606158
			24.2805854639873	-13.5531494824372
			24.2703101421659	-13.5634248042587
			24.2600348203445	-13.5737001260801
			24.2497594985231	-13.5839754479015
			24.2394841767016	-13.5942507697229
			24.2292088548802	-13.6045260915443
			24.2189335330588	-13.6148014133657
			24.2189335330588	-13.6250767351871
			24.2086582112374	-13.6353520570085
			24.198382889416	-13.6456273788299
			24.198382889416	-13.6559027006513
			24.1881075675946	-13.6559027006513
			24.1778322457732	-13.6661780224727
			24.1778322457732	-13.6764533442941
			24.1675569239518	-13.6867286661156
			24.1572816021304	-13.6867286661156
			24.1572816021304	-13.697003987937
			24.147006280309	-13.7072793097584
			24.1367309584876	-13.7175546315798
			24.1264556366662	-13.7278299534012
			24.1264556366662	-13.7381052752226
			24.1161803148448	-13.748380597044
			24.1059049930233	-13.7586559188654
			24.0956296712019	-13.7586559188654
			24.0853543493805	-13.7689312406868
			24.0750790275591	-13.7792065625082
			24.0648037057377	-13.7894818843296
			24.0648037057377	-13.799757206151
			24.0545283839163	-13.8100325279725
			24.0442530620949	-13.8203078497939
			24.0339777402735	-13.8305831716153
			24.0237024184521	-13.8408584934367
			24.0134270966307	-13.8408584934367
			24.0031517748093	-13.8511338152581
			23.9928764529879	-13.8614091370795
			23.9826011311664	-13.8716844589009
			23.972325809345	-13.8716844589009
			23.9620504875236	-13.8819597807223
			23.9517751657022	-13.8922351025437
			23.9414998438808	-13.8922351025437
			23.9312245220594	-13.9025104243651
			23.920949200238	-13.9025104243651
			23.9106738784166	-13.9127857461865
			23.9003985565952	-13.9127857461865
			23.8901232347738	-13.9230610680079
			23.8798479129524	-13.9230610680079
			23.869572591131	-13.9333363898293
			23.8592972693095	-13.9333363898293
			23.8490219474881	-13.9333363898293
			23.8387466256667	-13.9436117116508
			23.8284713038453	-13.9436117116508
			23.8181959820239	-13.9436117116508
			23.8079206602025	-13.9436117116508
			23.7976453383811	-13.9538870334722
			23.7873700165597	-13.9538870334722
			23.7770946947383	-13.9538870334722
			23.7668193729169	-13.9538870334722
			23.7565440510955	-13.9538870334722
			23.7462687292741	-13.9538870334722
			23.7359934074526	-13.9641623552936
			23.7257180856312	-13.9641623552936
			23.7154427638098	-13.9641623552936
			23.7051674419884	-13.9641623552936
			23.694892120167	-13.9641623552936
			23.6846167983456	-13.9641623552936
			23.6743414765242	-13.9641623552936
			23.6640661547028	-13.974437677115
			23.6537908328814	-13.974437677115
			23.64351551106	-13.974437677115
			23.6332401892386	-13.974437677115
			23.6229648674172	-13.974437677115
			23.6126895455958	-13.974437677115
			23.6024142237743	-13.974437677115
			23.5921389019529	-13.974437677115
			23.5818635801315	-13.9641623552936
			23.5715882583101	-13.9641623552936
			23.5613129364887	-13.9641623552936
			23.5510376146673	-13.9641623552936
			23.5407622928459	-13.9538870334722
			23.5304869710245	-13.9538870334722
			23.5202116492031	-13.9538870334722
			23.5099363273817	-13.9538870334722
			23.4996610055603	-13.9436117116508
			23.4893856837389	-13.9436117116508
			23.4791103619174	-13.9436117116508
			23.468835040096	-13.9333363898293
			23.4585597182746	-13.9333363898293
			23.4482843964532	-13.9333363898293
			23.4380090746318	-13.9230610680079
			23.4277337528104	-13.9230610680079
			23.417458430989	-13.9230610680079
			23.4071831091676	-13.9230610680079
			23.4071831091676	-13.9127857461865
			23.3969077873462	-13.9127857461865
			23.3866324655248	-13.9127857461865
			23.3763571437034	-13.9025104243651
			23.366081821882	-13.9025104243651
			23.3558065000606	-13.8922351025437
			23.3455311782391	-13.8922351025437
			23.3352558564177	-13.8819597807223
			23.3249805345963	-13.8716844589009
			23.3147052127749	-13.8716844589009
			23.3147052127749	-13.8614091370795
			23.3044298909535	-13.8614091370795
			23.2941545691321	-13.8511338152581
			23.2838792473107	-13.8408584934367
			23.2736039254893	-13.8408584934367
			23.2633286036679	-13.8305831716153
			23.2633286036679	-13.8203078497939
			23.2530532818465	-13.8203078497939
			23.2427779600251	-13.8100325279725
			23.2325026382037	-13.8100325279725
			23.2325026382037	-13.799757206151
			23.2222273163822	-13.7894818843296
			23.2119519945608	-13.7894818843296
			23.2016766727394	-13.7792065625082
			23.2016766727394	-13.7689312406868
			23.191401350918	-13.7689312406868
			23.1811260290966	-13.7586559188654
			23.1708507072752	-13.748380597044
			23.1605753854538	-13.7381052752226
			23.1503000636324	-13.7278299534012
			23.140024741811	-13.7175546315798
			23.140024741811	-13.7072793097584
			23.140024741811	-13.697003987937
			23.1297494199896	-13.6867286661156
			23.1297494199896	-13.6764533442941
			23.1194740981682	-13.6661780224727
			23.1194740981682	-13.6559027006513
			23.1194740981682	-13.6456273788299
			23.1091987763468	-13.6353520570085
			23.1091987763468	-13.6250767351871
			23.0989234545254	-13.6148014133657
			23.0989234545254	-13.6045260915443
			23.0989234545254	-13.5942507697229
			23.0886481327039	-13.5839754479015
			23.0886481327039	-13.5737001260801
			23.0886481327039	-13.5634248042587
			23.0783728108825	-13.5531494824372
			23.0783728108825	-13.5428741606158
			23.0783728108825	-13.5325988387944
			23.0783728108825	-13.522323516973
			23.0680974890611	-13.5120481951516
			23.0680974890611	-13.5017728733302
			23.0680974890611	-13.4914975515088
			23.0680974890611	-13.4812222296874
			23.0680974890611	-13.470946907866
			23.0680974890611	-13.4606715860446
			23.0680974890611	-13.4503962642232
			23.0783728108825	-13.4401209424018
			23.0783728108825	-13.4298456205804
			23.0783728108825	-13.4195702987589
			23.0783728108825	-13.4092949769375
			23.0783728108825	-13.3990196551161
			23.0783728108825	-13.3887443332947
			23.0783728108825	-13.3784690114733
			23.0783728108825	-13.3681936896519
			23.0783728108825	-13.3579183678305
			23.0783728108825	-13.3476430460091
			23.0886481327039	-13.3476430460091
			23.0886481327039	-13.3373677241877
			23.0886481327039	-13.3270924023663
			23.0886481327039	-13.3168170805449
			23.0886481327039	-13.3065417587235
			23.0886481327039	-13.296266436902
			23.0886481327039	-13.2859911150806
			23.0989234545254	-13.2757157932592
			23.0989234545254	-13.2654404714378
			23.0989234545254	-13.2551651496164
			23.0989234545254	-13.244889827795
			23.0989234545254	-13.2346145059736
			23.0989234545254	-13.2243391841522
			23.1091987763468	-13.2140638623308
			23.1091987763468	-13.2037885405094
			23.1091987763468	-13.193513218688
			23.1091987763468	-13.1832378968666
			23.1091987763468	-13.1729625750452
			23.1194740981682	-13.1626872532237
			23.1194740981682	-13.1524119314023
			23.1194740981682	-13.1421366095809
		</Outline1>
		<Outline2 type=matrix rownames=FALSE colnames=FALSE nrow=124 ncol=2 as.numeric=TRUE >
			23.1194740981682	-13.1421366095809
			23.1194740981682	-13.1318612877595
			23.1194740981682	-13.1215859659381
			23.1297494199896	-13.1113106441167
			23.1297494199896	-13.1010353222953
			23.1297494199896	-13.0907600004739
			23.1297494199896	-13.0804846786525
			23.1297494199896	-13.0702093568311
			23.140024741811	-13.0599340350097
			23.140024741811	-13.0496587131883
			23.140024741811	-13.0393833913668
			23.140024741811	-13.0291080695454
			23.1503000636324	-13.018832747724
			23.1503000636324	-13.0085574259026
			23.1503000636324	-12.9982821040812
			23.1503000636324	-12.9880067822598
			23.1503000636324	-12.9777314604384
			23.1605753854538	-12.967456138617
			23.1605753854538	-12.9571808167956
			23.1605753854538	-12.9469054949742
			23.1605753854538	-12.9366301731528
			23.1605753854538	-12.9263548513314
			23.1605753854538	-12.9160795295099
			23.1708507072752	-12.9058042076885
			23.1708507072752	-12.8955288858671
			23.1708507072752	-12.8852535640457
			23.1708507072752	-12.8749782422243
			23.1708507072752	-12.8647029204029
			23.1811260290966	-12.8544275985815
			23.1811260290966	-12.8441522767601
			23.1811260290966	-12.8338769549387
			23.1811260290966	-12.8236016331173
			23.191401350918	-12.8133263112959
			23.191401350918	-12.8030509894745
			23.191401350918	-12.7927756676531
			23.2016766727394	-12.7825003458316
			23.2016766727394	-12.7722250240102
			23.2016766727394	-12.7619497021888
			23.2016766727394	-12.7516743803674
			23.2119519945608	-12.741399058546
			23.2119519945608	-12.7311237367246
			23.2119519945608	-12.7208484149032
			23.2222273163822	-12.7105730930818
			23.2222273163822	-12.7002977712604
			23.2222273163822	-12.690022449439
			23.2325026382037	-12.6797471276176
			23.2325026382037	-12.6694718057962
			23.2325026382037	-12.6591964839747
			23.2427779600251	-12.6489211621533
			23.2427779600251	-12.6386458403319
			23.2427779600251	-12.6283705185105
			23.2530532818465	-12.6180951966891
			23.2530532818465	-12.6078198748677
			23.2633286036679	-12.5975445530463
			23.2633286036679	-12.5872692312249
			23.2736039254893	-12.5769939094035
			23.2736039254893	-12.5667185875821
			23.2838792473107	-12.5564432657607
			23.2838792473107	-12.5461679439393
			23.2941545691321	-12.5461679439393
			23.3044298909535	-12.5358926221179
			23.3044298909535	-12.5256173002964
			23.3147052127749	-12.515341978475
			23.3249805345963	-12.5050666566536
			23.3249805345963	-12.4947913348322
			23.3352558564177	-12.4845160130108
			23.3352558564177	-12.4742406911894
			23.3455311782391	-12.463965369368
			23.3558065000606	-12.4536900475466
			23.3558065000606	-12.4434147257252
			23.366081821882	-12.4331394039038
			23.3763571437034	-12.4228640820824
			23.3763571437034	-12.412588760261
			23.3866324655248	-12.412588760261
			23.3866324655248	-12.4023134384395
			23.3969077873462	-12.3920381166181
			23.4071831091676	-12.3817627947967
			23.417458430989	-12.3714874729753
			23.4277337528104	-12.3612121511539
			23.4277337528104	-12.3509368293325
			23.4380090746318	-12.3406615075111
			23.4482843964532	-12.3303861856897
			23.4585597182746	-12.3303861856897
			23.468835040096	-12.3201108638683
			23.4791103619174	-12.3098355420469
			23.4893856837389	-12.2995602202255
			23.4996610055603	-12.2892848984041
			23.5099363273817	-12.2892848984041
			23.5202116492031	-12.2790095765826
			23.5304869710245	-12.2687342547612
			23.5407622928459	-12.2584589329398
			23.5510376146673	-12.2481836111184
			23.5613129364887	-12.237908289297
			23.5715882583101	-12.237908289297
			23.5818635801315	-12.2276329674756
			23.5921389019529	-12.2173576456542
			23.6024142237743	-12.2070823238328
			23.6126895455958	-12.1968070020114
			23.6229648674172	-12.18653168019
			23.6332401892386	-12.1762563583686
			23.64351551106	-12.1659810365472
			23.6537908328814	-12.1659810365472
			23.6640661547028	-12.1557057147258
			23.6743414765242	-12.1557057147258
			23.6846167983456	-12.1454303929043
			23.694892120167	-12.1454303929043
			23.7051674419884	-12.1454303929043
			23.7154427638098	-12.1454303929043
			23.7154427638098	-12.1351550710829
			23.7257180856312	-12.1351550710829
			23.7359934074526	-12.1351550710829
			23.7462687292741	-12.1248797492615
			23.7565440510955	-12.1248797492615
			23.7668193729169	-12.1248797492615
			23.7770946947383	-12.1248797492615
			23.7873700165597	-12.1248797492615
			23.7976453383811	-12.1146044274401
			23.8079206602025	-12.1146044274401
			23.8181959820239	-12.1146044274401
			23.8284713038453	-12.1146044274401
			23.8387466256667	-12.1043291056187
			23.8490219474881	-12.1043291056187
			23.8592972693095	-12.1043291056187
			23.869572591131	-12.1043291056187
		</Outline2>
		<Outline3 type=matrix rownames=FALSE colnames=FALSE nrow=142 ncol=2 as.numeric=TRUE >
			23.869572591131	-12.1043291056187
			23.8798479129524	-12.1043291056187
			23.8901232347738	-12.1043291056187
			23.9003985565952	-12.1043291056187
			23.9106738784166	-12.0940537837973
			23.920949200238	-12.0940537837973
			23.9312245220594	-12.0940537837973
			23.9414998438808	-12.0940537837973
			23.9517751657022	-12.0940537837973
			23.9620504875236	-12.0940537837973
			23.972325809345	-12.0940537837973
			23.9826011311664	-12.0837784619759
			23.9928764529879	-12.0837784619759
			24.0031517748093	-12.0837784619759
			24.0134270966307	-12.0837784619759
			24.0237024184521	-12.0837784619759
			24.0339777402735	-12.0837784619759
			24.0442530620949	-12.0837784619759
			24.0545283839163	-12.0735031401545
			24.0648037057377	-12.0735031401545
			24.0750790275591	-12.0735031401545
			24.0853543493805	-12.0735031401545
			24.0956296712019	-12.0735031401545
			24.1059049930233	-12.0735031401545
			24.1161803148448	-12.0632278183331
			24.1264556366662	-12.0632278183331
			24.1367309584876	-12.0632278183331
			24.147006280309	-12.0632278183331
			24.1572816021304	-12.0632278183331
			24.1675569239518	-12.0632278183331
			24.1778322457732	-12.0529524965117
			24.1881075675946	-12.0529524965117
			24.198382889416	-12.0529524965117
			24.2086582112374	-12.0529524965117
			24.2189335330588	-12.0529524965117
			24.2292088548802	-12.0529524965117
			24.2394841767016	-12.0529524965117
			24.2497594985231	-12.0529524965117
			24.2600348203445	-12.0529524965117
			24.2703101421659	-12.0426771746903
			24.2805854639873	-12.0426771746903
			24.2908607858087	-12.0426771746903
			24.3011361076301	-12.0426771746903
			24.3114114294515	-12.0426771746903
			24.3216867512729	-12.0426771746903
			24.3319620730943	-12.0426771746903
			24.3422373949157	-12.0426771746903
			24.3525127167371	-12.0426771746903
			24.3627880385585	-12.0426771746903
			24.37306336038	-12.0426771746903
			24.3833386822014	-12.0426771746903
			24.3936140040228	-12.0426771746903
			24.4038893258442	-12.0426771746903
			24.4141646476656	-12.0426771746903
			24.424439969487	-12.0426771746903
			24.4347152913084	-12.0426771746903
			24.4449906131298	-12.0426771746903
			24.4552659349512	-12.0426771746903
			24.4655412567726	-12.0426771746903
			24.475816578594	-12.0426771746903
			24.4860919004154	-12.0426771746903
			24.4963672222368	-12.0426771746903
			24.5066425440583	-12.0426771746903
			24.5169178658797	-12.0426771746903
			24.5271931877011	-12.0426771746903
			24.5374685095225	-12.0426771746903
			24.5477438313439	-12.0426771746903
			24.5580191531653	-12.0426771746903
			24.5682944749867	-12.0426771746903
			24.5785697968081	-12.0426771746903
			24.5888451186295	-12.0529524965117
			24.5991204404509	-12.0529524965117
			24.6093957622723	-12.0529524965117
			24.6196710840937	-12.0529524965117
			24.6299464059152	-12.0529524965117
			24.6402217277366	-12.0529524965117
			24.650497049558	-12.0529524965117
			24.6607723713794	-12.0529524965117
			24.6710476932008	-12.0529524965117
			24.6813230150222	-12.0529524965117
			24.6915983368436	-12.0529524965117
			24.701873658665	-12.0632278183331
			24.7121489804864	-12.0632278183331
			24.7224243023078	-12.0632278183331
			24.7326996241292	-12.0632278183331
			24.7429749459506	-12.0735031401545
			24.753250267772	-12.0735031401545
			24.7635255895935	-12.0735031401545
			24.7738009114149	-12.0735031401545
			24.7738009114149	-12.0837784619759
			24.7840762332363	-12.0837784619759
			24.7943515550577	-12.0837784619759
			24.8046268768791	-12.0940537837973
			24.8149021987005	-12.0940537837973
			24.8251775205219	-12.0940537837973
			24.8354528423433	-12.1043291056187
			24.8457281641647	-12.1043291056187
			24.8560034859861	-12.1146044274401
			24.8662788078075	-12.1146044274401
			24.8765541296289	-12.1248797492615
			24.8868294514504	-12.1351550710829
			24.8971047732718	-12.1454303929043
			24.9073800950932	-12.1454303929043
			24.9073800950932	-12.1557057147258
			24.9176554169146	-12.1659810365472
			24.927930738736	-12.1762563583686
			24.9382060605574	-12.1762563583686
			24.9484813823788	-12.18653168019
			24.9484813823788	-12.1968070020114
			24.9587567042002	-12.2070823238328
			24.9690320260216	-12.2173576456542
			24.979307347843	-12.2276329674756
			24.9895826696644	-12.237908289297
			24.9895826696644	-12.2481836111184
			24.9998579914858	-12.2584589329398
			25.0101333133073	-12.2687342547612
			25.0101333133073	-12.2790095765826
			25.0204086351287	-12.2892848984041
			25.0204086351287	-12.2995602202255
			25.0204086351287	-12.3098355420469
			25.0306839569501	-12.3201108638683
			25.0306839569501	-12.3303861856897
			25.0409592787715	-12.3406615075111
			25.0409592787715	-12.3509368293325
			25.0512346005929	-12.3509368293325
			25.0512346005929	-12.3612121511539
			25.0512346005929	-12.3714874729753
			25.0512346005929	-12.3817627947967
			25.0615099224143	-12.3817627947967
			25.0615099224143	-12.3920381166181
			25.0615099224143	-12.4023134384395
			25.0615099224143	-12.412588760261
			25.0615099224143	-12.4228640820824
			25.0615099224143	-12.4331394039038
			25.0615099224143	-12.4434147257252
			25.0615099224143	-12.4536900475466
			25.0615099224143	-12.463965369368
			25.0615099224143	-12.4742406911894
			25.0717852442357	-12.4845160130108
			25.0717852442357	-12.4947913348322
			25.0717852442357	-12.5050666566536
			25.0717852442357	-12.515341978475
		</Outline3>
		<Outline4 type=matrix rownames=FALSE colnames=FALSE nrow=128 ncol=2 as.numeric=TRUE >
			25.0717852442357	-12.515341978475
			25.0717852442357	-12.5256173002964
			25.0820605660571	-12.5358926221179
			25.0820605660571	-12.5461679439393
			25.0820605660571	-12.5564432657607
			25.0820605660571	-12.5667185875821
			25.0820605660571	-12.5769939094035
			25.0820605660571	-12.5872692312249
			25.0923358878785	-12.5975445530463
			25.0923358878785	-12.6078198748677
			25.0923358878785	-12.6180951966891
			25.0923358878785	-12.6283705185105
			25.0923358878785	-12.6386458403319
			25.0923358878785	-12.6489211621533
			25.1026112096999	-12.6591964839747
			25.1026112096999	-12.6694718057962
			25.1026112096999	-12.6797471276176
			25.1026112096999	-12.690022449439
			25.1026112096999	-12.7002977712604
			25.1026112096999	-12.7105730930818
			25.1026112096999	-12.7208484149032
			25.1026112096999	-12.7311237367246
			25.1026112096999	-12.741399058546
			25.1026112096999	-12.7516743803674
			25.1026112096999	-12.7619497021888
			25.1026112096999	-12.7722250240102
			25.1026112096999	-12.7825003458316
			25.1026112096999	-12.7927756676531
			25.0923358878785	-12.8030509894745
			25.0923358878785	-12.8133263112959
			25.0923358878785	-12.8236016331173
			25.0923358878785	-12.8338769549387
			25.0923358878785	-12.8441522767601
			25.0923358878785	-12.8544275985815
			25.0923358878785	-12.8647029204029
			25.0820605660571	-12.8749782422243
			25.0820605660571	-12.8852535640457
			25.0820605660571	-12.8955288858671
			25.0820605660571	-12.9058042076885
			25.0717852442357	-12.9160795295099
			25.0717852442357	-12.9263548513314
			25.0717852442357	-12.9366301731528
			25.0615099224143	-12.9469054949742
			25.0615099224143	-12.9571808167956
			25.0615099224143	-12.967456138617
			25.0512346005929	-12.9777314604384
			25.0512346005929	-12.9880067822598
			25.0409592787715	-12.9982821040812
			25.0409592787715	-13.0085574259026
			25.0306839569501	-13.018832747724
			25.0306839569501	-13.0291080695454
			25.0306839569501	-13.0393833913668
			25.0204086351287	-13.0496587131883
			25.0204086351287	-13.0599340350097
			25.0101333133073	-13.0702093568311
			25.0101333133073	-13.0804846786525
			24.9998579914858	-13.0907600004739
			24.9998579914858	-13.1010353222953
			24.9895826696644	-13.1113106441167
			24.9895826696644	-13.1215859659381
			24.979307347843	-13.1318612877595
			24.9690320260216	-13.1421366095809
			24.9587567042002	-13.1524119314023
			24.9587567042002	-13.1626872532237
			24.9484813823788	-13.1729625750452
			24.9382060605574	-13.1832378968666
			24.927930738736	-13.193513218688
			24.9176554169146	-13.2037885405094
			24.9176554169146	-13.2140638623308
			24.9073800950932	-13.2243391841522
			24.8971047732718	-13.2346145059736
			24.8868294514504	-13.2346145059736
			24.8868294514504	-13.244889827795
			24.8765541296289	-13.2551651496164
			24.8662788078075	-13.2654404714378
			24.8662788078075	-13.2757157932592
			24.8560034859861	-13.2859911150806
			24.8457281641647	-13.2859911150806
			24.8457281641647	-13.296266436902
			24.8354528423433	-13.3065417587235
			24.8251775205219	-13.3168170805449
			24.8149021987005	-13.3270924023663
			24.8046268768791	-13.3373677241877
			24.7943515550577	-13.3476430460091
			24.7840762332363	-13.3579183678305
			24.7738009114149	-13.3579183678305
			24.7635255895935	-13.3681936896519
			24.753250267772	-13.3784690114733
			24.7429749459506	-13.3784690114733
			24.7326996241292	-13.3887443332947
			24.7224243023078	-13.3990196551161
			24.7121489804864	-13.3990196551161
			24.701873658665	-13.4092949769375
			24.6915983368436	-13.4092949769375
			24.6813230150222	-13.4195702987589
			24.6710476932008	-13.4195702987589
			24.6607723713794	-13.4298456205804
			24.650497049558	-13.4298456205804
			24.6402217277366	-13.4401209424018
			24.6299464059152	-13.4401209424018
			24.6196710840937	-13.4401209424018
			24.6093957622723	-13.4503962642232
			24.5991204404509	-13.4503962642232
			24.5888451186295	-13.4503962642232
			24.5785697968081	-13.4606715860446
			24.5682944749867	-13.4606715860446
			24.5580191531653	-13.4606715860446
			24.5477438313439	-13.470946907866
			24.5374685095225	-13.470946907866
			24.5271931877011	-13.470946907866
			24.5169178658797	-13.470946907866
			24.5066425440583	-13.4812222296874
			24.4963672222368	-13.4812222296874
			24.4860919004154	-13.4812222296874
			24.475816578594	-13.4812222296874
			24.4655412567726	-13.4914975515088
			24.4552659349512	-13.4914975515088
			24.4449906131298	-13.4914975515088
			24.4347152913084	-13.4914975515088
			24.424439969487	-13.4914975515088
			24.4141646476656	-13.4914975515088
			24.4038893258442	-13.4914975515088
			24.3936140040228	-13.5017728733302
			24.3833386822014	-13.5017728733302
			24.37306336038	-13.5017728733302
			24.3627880385585	-13.5017728733302
			24.3525127167371	-13.5017728733302
			24.3422373949157	-13.5017728733302
		</Outline4>
	</curves.scaled>
	<ruler.points type=matrix rownames=TRUE colnames=FALSE nrow=2 ncol=2 as.numeric=TRUE >
		Ruler point 1	3280	2224
		Ruler point 2	2307	2244
	</ruler.points>
</shapes>

