<shapes type=list>
	<ruler.pixel type=vector names=FALSE length=1 as.numeric=TRUE >1426.02244021614</ruler.pixel>
	<ruler.interval type=vector names=FALSE length=1 as.numeric=TRUE >10</ruler.interval>
	<scaling.units type=vector names=FALSE length=1 as.numeric=FALSE >mm</scaling.units>
	<scaling type=vector names=FALSE length=1 as.numeric=TRUE >0.00701251236865831</scaling>
	<landmarks.pixel type=matrix rownames=TRUE colnames=FALSE nrow=4 ncol=2 as.numeric=TRUE >
		Labial	2609	1187
		Posterior	2501	1098
		Lingual	2613	1018
		Anterior	2718	1108
	</landmarks.pixel>
	<landmarks.scaled type=matrix rownames=TRUE colnames=FALSE nrow=4 ncol=2 as.numeric=TRUE >
		Labial	18.2956447698295	-8.32385218159741
		Posterior	17.5382934340144	-7.69973858078682
		Lingual	18.3236948193042	-7.13873759129416
		Anterior	19.0600086180133	-7.76986370447341
	</landmarks.scaled>
	<curves.control type=list>
		<Outline1 type=matrix rownames=FALSE colnames=FALSE nrow=21 ncol=2 as.numeric=TRUE >
			2609	1187
			2600	1192
			2590	1197
			2580	1202
			2570	1205
			2559	1207
			2549	1207
			2538	1206
			2527	1204
			2516	1200
			2507	1194
			2499	1187
			2495	1177
			2493	1166
			2492	1156
			2491	1147
			2491	1135
			2493	1121
			2496	1112
			2498	1104
			2501	1098
		</Outline1>
		<Outline2 type=matrix rownames=FALSE colnames=FALSE nrow=21 ncol=2 as.numeric=TRUE >
			2501	1098
			2505	1087
			2506	1075
			2507	1063
			2510	1051
			2512	1041
			2516	1033
			2519	1028
			2525	1024
			2531	1022
			2540	1021
			2547	1020
			2555	1018
			2561	1016
			2567	1014
			2574	1013
			2583	1014
			2591	1015
			2597	1016
			2605	1017
			2613	1018
		</Outline2>
		<Outline3 type=matrix rownames=FALSE colnames=FALSE nrow=21 ncol=2 as.numeric=TRUE >
			2613	1018
			2620	1019
			2627	1019
			2636	1019
			2644	1020
			2653	1021
			2661	1023
			2670	1026
			2678	1028
			2685	1031
			2691	1034
			2696	1038
			2700	1044
			2705	1052
			2709	1058
			2714	1066
			2716	1074
			2719	1082
			2719	1089
			2720	1097
			2718	1108
		</Outline3>
		<Outline4 type=matrix rownames=FALSE colnames=FALSE nrow=21 ncol=2 as.numeric=TRUE >
			2718	1108
			2717	1115
			2716	1122
			2716	1128
			2716	1135
			2715	1140
			2712	1147
			2708	1152
			2705	1156
			2701	1159
			2695	1162
			2690	1165
			2683	1171
			2676	1177
			2669	1181
			2662	1184
			2654	1186
			2646	1187
			2638	1188
			2630	1188
			2609	1187
		</Outline4>
	</curves.control>
	<curves.pixel type=list>
		<Outline1 type=matrix rownames=FALSE colnames=FALSE nrow=208 ncol=2 as.numeric=TRUE >
			2609	1187
			2608	1187
			2607	1188
			2606	1188
			2606	1189
			2605	1189
			2604	1190
			2603	1190
			2602	1191
			2601	1191
			2600	1192
			2599	1192
			2598	1193
			2597	1194
			2596	1194
			2595	1194
			2595	1195
			2594	1195
			2593	1195
			2593	1196
			2592	1196
			2591	1196
			2591	1197
			2590	1197
			2589	1197
			2588	1198
			2587	1198
			2586	1199
			2585	1199
			2584	1200
			2583	1200
			2582	1200
			2582	1201
			2581	1201
			2580	1201
			2579	1202
			2578	1202
			2577	1203
			2576	1203
			2575	1203
			2574	1204
			2573	1204
			2572	1204
			2571	1205
			2570	1205
			2569	1205
			2568	1205
			2567	1206
			2566	1206
			2565	1206
			2564	1206
			2563	1206
			2562	1206
			2561	1206
			2560	1206
			2559	1206
			2559	1207
			2558	1207
			2557	1207
			2556	1207
			2555	1207
			2554	1207
			2553	1207
			2552	1207
			2551	1207
			2550	1207
			2549	1207
			2548	1207
			2547	1207
			2546	1207
			2545	1207
			2544	1206
			2543	1206
			2542	1206
			2541	1206
			2540	1206
			2539	1206
			2538	1206
			2537	1206
			2536	1205
			2535	1205
			2534	1205
			2533	1205
			2532	1205
			2531	1205
			2530	1205
			2529	1204
			2528	1204
			2527	1204
			2526	1204
			2525	1203
			2524	1203
			2523	1203
			2522	1202
			2521	1201
			2520	1201
			2519	1201
			2518	1200
			2517	1200
			2516	1199
			2515	1199
			2514	1198
			2513	1198
			2512	1197
			2511	1197
			2510	1196
			2509	1196
			2509	1195
			2508	1195
			2507	1194
			2506	1193
			2505	1192
			2504	1191
			2503	1190
			2502	1189
			2501	1188
			2501	1187
			2500	1186
			2499	1185
			2499	1184
			2498	1183
			2498	1182
			2497	1181
			2496	1180
			2496	1179
			2495	1178
			2495	1177
			2495	1176
			2495	1175
			2494	1174
			2494	1173
			2494	1172
			2494	1171
			2494	1170
			2494	1169
			2494	1168
			2493	1167
			2493	1166
			2493	1165
			2493	1164
			2493	1163
			2493	1162
			2493	1161
			2492	1160
			2492	1159
			2492	1158
			2492	1157
			2492	1156
			2492	1155
			2492	1154
			2492	1153
			2492	1152
			2492	1151
			2491	1150
			2491	1149
			2491	1148
			2491	1147
			2491	1146
			2491	1145
			2491	1144
			2491	1143
			2491	1142
			2491	1141
			2491	1140
			2491	1139
			2491	1138
			2491	1137
			2491	1136
			2491	1135
			2491	1134
			2491	1133
			2491	1132
			2492	1132
			2492	1131
			2492	1130
			2492	1129
			2492	1128
			2492	1127
			2492	1126
			2493	1125
			2493	1124
			2493	1123
			2493	1122
			2494	1121
			2494	1120
			2494	1119
			2494	1118
			2494	1117
			2495	1116
			2495	1115
			2495	1114
			2496	1113
			2496	1112
			2496	1111
			2496	1110
			2497	1109
			2497	1108
			2497	1107
			2498	1106
			2498	1105
			2498	1104
			2499	1104
			2499	1103
			2499	1102
			2500	1101
			2500	1100
			2501	1099
			2501	1098
		</Outline1>
		<Outline2 type=matrix rownames=FALSE colnames=FALSE nrow=165 ncol=2 as.numeric=TRUE >
			2501	1098
			2501	1097
			2502	1096
			2502	1095
			2502	1094
			2503	1093
			2503	1092
			2503	1091
			2504	1090
			2504	1089
			2504	1088
			2504	1087
			2504	1086
			2505	1085
			2505	1084
			2505	1083
			2505	1082
			2505	1081
			2505	1080
			2506	1079
			2506	1078
			2506	1077
			2506	1076
			2506	1075
			2506	1074
			2506	1073
			2506	1072
			2506	1071
			2507	1070
			2507	1069
			2507	1068
			2507	1067
			2507	1066
			2507	1065
			2507	1064
			2508	1063
			2508	1062
			2508	1061
			2508	1060
			2508	1059
			2508	1058
			2509	1057
			2509	1056
			2509	1055
			2509	1054
			2510	1053
			2510	1052
			2510	1051
			2510	1050
			2510	1049
			2511	1048
			2511	1047
			2511	1046
			2511	1045
			2512	1044
			2512	1043
			2512	1042
			2513	1041
			2513	1040
			2513	1039
			2514	1038
			2514	1037
			2515	1036
			2515	1035
			2516	1034
			2516	1033
			2517	1032
			2517	1031
			2518	1030
			2519	1029
			2520	1028
			2521	1027
			2522	1026
			2523	1026
			2523	1025
			2524	1024
			2525	1024
			2526	1024
			2527	1023
			2528	1023
			2529	1023
			2530	1023
			2531	1022
			2532	1022
			2533	1022
			2534	1022
			2535	1022
			2536	1022
			2537	1021
			2538	1021
			2539	1021
			2540	1021
			2541	1021
			2542	1021
			2543	1021
			2544	1020
			2545	1020
			2546	1020
			2547	1020
			2548	1020
			2549	1019
			2550	1019
			2551	1019
			2552	1019
			2553	1019
			2554	1018
			2555	1018
			2556	1018
			2557	1017
			2558	1017
			2559	1017
			2560	1016
			2561	1016
			2562	1016
			2563	1015
			2564	1015
			2565	1015
			2566	1014
			2567	1014
			2568	1014
			2569	1014
			2570	1014
			2571	1014
			2572	1014
			2573	1014
			2574	1014
			2575	1014
			2576	1014
			2577	1014
			2578	1014
			2579	1014
			2580	1014
			2581	1014
			2582	1014
			2583	1014
			2584	1014
			2585	1014
			2586	1014
			2587	1014
			2588	1015
			2589	1015
			2590	1015
			2591	1015
			2592	1015
			2593	1015
			2594	1016
			2595	1016
			2596	1016
			2597	1016
			2598	1016
			2599	1016
			2600	1016
			2601	1017
			2602	1017
			2603	1017
			2604	1017
			2605	1017
			2606	1017
			2607	1017
			2608	1017
			2609	1017
			2610	1018
			2611	1018
			2612	1018
			2613	1018
		</Outline2>
		<Outline3 type=matrix rownames=FALSE colnames=FALSE nrow=162 ncol=2 as.numeric=TRUE >
			2613	1018
			2614	1018
			2615	1018
			2616	1018
			2617	1019
			2618	1019
			2619	1019
			2620	1019
			2621	1019
			2622	1019
			2623	1019
			2624	1019
			2625	1019
			2626	1019
			2627	1019
			2628	1019
			2629	1019
			2630	1019
			2631	1019
			2632	1019
			2633	1019
			2634	1019
			2635	1019
			2636	1019
			2637	1019
			2638	1019
			2639	1020
			2640	1020
			2641	1020
			2642	1020
			2643	1020
			2644	1020
			2645	1020
			2646	1020
			2647	1020
			2648	1020
			2649	1021
			2650	1021
			2651	1021
			2652	1021
			2653	1021
			2654	1021
			2655	1022
			2656	1022
			2657	1022
			2658	1022
			2659	1022
			2659	1023
			2660	1023
			2661	1023
			2662	1023
			2663	1024
			2664	1024
			2665	1024
			2666	1025
			2667	1025
			2668	1025
			2669	1026
			2670	1026
			2671	1026
			2672	1026
			2673	1027
			2674	1027
			2675	1027
			2676	1027
			2677	1028
			2678	1028
			2679	1028
			2679	1029
			2680	1029
			2681	1029
			2682	1030
			2683	1030
			2684	1031
			2685	1031
			2686	1032
			2687	1032
			2688	1032
			2689	1033
			2690	1034
			2691	1034
			2692	1035
			2693	1036
			2694	1036
			2694	1037
			2695	1038
			2696	1039
			2697	1039
			2697	1040
			2698	1041
			2699	1042
			2699	1043
			2700	1044
			2701	1045
			2701	1046
			2702	1047
			2702	1048
			2703	1048
			2703	1049
			2704	1050
			2704	1051
			2705	1051
			2705	1052
			2705	1053
			2706	1053
			2706	1054
			2707	1055
			2708	1056
			2708	1057
			2709	1058
			2710	1059
			2710	1060
			2711	1061
			2711	1062
			2712	1063
			2712	1064
			2713	1065
			2713	1066
			2714	1067
			2714	1068
			2714	1069
			2715	1070
			2715	1071
			2715	1072
			2716	1073
			2716	1074
			2717	1075
			2717	1076
			2717	1077
			2717	1078
			2718	1079
			2718	1080
			2718	1081
			2718	1082
			2718	1083
			2719	1083
			2719	1084
			2719	1085
			2719	1086
			2719	1087
			2719	1088
			2719	1089
			2719	1090
			2719	1091
			2719	1092
			2719	1093
			2719	1094
			2719	1095
			2719	1096
			2719	1097
			2719	1098
			2719	1099
			2719	1100
			2719	1101
			2719	1102
			2719	1103
			2719	1104
			2719	1105
			2718	1105
			2718	1106
			2718	1107
			2718	1108
		</Outline3>
		<Outline4 type=matrix rownames=FALSE colnames=FALSE nrow=149 ncol=2 as.numeric=TRUE >
			2718	1108
			2718	1109
			2718	1110
			2718	1111
			2717	1112
			2717	1113
			2717	1114
			2717	1115
			2717	1116
			2717	1117
			2717	1118
			2716	1119
			2716	1120
			2716	1121
			2716	1122
			2716	1123
			2716	1124
			2716	1125
			2716	1126
			2716	1127
			2716	1128
			2716	1129
			2716	1130
			2716	1131
			2716	1132
			2716	1133
			2716	1134
			2716	1135
			2716	1136
			2715	1137
			2715	1138
			2715	1139
			2715	1140
			2714	1141
			2714	1142
			2714	1143
			2713	1144
			2713	1145
			2712	1146
			2712	1147
			2711	1148
			2711	1149
			2710	1149
			2710	1150
			2709	1151
			2708	1152
			2707	1153
			2706	1154
			2705	1155
			2705	1156
			2704	1157
			2703	1157
			2702	1158
			2701	1159
			2700	1159
			2699	1160
			2698	1161
			2697	1161
			2696	1162
			2695	1162
			2694	1163
			2693	1163
			2692	1164
			2691	1165
			2690	1165
			2689	1166
			2688	1167
			2687	1168
			2686	1169
			2685	1169
			2685	1170
			2684	1170
			2683	1171
			2682	1172
			2681	1173
			2680	1173
			2679	1174
			2678	1175
			2677	1175
			2677	1176
			2676	1177
			2675	1177
			2674	1178
			2673	1178
			2672	1179
			2671	1180
			2670	1181
			2669	1181
			2668	1182
			2667	1182
			2666	1182
			2665	1182
			2665	1183
			2664	1183
			2663	1183
			2662	1184
			2661	1184
			2660	1184
			2659	1185
			2658	1185
			2657	1185
			2656	1186
			2655	1186
			2654	1186
			2653	1186
			2652	1186
			2651	1186
			2650	1187
			2649	1187
			2648	1187
			2647	1187
			2646	1187
			2645	1187
			2644	1187
			2643	1187
			2642	1188
			2641	1188
			2640	1188
			2639	1188
			2638	1188
			2637	1188
			2636	1188
			2635	1188
			2634	1188
			2633	1188
			2632	1188
			2631	1188
			2630	1188
			2629	1188
			2628	1188
			2627	1188
			2626	1188
			2625	1188
			2624	1188
			2623	1188
			2622	1188
			2621	1188
			2620	1188
			2619	1187
			2618	1187
			2617	1187
			2616	1187
			2615	1187
			2614	1187
			2613	1187
			2612	1187
			2611	1187
			2610	1187
			2609	1187
		</Outline4>
	</curves.pixel>
	<curves.scaled type=list>
		<Outline1 type=matrix rownames=FALSE colnames=FALSE nrow=208 ncol=2 as.numeric=TRUE >
			18.2956447698295	-8.32385218159741
			18.2886322574609	-8.32385218159741
			18.2816197450922	-8.33086469396607
			18.2746072327236	-8.33086469396607
			18.2746072327236	-8.33787720633473
			18.2675947203549	-8.33787720633473
			18.2605822079862	-8.34488971870339
			18.2535696956176	-8.34488971870339
			18.2465571832489	-8.35190223107205
			18.2395446708803	-8.35190223107205
			18.2325321585116	-8.3589147434407
			18.2255196461429	-8.3589147434407
			18.2185071337743	-8.36592725580936
			18.2114946214056	-8.37293976817802
			18.204482109037	-8.37293976817802
			18.1974695966683	-8.37293976817802
			18.1974695966683	-8.37995228054668
			18.1904570842997	-8.37995228054668
			18.183444571931	-8.37995228054668
			18.183444571931	-8.38696479291534
			18.1764320595623	-8.38696479291534
			18.1694195471937	-8.38696479291534
			18.1694195471937	-8.393977305284
			18.162407034825	-8.393977305284
			18.1553945224564	-8.393977305284
			18.1483820100877	-8.40098981765266
			18.141369497719	-8.40098981765266
			18.1343569853504	-8.40800233002131
			18.1273444729817	-8.40800233002131
			18.1203319606131	-8.41501484238997
			18.1133194482444	-8.41501484238997
			18.1063069358758	-8.41501484238997
			18.1063069358758	-8.42202735475863
			18.0992944235071	-8.42202735475863
			18.0922819111384	-8.42202735475863
			18.0852693987698	-8.42903986712729
			18.0782568864011	-8.42903986712729
			18.0712443740325	-8.43605237949595
			18.0642318616638	-8.43605237949595
			18.0572193492951	-8.43605237949595
			18.0502068369265	-8.4430648918646
			18.0431943245578	-8.4430648918646
			18.0361818121892	-8.4430648918646
			18.0291692998205	-8.45007740423326
			18.0221567874519	-8.45007740423326
			18.0151442750832	-8.45007740423326
			18.0081317627145	-8.45007740423326
			18.0011192503459	-8.45708991660192
			17.9941067379772	-8.45708991660192
			17.9870942256086	-8.45708991660192
			17.9800817132399	-8.45708991660192
			17.9730692008712	-8.45708991660192
			17.9660566885026	-8.45708991660192
			17.9590441761339	-8.45708991660192
			17.9520316637653	-8.45708991660192
			17.9450191513966	-8.45708991660192
			17.9450191513966	-8.46410242897058
			17.938006639028	-8.46410242897058
			17.9309941266593	-8.46410242897058
			17.9239816142906	-8.46410242897058
			17.916969101922	-8.46410242897058
			17.9099565895533	-8.46410242897058
			17.9029440771847	-8.46410242897058
			17.895931564816	-8.46410242897058
			17.8889190524473	-8.46410242897058
			17.8819065400787	-8.46410242897058
			17.87489402771	-8.46410242897058
			17.8678815153414	-8.46410242897058
			17.8608690029727	-8.46410242897058
			17.8538564906041	-8.46410242897058
			17.8468439782354	-8.46410242897058
			17.8398314658667	-8.45708991660192
			17.8328189534981	-8.45708991660192
			17.8258064411294	-8.45708991660192
			17.8187939287608	-8.45708991660192
			17.8117814163921	-8.45708991660192
			17.8047689040234	-8.45708991660192
			17.7977563916548	-8.45708991660192
			17.7907438792861	-8.45708991660192
			17.7837313669175	-8.45007740423326
			17.7767188545488	-8.45007740423326
			17.7697063421802	-8.45007740423326
			17.7626938298115	-8.45007740423326
			17.7556813174428	-8.45007740423326
			17.7486688050742	-8.45007740423326
			17.7416562927055	-8.45007740423326
			17.7346437803369	-8.4430648918646
			17.7276312679682	-8.4430648918646
			17.7206187555995	-8.4430648918646
			17.7136062432309	-8.4430648918646
			17.7065937308622	-8.43605237949595
			17.6995812184936	-8.43605237949595
			17.6925687061249	-8.43605237949595
			17.6855561937563	-8.42903986712729
			17.6785436813876	-8.42202735475863
			17.6715311690189	-8.42202735475863
			17.6645186566503	-8.42202735475863
			17.6575061442816	-8.41501484238997
			17.650493631913	-8.41501484238997
			17.6434811195443	-8.40800233002131
			17.6364686071757	-8.40800233002131
			17.629456094807	-8.40098981765266
			17.6224435824383	-8.40098981765266
			17.6154310700697	-8.393977305284
			17.608418557701	-8.393977305284
			17.6014060453324	-8.38696479291534
			17.5943935329637	-8.38696479291534
			17.5943935329637	-8.37995228054668
			17.587381020595	-8.37995228054668
			17.5803685082264	-8.37293976817802
			17.5733559958577	-8.36592725580936
			17.5663434834891	-8.3589147434407
			17.5593309711204	-8.35190223107205
			17.5523184587517	-8.34488971870339
			17.5453059463831	-8.33787720633473
			17.5382934340144	-8.33086469396607
			17.5382934340144	-8.32385218159741
			17.5312809216458	-8.31683966922876
			17.5242684092771	-8.3098271568601
			17.5242684092771	-8.30281464449144
			17.5172558969085	-8.29580213212278
			17.5172558969085	-8.28878961975412
			17.5102433845398	-8.28177710738546
			17.5032308721711	-8.2747645950168
			17.5032308721711	-8.26775208264815
			17.4962183598025	-8.26073957027949
			17.4962183598025	-8.25372705791083
			17.4962183598025	-8.24671454554217
			17.4962183598025	-8.23970203317351
			17.4892058474338	-8.23268952080486
			17.4892058474338	-8.2256770084362
			17.4892058474338	-8.21866449606754
			17.4892058474338	-8.21165198369888
			17.4892058474338	-8.20463947133022
			17.4892058474338	-8.19762695896156
			17.4892058474338	-8.19061444659291
			17.4821933350652	-8.18360193422425
			17.4821933350652	-8.17658942185559
			17.4821933350652	-8.16957690948693
			17.4821933350652	-8.16256439711827
			17.4821933350652	-8.15555188474961
			17.4821933350652	-8.14853937238096
			17.4821933350652	-8.1415268600123
			17.4751808226965	-8.13451434764364
			17.4751808226965	-8.12750183527498
			17.4751808226965	-8.12048932290632
			17.4751808226965	-8.11347681053766
			17.4751808226965	-8.10646429816901
			17.4751808226965	-8.09945178580035
			17.4751808226965	-8.09243927343169
			17.4751808226965	-8.08542676106303
			17.4751808226965	-8.07841424869437
			17.4751808226965	-8.07140173632571
			17.4681683103279	-8.06438922395706
			17.4681683103279	-8.0573767115884
			17.4681683103279	-8.05036419921974
			17.4681683103279	-8.04335168685108
			17.4681683103279	-8.03633917448242
			17.4681683103279	-8.02932666211376
			17.4681683103279	-8.02231414974511
			17.4681683103279	-8.01530163737645
			17.4681683103279	-8.00828912500779
			17.4681683103279	-8.00127661263913
			17.4681683103279	-7.99426410027047
			17.4681683103279	-7.98725158790181
			17.4681683103279	-7.98023907553316
			17.4681683103279	-7.9732265631645
			17.4681683103279	-7.96621405079584
			17.4681683103279	-7.95920153842718
			17.4681683103279	-7.95218902605852
			17.4681683103279	-7.94517651368986
			17.4681683103279	-7.93816400132121
			17.4751808226965	-7.93816400132121
			17.4751808226965	-7.93115148895255
			17.4751808226965	-7.92413897658389
			17.4751808226965	-7.91712646421523
			17.4751808226965	-7.91011395184657
			17.4751808226965	-7.90310143947791
			17.4751808226965	-7.89608892710926
			17.4821933350652	-7.8890764147406
			17.4821933350652	-7.88206390237194
			17.4821933350652	-7.87505139000328
			17.4821933350652	-7.86803887763462
			17.4892058474338	-7.86102636526597
			17.4892058474338	-7.85401385289731
			17.4892058474338	-7.84700134052865
			17.4892058474338	-7.83998882815999
			17.4892058474338	-7.83297631579133
			17.4962183598025	-7.82596380342267
			17.4962183598025	-7.81895129105402
			17.4962183598025	-7.81193877868536
			17.5032308721711	-7.8049262663167
			17.5032308721711	-7.79791375394804
			17.5032308721711	-7.79090124157938
			17.5032308721711	-7.78388872921072
			17.5102433845398	-7.77687621684207
			17.5102433845398	-7.76986370447341
			17.5102433845398	-7.76285119210475
			17.5172558969085	-7.75583867973609
			17.5172558969085	-7.74882616736743
			17.5172558969085	-7.74181365499877
			17.5242684092771	-7.74181365499877
			17.5242684092771	-7.73480114263012
			17.5242684092771	-7.72778863026146
			17.5312809216458	-7.7207761178928
			17.5312809216458	-7.71376360552414
			17.5382934340144	-7.70675109315548
			17.5382934340144	-7.69973858078682
		</Outline1>
		<Outline2 type=matrix rownames=FALSE colnames=FALSE nrow=165 ncol=2 as.numeric=TRUE >
			17.5382934340144	-7.69973858078682
			17.5382934340144	-7.69272606841817
			17.5453059463831	-7.68571355604951
			17.5453059463831	-7.67870104368085
			17.5453059463831	-7.67168853131219
			17.5523184587517	-7.66467601894353
			17.5523184587517	-7.65766350657487
			17.5523184587517	-7.65065099420622
			17.5593309711204	-7.64363848183756
			17.5593309711204	-7.6366259694689
			17.5593309711204	-7.62961345710024
			17.5593309711204	-7.62260094473158
			17.5593309711204	-7.61558843236292
			17.5663434834891	-7.60857591999427
			17.5663434834891	-7.60156340762561
			17.5663434834891	-7.59455089525695
			17.5663434834891	-7.58753838288829
			17.5663434834891	-7.58052587051963
			17.5663434834891	-7.57351335815097
			17.5733559958577	-7.56650084578232
			17.5733559958577	-7.55948833341366
			17.5733559958577	-7.552475821045
			17.5733559958577	-7.54546330867634
			17.5733559958577	-7.53845079630768
			17.5733559958577	-7.53143828393902
			17.5733559958577	-7.52442577157037
			17.5733559958577	-7.51741325920171
			17.5733559958577	-7.51040074683305
			17.5803685082264	-7.50338823446439
			17.5803685082264	-7.49637572209573
			17.5803685082264	-7.48936320972707
			17.5803685082264	-7.48235069735842
			17.5803685082264	-7.47533818498976
			17.5803685082264	-7.4683256726211
			17.5803685082264	-7.46131316025244
			17.587381020595	-7.45430064788378
			17.587381020595	-7.44728813551512
			17.587381020595	-7.44027562314647
			17.587381020595	-7.43326311077781
			17.587381020595	-7.42625059840915
			17.587381020595	-7.41923808604049
			17.5943935329637	-7.41222557367183
			17.5943935329637	-7.40521306130317
			17.5943935329637	-7.39820054893452
			17.5943935329637	-7.39118803656586
			17.6014060453324	-7.3841755241972
			17.6014060453324	-7.37716301182854
			17.6014060453324	-7.37015049945988
			17.6014060453324	-7.36313798709123
			17.6014060453324	-7.35612547472257
			17.608418557701	-7.34911296235391
			17.608418557701	-7.34210044998525
			17.608418557701	-7.33508793761659
			17.608418557701	-7.32807542524793
			17.6154310700697	-7.32106291287928
			17.6154310700697	-7.31405040051062
			17.6154310700697	-7.30703788814196
			17.6224435824383	-7.3000253757733
			17.6224435824383	-7.29301286340464
			17.6224435824383	-7.28600035103598
			17.629456094807	-7.27898783866733
			17.629456094807	-7.27197532629867
			17.6364686071757	-7.26496281393001
			17.6364686071757	-7.25795030156135
			17.6434811195443	-7.25093778919269
			17.6434811195443	-7.24392527682403
			17.650493631913	-7.23691276445538
			17.650493631913	-7.22990025208672
			17.6575061442816	-7.22288773971806
			17.6645186566503	-7.2158752273494
			17.6715311690189	-7.20886271498074
			17.6785436813876	-7.20185020261208
			17.6855561937563	-7.19483769024343
			17.6925687061249	-7.19483769024343
			17.6925687061249	-7.18782517787477
			17.6995812184936	-7.18081266550611
			17.7065937308622	-7.18081266550611
			17.7136062432309	-7.18081266550611
			17.7206187555995	-7.17380015313745
			17.7276312679682	-7.17380015313745
			17.7346437803369	-7.17380015313745
			17.7416562927055	-7.17380015313745
			17.7486688050742	-7.16678764076879
			17.7556813174428	-7.16678764076879
			17.7626938298115	-7.16678764076879
			17.7697063421802	-7.16678764076879
			17.7767188545488	-7.16678764076879
			17.7837313669175	-7.16678764076879
			17.7907438792861	-7.15977512840013
			17.7977563916548	-7.15977512840013
			17.8047689040234	-7.15977512840013
			17.8117814163921	-7.15977512840013
			17.8187939287608	-7.15977512840013
			17.8258064411294	-7.15977512840013
			17.8328189534981	-7.15977512840013
			17.8398314658667	-7.15276261603148
			17.8468439782354	-7.15276261603148
			17.8538564906041	-7.15276261603148
			17.8608690029727	-7.15276261603148
			17.8678815153414	-7.15276261603148
			17.87489402771	-7.14575010366282
			17.8819065400787	-7.14575010366282
			17.8889190524473	-7.14575010366282
			17.895931564816	-7.14575010366282
			17.9029440771847	-7.14575010366282
			17.9099565895533	-7.13873759129416
			17.916969101922	-7.13873759129416
			17.9239816142906	-7.13873759129416
			17.9309941266593	-7.1317250789255
			17.938006639028	-7.1317250789255
			17.9450191513966	-7.1317250789255
			17.9520316637653	-7.12471256655684
			17.9590441761339	-7.12471256655684
			17.9660566885026	-7.12471256655684
			17.9730692008712	-7.11770005418818
			17.9800817132399	-7.11770005418818
			17.9870942256086	-7.11770005418818
			17.9941067379772	-7.11068754181953
			18.0011192503459	-7.11068754181953
			18.0081317627145	-7.11068754181953
			18.0151442750832	-7.11068754181953
			18.0221567874519	-7.11068754181953
			18.0291692998205	-7.11068754181953
			18.0361818121892	-7.11068754181953
			18.0431943245578	-7.11068754181953
			18.0502068369265	-7.11068754181953
			18.0572193492951	-7.11068754181953
			18.0642318616638	-7.11068754181953
			18.0712443740325	-7.11068754181953
			18.0782568864011	-7.11068754181953
			18.0852693987698	-7.11068754181953
			18.0922819111384	-7.11068754181953
			18.0992944235071	-7.11068754181953
			18.1063069358758	-7.11068754181953
			18.1133194482444	-7.11068754181953
			18.1203319606131	-7.11068754181953
			18.1273444729817	-7.11068754181953
			18.1343569853504	-7.11068754181953
			18.141369497719	-7.11068754181953
			18.1483820100877	-7.11770005418818
			18.1553945224564	-7.11770005418818
			18.162407034825	-7.11770005418818
			18.1694195471937	-7.11770005418818
			18.1764320595623	-7.11770005418818
			18.183444571931	-7.11770005418818
			18.1904570842997	-7.12471256655684
			18.1974695966683	-7.12471256655684
			18.204482109037	-7.12471256655684
			18.2114946214056	-7.12471256655684
			18.2185071337743	-7.12471256655684
			18.2255196461429	-7.12471256655684
			18.2325321585116	-7.12471256655684
			18.2395446708803	-7.1317250789255
			18.2465571832489	-7.1317250789255
			18.2535696956176	-7.1317250789255
			18.2605822079862	-7.1317250789255
			18.2675947203549	-7.1317250789255
			18.2746072327236	-7.1317250789255
			18.2816197450922	-7.1317250789255
			18.2886322574609	-7.1317250789255
			18.2956447698295	-7.1317250789255
			18.3026572821982	-7.13873759129416
			18.3096697945668	-7.13873759129416
			18.3166823069355	-7.13873759129416
			18.3236948193042	-7.13873759129416
		</Outline2>
		<Outline3 type=matrix rownames=FALSE colnames=FALSE nrow=162 ncol=2 as.numeric=TRUE >
			18.3236948193042	-7.13873759129416
			18.3307073316728	-7.13873759129416
			18.3377198440415	-7.13873759129416
			18.3447323564101	-7.13873759129416
			18.3517448687788	-7.14575010366282
			18.3587573811475	-7.14575010366282
			18.3657698935161	-7.14575010366282
			18.3727824058848	-7.14575010366282
			18.3797949182534	-7.14575010366282
			18.3868074306221	-7.14575010366282
			18.3938199429907	-7.14575010366282
			18.4008324553594	-7.14575010366282
			18.4078449677281	-7.14575010366282
			18.4148574800967	-7.14575010366282
			18.4218699924654	-7.14575010366282
			18.428882504834	-7.14575010366282
			18.4358950172027	-7.14575010366282
			18.4429075295714	-7.14575010366282
			18.44992004194	-7.14575010366282
			18.4569325543087	-7.14575010366282
			18.4639450666773	-7.14575010366282
			18.470957579046	-7.14575010366282
			18.4779700914146	-7.14575010366282
			18.4849826037833	-7.14575010366282
			18.491995116152	-7.14575010366282
			18.4990076285206	-7.14575010366282
			18.5060201408893	-7.15276261603148
			18.5130326532579	-7.15276261603148
			18.5200451656266	-7.15276261603148
			18.5270576779953	-7.15276261603148
			18.5340701903639	-7.15276261603148
			18.5410827027326	-7.15276261603148
			18.5480952151012	-7.15276261603148
			18.5551077274699	-7.15276261603148
			18.5621202398385	-7.15276261603148
			18.5691327522072	-7.15276261603148
			18.5761452645759	-7.15977512840013
			18.5831577769445	-7.15977512840013
			18.5901702893132	-7.15977512840013
			18.5971828016818	-7.15977512840013
			18.6041953140505	-7.15977512840013
			18.6112078264192	-7.15977512840013
			18.6182203387878	-7.16678764076879
			18.6252328511565	-7.16678764076879
			18.6322453635251	-7.16678764076879
			18.6392578758938	-7.16678764076879
			18.6462703882624	-7.16678764076879
			18.6462703882624	-7.17380015313745
			18.6532829006311	-7.17380015313745
			18.6602954129998	-7.17380015313745
			18.6673079253684	-7.17380015313745
			18.6743204377371	-7.18081266550611
			18.6813329501057	-7.18081266550611
			18.6883454624744	-7.18081266550611
			18.6953579748431	-7.18782517787477
			18.7023704872117	-7.18782517787477
			18.7093829995804	-7.18782517787477
			18.716395511949	-7.19483769024343
			18.7234080243177	-7.19483769024343
			18.7304205366863	-7.19483769024343
			18.737433049055	-7.19483769024343
			18.7444455614237	-7.20185020261208
			18.7514580737923	-7.20185020261208
			18.758470586161	-7.20185020261208
			18.7654830985296	-7.20185020261208
			18.7724956108983	-7.20886271498074
			18.779508123267	-7.20886271498074
			18.7865206356356	-7.20886271498074
			18.7865206356356	-7.2158752273494
			18.7935331480043	-7.2158752273494
			18.8005456603729	-7.2158752273494
			18.8075581727416	-7.22288773971806
			18.8145706851102	-7.22288773971806
			18.8215831974789	-7.22990025208672
			18.8285957098476	-7.22990025208672
			18.8356082222162	-7.23691276445538
			18.8426207345849	-7.23691276445538
			18.8496332469535	-7.23691276445538
			18.8566457593222	-7.24392527682403
			18.8636582716909	-7.25093778919269
			18.8706707840595	-7.25093778919269
			18.8776832964282	-7.25795030156135
			18.8846958087968	-7.26496281393001
			18.8917083211655	-7.26496281393001
			18.8917083211655	-7.27197532629867
			18.8987208335341	-7.27898783866733
			18.9057333459028	-7.28600035103598
			18.9127458582715	-7.28600035103598
			18.9127458582715	-7.29301286340464
			18.9197583706401	-7.3000253757733
			18.9267708830088	-7.30703788814196
			18.9267708830088	-7.31405040051062
			18.9337833953774	-7.32106291287928
			18.9407959077461	-7.32807542524793
			18.9407959077461	-7.33508793761659
			18.9478084201148	-7.34210044998525
			18.9478084201148	-7.34911296235391
			18.9548209324834	-7.34911296235391
			18.9548209324834	-7.35612547472257
			18.9618334448521	-7.36313798709123
			18.9618334448521	-7.37015049945988
			18.9688459572207	-7.37015049945988
			18.9688459572207	-7.37716301182854
			18.9688459572207	-7.3841755241972
			18.9758584695894	-7.3841755241972
			18.9758584695894	-7.39118803656586
			18.982870981958	-7.39820054893452
			18.9898834943267	-7.40521306130317
			18.9898834943267	-7.41222557367183
			18.9968960066954	-7.41923808604049
			19.003908519064	-7.42625059840915
			19.003908519064	-7.43326311077781
			19.0109210314327	-7.44027562314647
			19.0109210314327	-7.44728813551512
			19.0179335438013	-7.45430064788378
			19.0179335438013	-7.46131316025244
			19.02494605617	-7.4683256726211
			19.02494605617	-7.47533818498976
			19.0319585685387	-7.48235069735842
			19.0319585685387	-7.48936320972707
			19.0319585685387	-7.49637572209573
			19.0389710809073	-7.50338823446439
			19.0389710809073	-7.51040074683305
			19.0389710809073	-7.51741325920171
			19.045983593276	-7.52442577157037
			19.045983593276	-7.53143828393902
			19.0529961056446	-7.53845079630768
			19.0529961056446	-7.54546330867634
			19.0529961056446	-7.552475821045
			19.0529961056446	-7.55948833341366
			19.0600086180133	-7.56650084578232
			19.0600086180133	-7.57351335815097
			19.0600086180133	-7.58052587051963
			19.0600086180133	-7.58753838288829
			19.0600086180133	-7.59455089525695
			19.0670211303819	-7.59455089525695
			19.0670211303819	-7.60156340762561
			19.0670211303819	-7.60857591999427
			19.0670211303819	-7.61558843236292
			19.0670211303819	-7.62260094473158
			19.0670211303819	-7.62961345710024
			19.0670211303819	-7.6366259694689
			19.0670211303819	-7.64363848183756
			19.0670211303819	-7.65065099420622
			19.0670211303819	-7.65766350657487
			19.0670211303819	-7.66467601894353
			19.0670211303819	-7.67168853131219
			19.0670211303819	-7.67870104368085
			19.0670211303819	-7.68571355604951
			19.0670211303819	-7.69272606841817
			19.0670211303819	-7.69973858078682
			19.0670211303819	-7.70675109315548
			19.0670211303819	-7.71376360552414
			19.0670211303819	-7.7207761178928
			19.0670211303819	-7.72778863026146
			19.0670211303819	-7.73480114263012
			19.0670211303819	-7.74181365499877
			19.0670211303819	-7.74882616736743
			19.0600086180133	-7.74882616736743
			19.0600086180133	-7.75583867973609
			19.0600086180133	-7.76285119210475
			19.0600086180133	-7.76986370447341
		</Outline3>
		<Outline4 type=matrix rownames=FALSE colnames=FALSE nrow=149 ncol=2 as.numeric=TRUE >
			19.0600086180133	-7.76986370447341
			19.0600086180133	-7.77687621684207
			19.0600086180133	-7.78388872921072
			19.0600086180133	-7.79090124157938
			19.0529961056446	-7.79791375394804
			19.0529961056446	-7.8049262663167
			19.0529961056446	-7.81193877868536
			19.0529961056446	-7.81895129105402
			19.0529961056446	-7.82596380342267
			19.0529961056446	-7.83297631579133
			19.0529961056446	-7.83998882815999
			19.045983593276	-7.84700134052865
			19.045983593276	-7.85401385289731
			19.045983593276	-7.86102636526597
			19.045983593276	-7.86803887763462
			19.045983593276	-7.87505139000328
			19.045983593276	-7.88206390237194
			19.045983593276	-7.8890764147406
			19.045983593276	-7.89608892710926
			19.045983593276	-7.90310143947791
			19.045983593276	-7.91011395184657
			19.045983593276	-7.91712646421523
			19.045983593276	-7.92413897658389
			19.045983593276	-7.93115148895255
			19.045983593276	-7.93816400132121
			19.045983593276	-7.94517651368986
			19.045983593276	-7.95218902605852
			19.045983593276	-7.95920153842718
			19.045983593276	-7.96621405079584
			19.0389710809073	-7.9732265631645
			19.0389710809073	-7.98023907553316
			19.0389710809073	-7.98725158790181
			19.0389710809073	-7.99426410027047
			19.0319585685387	-8.00127661263913
			19.0319585685387	-8.00828912500779
			19.0319585685387	-8.01530163737645
			19.02494605617	-8.02231414974511
			19.02494605617	-8.02932666211376
			19.0179335438013	-8.03633917448242
			19.0179335438013	-8.04335168685108
			19.0109210314327	-8.05036419921974
			19.0109210314327	-8.0573767115884
			19.003908519064	-8.0573767115884
			19.003908519064	-8.06438922395706
			18.9968960066954	-8.07140173632571
			18.9898834943267	-8.07841424869437
			18.982870981958	-8.08542676106303
			18.9758584695894	-8.09243927343169
			18.9688459572207	-8.09945178580035
			18.9688459572207	-8.10646429816901
			18.9618334448521	-8.11347681053766
			18.9548209324834	-8.11347681053766
			18.9478084201148	-8.12048932290632
			18.9407959077461	-8.12750183527498
			18.9337833953774	-8.12750183527498
			18.9267708830088	-8.13451434764364
			18.9197583706401	-8.1415268600123
			18.9127458582715	-8.1415268600123
			18.9057333459028	-8.14853937238096
			18.8987208335341	-8.14853937238096
			18.8917083211655	-8.15555188474961
			18.8846958087968	-8.15555188474961
			18.8776832964282	-8.16256439711827
			18.8706707840595	-8.16957690948693
			18.8636582716909	-8.16957690948693
			18.8566457593222	-8.17658942185559
			18.8496332469535	-8.18360193422425
			18.8426207345849	-8.19061444659291
			18.8356082222162	-8.19762695896156
			18.8285957098476	-8.19762695896156
			18.8285957098476	-8.20463947133022
			18.8215831974789	-8.20463947133022
			18.8145706851102	-8.21165198369888
			18.8075581727416	-8.21866449606754
			18.8005456603729	-8.2256770084362
			18.7935331480043	-8.2256770084362
			18.7865206356356	-8.23268952080486
			18.779508123267	-8.23970203317351
			18.7724956108983	-8.23970203317351
			18.7724956108983	-8.24671454554217
			18.7654830985296	-8.25372705791083
			18.758470586161	-8.25372705791083
			18.7514580737923	-8.26073957027949
			18.7444455614237	-8.26073957027949
			18.737433049055	-8.26775208264815
			18.7304205366863	-8.2747645950168
			18.7234080243177	-8.28177710738546
			18.716395511949	-8.28177710738546
			18.7093829995804	-8.28878961975412
			18.7023704872117	-8.28878961975412
			18.6953579748431	-8.28878961975412
			18.6883454624744	-8.28878961975412
			18.6883454624744	-8.29580213212278
			18.6813329501057	-8.29580213212278
			18.6743204377371	-8.29580213212278
			18.6673079253684	-8.30281464449144
			18.6602954129998	-8.30281464449144
			18.6532829006311	-8.30281464449144
			18.6462703882624	-8.3098271568601
			18.6392578758938	-8.3098271568601
			18.6322453635251	-8.3098271568601
			18.6252328511565	-8.31683966922876
			18.6182203387878	-8.31683966922876
			18.6112078264192	-8.31683966922876
			18.6041953140505	-8.31683966922876
			18.5971828016818	-8.31683966922876
			18.5901702893132	-8.31683966922876
			18.5831577769445	-8.32385218159741
			18.5761452645759	-8.32385218159741
			18.5691327522072	-8.32385218159741
			18.5621202398385	-8.32385218159741
			18.5551077274699	-8.32385218159741
			18.5480952151012	-8.32385218159741
			18.5410827027326	-8.32385218159741
			18.5340701903639	-8.32385218159741
			18.5270576779953	-8.33086469396607
			18.5200451656266	-8.33086469396607
			18.5130326532579	-8.33086469396607
			18.5060201408893	-8.33086469396607
			18.4990076285206	-8.33086469396607
			18.491995116152	-8.33086469396607
			18.4849826037833	-8.33086469396607
			18.4779700914146	-8.33086469396607
			18.470957579046	-8.33086469396607
			18.4639450666773	-8.33086469396607
			18.4569325543087	-8.33086469396607
			18.44992004194	-8.33086469396607
			18.4429075295714	-8.33086469396607
			18.4358950172027	-8.33086469396607
			18.428882504834	-8.33086469396607
			18.4218699924654	-8.33086469396607
			18.4148574800967	-8.33086469396607
			18.4078449677281	-8.33086469396607
			18.4008324553594	-8.33086469396607
			18.3938199429907	-8.33086469396607
			18.3868074306221	-8.33086469396607
			18.3797949182534	-8.33086469396607
			18.3727824058848	-8.33086469396607
			18.3657698935161	-8.32385218159741
			18.3587573811475	-8.32385218159741
			18.3517448687788	-8.32385218159741
			18.3447323564101	-8.32385218159741
			18.3377198440415	-8.32385218159741
			18.3307073316728	-8.32385218159741
			18.3236948193042	-8.32385218159741
			18.3166823069355	-8.32385218159741
			18.3096697945668	-8.32385218159741
			18.3026572821982	-8.32385218159741
			18.2956447698295	-8.32385218159741
		</Outline4>
	</curves.scaled>
	<ruler.points type=matrix rownames=TRUE colnames=FALSE nrow=2 ncol=2 as.numeric=TRUE >
		Ruler point 1	3678	2421
		Ruler point 2	2252	2429
	</ruler.points>
</shapes>

