<shapes type=list>
	<ruler.pixel type=vector names=FALSE length=1 as.numeric=TRUE >891.020201791183</ruler.pixel>
	<ruler.interval type=vector names=FALSE length=1 as.numeric=TRUE >10</ruler.interval>
	<scaling.units type=vector names=FALSE length=1 as.numeric=FALSE >mm</scaling.units>
	<scaling type=vector names=FALSE length=1 as.numeric=TRUE >0.0112230900936897</scaling>
	<landmarks.pixel type=matrix rownames=TRUE colnames=FALSE nrow=4 ncol=2 as.numeric=TRUE >
		Labial	2558	1566
		Posterior	2450	1516
		Lingual	2515	1420
		Anterior	2625	1470
	</landmarks.pixel>
	<landmarks.scaled type=matrix rownames=TRUE colnames=FALSE nrow=4 ncol=2 as.numeric=TRUE >
		Labial	28.7086644596582	-17.575359086718
		Posterior	27.4965707295397	-17.0142045820335
		Lingual	28.2260715856295	-15.9367879330393
		Anterior	29.4606114959354	-16.4979424377238
	</landmarks.scaled>
	<curves.control type=list>
		<Outline1 type=matrix rownames=FALSE colnames=FALSE nrow=25 ncol=2 as.numeric=TRUE >
			2558	1566
			2555	1570
			2553	1575
			2549	1579
			2544	1584
			2539	1588
			2534	1591
			2528	1594
			2523	1597
			2516	1599
			2510	1600
			2504	1600
			2498	1599
			2491	1597
			2486	1595
			2481	1592
			2477	1589
			2473	1586
			2468	1583
			2465	1580
			2461	1576
			2457	1571
			2454	1564
			2450	1552
			2450	1516
		</Outline1>
		<Outline2 type=matrix rownames=FALSE colnames=FALSE nrow=17 ncol=2 as.numeric=TRUE >
			2450	1516
			2448	1507
			2445	1500
			2444	1491
			2444	1481
			2445	1471
			2448	1462
			2453	1453
			2458	1446
			2463	1440
			2469	1434
			2475	1430
			2480	1427
			2485	1425
			2493	1423
			2500	1422
			2515	1420
		</Outline2>
		<Outline3 type=matrix rownames=FALSE colnames=FALSE nrow=17 ncol=2 as.numeric=TRUE >
			2515	1420
			2523	1419
			2534	1418
			2546	1417
			2563	1417
			2573	1418
			2584	1421
			2592	1424
			2598	1427
			2603	1430
			2608	1434
			2612	1438
			2616	1444
			2619	1450
			2620	1456
			2623	1464
			2625	1470
		</Outline3>
		<Outline4 type=matrix rownames=FALSE colnames=FALSE nrow=21 ncol=2 as.numeric=TRUE >
			2625	1470
			2626	1478
			2626	1485
			2626	1493
			2625	1501
			2623	1508
			2621	1516
			2618	1523
			2614	1529
			2610	1534
			2605	1540
			2600	1544
			2595	1547
			2589	1550
			2585	1552
			2581	1555
			2576	1557
			2572	1557
			2567	1559
			2562	1562
			2558	1566
		</Outline4>
	</curves.control>
	<curves.pixel type=list>
		<Outline1 type=matrix rownames=FALSE colnames=FALSE nrow=170 ncol=2 as.numeric=TRUE >
			2558	1566
			2558	1567
			2557	1567
			2557	1568
			2556	1568
			2556	1569
			2555	1570
			2555	1571
			2554	1572
			2554	1573
			2553	1574
			2553	1575
			2552	1576
			2551	1577
			2550	1578
			2549	1579
			2548	1580
			2547	1581
			2546	1582
			2545	1583
			2544	1584
			2543	1585
			2542	1585
			2541	1586
			2540	1587
			2539	1587
			2539	1588
			2538	1589
			2537	1589
			2536	1590
			2535	1591
			2534	1591
			2533	1592
			2532	1592
			2531	1592
			2531	1593
			2530	1593
			2529	1593
			2529	1594
			2528	1594
			2527	1595
			2526	1595
			2525	1596
			2524	1597
			2523	1597
			2522	1597
			2521	1598
			2520	1598
			2519	1598
			2518	1598
			2517	1598
			2516	1599
			2515	1599
			2514	1599
			2513	1600
			2512	1600
			2511	1600
			2510	1600
			2509	1600
			2508	1600
			2507	1600
			2506	1600
			2505	1600
			2504	1600
			2503	1600
			2502	1600
			2501	1599
			2500	1599
			2499	1599
			2498	1599
			2497	1599
			2496	1598
			2495	1598
			2494	1598
			2493	1598
			2492	1597
			2491	1597
			2490	1597
			2489	1596
			2488	1596
			2487	1595
			2486	1595
			2485	1594
			2484	1594
			2484	1593
			2483	1593
			2482	1592
			2481	1592
			2480	1591
			2479	1590
			2478	1590
			2477	1589
			2476	1589
			2475	1588
			2475	1587
			2474	1587
			2473	1586
			2472	1585
			2471	1585
			2470	1584
			2469	1584
			2468	1583
			2467	1582
			2466	1581
			2465	1580
			2464	1579
			2463	1578
			2462	1577
			2461	1576
			2460	1575
			2460	1574
			2459	1573
			2458	1572
			2457	1571
			2457	1570
			2456	1569
			2456	1568
			2455	1567
			2455	1566
			2454	1565
			2454	1564
			2454	1563
			2453	1562
			2453	1561
			2453	1560
			2453	1559
			2453	1558
			2452	1558
			2452	1557
			2452	1556
			2452	1555
			2452	1554
			2452	1553
			2452	1552
			2452	1551
			2451	1550
			2451	1549
			2451	1548
			2451	1547
			2451	1546
			2451	1545
			2451	1544
			2451	1543
			2451	1542
			2451	1541
			2451	1540
			2451	1539
			2450	1538
			2450	1537
			2450	1536
			2450	1535
			2450	1534
			2450	1533
			2450	1532
			2450	1531
			2450	1530
			2450	1529
			2450	1528
			2450	1527
			2450	1526
			2450	1525
			2450	1524
			2450	1523
			2450	1522
			2450	1521
			2450	1520
			2450	1519
			2450	1518
			2450	1517
			2450	1516
		</Outline1>
		<Outline2 type=matrix rownames=FALSE colnames=FALSE nrow=133 ncol=2 as.numeric=TRUE >
			2450	1516
			2450	1515
			2450	1514
			2449	1513
			2449	1512
			2449	1511
			2449	1510
			2448	1509
			2448	1508
			2448	1507
			2447	1506
			2447	1505
			2446	1504
			2446	1503
			2446	1502
			2445	1501
			2445	1500
			2445	1499
			2445	1498
			2445	1497
			2445	1496
			2445	1495
			2444	1494
			2444	1493
			2444	1492
			2444	1491
			2444	1490
			2444	1489
			2444	1488
			2444	1487
			2444	1486
			2444	1485
			2444	1484
			2444	1483
			2444	1482
			2444	1481
			2444	1480
			2444	1479
			2444	1478
			2445	1477
			2445	1476
			2445	1475
			2445	1474
			2445	1473
			2445	1472
			2446	1471
			2446	1470
			2446	1469
			2446	1468
			2447	1467
			2447	1466
			2447	1465
			2447	1464
			2448	1463
			2448	1462
			2448	1461
			2449	1460
			2449	1459
			2450	1459
			2450	1458
			2451	1457
			2451	1456
			2452	1455
			2453	1454
			2453	1453
			2454	1453
			2454	1452
			2455	1451
			2455	1450
			2456	1449
			2457	1448
			2457	1447
			2458	1446
			2458	1445
			2459	1445
			2460	1444
			2460	1443
			2461	1442
			2462	1442
			2462	1441
			2463	1440
			2464	1439
			2465	1438
			2466	1437
			2467	1436
			2468	1435
			2469	1434
			2470	1433
			2471	1432
			2472	1432
			2473	1431
			2474	1430
			2475	1430
			2476	1429
			2477	1429
			2478	1428
			2479	1428
			2480	1427
			2481	1427
			2482	1426
			2483	1426
			2484	1426
			2485	1425
			2486	1425
			2487	1425
			2488	1424
			2489	1424
			2490	1424
			2491	1423
			2492	1423
			2493	1423
			2494	1423
			2495	1423
			2496	1423
			2497	1422
			2498	1422
			2499	1422
			2500	1422
			2501	1422
			2502	1422
			2503	1422
			2504	1421
			2505	1421
			2506	1421
			2507	1421
			2508	1421
			2509	1421
			2510	1421
			2511	1420
			2512	1420
			2513	1420
			2514	1420
			2515	1420
		</Outline2>
		<Outline3 type=matrix rownames=FALSE colnames=FALSE nrow=138 ncol=2 as.numeric=TRUE >
			2515	1420
			2516	1420
			2517	1420
			2518	1420
			2519	1420
			2520	1419
			2521	1419
			2522	1419
			2523	1419
			2524	1419
			2525	1419
			2526	1419
			2527	1419
			2528	1419
			2529	1419
			2529	1418
			2530	1418
			2531	1418
			2532	1418
			2533	1418
			2534	1418
			2535	1418
			2536	1418
			2537	1418
			2538	1418
			2539	1418
			2540	1418
			2541	1418
			2542	1417
			2543	1417
			2544	1417
			2545	1417
			2546	1417
			2547	1417
			2548	1417
			2549	1417
			2550	1417
			2551	1417
			2552	1417
			2553	1417
			2554	1417
			2555	1417
			2556	1417
			2557	1417
			2558	1417
			2559	1417
			2560	1417
			2561	1417
			2562	1417
			2563	1417
			2564	1417
			2565	1417
			2566	1417
			2567	1417
			2568	1418
			2569	1418
			2570	1418
			2571	1418
			2572	1418
			2573	1418
			2574	1419
			2575	1419
			2576	1419
			2577	1419
			2578	1419
			2579	1420
			2580	1420
			2581	1420
			2582	1420
			2583	1421
			2584	1421
			2585	1421
			2585	1422
			2586	1422
			2587	1422
			2588	1423
			2589	1423
			2590	1423
			2591	1424
			2592	1424
			2593	1425
			2594	1425
			2595	1426
			2596	1426
			2597	1426
			2597	1427
			2598	1427
			2599	1427
			2599	1428
			2600	1428
			2601	1429
			2602	1430
			2603	1430
			2604	1431
			2605	1432
			2606	1432
			2606	1433
			2607	1433
			2608	1434
			2609	1435
			2610	1436
			2611	1437
			2612	1438
			2613	1439
			2613	1440
			2614	1441
			2615	1442
			2616	1443
			2616	1444
			2616	1445
			2617	1445
			2617	1446
			2617	1447
			2618	1447
			2618	1448
			2618	1449
			2619	1450
			2619	1451
			2619	1452
			2619	1453
			2620	1454
			2620	1455
			2620	1456
			2620	1457
			2621	1458
			2621	1459
			2622	1460
			2622	1461
			2622	1462
			2623	1463
			2623	1464
			2623	1465
			2623	1466
			2624	1466
			2624	1467
			2624	1468
			2625	1469
			2625	1470
		</Outline3>
		<Outline4 type=matrix rownames=FALSE colnames=FALSE nrow=124 ncol=2 as.numeric=TRUE >
			2625	1470
			2625	1471
			2625	1472
			2625	1473
			2625	1474
			2625	1475
			2626	1475
			2626	1476
			2626	1477
			2626	1478
			2626	1479
			2626	1480
			2626	1481
			2626	1482
			2626	1483
			2626	1484
			2626	1485
			2626	1486
			2626	1487
			2626	1488
			2626	1489
			2626	1490
			2626	1491
			2626	1492
			2626	1493
			2626	1494
			2626	1495
			2626	1496
			2625	1496
			2625	1497
			2625	1498
			2625	1499
			2625	1500
			2625	1501
			2625	1502
			2625	1503
			2624	1504
			2624	1505
			2624	1506
			2623	1507
			2623	1508
			2623	1509
			2622	1510
			2622	1511
			2622	1512
			2622	1513
			2622	1514
			2621	1514
			2621	1515
			2621	1516
			2621	1517
			2620	1518
			2620	1519
			2619	1520
			2618	1521
			2618	1522
			2618	1523
			2617	1524
			2616	1525
			2616	1526
			2615	1527
			2615	1528
			2614	1529
			2614	1530
			2613	1530
			2613	1531
			2612	1531
			2612	1532
			2611	1533
			2610	1534
			2609	1535
			2608	1536
			2608	1537
			2607	1538
			2606	1539
			2605	1540
			2604	1541
			2603	1541
			2602	1542
			2601	1543
			2600	1544
			2599	1545
			2598	1545
			2597	1546
			2596	1547
			2595	1547
			2594	1547
			2593	1548
			2592	1548
			2591	1549
			2590	1550
			2589	1550
			2588	1550
			2587	1551
			2586	1551
			2585	1552
			2584	1553
			2583	1553
			2582	1554
			2581	1554
			2581	1555
			2580	1555
			2579	1556
			2578	1556
			2577	1556
			2576	1557
			2575	1557
			2574	1557
			2573	1557
			2572	1557
			2571	1558
			2570	1558
			2569	1558
			2568	1559
			2567	1559
			2566	1560
			2565	1560
			2564	1561
			2563	1562
			2562	1562
			2561	1563
			2560	1564
			2559	1565
			2558	1566
		</Outline4>
	</curves.pixel>
	<curves.scaled type=list>
		<Outline1 type=matrix rownames=FALSE colnames=FALSE nrow=170 ncol=2 as.numeric=TRUE >
			28.7086644596582	-17.575359086718
			28.7086644596582	-17.5865821768117
			28.6974413695645	-17.5865821768117
			28.6974413695645	-17.5978052669054
			28.6862182794708	-17.5978052669054
			28.6862182794708	-17.6090283569991
			28.6749951893771	-17.6202514470928
			28.6749951893771	-17.6314745371865
			28.6637720992834	-17.6426976272802
			28.6637720992834	-17.6539207173739
			28.6525490091897	-17.6651438074676
			28.6525490091897	-17.6763668975612
			28.6413259190961	-17.6875899876549
			28.6301028290024	-17.6988130777486
			28.6188797389087	-17.7100361678423
			28.607656648815	-17.721259257936
			28.5964335587213	-17.7324823480297
			28.5852104686276	-17.7437054381234
			28.5739873785339	-17.7549285282171
			28.5627642884402	-17.7661516183108
			28.5515411983465	-17.7773747084044
			28.5403181082528	-17.7885977984981
			28.5290950181592	-17.7885977984981
			28.5178719280655	-17.7998208885918
			28.5066488379718	-17.8110439786855
			28.4954257478781	-17.8110439786855
			28.4954257478781	-17.8222670687792
			28.4842026577844	-17.8334901588729
			28.4729795676907	-17.8334901588729
			28.461756477597	-17.8447132489666
			28.4505333875033	-17.8559363390603
			28.4393102974096	-17.8559363390603
			28.4280872073159	-17.867159429154
			28.4168641172223	-17.867159429154
			28.4056410271286	-17.867159429154
			28.4056410271286	-17.8783825192477
			28.3944179370349	-17.8783825192477
			28.3831948469412	-17.8783825192477
			28.3831948469412	-17.8896056093413
			28.3719717568475	-17.8896056093413
			28.3607486667538	-17.900828699435
			28.3495255766601	-17.900828699435
			28.3383024865664	-17.9120517895287
			28.3270793964727	-17.9232748796224
			28.3158563063791	-17.9232748796224
			28.3046332162854	-17.9232748796224
			28.2934101261917	-17.9344979697161
			28.282187036098	-17.9344979697161
			28.2709639460043	-17.9344979697161
			28.2597408559106	-17.9344979697161
			28.2485177658169	-17.9344979697161
			28.2372946757232	-17.9457210598098
			28.2260715856295	-17.9457210598098
			28.2148484955358	-17.9457210598098
			28.2036254054422	-17.9569441499035
			28.1924023153485	-17.9569441499035
			28.1811792252548	-17.9569441499035
			28.1699561351611	-17.9569441499035
			28.1587330450674	-17.9569441499035
			28.1475099549737	-17.9569441499035
			28.13628686488	-17.9569441499035
			28.1250637747863	-17.9569441499035
			28.1138406846926	-17.9569441499035
			28.1026175945989	-17.9569441499035
			28.0913945045053	-17.9569441499035
			28.0801714144116	-17.9569441499035
			28.0689483243179	-17.9457210598098
			28.0577252342242	-17.9457210598098
			28.0465021441305	-17.9457210598098
			28.0352790540368	-17.9457210598098
			28.0240559639431	-17.9457210598098
			28.0128328738494	-17.9344979697161
			28.0016097837557	-17.9344979697161
			27.990386693662	-17.9344979697161
			27.9791636035684	-17.9344979697161
			27.9679405134747	-17.9232748796224
			27.956717423381	-17.9232748796224
			27.9454943332873	-17.9232748796224
			27.9342712431936	-17.9120517895287
			27.9230481530999	-17.9120517895287
			27.9118250630062	-17.900828699435
			27.9006019729125	-17.900828699435
			27.8893788828188	-17.8896056093413
			27.8781557927252	-17.8896056093413
			27.8781557927252	-17.8783825192477
			27.8669327026315	-17.8783825192477
			27.8557096125378	-17.867159429154
			27.8444865224441	-17.867159429154
			27.8332634323504	-17.8559363390603
			27.8220403422567	-17.8447132489666
			27.810817252163	-17.8447132489666
			27.7995941620693	-17.8334901588729
			27.7883710719756	-17.8334901588729
			27.7771479818819	-17.8222670687792
			27.7771479818819	-17.8110439786855
			27.7659248917883	-17.8110439786855
			27.7547018016946	-17.7998208885918
			27.7434787116009	-17.7885977984981
			27.7322556215072	-17.7885977984981
			27.7210325314135	-17.7773747084044
			27.7098094413198	-17.7773747084044
			27.6985863512261	-17.7661516183108
			27.6873632611324	-17.7549285282171
			27.6761401710387	-17.7437054381234
			27.664917080945	-17.7324823480297
			27.6536939908514	-17.721259257936
			27.6424709007577	-17.7100361678423
			27.631247810664	-17.6988130777486
			27.6200247205703	-17.6875899876549
			27.6088016304766	-17.6763668975612
			27.6088016304766	-17.6651438074676
			27.5975785403829	-17.6539207173739
			27.5863554502892	-17.6426976272802
			27.5751323601955	-17.6314745371865
			27.5751323601955	-17.6202514470928
			27.5639092701018	-17.6090283569991
			27.5639092701018	-17.5978052669054
			27.5526861800082	-17.5865821768117
			27.5526861800082	-17.575359086718
			27.5414630899145	-17.5641359966243
			27.5414630899145	-17.5529129065307
			27.5414630899145	-17.541689816437
			27.5302399998208	-17.5304667263433
			27.5302399998208	-17.5192436362496
			27.5302399998208	-17.5080205461559
			27.5302399998208	-17.4967974560622
			27.5302399998208	-17.4855743659685
			27.5190169097271	-17.4855743659685
			27.5190169097271	-17.4743512758748
			27.5190169097271	-17.4631281857811
			27.5190169097271	-17.4519050956874
			27.5190169097271	-17.4406820055938
			27.5190169097271	-17.4294589155001
			27.5190169097271	-17.4182358254064
			27.5190169097271	-17.4070127353127
			27.5077938196334	-17.395789645219
			27.5077938196334	-17.3845665551253
			27.5077938196334	-17.3733434650316
			27.5077938196334	-17.3621203749379
			27.5077938196334	-17.3508972848442
			27.5077938196334	-17.3396741947506
			27.5077938196334	-17.3284511046569
			27.5077938196334	-17.3172280145632
			27.5077938196334	-17.3060049244695
			27.5077938196334	-17.2947818343758
			27.5077938196334	-17.2835587442821
			27.5077938196334	-17.2723356541884
			27.4965707295397	-17.2611125640947
			27.4965707295397	-17.249889474001
			27.4965707295397	-17.2386663839073
			27.4965707295397	-17.2274432938137
			27.4965707295397	-17.21622020372
			27.4965707295397	-17.2049971136263
			27.4965707295397	-17.1937740235326
			27.4965707295397	-17.1825509334389
			27.4965707295397	-17.1713278433452
			27.4965707295397	-17.1601047532515
			27.4965707295397	-17.1488816631578
			27.4965707295397	-17.1376585730641
			27.4965707295397	-17.1264354829704
			27.4965707295397	-17.1152123928768
			27.4965707295397	-17.1039893027831
			27.4965707295397	-17.0927662126894
			27.4965707295397	-17.0815431225957
			27.4965707295397	-17.070320032502
			27.4965707295397	-17.0590969424083
			27.4965707295397	-17.0478738523146
			27.4965707295397	-17.0366507622209
			27.4965707295397	-17.0254276721272
			27.4965707295397	-17.0142045820335
		</Outline1>
		<Outline2 type=matrix rownames=FALSE colnames=FALSE nrow=133 ncol=2 as.numeric=TRUE >
			27.4965707295397	-17.0142045820335
			27.4965707295397	-17.0029814919399
			27.4965707295397	-16.9917584018462
			27.485347639446	-16.9805353117525
			27.485347639446	-16.9693122216588
			27.485347639446	-16.9580891315651
			27.485347639446	-16.9468660414714
			27.4741245493523	-16.9356429513777
			27.4741245493523	-16.924419861284
			27.4741245493523	-16.9131967711903
			27.4629014592586	-16.9019736810967
			27.4629014592586	-16.890750591003
			27.4516783691649	-16.8795275009093
			27.4516783691649	-16.8683044108156
			27.4516783691649	-16.8570813207219
			27.4404552790713	-16.8458582306282
			27.4404552790713	-16.8346351405345
			27.4404552790713	-16.8234120504408
			27.4404552790713	-16.8121889603471
			27.4404552790713	-16.8009658702534
			27.4404552790713	-16.7897427801598
			27.4404552790713	-16.7785196900661
			27.4292321889776	-16.7672965999724
			27.4292321889776	-16.7560735098787
			27.4292321889776	-16.744850419785
			27.4292321889776	-16.7336273296913
			27.4292321889776	-16.7224042395976
			27.4292321889776	-16.7111811495039
			27.4292321889776	-16.6999580594102
			27.4292321889776	-16.6887349693165
			27.4292321889776	-16.6775118792229
			27.4292321889776	-16.6662887891292
			27.4292321889776	-16.6550656990355
			27.4292321889776	-16.6438426089418
			27.4292321889776	-16.6326195188481
			27.4292321889776	-16.6213964287544
			27.4292321889776	-16.6101733386607
			27.4292321889776	-16.598950248567
			27.4292321889776	-16.5877271584733
			27.4404552790713	-16.5765040683797
			27.4404552790713	-16.565280978286
			27.4404552790713	-16.5540578881923
			27.4404552790713	-16.5428347980986
			27.4404552790713	-16.5316117080049
			27.4404552790713	-16.5203886179112
			27.4516783691649	-16.5091655278175
			27.4516783691649	-16.4979424377238
			27.4516783691649	-16.4867193476301
			27.4516783691649	-16.4754962575364
			27.4629014592586	-16.4642731674428
			27.4629014592586	-16.4530500773491
			27.4629014592586	-16.4418269872554
			27.4629014592586	-16.4306038971617
			27.4741245493523	-16.419380807068
			27.4741245493523	-16.4081577169743
			27.4741245493523	-16.3969346268806
			27.485347639446	-16.3857115367869
			27.485347639446	-16.3744884466932
			27.4965707295397	-16.3744884466932
			27.4965707295397	-16.3632653565995
			27.5077938196334	-16.3520422665059
			27.5077938196334	-16.3408191764122
			27.5190169097271	-16.3295960863185
			27.5302399998208	-16.3183729962248
			27.5302399998208	-16.3071499061311
			27.5414630899145	-16.3071499061311
			27.5414630899145	-16.2959268160374
			27.5526861800082	-16.2847037259437
			27.5526861800082	-16.27348063585
			27.5639092701018	-16.2622575457563
			27.5751323601955	-16.2510344556627
			27.5751323601955	-16.239811365569
			27.5863554502892	-16.2285882754753
			27.5863554502892	-16.2173651853816
			27.5975785403829	-16.2173651853816
			27.6088016304766	-16.2061420952879
			27.6088016304766	-16.1949190051942
			27.6200247205703	-16.1836959151005
			27.631247810664	-16.1836959151005
			27.631247810664	-16.1724728250068
			27.6424709007577	-16.1612497349131
			27.6536939908514	-16.1500266448194
			27.664917080945	-16.1388035547258
			27.6761401710387	-16.1275804646321
			27.6873632611324	-16.1163573745384
			27.6985863512261	-16.1051342844447
			27.7098094413198	-16.093911194351
			27.7210325314135	-16.0826881042573
			27.7322556215072	-16.0714650141636
			27.7434787116009	-16.0714650141636
			27.7547018016946	-16.0602419240699
			27.7659248917883	-16.0490188339762
			27.7771479818819	-16.0490188339762
			27.7883710719756	-16.0377957438825
			27.7995941620693	-16.0377957438825
			27.810817252163	-16.0265726537889
			27.8220403422567	-16.0265726537889
			27.8332634323504	-16.0153495636952
			27.8444865224441	-16.0153495636952
			27.8557096125378	-16.0041264736015
			27.8669327026315	-16.0041264736015
			27.8781557927252	-16.0041264736015
			27.8893788828188	-15.9929033835078
			27.9006019729125	-15.9929033835078
			27.9118250630062	-15.9929033835078
			27.9230481530999	-15.9816802934141
			27.9342712431936	-15.9816802934141
			27.9454943332873	-15.9816802934141
			27.956717423381	-15.9704572033204
			27.9679405134747	-15.9704572033204
			27.9791636035684	-15.9704572033204
			27.990386693662	-15.9704572033204
			28.0016097837557	-15.9704572033204
			28.0128328738494	-15.9704572033204
			28.0240559639431	-15.9592341132267
			28.0352790540368	-15.9592341132267
			28.0465021441305	-15.9592341132267
			28.0577252342242	-15.9592341132267
			28.0689483243179	-15.9592341132267
			28.0801714144116	-15.9592341132267
			28.0913945045053	-15.9592341132267
			28.1026175945989	-15.948011023133
			28.1138406846926	-15.948011023133
			28.1250637747863	-15.948011023133
			28.13628686488	-15.948011023133
			28.1475099549737	-15.948011023133
			28.1587330450674	-15.948011023133
			28.1699561351611	-15.948011023133
			28.1811792252548	-15.9367879330393
			28.1924023153485	-15.9367879330393
			28.2036254054422	-15.9367879330393
			28.2148484955358	-15.9367879330393
			28.2260715856295	-15.9367879330393
		</Outline2>
		<Outline3 type=matrix rownames=FALSE colnames=FALSE nrow=138 ncol=2 as.numeric=TRUE >
			28.2260715856295	-15.9367879330393
			28.2372946757232	-15.9367879330393
			28.2485177658169	-15.9367879330393
			28.2597408559106	-15.9367879330393
			28.2709639460043	-15.9367879330393
			28.282187036098	-15.9255648429456
			28.2934101261917	-15.9255648429456
			28.3046332162854	-15.9255648429456
			28.3158563063791	-15.9255648429456
			28.3270793964727	-15.9255648429456
			28.3383024865664	-15.9255648429456
			28.3495255766601	-15.9255648429456
			28.3607486667538	-15.9255648429456
			28.3719717568475	-15.9255648429456
			28.3831948469412	-15.9255648429456
			28.3831948469412	-15.914341752852
			28.3944179370349	-15.914341752852
			28.4056410271286	-15.914341752852
			28.4168641172223	-15.914341752852
			28.4280872073159	-15.914341752852
			28.4393102974096	-15.914341752852
			28.4505333875033	-15.914341752852
			28.461756477597	-15.914341752852
			28.4729795676907	-15.914341752852
			28.4842026577844	-15.914341752852
			28.4954257478781	-15.914341752852
			28.5066488379718	-15.914341752852
			28.5178719280655	-15.914341752852
			28.5290950181592	-15.9031186627583
			28.5403181082528	-15.9031186627583
			28.5515411983465	-15.9031186627583
			28.5627642884402	-15.9031186627583
			28.5739873785339	-15.9031186627583
			28.5852104686276	-15.9031186627583
			28.5964335587213	-15.9031186627583
			28.607656648815	-15.9031186627583
			28.6188797389087	-15.9031186627583
			28.6301028290024	-15.9031186627583
			28.6413259190961	-15.9031186627583
			28.6525490091897	-15.9031186627583
			28.6637720992834	-15.9031186627583
			28.6749951893771	-15.9031186627583
			28.6862182794708	-15.9031186627583
			28.6974413695645	-15.9031186627583
			28.7086644596582	-15.9031186627583
			28.7198875497519	-15.9031186627583
			28.7311106398456	-15.9031186627583
			28.7423337299393	-15.9031186627583
			28.7535568200329	-15.9031186627583
			28.7647799101266	-15.9031186627583
			28.7760030002203	-15.9031186627583
			28.787226090314	-15.9031186627583
			28.7984491804077	-15.9031186627583
			28.8096722705014	-15.9031186627583
			28.8208953605951	-15.914341752852
			28.8321184506888	-15.914341752852
			28.8433415407825	-15.914341752852
			28.8545646308762	-15.914341752852
			28.8657877209698	-15.914341752852
			28.8770108110635	-15.914341752852
			28.8882339011572	-15.9255648429456
			28.8994569912509	-15.9255648429456
			28.9106800813446	-15.9255648429456
			28.9219031714383	-15.9255648429456
			28.933126261532	-15.9255648429456
			28.9443493516257	-15.9367879330393
			28.9555724417194	-15.9367879330393
			28.9667955318131	-15.9367879330393
			28.9780186219067	-15.9367879330393
			28.9892417120004	-15.948011023133
			29.0004648020941	-15.948011023133
			29.0116878921878	-15.948011023133
			29.0116878921878	-15.9592341132267
			29.0229109822815	-15.9592341132267
			29.0341340723752	-15.9592341132267
			29.0453571624689	-15.9704572033204
			29.0565802525626	-15.9704572033204
			29.0678033426563	-15.9704572033204
			29.0790264327499	-15.9816802934141
			29.0902495228436	-15.9816802934141
			29.1014726129373	-15.9929033835078
			29.112695703031	-15.9929033835078
			29.1239187931247	-16.0041264736015
			29.1351418832184	-16.0041264736015
			29.1463649733121	-16.0041264736015
			29.1463649733121	-16.0153495636952
			29.1575880634058	-16.0153495636952
			29.1688111534995	-16.0153495636952
			29.1688111534995	-16.0265726537889
			29.1800342435932	-16.0265726537889
			29.1912573336868	-16.0377957438825
			29.2024804237805	-16.0490188339762
			29.2137035138742	-16.0490188339762
			29.2249266039679	-16.0602419240699
			29.2361496940616	-16.0714650141636
			29.2473727841553	-16.0714650141636
			29.2473727841553	-16.0826881042573
			29.258595874249	-16.0826881042573
			29.2698189643427	-16.093911194351
			29.2810420544364	-16.1051342844447
			29.2922651445301	-16.1163573745384
			29.3034882346237	-16.1275804646321
			29.3147113247174	-16.1388035547258
			29.3259344148111	-16.1500266448194
			29.3259344148111	-16.1612497349131
			29.3371575049048	-16.1724728250068
			29.3483805949985	-16.1836959151005
			29.3596036850922	-16.1949190051942
			29.3596036850922	-16.2061420952879
			29.3596036850922	-16.2173651853816
			29.3708267751859	-16.2173651853816
			29.3708267751859	-16.2285882754753
			29.3708267751859	-16.239811365569
			29.3820498652796	-16.239811365569
			29.3820498652796	-16.2510344556627
			29.3820498652796	-16.2622575457563
			29.3932729553733	-16.27348063585
			29.3932729553733	-16.2847037259437
			29.3932729553733	-16.2959268160374
			29.3932729553733	-16.3071499061311
			29.4044960454669	-16.3183729962248
			29.4044960454669	-16.3295960863185
			29.4044960454669	-16.3408191764122
			29.4044960454669	-16.3520422665059
			29.4157191355606	-16.3632653565995
			29.4157191355606	-16.3744884466932
			29.4269422256543	-16.3857115367869
			29.4269422256543	-16.3969346268806
			29.4269422256543	-16.4081577169743
			29.438165315748	-16.419380807068
			29.438165315748	-16.4306038971617
			29.438165315748	-16.4418269872554
			29.438165315748	-16.4530500773491
			29.4493884058417	-16.4530500773491
			29.4493884058417	-16.4642731674428
			29.4493884058417	-16.4754962575364
			29.4606114959354	-16.4867193476301
			29.4606114959354	-16.4979424377238
		</Outline3>
		<Outline4 type=matrix rownames=FALSE colnames=FALSE nrow=124 ncol=2 as.numeric=TRUE >
			29.4606114959354	-16.4979424377238
			29.4606114959354	-16.5091655278175
			29.4606114959354	-16.5203886179112
			29.4606114959354	-16.5316117080049
			29.4606114959354	-16.5428347980986
			29.4606114959354	-16.5540578881923
			29.4718345860291	-16.5540578881923
			29.4718345860291	-16.565280978286
			29.4718345860291	-16.5765040683797
			29.4718345860291	-16.5877271584733
			29.4718345860291	-16.598950248567
			29.4718345860291	-16.6101733386607
			29.4718345860291	-16.6213964287544
			29.4718345860291	-16.6326195188481
			29.4718345860291	-16.6438426089418
			29.4718345860291	-16.6550656990355
			29.4718345860291	-16.6662887891292
			29.4718345860291	-16.6775118792229
			29.4718345860291	-16.6887349693165
			29.4718345860291	-16.6999580594102
			29.4718345860291	-16.7111811495039
			29.4718345860291	-16.7224042395976
			29.4718345860291	-16.7336273296913
			29.4718345860291	-16.744850419785
			29.4718345860291	-16.7560735098787
			29.4718345860291	-16.7672965999724
			29.4718345860291	-16.7785196900661
			29.4718345860291	-16.7897427801598
			29.4606114959354	-16.7897427801598
			29.4606114959354	-16.8009658702534
			29.4606114959354	-16.8121889603471
			29.4606114959354	-16.8234120504408
			29.4606114959354	-16.8346351405345
			29.4606114959354	-16.8458582306282
			29.4606114959354	-16.8570813207219
			29.4606114959354	-16.8683044108156
			29.4493884058417	-16.8795275009093
			29.4493884058417	-16.890750591003
			29.4493884058417	-16.9019736810967
			29.438165315748	-16.9131967711903
			29.438165315748	-16.924419861284
			29.438165315748	-16.9356429513777
			29.4269422256543	-16.9468660414714
			29.4269422256543	-16.9580891315651
			29.4269422256543	-16.9693122216588
			29.4269422256543	-16.9805353117525
			29.4269422256543	-16.9917584018462
			29.4157191355606	-16.9917584018462
			29.4157191355606	-17.0029814919399
			29.4157191355606	-17.0142045820335
			29.4157191355606	-17.0254276721272
			29.4044960454669	-17.0366507622209
			29.4044960454669	-17.0478738523146
			29.3932729553733	-17.0590969424083
			29.3820498652796	-17.070320032502
			29.3820498652796	-17.0815431225957
			29.3820498652796	-17.0927662126894
			29.3708267751859	-17.1039893027831
			29.3596036850922	-17.1152123928768
			29.3596036850922	-17.1264354829704
			29.3483805949985	-17.1376585730641
			29.3483805949985	-17.1488816631578
			29.3371575049048	-17.1601047532515
			29.3371575049048	-17.1713278433452
			29.3259344148111	-17.1713278433452
			29.3259344148111	-17.1825509334389
			29.3147113247174	-17.1825509334389
			29.3147113247174	-17.1937740235326
			29.3034882346237	-17.2049971136263
			29.2922651445301	-17.21622020372
			29.2810420544364	-17.2274432938137
			29.2698189643427	-17.2386663839073
			29.2698189643427	-17.249889474001
			29.258595874249	-17.2611125640947
			29.2473727841553	-17.2723356541884
			29.2361496940616	-17.2835587442821
			29.2249266039679	-17.2947818343758
			29.2137035138742	-17.2947818343758
			29.2024804237805	-17.3060049244695
			29.1912573336868	-17.3172280145632
			29.1800342435932	-17.3284511046569
			29.1688111534995	-17.3396741947506
			29.1575880634058	-17.3396741947506
			29.1463649733121	-17.3508972848442
			29.1351418832184	-17.3621203749379
			29.1239187931247	-17.3621203749379
			29.112695703031	-17.3621203749379
			29.1014726129373	-17.3733434650316
			29.0902495228436	-17.3733434650316
			29.0790264327499	-17.3845665551253
			29.0678033426563	-17.395789645219
			29.0565802525626	-17.395789645219
			29.0453571624689	-17.395789645219
			29.0341340723752	-17.4070127353127
			29.0229109822815	-17.4070127353127
			29.0116878921878	-17.4182358254064
			29.0004648020941	-17.4294589155001
			28.9892417120004	-17.4294589155001
			28.9780186219067	-17.4406820055938
			28.9667955318131	-17.4406820055938
			28.9667955318131	-17.4519050956874
			28.9555724417194	-17.4519050956874
			28.9443493516257	-17.4631281857811
			28.933126261532	-17.4631281857811
			28.9219031714383	-17.4631281857811
			28.9106800813446	-17.4743512758748
			28.8994569912509	-17.4743512758748
			28.8882339011572	-17.4743512758748
			28.8770108110635	-17.4743512758748
			28.8657877209698	-17.4743512758748
			28.8545646308762	-17.4855743659685
			28.8433415407825	-17.4855743659685
			28.8321184506888	-17.4855743659685
			28.8208953605951	-17.4967974560622
			28.8096722705014	-17.4967974560622
			28.7984491804077	-17.5080205461559
			28.787226090314	-17.5080205461559
			28.7760030002203	-17.5192436362496
			28.7647799101266	-17.5304667263433
			28.7535568200329	-17.5304667263433
			28.7423337299393	-17.541689816437
			28.7311106398456	-17.5529129065307
			28.7198875497519	-17.5641359966243
			28.7086644596582	-17.575359086718
		</Outline4>
	</curves.scaled>
	<ruler.points type=matrix rownames=TRUE colnames=FALSE nrow=2 ncol=2 as.numeric=TRUE >
		Ruler point 1	3133	2436
		Ruler point 2	2242	2442
	</ruler.points>
</shapes>

