<shapes type=list>
	<ruler.pixel type=vector names=FALSE length=1 as.numeric=TRUE >679.144314560609</ruler.pixel>
	<ruler.interval type=vector names=FALSE length=1 as.numeric=TRUE >10</ruler.interval>
	<scaling.units type=vector names=FALSE length=1 as.numeric=FALSE >mm</scaling.units>
	<scaling type=vector names=FALSE length=1 as.numeric=TRUE >0.0147244109765827</scaling>
	<landmarks.pixel type=matrix rownames=TRUE colnames=FALSE nrow=4 ncol=2 as.numeric=TRUE >
		Labial	2293	2104
		Posterior	2190	2015
		Lingual	2278	1910
		Anterior	2384	1997
	</landmarks.pixel>
	<landmarks.scaled type=matrix rownames=TRUE colnames=FALSE nrow=4 ncol=2 as.numeric=TRUE >
		Labial	33.7630743693042	-30.9801606947301
		Posterior	32.2464600387162	-29.6696881178142
		Lingual	33.5422082046555	-28.123624965273
		Anterior	35.1029957681733	-29.4046487202357
	</landmarks.scaled>
	<curves.control type=list>
		<Outline1 type=matrix rownames=FALSE colnames=FALSE nrow=17 ncol=2 as.numeric=TRUE >
			2293	2104
			2281	2112
			2268	2119
			2257	2123
			2248	2125
			2238	2125
			2228	2123
			2219	2118
			2210	2110
			2202	2101
			2196	2090
			2191	2078
			2189	2067
			2187	2056
			2187	2047
			2188	2033
			2190	2015
		</Outline1>
		<Outline2 type=matrix rownames=FALSE colnames=FALSE nrow=15 ncol=2 as.numeric=TRUE >
			2190	2015
			2194	1995
			2195	1978
			2197	1962
			2201	1950
			2207	1939
			2214	1931
			2223	1923
			2231	1917
			2238	1913
			2246	1910
			2254	1908
			2262	1908
			2270	1908
			2278	1910
		</Outline2>
		<Outline3 type=matrix rownames=FALSE colnames=FALSE nrow=23 ncol=2 as.numeric=TRUE >
			2278	1910
			2286	1912
			2295	1912
			2303	1910
			2313	1906
			2321	1903
			2331	1902
			2340	1902
			2349	1904
			2357	1907
			2363	1913
			2367	1920
			2369	1927
			2370	1934
			2371	1941
			2371	1947
			2371	1954
			2371	1959
			2374	1966
			2378	1973
			2381	1980
			2384	1987
			2384	1997
		</Outline3>
		<Outline4 type=matrix rownames=FALSE colnames=FALSE nrow=15 ncol=2 as.numeric=TRUE >
			2384	1997
			2384	2007
			2382	2017
			2380	2030
			2376	2042
			2367	2056
			2360	2062
			2351	2071
			2343	2081
			2336	2089
			2328	2095
			2320	2100
			2313	2102
			2305	2104
			2293	2104
		</Outline4>
	</curves.control>
	<curves.pixel type=list>
		<Outline1 type=matrix rownames=FALSE colnames=FALSE nrow=184 ncol=2 as.numeric=TRUE >
			2293	2104
			2292	2105
			2291	2105
			2290	2106
			2289	2107
			2288	2107
			2287	2108
			2286	2109
			2285	2109
			2284	2110
			2283	2110
			2282	2111
			2281	2112
			2280	2112
			2279	2113
			2278	2114
			2277	2114
			2276	2115
			2275	2115
			2274	2116
			2273	2116
			2272	2117
			2271	2117
			2270	2118
			2269	2119
			2268	2119
			2267	2119
			2266	2120
			2265	2120
			2264	2121
			2263	2121
			2262	2121
			2261	2121
			2261	2122
			2260	2122
			2259	2122
			2258	2122
			2257	2123
			2256	2123
			2255	2123
			2254	2124
			2253	2124
			2252	2124
			2251	2124
			2250	2125
			2249	2125
			2248	2125
			2247	2125
			2246	2125
			2245	2125
			2244	2125
			2243	2125
			2242	2125
			2241	2125
			2240	2125
			2239	2125
			2238	2124
			2237	2124
			2236	2124
			2235	2124
			2234	2124
			2233	2124
			2232	2124
			2231	2124
			2230	2123
			2229	2123
			2228	2123
			2227	2122
			2226	2122
			2225	2121
			2224	2121
			2224	2120
			2223	2120
			2222	2120
			2222	2119
			2221	2119
			2220	2118
			2219	2117
			2218	2116
			2217	2116
			2216	2115
			2215	2114
			2214	2114
			2214	2113
			2213	2112
			2212	2112
			2211	2111
			2210	2110
			2209	2109
			2208	2108
			2207	2107
			2206	2106
			2206	2105
			2205	2104
			2204	2103
			2203	2102
			2203	2101
			2202	2100
			2201	2099
			2201	2098
			2200	2097
			2199	2096
			2199	2095
			2198	2094
			2198	2093
			2197	2092
			2197	2091
			2196	2091
			2196	2090
			2196	2089
			2195	2088
			2195	2087
			2194	2086
			2194	2085
			2194	2084
			2193	2083
			2193	2082
			2193	2081
			2192	2080
			2192	2079
			2192	2078
			2191	2077
			2191	2076
			2191	2075
			2190	2074
			2190	2073
			2190	2072
			2190	2071
			2190	2070
			2189	2069
			2189	2068
			2189	2067
			2189	2066
			2189	2065
			2188	2064
			2188	2063
			2188	2062
			2188	2061
			2188	2060
			2188	2059
			2188	2058
			2188	2057
			2187	2056
			2187	2055
			2187	2054
			2187	2053
			2187	2052
			2187	2051
			2187	2050
			2187	2049
			2187	2048
			2187	2047
			2187	2046
			2187	2045
			2187	2044
			2187	2043
			2187	2042
			2187	2041
			2188	2040
			2188	2039
			2188	2038
			2188	2037
			2188	2036
			2188	2035
			2188	2034
			2188	2033
			2188	2032
			2188	2031
			2188	2030
			2189	2029
			2189	2028
			2189	2027
			2189	2026
			2189	2025
			2189	2024
			2189	2023
			2189	2022
			2189	2021
			2189	2020
			2190	2019
			2190	2018
			2190	2017
			2190	2016
			2190	2015
		</Outline1>
		<Outline2 type=matrix rownames=FALSE colnames=FALSE nrow=157 ncol=2 as.numeric=TRUE >
			2190	2015
			2190	2014
			2190	2013
			2191	2012
			2191	2011
			2191	2010
			2191	2009
			2191	2008
			2192	2007
			2192	2006
			2192	2005
			2192	2004
			2192	2003
			2192	2002
			2193	2001
			2193	2000
			2193	1999
			2193	1998
			2193	1997
			2193	1996
			2193	1995
			2193	1994
			2194	1993
			2194	1992
			2194	1991
			2194	1990
			2194	1989
			2194	1988
			2194	1987
			2194	1986
			2194	1985
			2195	1984
			2195	1983
			2195	1982
			2195	1981
			2195	1980
			2195	1979
			2195	1978
			2195	1977
			2195	1976
			2195	1975
			2196	1974
			2196	1973
			2196	1972
			2196	1971
			2196	1970
			2196	1969
			2197	1968
			2197	1967
			2197	1966
			2197	1965
			2197	1964
			2197	1963
			2198	1962
			2198	1961
			2198	1960
			2198	1959
			2199	1958
			2199	1957
			2199	1956
			2200	1955
			2200	1954
			2200	1953
			2200	1952
			2201	1951
			2201	1950
			2202	1949
			2202	1948
			2203	1947
			2203	1946
			2204	1946
			2204	1945
			2204	1944
			2205	1943
			2205	1942
			2206	1942
			2206	1941
			2207	1940
			2207	1939
			2208	1939
			2209	1938
			2209	1937
			2210	1937
			2210	1936
			2211	1935
			2211	1934
			2212	1934
			2212	1933
			2213	1932
			2214	1931
			2215	1930
			2216	1929
			2217	1928
			2218	1928
			2219	1927
			2219	1926
			2220	1926
			2221	1925
			2222	1924
			2223	1924
			2223	1923
			2224	1922
			2225	1922
			2226	1921
			2227	1920
			2228	1919
			2229	1919
			2230	1918
			2231	1917
			2232	1917
			2232	1916
			2233	1916
			2234	1915
			2235	1915
			2236	1914
			2237	1914
			2238	1913
			2239	1913
			2240	1912
			2241	1912
			2242	1911
			2243	1911
			2244	1911
			2245	1910
			2246	1910
			2247	1910
			2248	1909
			2249	1909
			2250	1909
			2251	1909
			2252	1909
			2253	1909
			2254	1908
			2255	1908
			2256	1908
			2257	1908
			2258	1908
			2259	1908
			2260	1908
			2261	1908
			2262	1908
			2263	1908
			2264	1908
			2265	1908
			2266	1908
			2267	1908
			2268	1908
			2269	1908
			2270	1909
			2271	1909
			2272	1909
			2273	1909
			2274	1909
			2275	1909
			2276	1910
			2277	1910
			2278	1910
		</Outline2>
		<Outline3 type=matrix rownames=FALSE colnames=FALSE nrow=175 ncol=2 as.numeric=TRUE >
			2278	1910
			2279	1910
			2280	1910
			2281	1911
			2282	1911
			2283	1911
			2284	1911
			2285	1911
			2286	1911
			2287	1912
			2288	1912
			2289	1912
			2290	1912
			2291	1912
			2292	1912
			2293	1912
			2294	1912
			2295	1912
			2296	1912
			2297	1912
			2297	1911
			2298	1911
			2299	1911
			2300	1911
			2300	1910
			2301	1910
			2302	1910
			2303	1910
			2304	1909
			2305	1909
			2306	1909
			2307	1908
			2308	1908
			2309	1907
			2310	1907
			2311	1907
			2312	1906
			2313	1906
			2314	1906
			2315	1905
			2316	1905
			2317	1905
			2318	1904
			2319	1904
			2320	1904
			2321	1904
			2322	1903
			2323	1903
			2324	1903
			2325	1903
			2326	1903
			2327	1903
			2327	1902
			2328	1902
			2329	1902
			2330	1902
			2331	1902
			2332	1902
			2333	1902
			2334	1902
			2335	1902
			2336	1902
			2337	1902
			2338	1902
			2339	1902
			2340	1903
			2341	1903
			2342	1903
			2343	1903
			2344	1903
			2345	1903
			2346	1903
			2347	1904
			2348	1904
			2349	1904
			2350	1904
			2351	1905
			2352	1905
			2353	1906
			2354	1906
			2355	1907
			2356	1908
			2357	1908
			2358	1909
			2359	1909
			2360	1910
			2361	1911
			2361	1912
			2362	1912
			2363	1913
			2364	1914
			2364	1915
			2365	1916
			2365	1917
			2366	1918
			2366	1919
			2366	1920
			2367	1921
			2367	1922
			2368	1923
			2368	1924
			2368	1925
			2369	1925
			2369	1926
			2369	1927
			2369	1928
			2369	1929
			2369	1930
			2370	1931
			2370	1932
			2370	1933
			2370	1934
			2370	1935
			2370	1936
			2370	1937
			2371	1938
			2371	1939
			2371	1940
			2371	1941
			2371	1942
			2371	1943
			2371	1944
			2371	1945
			2371	1946
			2371	1947
			2371	1948
			2371	1949
			2371	1950
			2371	1951
			2371	1952
			2371	1953
			2371	1954
			2371	1955
			2371	1956
			2371	1957
			2372	1958
			2372	1959
			2372	1960
			2372	1961
			2372	1962
			2373	1963
			2373	1964
			2373	1965
			2374	1966
			2374	1967
			2375	1968
			2376	1969
			2376	1970
			2377	1971
			2377	1972
			2378	1973
			2378	1974
			2379	1975
			2379	1976
			2380	1977
			2380	1978
			2380	1979
			2381	1980
			2381	1981
			2382	1982
			2382	1983
			2382	1984
			2383	1985
			2383	1986
			2383	1987
			2383	1988
			2383	1989
			2384	1990
			2384	1991
			2384	1992
			2384	1993
			2384	1994
			2384	1995
			2384	1996
			2384	1997
		</Outline3>
		<Outline4 type=matrix rownames=FALSE colnames=FALSE nrow=146 ncol=2 as.numeric=TRUE >
			2384	1997
			2384	1998
			2384	1999
			2384	2000
			2384	2001
			2384	2002
			2384	2003
			2384	2004
			2384	2005
			2384	2006
			2383	2007
			2383	2008
			2383	2009
			2383	2010
			2383	2011
			2383	2012
			2383	2013
			2383	2014
			2382	2015
			2382	2016
			2382	2017
			2382	2018
			2382	2019
			2381	2020
			2381	2021
			2381	2022
			2381	2023
			2381	2024
			2380	2025
			2380	2026
			2380	2027
			2380	2028
			2380	2029
			2380	2030
			2379	2030
			2379	2031
			2379	2032
			2379	2033
			2378	2034
			2378	2035
			2378	2036
			2377	2037
			2377	2038
			2377	2039
			2377	2040
			2376	2041
			2376	2042
			2375	2043
			2374	2044
			2374	2045
			2373	2046
			2373	2047
			2372	2047
			2372	2048
			2372	2049
			2371	2049
			2371	2050
			2370	2050
			2370	2051
			2369	2052
			2368	2053
			2368	2054
			2367	2055
			2366	2056
			2365	2057
			2365	2058
			2364	2058
			2363	2059
			2362	2060
			2362	2061
			2361	2061
			2360	2062
			2359	2063
			2358	2064
			2357	2065
			2356	2066
			2355	2067
			2354	2068
			2353	2069
			2352	2070
			2351	2071
			2351	2072
			2350	2073
			2349	2074
			2348	2074
			2348	2075
			2347	2076
			2346	2077
			2346	2078
			2345	2079
			2344	2079
			2344	2080
			2343	2081
			2342	2082
			2341	2083
			2340	2084
			2339	2085
			2338	2086
			2338	2087
			2337	2087
			2336	2088
			2335	2089
			2334	2090
			2333	2091
			2332	2092
			2331	2093
			2330	2093
			2329	2094
			2328	2095
			2327	2095
			2326	2096
			2325	2097
			2324	2097
			2324	2098
			2323	2098
			2322	2099
			2321	2099
			2320	2099
			2319	2100
			2318	2100
			2317	2101
			2316	2101
			2315	2101
			2315	2102
			2314	2102
			2313	2102
			2312	2102
			2311	2103
			2310	2103
			2309	2103
			2308	2103
			2307	2103
			2306	2103
			2305	2103
			2304	2103
			2303	2104
			2302	2104
			2301	2104
			2300	2104
			2299	2104
			2298	2104
			2297	2104
			2296	2104
			2295	2104
			2294	2104
			2293	2104
		</Outline4>
	</curves.pixel>
	<curves.scaled type=list>
		<Outline1 type=matrix rownames=FALSE colnames=FALSE nrow=184 ncol=2 as.numeric=TRUE >
			33.7630743693042	-30.9801606947301
			33.7483499583276	-30.9948851057067
			33.7336255473511	-30.9948851057067
			33.7189011363745	-31.0096095166833
			33.7041767253979	-31.0243339276598
			33.6894523144213	-31.0243339276598
			33.6747279034447	-31.0390583386364
			33.6600034924681	-31.053782749613
			33.6452790814916	-31.053782749613
			33.630554670515	-31.0685071605896
			33.6158302595384	-31.0685071605896
			33.6011058485618	-31.0832315715662
			33.5863814375852	-31.0979559825427
			33.5716570266086	-31.0979559825427
			33.5569326156321	-31.1126803935193
			33.5422082046555	-31.1274048044959
			33.5274837936789	-31.1274048044959
			33.5127593827023	-31.1421292154725
			33.4980349717257	-31.1421292154725
			33.4833105607492	-31.1568536264491
			33.4685861497726	-31.1568536264491
			33.453861738796	-31.1715780374257
			33.4391373278194	-31.1715780374257
			33.4244129168428	-31.1863024484022
			33.4096885058662	-31.2010268593788
			33.3949640948897	-31.2010268593788
			33.3802396839131	-31.2010268593788
			33.3655152729365	-31.2157512703554
			33.3507908619599	-31.2157512703554
			33.3360664509833	-31.230475681332
			33.3213420400067	-31.230475681332
			33.3066176290302	-31.230475681332
			33.2918932180536	-31.230475681332
			33.2918932180536	-31.2452000923086
			33.277168807077	-31.2452000923086
			33.2624443961004	-31.2452000923086
			33.2477199851238	-31.2452000923086
			33.2329955741472	-31.2599245032852
			33.2182711631707	-31.2599245032852
			33.2035467521941	-31.2599245032852
			33.1888223412175	-31.2746489142617
			33.1740979302409	-31.2746489142617
			33.1593735192643	-31.2746489142617
			33.1446491082878	-31.2746489142617
			33.1299246973112	-31.2893733252383
			33.1152002863346	-31.2893733252383
			33.100475875358	-31.2893733252383
			33.0857514643814	-31.2893733252383
			33.0710270534048	-31.2893733252383
			33.0563026424282	-31.2893733252383
			33.0415782314517	-31.2893733252383
			33.0268538204751	-31.2893733252383
			33.0121294094985	-31.2893733252383
			32.9974049985219	-31.2893733252383
			32.9826805875453	-31.2893733252383
			32.9679561765688	-31.2893733252383
			32.9532317655922	-31.2746489142617
			32.9385073546156	-31.2746489142617
			32.923782943639	-31.2746489142617
			32.9090585326624	-31.2746489142617
			32.8943341216858	-31.2746489142617
			32.8796097107093	-31.2746489142617
			32.8648852997327	-31.2746489142617
			32.8501608887561	-31.2746489142617
			32.8354364777795	-31.2599245032852
			32.8207120668029	-31.2599245032852
			32.8059876558263	-31.2599245032852
			32.7912632448498	-31.2452000923086
			32.7765388338732	-31.2452000923086
			32.7618144228966	-31.230475681332
			32.74709001192	-31.230475681332
			32.74709001192	-31.2157512703554
			32.7323656009434	-31.2157512703554
			32.7176411899668	-31.2157512703554
			32.7176411899668	-31.2010268593788
			32.7029167789903	-31.2010268593788
			32.6881923680137	-31.1863024484022
			32.6734679570371	-31.1715780374257
			32.6587435460605	-31.1568536264491
			32.6440191350839	-31.1568536264491
			32.6292947241074	-31.1421292154725
			32.6145703131308	-31.1274048044959
			32.5998459021542	-31.1274048044959
			32.5998459021542	-31.1126803935193
			32.5851214911776	-31.0979559825427
			32.570397080201	-31.0979559825427
			32.5556726692244	-31.0832315715662
			32.5409482582479	-31.0685071605896
			32.5262238472713	-31.053782749613
			32.5114994362947	-31.0390583386364
			32.4967750253181	-31.0243339276598
			32.4820506143415	-31.0096095166833
			32.4820506143415	-30.9948851057067
			32.4673262033649	-30.9801606947301
			32.4526017923884	-30.9654362837535
			32.4378773814118	-30.9507118727769
			32.4378773814118	-30.9359874618003
			32.4231529704352	-30.9212630508238
			32.4084285594586	-30.9065386398472
			32.4084285594586	-30.8918142288706
			32.393704148482	-30.877089817894
			32.3789797375054	-30.8623654069174
			32.3789797375054	-30.8476409959408
			32.3642553265289	-30.8329165849643
			32.3642553265289	-30.8181921739877
			32.3495309155523	-30.8034677630111
			32.3495309155523	-30.7887433520345
			32.3348065045757	-30.7887433520345
			32.3348065045757	-30.7740189410579
			32.3348065045757	-30.7592945300813
			32.3200820935991	-30.7445701191048
			32.3200820935991	-30.7298457081282
			32.3053576826225	-30.7151212971516
			32.3053576826225	-30.700396886175
			32.3053576826225	-30.6856724751984
			32.290633271646	-30.6709480642218
			32.290633271646	-30.6562236532453
			32.290633271646	-30.6414992422687
			32.2759088606694	-30.6267748312921
			32.2759088606694	-30.6120504203155
			32.2759088606694	-30.5973260093389
			32.2611844496928	-30.5826015983624
			32.2611844496928	-30.5678771873858
			32.2611844496928	-30.5531527764092
			32.2464600387162	-30.5384283654326
			32.2464600387162	-30.523703954456
			32.2464600387162	-30.5089795434794
			32.2464600387162	-30.4942551325029
			32.2464600387162	-30.4795307215263
			32.2317356277396	-30.4648063105497
			32.2317356277396	-30.4500818995731
			32.2317356277396	-30.4353574885965
			32.2317356277396	-30.4206330776199
			32.2317356277396	-30.4059086666434
			32.217011216763	-30.3911842556668
			32.217011216763	-30.3764598446902
			32.217011216763	-30.3617354337136
			32.217011216763	-30.347011022737
			32.217011216763	-30.3322866117604
			32.217011216763	-30.3175622007839
			32.217011216763	-30.3028377898073
			32.217011216763	-30.2881133788307
			32.2022868057864	-30.2733889678541
			32.2022868057864	-30.2586645568775
			32.2022868057864	-30.243940145901
			32.2022868057864	-30.2292157349244
			32.2022868057864	-30.2144913239478
			32.2022868057864	-30.1997669129712
			32.2022868057864	-30.1850425019946
			32.2022868057864	-30.170318091018
			32.2022868057864	-30.1555936800415
			32.2022868057864	-30.1408692690649
			32.2022868057864	-30.1261448580883
			32.2022868057864	-30.1114204471117
			32.2022868057864	-30.0966960361351
			32.2022868057864	-30.0819716251585
			32.2022868057864	-30.067247214182
			32.2022868057864	-30.0525228032054
			32.217011216763	-30.0377983922288
			32.217011216763	-30.0230739812522
			32.217011216763	-30.0083495702756
			32.217011216763	-29.993625159299
			32.217011216763	-29.9789007483225
			32.217011216763	-29.9641763373459
			32.217011216763	-29.9494519263693
			32.217011216763	-29.9347275153927
			32.217011216763	-29.9200031044161
			32.217011216763	-29.9052786934395
			32.217011216763	-29.890554282463
			32.2317356277396	-29.8758298714864
			32.2317356277396	-29.8611054605098
			32.2317356277396	-29.8463810495332
			32.2317356277396	-29.8316566385566
			32.2317356277396	-29.8169322275801
			32.2317356277396	-29.8022078166035
			32.2317356277396	-29.7874834056269
			32.2317356277396	-29.7727589946503
			32.2317356277396	-29.7580345836737
			32.2317356277396	-29.7433101726971
			32.2464600387162	-29.7285857617206
			32.2464600387162	-29.713861350744
			32.2464600387162	-29.6991369397674
			32.2464600387162	-29.6844125287908
			32.2464600387162	-29.6696881178142
		</Outline1>
		<Outline2 type=matrix rownames=FALSE colnames=FALSE nrow=157 ncol=2 as.numeric=TRUE >
			32.2464600387162	-29.6696881178142
			32.2464600387162	-29.6549637068376
			32.2464600387162	-29.6402392958611
			32.2611844496928	-29.6255148848845
			32.2611844496928	-29.6107904739079
			32.2611844496928	-29.5960660629313
			32.2611844496928	-29.5813416519547
			32.2611844496928	-29.5666172409781
			32.2759088606694	-29.5518928300016
			32.2759088606694	-29.537168419025
			32.2759088606694	-29.5224440080484
			32.2759088606694	-29.5077195970718
			32.2759088606694	-29.4929951860952
			32.2759088606694	-29.4782707751186
			32.290633271646	-29.4635463641421
			32.290633271646	-29.4488219531655
			32.290633271646	-29.4340975421889
			32.290633271646	-29.4193731312123
			32.290633271646	-29.4046487202357
			32.290633271646	-29.3899243092592
			32.290633271646	-29.3751998982826
			32.290633271646	-29.360475487306
			32.3053576826225	-29.3457510763294
			32.3053576826225	-29.3310266653528
			32.3053576826225	-29.3163022543762
			32.3053576826225	-29.3015778433997
			32.3053576826225	-29.2868534324231
			32.3053576826225	-29.2721290214465
			32.3053576826225	-29.2574046104699
			32.3053576826225	-29.2426801994933
			32.3053576826225	-29.2279557885167
			32.3200820935991	-29.2132313775402
			32.3200820935991	-29.1985069665636
			32.3200820935991	-29.183782555587
			32.3200820935991	-29.1690581446104
			32.3200820935991	-29.1543337336338
			32.3200820935991	-29.1396093226572
			32.3200820935991	-29.1248849116807
			32.3200820935991	-29.1101605007041
			32.3200820935991	-29.0954360897275
			32.3200820935991	-29.0807116787509
			32.3348065045757	-29.0659872677743
			32.3348065045757	-29.0512628567977
			32.3348065045757	-29.0365384458212
			32.3348065045757	-29.0218140348446
			32.3348065045757	-29.007089623868
			32.3348065045757	-28.9923652128914
			32.3495309155523	-28.9776408019148
			32.3495309155523	-28.9629163909383
			32.3495309155523	-28.9481919799617
			32.3495309155523	-28.9334675689851
			32.3495309155523	-28.9187431580085
			32.3495309155523	-28.9040187470319
			32.3642553265289	-28.8892943360553
			32.3642553265289	-28.8745699250788
			32.3642553265289	-28.8598455141022
			32.3642553265289	-28.8451211031256
			32.3789797375054	-28.830396692149
			32.3789797375054	-28.8156722811724
			32.3789797375054	-28.8009478701958
			32.393704148482	-28.7862234592193
			32.393704148482	-28.7714990482427
			32.393704148482	-28.7567746372661
			32.393704148482	-28.7420502262895
			32.4084285594586	-28.7273258153129
			32.4084285594586	-28.7126014043363
			32.4231529704352	-28.6978769933598
			32.4231529704352	-28.6831525823832
			32.4378773814118	-28.6684281714066
			32.4378773814118	-28.65370376043
			32.4526017923884	-28.65370376043
			32.4526017923884	-28.6389793494534
			32.4526017923884	-28.6242549384768
			32.4673262033649	-28.6095305275003
			32.4673262033649	-28.5948061165237
			32.4820506143415	-28.5948061165237
			32.4820506143415	-28.5800817055471
			32.4967750253181	-28.5653572945705
			32.4967750253181	-28.5506328835939
			32.5114994362947	-28.5506328835939
			32.5262238472713	-28.5359084726174
			32.5262238472713	-28.5211840616408
			32.5409482582479	-28.5211840616408
			32.5409482582479	-28.5064596506642
			32.5556726692244	-28.4917352396876
			32.5556726692244	-28.477010828711
			32.570397080201	-28.477010828711
			32.570397080201	-28.4622864177344
			32.5851214911776	-28.4475620067579
			32.5998459021542	-28.4328375957813
			32.6145703131308	-28.4181131848047
			32.6292947241074	-28.4033887738281
			32.6440191350839	-28.3886643628515
			32.6587435460605	-28.3886643628515
			32.6734679570371	-28.3739399518749
			32.6734679570371	-28.3592155408984
			32.6881923680137	-28.3592155408984
			32.7029167789903	-28.3444911299218
			32.7176411899668	-28.3297667189452
			32.7323656009434	-28.3297667189452
			32.7323656009434	-28.3150423079686
			32.74709001192	-28.300317896992
			32.7618144228966	-28.300317896992
			32.7765388338732	-28.2855934860154
			32.7912632448498	-28.2708690750389
			32.8059876558263	-28.2561446640623
			32.8207120668029	-28.2561446640623
			32.8354364777795	-28.2414202530857
			32.8501608887561	-28.2266958421091
			32.8648852997327	-28.2266958421091
			32.8648852997327	-28.2119714311325
			32.8796097107093	-28.2119714311325
			32.8943341216858	-28.1972470201559
			32.9090585326624	-28.1972470201559
			32.923782943639	-28.1825226091794
			32.9385073546156	-28.1825226091794
			32.9532317655922	-28.1677981982028
			32.9679561765688	-28.1677981982028
			32.9826805875453	-28.1530737872262
			32.9974049985219	-28.1530737872262
			33.0121294094985	-28.1383493762496
			33.0268538204751	-28.1383493762496
			33.0415782314517	-28.1383493762496
			33.0563026424282	-28.123624965273
			33.0710270534048	-28.123624965273
			33.0857514643814	-28.123624965273
			33.100475875358	-28.1089005542965
			33.1152002863346	-28.1089005542965
			33.1299246973112	-28.1089005542965
			33.1446491082878	-28.1089005542965
			33.1593735192643	-28.1089005542965
			33.1740979302409	-28.1089005542965
			33.1888223412175	-28.0941761433199
			33.2035467521941	-28.0941761433199
			33.2182711631707	-28.0941761433199
			33.2329955741472	-28.0941761433199
			33.2477199851238	-28.0941761433199
			33.2624443961004	-28.0941761433199
			33.277168807077	-28.0941761433199
			33.2918932180536	-28.0941761433199
			33.3066176290302	-28.0941761433199
			33.3213420400067	-28.0941761433199
			33.3360664509833	-28.0941761433199
			33.3507908619599	-28.0941761433199
			33.3655152729365	-28.0941761433199
			33.3802396839131	-28.0941761433199
			33.3949640948897	-28.0941761433199
			33.4096885058662	-28.0941761433199
			33.4244129168428	-28.1089005542965
			33.4391373278194	-28.1089005542965
			33.453861738796	-28.1089005542965
			33.4685861497726	-28.1089005542965
			33.4833105607492	-28.1089005542965
			33.4980349717257	-28.1089005542965
			33.5127593827023	-28.123624965273
			33.5274837936789	-28.123624965273
			33.5422082046555	-28.123624965273
		</Outline2>
		<Outline3 type=matrix rownames=FALSE colnames=FALSE nrow=175 ncol=2 as.numeric=TRUE >
			33.5422082046555	-28.123624965273
			33.5569326156321	-28.123624965273
			33.5716570266086	-28.123624965273
			33.5863814375852	-28.1383493762496
			33.6011058485618	-28.1383493762496
			33.6158302595384	-28.1383493762496
			33.630554670515	-28.1383493762496
			33.6452790814916	-28.1383493762496
			33.6600034924681	-28.1383493762496
			33.6747279034447	-28.1530737872262
			33.6894523144213	-28.1530737872262
			33.7041767253979	-28.1530737872262
			33.7189011363745	-28.1530737872262
			33.7336255473511	-28.1530737872262
			33.7483499583276	-28.1530737872262
			33.7630743693042	-28.1530737872262
			33.7777987802808	-28.1530737872262
			33.7925231912574	-28.1530737872262
			33.807247602234	-28.1530737872262
			33.8219720132106	-28.1530737872262
			33.8219720132106	-28.1383493762496
			33.8366964241871	-28.1383493762496
			33.8514208351637	-28.1383493762496
			33.8661452461403	-28.1383493762496
			33.8661452461403	-28.123624965273
			33.8808696571169	-28.123624965273
			33.8955940680935	-28.123624965273
			33.91031847907	-28.123624965273
			33.9250428900466	-28.1089005542965
			33.9397673010232	-28.1089005542965
			33.9544917119998	-28.1089005542965
			33.9692161229764	-28.0941761433199
			33.983940533953	-28.0941761433199
			33.9986649449295	-28.0794517323433
			34.0133893559061	-28.0794517323433
			34.0281137668827	-28.0794517323433
			34.0428381778593	-28.0647273213667
			34.0575625888359	-28.0647273213667
			34.0722869998125	-28.0647273213667
			34.087011410789	-28.0500029103901
			34.1017358217656	-28.0500029103901
			34.1164602327422	-28.0500029103901
			34.1311846437188	-28.0352784994135
			34.1459090546954	-28.0352784994135
			34.160633465672	-28.0352784994135
			34.1753578766485	-28.0352784994135
			34.1900822876251	-28.020554088437
			34.2048066986017	-28.020554088437
			34.2195311095783	-28.020554088437
			34.2342555205549	-28.020554088437
			34.2489799315315	-28.020554088437
			34.263704342508	-28.020554088437
			34.263704342508	-28.0058296774604
			34.2784287534846	-28.0058296774604
			34.2931531644612	-28.0058296774604
			34.3078775754378	-28.0058296774604
			34.3226019864144	-28.0058296774604
			34.337326397391	-28.0058296774604
			34.3520508083675	-28.0058296774604
			34.3667752193441	-28.0058296774604
			34.3814996303207	-28.0058296774604
			34.3962240412973	-28.0058296774604
			34.4109484522739	-28.0058296774604
			34.4256728632504	-28.0058296774604
			34.440397274227	-28.0058296774604
			34.4551216852036	-28.020554088437
			34.4698460961802	-28.020554088437
			34.4845705071568	-28.020554088437
			34.4992949181334	-28.020554088437
			34.5140193291099	-28.020554088437
			34.5287437400865	-28.020554088437
			34.5434681510631	-28.020554088437
			34.5581925620397	-28.0352784994135
			34.5729169730163	-28.0352784994135
			34.5876413839929	-28.0352784994135
			34.6023657949694	-28.0352784994135
			34.617090205946	-28.0500029103901
			34.6318146169226	-28.0500029103901
			34.6465390278992	-28.0647273213667
			34.6612634388758	-28.0647273213667
			34.6759878498524	-28.0794517323433
			34.6907122608289	-28.0941761433199
			34.7054366718055	-28.0941761433199
			34.7201610827821	-28.1089005542965
			34.7348854937587	-28.1089005542965
			34.7496099047353	-28.123624965273
			34.7643343157118	-28.1383493762496
			34.7643343157118	-28.1530737872262
			34.7790587266884	-28.1530737872262
			34.793783137665	-28.1677981982028
			34.8085075486416	-28.1825226091794
			34.8085075486416	-28.1972470201559
			34.8232319596182	-28.2119714311325
			34.8232319596182	-28.2266958421091
			34.8379563705948	-28.2414202530857
			34.8379563705948	-28.2561446640623
			34.8379563705948	-28.2708690750389
			34.8526807815713	-28.2855934860154
			34.8526807815713	-28.300317896992
			34.8674051925479	-28.3150423079686
			34.8674051925479	-28.3297667189452
			34.8674051925479	-28.3444911299218
			34.8821296035245	-28.3444911299218
			34.8821296035245	-28.3592155408984
			34.8821296035245	-28.3739399518749
			34.8821296035245	-28.3886643628515
			34.8821296035245	-28.4033887738281
			34.8821296035245	-28.4181131848047
			34.8968540145011	-28.4328375957813
			34.8968540145011	-28.4475620067579
			34.8968540145011	-28.4622864177344
			34.8968540145011	-28.477010828711
			34.8968540145011	-28.4917352396876
			34.8968540145011	-28.5064596506642
			34.8968540145011	-28.5211840616408
			34.9115784254777	-28.5359084726174
			34.9115784254777	-28.5506328835939
			34.9115784254777	-28.5653572945705
			34.9115784254777	-28.5800817055471
			34.9115784254777	-28.5948061165237
			34.9115784254777	-28.6095305275003
			34.9115784254777	-28.6242549384768
			34.9115784254777	-28.6389793494534
			34.9115784254777	-28.65370376043
			34.9115784254777	-28.6684281714066
			34.9115784254777	-28.6831525823832
			34.9115784254777	-28.6978769933598
			34.9115784254777	-28.7126014043363
			34.9115784254777	-28.7273258153129
			34.9115784254777	-28.7420502262895
			34.9115784254777	-28.7567746372661
			34.9115784254777	-28.7714990482427
			34.9115784254777	-28.7862234592193
			34.9115784254777	-28.8009478701958
			34.9115784254777	-28.8156722811724
			34.9263028364543	-28.830396692149
			34.9263028364543	-28.8451211031256
			34.9263028364543	-28.8598455141022
			34.9263028364543	-28.8745699250788
			34.9263028364543	-28.8892943360553
			34.9410272474308	-28.9040187470319
			34.9410272474308	-28.9187431580085
			34.9410272474308	-28.9334675689851
			34.9557516584074	-28.9481919799617
			34.9557516584074	-28.9629163909383
			34.970476069384	-28.9776408019148
			34.9852004803606	-28.9923652128914
			34.9852004803606	-29.007089623868
			34.9999248913372	-29.0218140348446
			34.9999248913372	-29.0365384458212
			35.0146493023138	-29.0512628567977
			35.0146493023138	-29.0659872677743
			35.0293737132903	-29.0807116787509
			35.0293737132903	-29.0954360897275
			35.0440981242669	-29.1101605007041
			35.0440981242669	-29.1248849116807
			35.0440981242669	-29.1396093226572
			35.0588225352435	-29.1543337336338
			35.0588225352435	-29.1690581446104
			35.0735469462201	-29.183782555587
			35.0735469462201	-29.1985069665636
			35.0735469462201	-29.2132313775402
			35.0882713571967	-29.2279557885167
			35.0882713571967	-29.2426801994933
			35.0882713571967	-29.2574046104699
			35.0882713571967	-29.2721290214465
			35.0882713571967	-29.2868534324231
			35.1029957681733	-29.3015778433997
			35.1029957681733	-29.3163022543762
			35.1029957681733	-29.3310266653528
			35.1029957681733	-29.3457510763294
			35.1029957681733	-29.360475487306
			35.1029957681733	-29.3751998982826
			35.1029957681733	-29.3899243092592
			35.1029957681733	-29.4046487202357
		</Outline3>
		<Outline4 type=matrix rownames=FALSE colnames=FALSE nrow=146 ncol=2 as.numeric=TRUE >
			35.1029957681733	-29.4046487202357
			35.1029957681733	-29.4193731312123
			35.1029957681733	-29.4340975421889
			35.1029957681733	-29.4488219531655
			35.1029957681733	-29.4635463641421
			35.1029957681733	-29.4782707751186
			35.1029957681733	-29.4929951860952
			35.1029957681733	-29.5077195970718
			35.1029957681733	-29.5224440080484
			35.1029957681733	-29.537168419025
			35.0882713571967	-29.5518928300016
			35.0882713571967	-29.5666172409781
			35.0882713571967	-29.5813416519547
			35.0882713571967	-29.5960660629313
			35.0882713571967	-29.6107904739079
			35.0882713571967	-29.6255148848845
			35.0882713571967	-29.6402392958611
			35.0882713571967	-29.6549637068376
			35.0735469462201	-29.6696881178142
			35.0735469462201	-29.6844125287908
			35.0735469462201	-29.6991369397674
			35.0735469462201	-29.713861350744
			35.0735469462201	-29.7285857617206
			35.0588225352435	-29.7433101726971
			35.0588225352435	-29.7580345836737
			35.0588225352435	-29.7727589946503
			35.0588225352435	-29.7874834056269
			35.0588225352435	-29.8022078166035
			35.0440981242669	-29.8169322275801
			35.0440981242669	-29.8316566385566
			35.0440981242669	-29.8463810495332
			35.0440981242669	-29.8611054605098
			35.0440981242669	-29.8758298714864
			35.0440981242669	-29.890554282463
			35.0293737132903	-29.890554282463
			35.0293737132903	-29.9052786934395
			35.0293737132903	-29.9200031044161
			35.0293737132903	-29.9347275153927
			35.0146493023138	-29.9494519263693
			35.0146493023138	-29.9641763373459
			35.0146493023138	-29.9789007483225
			34.9999248913372	-29.993625159299
			34.9999248913372	-30.0083495702756
			34.9999248913372	-30.0230739812522
			34.9999248913372	-30.0377983922288
			34.9852004803606	-30.0525228032054
			34.9852004803606	-30.067247214182
			34.970476069384	-30.0819716251585
			34.9557516584074	-30.0966960361351
			34.9557516584074	-30.1114204471117
			34.9410272474308	-30.1261448580883
			34.9410272474308	-30.1408692690649
			34.9263028364543	-30.1408692690649
			34.9263028364543	-30.1555936800415
			34.9263028364543	-30.170318091018
			34.9115784254777	-30.170318091018
			34.9115784254777	-30.1850425019946
			34.8968540145011	-30.1850425019946
			34.8968540145011	-30.1997669129712
			34.8821296035245	-30.2144913239478
			34.8674051925479	-30.2292157349244
			34.8674051925479	-30.243940145901
			34.8526807815713	-30.2586645568775
			34.8379563705948	-30.2733889678541
			34.8232319596182	-30.2881133788307
			34.8232319596182	-30.3028377898073
			34.8085075486416	-30.3028377898073
			34.793783137665	-30.3175622007839
			34.7790587266884	-30.3322866117604
			34.7790587266884	-30.347011022737
			34.7643343157118	-30.347011022737
			34.7496099047353	-30.3617354337136
			34.7348854937587	-30.3764598446902
			34.7201610827821	-30.3911842556668
			34.7054366718055	-30.4059086666434
			34.6907122608289	-30.4206330776199
			34.6759878498524	-30.4353574885965
			34.6612634388758	-30.4500818995731
			34.6465390278992	-30.4648063105497
			34.6318146169226	-30.4795307215263
			34.617090205946	-30.4942551325029
			34.617090205946	-30.5089795434794
			34.6023657949694	-30.523703954456
			34.5876413839929	-30.5384283654326
			34.5729169730163	-30.5384283654326
			34.5729169730163	-30.5531527764092
			34.5581925620397	-30.5678771873858
			34.5434681510631	-30.5826015983624
			34.5434681510631	-30.5973260093389
			34.5287437400865	-30.6120504203155
			34.5140193291099	-30.6120504203155
			34.5140193291099	-30.6267748312921
			34.4992949181334	-30.6414992422687
			34.4845705071568	-30.6562236532453
			34.4698460961802	-30.6709480642218
			34.4551216852036	-30.6856724751984
			34.440397274227	-30.700396886175
			34.4256728632504	-30.7151212971516
			34.4256728632504	-30.7298457081282
			34.4109484522739	-30.7298457081282
			34.3962240412973	-30.7445701191048
			34.3814996303207	-30.7592945300813
			34.3667752193441	-30.7740189410579
			34.3520508083675	-30.7887433520345
			34.337326397391	-30.8034677630111
			34.3226019864144	-30.8181921739877
			34.3078775754378	-30.8181921739877
			34.2931531644612	-30.8329165849643
			34.2784287534846	-30.8476409959408
			34.263704342508	-30.8476409959408
			34.2489799315315	-30.8623654069174
			34.2342555205549	-30.877089817894
			34.2195311095783	-30.877089817894
			34.2195311095783	-30.8918142288706
			34.2048066986017	-30.8918142288706
			34.1900822876251	-30.9065386398472
			34.1753578766485	-30.9065386398472
			34.160633465672	-30.9065386398472
			34.1459090546954	-30.9212630508238
			34.1311846437188	-30.9212630508238
			34.1164602327422	-30.9359874618003
			34.1017358217656	-30.9359874618003
			34.087011410789	-30.9359874618003
			34.087011410789	-30.9507118727769
			34.0722869998125	-30.9507118727769
			34.0575625888359	-30.9507118727769
			34.0428381778593	-30.9507118727769
			34.0281137668827	-30.9654362837535
			34.0133893559061	-30.9654362837535
			33.9986649449295	-30.9654362837535
			33.983940533953	-30.9654362837535
			33.9692161229764	-30.9654362837535
			33.9544917119998	-30.9654362837535
			33.9397673010232	-30.9654362837535
			33.9250428900466	-30.9654362837535
			33.91031847907	-30.9801606947301
			33.8955940680935	-30.9801606947301
			33.8808696571169	-30.9801606947301
			33.8661452461403	-30.9801606947301
			33.8514208351637	-30.9801606947301
			33.8366964241871	-30.9801606947301
			33.8219720132106	-30.9801606947301
			33.807247602234	-30.9801606947301
			33.7925231912574	-30.9801606947301
			33.7777987802808	-30.9801606947301
			33.7630743693042	-30.9801606947301
		</Outline4>
	</curves.scaled>
	<ruler.points type=matrix rownames=TRUE colnames=FALSE nrow=2 ncol=2 as.numeric=TRUE >
		Ruler point 1	3287	402
		Ruler point 2	2608	388
	</ruler.points>
</shapes>

