<shapes type=list>
	<ruler.pixel type=vector names=FALSE length=1 as.numeric=TRUE >896.035713573962</ruler.pixel>
	<ruler.interval type=vector names=FALSE length=1 as.numeric=TRUE >10</ruler.interval>
	<scaling.units type=vector names=FALSE length=1 as.numeric=FALSE >mm</scaling.units>
	<scaling type=vector names=FALSE length=1 as.numeric=TRUE >0.0111602694496558</scaling>
	<landmarks.pixel type=matrix rownames=TRUE colnames=FALSE nrow=4 ncol=2 as.numeric=TRUE >
		Labial	2507	1488
		Posterior	2407	1456
		Lingual	2459	1365
		Anterior	2563	1395
	</landmarks.pixel>
	<landmarks.scaled type=matrix rownames=TRUE colnames=FALSE nrow=4 ncol=2 as.numeric=TRUE >
		Labial	27.978795510287	-16.6064809410878
		Posterior	26.8627685653214	-16.2493523186988
		Lingual	27.4431025767035	-15.2337677987801
		Anterior	28.6037705994677	-15.5685758822698
	</landmarks.scaled>
	<curves.control type=list>
		<Outline1 type=matrix rownames=FALSE colnames=FALSE nrow=21 ncol=2 as.numeric=TRUE >
			2507	1488
			2502	1494
			2497	1500
			2492	1508
			2486	1514
			2480	1518
			2475	1521
			2469	1524
			2462	1524
			2454	1523
			2447	1521
			2441	1517
			2435	1513
			2430	1507
			2426	1501
			2422	1495
			2418	1487
			2415	1479
			2412	1471
			2409	1464
			2407	1456
		</Outline1>
		<Outline2 type=matrix rownames=FALSE colnames=FALSE nrow=15 ncol=2 as.numeric=TRUE >
			2407	1456
			2405	1447
			2404	1436
			2404	1425
			2405	1415
			2407	1406
			2411	1399
			2415	1392
			2419	1384
			2424	1378
			2429	1373
			2434	1370
			2440	1368
			2447	1365
			2459	1365
		</Outline2>
		<Outline3 type=matrix rownames=FALSE colnames=FALSE nrow=19 ncol=2 as.numeric=TRUE >
			2459	1365
			2467	1365
			2473	1364
			2480	1363
			2487	1361
			2491	1358
			2498	1355
			2504	1354
			2512	1355
			2517	1356
			2523	1359
			2528	1362
			2534	1366
			2539	1369
			2544	1372
			2549	1375
			2553	1379
			2558	1384
			2563	1395
		</Outline3>
		<Outline4 type=matrix rownames=FALSE colnames=FALSE nrow=19 ncol=2 as.numeric=TRUE >
			2563	1395
			2566	1404
			2568	1412
			2569	1420
			2568	1431
			2567	1440
			2566	1447
			2563	1455
			2560	1460
			2555	1465
			2549	1468
			2541	1470
			2535	1472
			2528	1473
			2522	1475
			2516	1478
			2512	1481
			2509	1484
			2507	1488
		</Outline4>
	</curves.control>
	<curves.pixel type=list>
		<Outline1 type=matrix rownames=FALSE colnames=FALSE nrow=146 ncol=2 as.numeric=TRUE >
			2507	1488
			2506	1489
			2506	1490
			2505	1490
			2504	1491
			2504	1492
			2503	1493
			2502	1493
			2502	1494
			2501	1495
			2500	1496
			2500	1497
			2499	1497
			2499	1498
			2498	1499
			2497	1500
			2497	1501
			2496	1502
			2495	1503
			2495	1504
			2494	1505
			2493	1506
			2493	1507
			2492	1507
			2491	1508
			2490	1509
			2490	1510
			2489	1511
			2488	1512
			2487	1513
			2486	1514
			2485	1515
			2484	1515
			2483	1516
			2482	1517
			2481	1517
			2480	1518
			2479	1519
			2478	1519
			2477	1520
			2476	1521
			2475	1521
			2474	1522
			2473	1522
			2472	1522
			2471	1523
			2470	1523
			2469	1523
			2468	1523
			2467	1524
			2466	1524
			2465	1524
			2464	1524
			2463	1524
			2462	1524
			2461	1524
			2460	1524
			2459	1524
			2458	1523
			2457	1523
			2456	1523
			2455	1523
			2454	1523
			2453	1522
			2452	1522
			2451	1522
			2450	1522
			2449	1521
			2448	1521
			2447	1521
			2446	1520
			2445	1520
			2444	1519
			2443	1519
			2443	1518
			2442	1517
			2441	1517
			2440	1516
			2439	1516
			2438	1515
			2437	1515
			2437	1514
			2436	1514
			2435	1513
			2434	1512
			2434	1511
			2433	1510
			2432	1510
			2432	1509
			2431	1508
			2430	1507
			2430	1506
			2429	1505
			2428	1505
			2428	1504
			2427	1503
			2427	1502
			2426	1501
			2426	1500
			2425	1499
			2424	1499
			2424	1498
			2423	1497
			2423	1496
			2422	1495
			2422	1494
			2421	1493
			2421	1492
			2420	1491
			2419	1490
			2419	1489
			2418	1488
			2418	1487
			2418	1486
			2417	1486
			2417	1485
			2417	1484
			2416	1483
			2416	1482
			2416	1481
			2415	1480
			2415	1479
			2415	1478
			2414	1478
			2414	1477
			2414	1476
			2414	1475
			2413	1474
			2413	1473
			2412	1472
			2412	1471
			2412	1470
			2411	1469
			2411	1468
			2411	1467
			2410	1466
			2410	1465
			2409	1464
			2409	1463
			2409	1462
			2408	1461
			2408	1460
			2408	1459
			2408	1458
			2407	1457
			2407	1456
		</Outline1>
		<Outline2 type=matrix rownames=FALSE colnames=FALSE nrow=121 ncol=2 as.numeric=TRUE >
			2407	1456
			2407	1455
			2407	1454
			2406	1453
			2406	1452
			2406	1451
			2406	1450
			2406	1449
			2406	1448
			2405	1448
			2405	1447
			2405	1446
			2405	1445
			2405	1444
			2405	1443
			2405	1442
			2405	1441
			2404	1440
			2404	1439
			2404	1438
			2404	1437
			2404	1436
			2404	1435
			2404	1434
			2404	1433
			2404	1432
			2404	1431
			2404	1430
			2404	1429
			2404	1428
			2404	1427
			2404	1426
			2404	1425
			2404	1424
			2404	1423
			2404	1422
			2404	1421
			2405	1421
			2405	1420
			2405	1419
			2405	1418
			2405	1417
			2405	1416
			2405	1415
			2405	1414
			2406	1413
			2406	1412
			2406	1411
			2406	1410
			2407	1409
			2407	1408
			2407	1407
			2408	1406
			2408	1405
			2409	1404
			2409	1403
			2409	1402
			2410	1401
			2410	1400
			2411	1399
			2411	1398
			2412	1398
			2412	1397
			2413	1396
			2413	1395
			2414	1394
			2414	1393
			2415	1392
			2415	1391
			2416	1390
			2416	1389
			2417	1388
			2417	1387
			2418	1387
			2418	1386
			2419	1385
			2419	1384
			2420	1383
			2421	1382
			2421	1381
			2422	1381
			2422	1380
			2423	1379
			2424	1379
			2424	1378
			2425	1377
			2426	1376
			2427	1375
			2428	1374
			2429	1373
			2430	1373
			2430	1372
			2431	1372
			2432	1371
			2433	1371
			2434	1370
			2435	1370
			2436	1369
			2437	1369
			2438	1369
			2439	1368
			2440	1368
			2441	1368
			2442	1367
			2443	1367
			2444	1367
			2445	1366
			2446	1366
			2447	1366
			2448	1366
			2449	1366
			2450	1366
			2451	1365
			2452	1365
			2453	1365
			2454	1365
			2455	1365
			2456	1365
			2457	1365
			2458	1365
			2459	1365
		</Outline2>
		<Outline3 type=matrix rownames=FALSE colnames=FALSE nrow=117 ncol=2 as.numeric=TRUE >
			2459	1365
			2460	1365
			2461	1365
			2462	1365
			2463	1365
			2464	1365
			2465	1365
			2466	1365
			2467	1365
			2468	1365
			2469	1365
			2470	1364
			2471	1364
			2472	1364
			2473	1364
			2474	1364
			2475	1364
			2476	1364
			2476	1363
			2477	1363
			2478	1363
			2479	1363
			2480	1363
			2481	1363
			2482	1362
			2483	1362
			2484	1362
			2485	1361
			2486	1361
			2487	1361
			2488	1360
			2489	1360
			2489	1359
			2490	1359
			2491	1358
			2492	1358
			2493	1358
			2493	1357
			2494	1357
			2495	1356
			2496	1356
			2497	1355
			2498	1355
			2499	1355
			2500	1355
			2501	1355
			2502	1355
			2503	1355
			2504	1355
			2505	1355
			2506	1355
			2507	1355
			2508	1355
			2509	1355
			2510	1355
			2511	1355
			2512	1355
			2513	1355
			2514	1355
			2515	1356
			2516	1356
			2517	1357
			2518	1357
			2519	1357
			2520	1357
			2520	1358
			2521	1358
			2522	1359
			2523	1359
			2524	1359
			2524	1360
			2525	1360
			2526	1361
			2527	1361
			2528	1362
			2529	1363
			2530	1363
			2531	1364
			2532	1365
			2533	1365
			2534	1366
			2535	1366
			2536	1367
			2537	1368
			2538	1368
			2539	1369
			2540	1370
			2541	1370
			2542	1371
			2543	1371
			2544	1372
			2545	1372
			2546	1373
			2547	1374
			2548	1375
			2549	1376
			2550	1377
			2551	1377
			2552	1378
			2553	1379
			2554	1380
			2555	1381
			2555	1382
			2556	1383
			2557	1383
			2557	1384
			2558	1385
			2558	1386
			2559	1387
			2560	1388
			2560	1389
			2561	1390
			2561	1391
			2562	1392
			2562	1393
			2563	1394
			2563	1395
		</Outline3>
		<Outline4 type=matrix rownames=FALSE colnames=FALSE nrow=124 ncol=2 as.numeric=TRUE >
			2563	1395
			2563	1396
			2564	1397
			2564	1398
			2564	1399
			2565	1400
			2565	1401
			2565	1402
			2565	1403
			2566	1404
			2566	1405
			2566	1406
			2567	1407
			2567	1408
			2567	1409
			2568	1410
			2568	1411
			2568	1412
			2568	1413
			2568	1414
			2568	1415
			2568	1416
			2568	1417
			2568	1418
			2568	1419
			2568	1420
			2568	1421
			2568	1422
			2568	1423
			2568	1424
			2568	1425
			2568	1426
			2568	1427
			2568	1428
			2568	1429
			2568	1430
			2568	1431
			2568	1432
			2568	1433
			2568	1434
			2568	1435
			2567	1436
			2567	1437
			2567	1438
			2567	1439
			2567	1440
			2567	1441
			2567	1442
			2567	1443
			2566	1444
			2566	1445
			2566	1446
			2566	1447
			2566	1448
			2565	1449
			2565	1450
			2565	1451
			2564	1451
			2564	1452
			2563	1453
			2563	1454
			2563	1455
			2562	1456
			2562	1457
			2561	1458
			2561	1459
			2560	1460
			2559	1461
			2558	1462
			2557	1463
			2556	1463
			2555	1464
			2554	1465
			2553	1466
			2552	1466
			2551	1467
			2550	1467
			2549	1468
			2548	1468
			2547	1468
			2546	1469
			2545	1469
			2544	1469
			2543	1470
			2542	1470
			2541	1470
			2540	1470
			2539	1471
			2538	1471
			2537	1471
			2536	1472
			2535	1472
			2534	1472
			2533	1472
			2532	1473
			2531	1473
			2530	1473
			2529	1473
			2528	1473
			2527	1474
			2526	1474
			2525	1474
			2524	1474
			2523	1475
			2522	1475
			2521	1476
			2520	1476
			2519	1477
			2518	1477
			2517	1477
			2517	1478
			2516	1478
			2515	1479
			2514	1479
			2514	1480
			2513	1480
			2512	1481
			2511	1482
			2510	1483
			2510	1484
			2509	1485
			2508	1486
			2507	1487
			2507	1488
		</Outline4>
	</curves.pixel>
	<curves.scaled type=list>
		<Outline1 type=matrix rownames=FALSE colnames=FALSE nrow=146 ncol=2 as.numeric=TRUE >
			27.978795510287	-16.6064809410878
			27.9676352408374	-16.6176412105374
			27.9676352408374	-16.6288014799871
			27.9564749713877	-16.6288014799871
			27.945314701938	-16.6399617494368
			27.945314701938	-16.6511220188864
			27.9341544324884	-16.6622822883361
			27.9229941630387	-16.6622822883361
			27.9229941630387	-16.6734425577857
			27.9118338935891	-16.6846028272354
			27.9006736241394	-16.695763096685
			27.9006736241394	-16.7069233661347
			27.8895133546898	-16.7069233661347
			27.8895133546898	-16.7180836355843
			27.8783530852401	-16.729243905034
			27.8671928157905	-16.7404041744837
			27.8671928157905	-16.7515644439333
			27.8560325463408	-16.762724713383
			27.8448722768911	-16.7738849828326
			27.8448722768911	-16.7850452522823
			27.8337120074415	-16.7962055217319
			27.8225517379918	-16.8073657911816
			27.8225517379918	-16.8185260606312
			27.8113914685422	-16.8185260606312
			27.8002311990925	-16.8296863300809
			27.7890709296429	-16.8408465995306
			27.7890709296429	-16.8520068689802
			27.7779106601932	-16.8631671384299
			27.7667503907436	-16.8743274078795
			27.7555901212939	-16.8854876773292
			27.7444298518442	-16.8966479467788
			27.7332695823946	-16.9078082162285
			27.7221093129449	-16.9078082162285
			27.7109490434953	-16.9189684856781
			27.6997887740456	-16.9301287551278
			27.688628504596	-16.9301287551278
			27.6774682351463	-16.9412890245775
			27.6663079656967	-16.9524492940271
			27.655147696247	-16.9524492940271
			27.6439874267973	-16.9636095634768
			27.6328271573477	-16.9747698329264
			27.621666887898	-16.9747698329264
			27.6105066184484	-16.9859301023761
			27.5993463489987	-16.9859301023761
			27.5881860795491	-16.9859301023761
			27.5770258100994	-16.9970903718257
			27.5658655406497	-16.9970903718257
			27.5547052712001	-16.9970903718257
			27.5435450017504	-16.9970903718257
			27.5323847323008	-17.0082506412754
			27.5212244628511	-17.0082506412754
			27.5100641934015	-17.0082506412754
			27.4989039239518	-17.0082506412754
			27.4877436545022	-17.0082506412754
			27.4765833850525	-17.0082506412754
			27.4654231156028	-17.0082506412754
			27.4542628461532	-17.0082506412754
			27.4431025767035	-17.0082506412754
			27.4319423072539	-16.9970903718257
			27.4207820378042	-16.9970903718257
			27.4096217683546	-16.9970903718257
			27.3984614989049	-16.9970903718257
			27.3873012294553	-16.9970903718257
			27.3761409600056	-16.9859301023761
			27.3649806905559	-16.9859301023761
			27.3538204211063	-16.9859301023761
			27.3426601516566	-16.9859301023761
			27.331499882207	-16.9747698329264
			27.3203396127573	-16.9747698329264
			27.3091793433077	-16.9747698329264
			27.298019073858	-16.9636095634768
			27.2868588044084	-16.9636095634768
			27.2756985349587	-16.9524492940271
			27.264538265509	-16.9524492940271
			27.264538265509	-16.9412890245775
			27.2533779960594	-16.9301287551278
			27.2422177266097	-16.9301287551278
			27.2310574571601	-16.9189684856781
			27.2198971877104	-16.9189684856781
			27.2087369182608	-16.9078082162285
			27.1975766488111	-16.9078082162285
			27.1975766488111	-16.8966479467788
			27.1864163793615	-16.8966479467788
			27.1752561099118	-16.8854876773292
			27.1640958404621	-16.8743274078795
			27.1640958404621	-16.8631671384299
			27.1529355710125	-16.8520068689802
			27.1417753015628	-16.8520068689802
			27.1417753015628	-16.8408465995306
			27.1306150321132	-16.8296863300809
			27.1194547626635	-16.8185260606312
			27.1194547626635	-16.8073657911816
			27.1082944932139	-16.7962055217319
			27.0971342237642	-16.7962055217319
			27.0971342237642	-16.7850452522823
			27.0859739543146	-16.7738849828326
			27.0859739543146	-16.762724713383
			27.0748136848649	-16.7515644439333
			27.0748136848649	-16.7404041744837
			27.0636534154152	-16.729243905034
			27.0524931459656	-16.729243905034
			27.0524931459656	-16.7180836355843
			27.0413328765159	-16.7069233661347
			27.0413328765159	-16.695763096685
			27.0301726070663	-16.6846028272354
			27.0301726070663	-16.6734425577857
			27.0190123376166	-16.6622822883361
			27.0190123376166	-16.6511220188864
			27.007852068167	-16.6399617494368
			26.9966917987173	-16.6288014799871
			26.9966917987173	-16.6176412105374
			26.9855315292677	-16.6064809410878
			26.9855315292677	-16.5953206716381
			26.9855315292677	-16.5841604021885
			26.974371259818	-16.5841604021885
			26.974371259818	-16.5730001327388
			26.974371259818	-16.5618398632892
			26.9632109903683	-16.5506795938395
			26.9632109903683	-16.5395193243899
			26.9632109903683	-16.5283590549402
			26.9520507209187	-16.5171987854905
			26.9520507209187	-16.5060385160409
			26.9520507209187	-16.4948782465912
			26.940890451469	-16.4948782465912
			26.940890451469	-16.4837179771416
			26.940890451469	-16.4725577076919
			26.940890451469	-16.4613974382423
			26.9297301820194	-16.4502371687926
			26.9297301820194	-16.439076899343
			26.9185699125697	-16.4279166298933
			26.9185699125697	-16.4167563604436
			26.9185699125697	-16.405596090994
			26.9074096431201	-16.3944358215443
			26.9074096431201	-16.3832755520947
			26.9074096431201	-16.372115282645
			26.8962493736704	-16.3609550131954
			26.8962493736704	-16.3497947437457
			26.8850891042208	-16.338634474296
			26.8850891042208	-16.3274742048464
			26.8850891042208	-16.3163139353967
			26.8739288347711	-16.3051536659471
			26.8739288347711	-16.2939933964974
			26.8739288347711	-16.2828331270478
			26.8739288347711	-16.2716728575981
			26.8627685653214	-16.2605125881485
			26.8627685653214	-16.2493523186988
		</Outline1>
		<Outline2 type=matrix rownames=FALSE colnames=FALSE nrow=121 ncol=2 as.numeric=TRUE >
			26.8627685653214	-16.2493523186988
			26.8627685653214	-16.2381920492491
			26.8627685653214	-16.2270317797995
			26.8516082958718	-16.2158715103498
			26.8516082958718	-16.2047112409002
			26.8516082958718	-16.1935509714505
			26.8516082958718	-16.1823907020009
			26.8516082958718	-16.1712304325512
			26.8516082958718	-16.1600701631016
			26.8404480264221	-16.1600701631016
			26.8404480264221	-16.1489098936519
			26.8404480264221	-16.1377496242022
			26.8404480264221	-16.1265893547526
			26.8404480264221	-16.1154290853029
			26.8404480264221	-16.1042688158533
			26.8404480264221	-16.0931085464036
			26.8404480264221	-16.081948276954
			26.8292877569725	-16.0707880075043
			26.8292877569725	-16.0596277380547
			26.8292877569725	-16.048467468605
			26.8292877569725	-16.0373071991553
			26.8292877569725	-16.0261469297057
			26.8292877569725	-16.014986660256
			26.8292877569725	-16.0038263908064
			26.8292877569725	-15.9926661213567
			26.8292877569725	-15.9815058519071
			26.8292877569725	-15.9703455824574
			26.8292877569725	-15.9591853130078
			26.8292877569725	-15.9480250435581
			26.8292877569725	-15.9368647741084
			26.8292877569725	-15.9257045046588
			26.8292877569725	-15.9145442352091
			26.8292877569725	-15.9033839657595
			26.8292877569725	-15.8922236963098
			26.8292877569725	-15.8810634268602
			26.8292877569725	-15.8699031574105
			26.8292877569725	-15.8587428879608
			26.8404480264221	-15.8587428879608
			26.8404480264221	-15.8475826185112
			26.8404480264221	-15.8364223490615
			26.8404480264221	-15.8252620796119
			26.8404480264221	-15.8141018101622
			26.8404480264221	-15.8029415407126
			26.8404480264221	-15.7917812712629
			26.8404480264221	-15.7806210018133
			26.8516082958718	-15.7694607323636
			26.8516082958718	-15.7583004629139
			26.8516082958718	-15.7471401934643
			26.8516082958718	-15.7359799240146
			26.8627685653214	-15.724819654565
			26.8627685653214	-15.7136593851153
			26.8627685653214	-15.7024991156657
			26.8739288347711	-15.691338846216
			26.8739288347711	-15.6801785767664
			26.8850891042208	-15.6690183073167
			26.8850891042208	-15.657858037867
			26.8850891042208	-15.6466977684174
			26.8962493736704	-15.6355374989677
			26.8962493736704	-15.6243772295181
			26.9074096431201	-15.6132169600684
			26.9074096431201	-15.6020566906188
			26.9185699125697	-15.6020566906188
			26.9185699125697	-15.5908964211691
			26.9297301820194	-15.5797361517195
			26.9297301820194	-15.5685758822698
			26.940890451469	-15.5574156128201
			26.940890451469	-15.5462553433705
			26.9520507209187	-15.5350950739208
			26.9520507209187	-15.5239348044712
			26.9632109903683	-15.5127745350215
			26.9632109903683	-15.5016142655719
			26.974371259818	-15.4904539961222
			26.974371259818	-15.4792937266726
			26.9855315292677	-15.4792937266726
			26.9855315292677	-15.4681334572229
			26.9966917987173	-15.4569731877732
			26.9966917987173	-15.4458129183236
			27.007852068167	-15.4346526488739
			27.0190123376166	-15.4234923794243
			27.0190123376166	-15.4123321099746
			27.0301726070663	-15.4123321099746
			27.0301726070663	-15.401171840525
			27.0413328765159	-15.3900115710753
			27.0524931459656	-15.3900115710753
			27.0524931459656	-15.3788513016256
			27.0636534154152	-15.367691032176
			27.0748136848649	-15.3565307627263
			27.0859739543146	-15.3453704932767
			27.0971342237642	-15.334210223827
			27.1082944932139	-15.3230499543774
			27.1194547626635	-15.3230499543774
			27.1194547626635	-15.3118896849277
			27.1306150321132	-15.3118896849277
			27.1417753015628	-15.3007294154781
			27.1529355710125	-15.3007294154781
			27.1640958404621	-15.2895691460284
			27.1752561099118	-15.2895691460284
			27.1864163793615	-15.2784088765787
			27.1975766488111	-15.2784088765787
			27.2087369182608	-15.2784088765787
			27.2198971877104	-15.2672486071291
			27.2310574571601	-15.2672486071291
			27.2422177266097	-15.2672486071291
			27.2533779960594	-15.2560883376794
			27.264538265509	-15.2560883376794
			27.2756985349587	-15.2560883376794
			27.2868588044084	-15.2449280682298
			27.298019073858	-15.2449280682298
			27.3091793433077	-15.2449280682298
			27.3203396127573	-15.2449280682298
			27.331499882207	-15.2449280682298
			27.3426601516566	-15.2449280682298
			27.3538204211063	-15.2337677987801
			27.3649806905559	-15.2337677987801
			27.3761409600056	-15.2337677987801
			27.3873012294553	-15.2337677987801
			27.3984614989049	-15.2337677987801
			27.4096217683546	-15.2337677987801
			27.4207820378042	-15.2337677987801
			27.4319423072539	-15.2337677987801
			27.4431025767035	-15.2337677987801
		</Outline2>
		<Outline3 type=matrix rownames=FALSE colnames=FALSE nrow=117 ncol=2 as.numeric=TRUE >
			27.4431025767035	-15.2337677987801
			27.4542628461532	-15.2337677987801
			27.4654231156028	-15.2337677987801
			27.4765833850525	-15.2337677987801
			27.4877436545022	-15.2337677987801
			27.4989039239518	-15.2337677987801
			27.5100641934015	-15.2337677987801
			27.5212244628511	-15.2337677987801
			27.5323847323008	-15.2337677987801
			27.5435450017504	-15.2337677987801
			27.5547052712001	-15.2337677987801
			27.5658655406497	-15.2226075293305
			27.5770258100994	-15.2226075293305
			27.5881860795491	-15.2226075293305
			27.5993463489987	-15.2226075293305
			27.6105066184484	-15.2226075293305
			27.621666887898	-15.2226075293305
			27.6328271573477	-15.2226075293305
			27.6328271573477	-15.2114472598808
			27.6439874267973	-15.2114472598808
			27.655147696247	-15.2114472598808
			27.6663079656967	-15.2114472598808
			27.6774682351463	-15.2114472598808
			27.688628504596	-15.2114472598808
			27.6997887740456	-15.2002869904312
			27.7109490434953	-15.2002869904312
			27.7221093129449	-15.2002869904312
			27.7332695823946	-15.1891267209815
			27.7444298518442	-15.1891267209815
			27.7555901212939	-15.1891267209815
			27.7667503907436	-15.1779664515318
			27.7779106601932	-15.1779664515318
			27.7779106601932	-15.1668061820822
			27.7890709296429	-15.1668061820822
			27.8002311990925	-15.1556459126325
			27.8113914685422	-15.1556459126325
			27.8225517379918	-15.1556459126325
			27.8225517379918	-15.1444856431829
			27.8337120074415	-15.1444856431829
			27.8448722768911	-15.1333253737332
			27.8560325463408	-15.1333253737332
			27.8671928157905	-15.1221651042836
			27.8783530852401	-15.1221651042836
			27.8895133546898	-15.1221651042836
			27.9006736241394	-15.1221651042836
			27.9118338935891	-15.1221651042836
			27.9229941630387	-15.1221651042836
			27.9341544324884	-15.1221651042836
			27.945314701938	-15.1221651042836
			27.9564749713877	-15.1221651042836
			27.9676352408374	-15.1221651042836
			27.978795510287	-15.1221651042836
			27.9899557797367	-15.1221651042836
			28.0011160491863	-15.1221651042836
			28.012276318636	-15.1221651042836
			28.0234365880856	-15.1221651042836
			28.0345968575353	-15.1221651042836
			28.0457571269849	-15.1221651042836
			28.0569173964346	-15.1221651042836
			28.0680776658843	-15.1333253737332
			28.0792379353339	-15.1333253737332
			28.0903982047836	-15.1444856431829
			28.1015584742332	-15.1444856431829
			28.1127187436829	-15.1444856431829
			28.1238790131325	-15.1444856431829
			28.1238790131325	-15.1556459126325
			28.1350392825822	-15.1556459126325
			28.1461995520319	-15.1668061820822
			28.1573598214815	-15.1668061820822
			28.1685200909312	-15.1668061820822
			28.1685200909312	-15.1779664515318
			28.1796803603808	-15.1779664515318
			28.1908406298305	-15.1891267209815
			28.2020008992801	-15.1891267209815
			28.2131611687298	-15.2002869904312
			28.2243214381794	-15.2114472598808
			28.2354817076291	-15.2114472598808
			28.2466419770788	-15.2226075293305
			28.2578022465284	-15.2337677987801
			28.2689625159781	-15.2337677987801
			28.2801227854277	-15.2449280682298
			28.2912830548774	-15.2449280682298
			28.302443324327	-15.2560883376794
			28.3136035937767	-15.2672486071291
			28.3247638632263	-15.2672486071291
			28.335924132676	-15.2784088765787
			28.3470844021257	-15.2895691460284
			28.3582446715753	-15.2895691460284
			28.369404941025	-15.3007294154781
			28.3805652104746	-15.3007294154781
			28.3917254799243	-15.3118896849277
			28.4028857493739	-15.3118896849277
			28.4140460188236	-15.3230499543774
			28.4252062882732	-15.334210223827
			28.4363665577229	-15.3453704932767
			28.4475268271726	-15.3565307627263
			28.4586870966222	-15.367691032176
			28.4698473660719	-15.367691032176
			28.4810076355215	-15.3788513016256
			28.4921679049712	-15.3900115710753
			28.5033281744208	-15.401171840525
			28.5144884438705	-15.4123321099746
			28.5144884438705	-15.4234923794243
			28.5256487133201	-15.4346526488739
			28.5368089827698	-15.4346526488739
			28.5368089827698	-15.4458129183236
			28.5479692522195	-15.4569731877732
			28.5479692522195	-15.4681334572229
			28.5591295216691	-15.4792937266726
			28.5702897911188	-15.4904539961222
			28.5702897911188	-15.5016142655719
			28.5814500605684	-15.5127745350215
			28.5814500605684	-15.5239348044712
			28.5926103300181	-15.5350950739208
			28.5926103300181	-15.5462553433705
			28.6037705994677	-15.5574156128201
			28.6037705994677	-15.5685758822698
		</Outline3>
		<Outline4 type=matrix rownames=FALSE colnames=FALSE nrow=124 ncol=2 as.numeric=TRUE >
			28.6037705994677	-15.5685758822698
			28.6037705994677	-15.5797361517195
			28.6149308689174	-15.5908964211691
			28.6149308689174	-15.6020566906188
			28.6149308689174	-15.6132169600684
			28.626091138367	-15.6243772295181
			28.626091138367	-15.6355374989677
			28.626091138367	-15.6466977684174
			28.626091138367	-15.657858037867
			28.6372514078167	-15.6690183073167
			28.6372514078167	-15.6801785767664
			28.6372514078167	-15.691338846216
			28.6484116772664	-15.7024991156657
			28.6484116772664	-15.7136593851153
			28.6484116772664	-15.724819654565
			28.659571946716	-15.7359799240146
			28.659571946716	-15.7471401934643
			28.659571946716	-15.7583004629139
			28.659571946716	-15.7694607323636
			28.659571946716	-15.7806210018133
			28.659571946716	-15.7917812712629
			28.659571946716	-15.8029415407126
			28.659571946716	-15.8141018101622
			28.659571946716	-15.8252620796119
			28.659571946716	-15.8364223490615
			28.659571946716	-15.8475826185112
			28.659571946716	-15.8587428879608
			28.659571946716	-15.8699031574105
			28.659571946716	-15.8810634268602
			28.659571946716	-15.8922236963098
			28.659571946716	-15.9033839657595
			28.659571946716	-15.9145442352091
			28.659571946716	-15.9257045046588
			28.659571946716	-15.9368647741084
			28.659571946716	-15.9480250435581
			28.659571946716	-15.9591853130078
			28.659571946716	-15.9703455824574
			28.659571946716	-15.9815058519071
			28.659571946716	-15.9926661213567
			28.659571946716	-16.0038263908064
			28.659571946716	-16.014986660256
			28.6484116772664	-16.0261469297057
			28.6484116772664	-16.0373071991553
			28.6484116772664	-16.048467468605
			28.6484116772664	-16.0596277380547
			28.6484116772664	-16.0707880075043
			28.6484116772664	-16.081948276954
			28.6484116772664	-16.0931085464036
			28.6484116772664	-16.1042688158533
			28.6372514078167	-16.1154290853029
			28.6372514078167	-16.1265893547526
			28.6372514078167	-16.1377496242022
			28.6372514078167	-16.1489098936519
			28.6372514078167	-16.1600701631016
			28.626091138367	-16.1712304325512
			28.626091138367	-16.1823907020009
			28.626091138367	-16.1935509714505
			28.6149308689174	-16.1935509714505
			28.6149308689174	-16.2047112409002
			28.6037705994677	-16.2158715103498
			28.6037705994677	-16.2270317797995
			28.6037705994677	-16.2381920492491
			28.5926103300181	-16.2493523186988
			28.5926103300181	-16.2605125881485
			28.5814500605684	-16.2716728575981
			28.5814500605684	-16.2828331270478
			28.5702897911188	-16.2939933964974
			28.5591295216691	-16.3051536659471
			28.5479692522195	-16.3163139353967
			28.5368089827698	-16.3274742048464
			28.5256487133201	-16.3274742048464
			28.5144884438705	-16.338634474296
			28.5033281744208	-16.3497947437457
			28.4921679049712	-16.3609550131954
			28.4810076355215	-16.3609550131954
			28.4698473660719	-16.372115282645
			28.4586870966222	-16.372115282645
			28.4475268271726	-16.3832755520947
			28.4363665577229	-16.3832755520947
			28.4252062882732	-16.3832755520947
			28.4140460188236	-16.3944358215443
			28.4028857493739	-16.3944358215443
			28.3917254799243	-16.3944358215443
			28.3805652104746	-16.405596090994
			28.369404941025	-16.405596090994
			28.3582446715753	-16.405596090994
			28.3470844021257	-16.405596090994
			28.335924132676	-16.4167563604436
			28.3247638632263	-16.4167563604436
			28.3136035937767	-16.4167563604436
			28.302443324327	-16.4279166298933
			28.2912830548774	-16.4279166298933
			28.2801227854277	-16.4279166298933
			28.2689625159781	-16.4279166298933
			28.2578022465284	-16.439076899343
			28.2466419770788	-16.439076899343
			28.2354817076291	-16.439076899343
			28.2243214381794	-16.439076899343
			28.2131611687298	-16.439076899343
			28.2020008992801	-16.4502371687926
			28.1908406298305	-16.4502371687926
			28.1796803603808	-16.4502371687926
			28.1685200909312	-16.4502371687926
			28.1573598214815	-16.4613974382423
			28.1461995520319	-16.4613974382423
			28.1350392825822	-16.4725577076919
			28.1238790131325	-16.4725577076919
			28.1127187436829	-16.4837179771416
			28.1015584742332	-16.4837179771416
			28.0903982047836	-16.4837179771416
			28.0903982047836	-16.4948782465912
			28.0792379353339	-16.4948782465912
			28.0680776658843	-16.5060385160409
			28.0569173964346	-16.5060385160409
			28.0569173964346	-16.5171987854905
			28.0457571269849	-16.5171987854905
			28.0345968575353	-16.5283590549402
			28.0234365880856	-16.5395193243899
			28.012276318636	-16.5506795938395
			28.012276318636	-16.5618398632892
			28.0011160491863	-16.5730001327388
			27.9899557797367	-16.5841604021885
			27.978795510287	-16.5953206716381
			27.978795510287	-16.6064809410878
		</Outline4>
	</curves.scaled>
	<ruler.points type=matrix rownames=TRUE colnames=FALSE nrow=2 ncol=2 as.numeric=TRUE >
		Ruler point 1	3024	2471
		Ruler point 2	2128	2479
	</ruler.points>
</shapes>

