<shapes type=list>
	<ruler.pixel type=vector names=FALSE length=1 as.numeric=TRUE >851.014688474882</ruler.pixel>
	<ruler.interval type=vector names=FALSE length=1 as.numeric=TRUE >10</ruler.interval>
	<scaling.units type=vector names=FALSE length=1 as.numeric=FALSE >mm</scaling.units>
	<scaling type=vector names=FALSE length=1 as.numeric=TRUE >0.0117506784964208</scaling>
	<landmarks.pixel type=matrix rownames=TRUE colnames=FALSE nrow=4 ncol=2 as.numeric=TRUE >
		Labial	2586	1319
		Posterior	2475	1228
		Lingual	2566	1126
		Anterior	2677	1211
	</landmarks.pixel>
	<landmarks.scaled type=matrix rownames=TRUE colnames=FALSE nrow=4 ncol=2 as.numeric=TRUE >
		Labial	30.3872545917441	-15.499144936779
		Posterior	29.0829292786414	-14.4298331936047
		Lingual	30.1522410218157	-13.2312639869698
		Anterior	31.4565663349184	-14.2300716591655
	</landmarks.scaled>
	<curves.control type=list>
		<Outline1 type=matrix rownames=FALSE colnames=FALSE nrow=21 ncol=2 as.numeric=TRUE >
			2586	1319
			2577	1325
			2569	1331
			2561	1336
			2553	1340
			2544	1344
			2535	1347
			2526	1349
			2517	1350
			2508	1350
			2499	1348
			2490	1344
			2482	1338
			2476	1332
			2470	1323
			2465	1313
			2462	1301
			2461	1291
			2461	1281
			2462	1272
			2475	1228
		</Outline1>
		<Outline2 type=matrix rownames=FALSE colnames=FALSE nrow=15 ncol=2 as.numeric=TRUE >
			2475	1228
			2478	1214
			2481	1192
			2483	1177
			2488	1160
			2494	1146
			2502	1138
			2510	1132
			2519	1128
			2528	1125
			2536	1123
			2544	1123
			2551	1123
			2559	1124
			2566	1126
		</Outline2>
		<Outline3 type=matrix rownames=FALSE colnames=FALSE nrow=23 ncol=2 as.numeric=TRUE >
			2566	1126
			2573	1129
			2579	1131
			2585	1134
			2590	1135
			2596	1135
			2603	1133
			2610	1130
			2617	1129
			2626	1129
			2634	1131
			2640	1133
			2646	1137
			2653	1142
			2658	1148
			2662	1154
			2665	1159
			2669	1167
			2671	1175
			2673	1184
			2674	1191
			2675	1200
			2677	1211
		</Outline3>
		<Outline4 type=matrix rownames=FALSE colnames=FALSE nrow=19 ncol=2 as.numeric=TRUE >
			2677	1211
			2678	1222
			2678	1232
			2677	1242
			2674	1251
			2670	1260
			2668	1268
			2664	1276
			2661	1284
			2655	1290
			2648	1295
			2641	1299
			2634	1302
			2626	1306
			2619	1308
			2613	1309
			2605	1311
			2597	1313
			2586	1319
		</Outline4>
	</curves.control>
	<curves.pixel type=list>
		<Outline1 type=matrix rownames=FALSE colnames=FALSE nrow=224 ncol=2 as.numeric=TRUE >
			2586	1319
			2585	1320
			2584	1320
			2584	1321
			2583	1321
			2582	1322
			2581	1322
			2581	1323
			2580	1323
			2579	1324
			2578	1324
			2578	1325
			2577	1325
			2576	1326
			2575	1327
			2574	1327
			2573	1328
			2572	1329
			2571	1329
			2571	1330
			2570	1330
			2569	1331
			2568	1332
			2567	1332
			2566	1333
			2565	1334
			2564	1334
			2563	1335
			2562	1335
			2561	1336
			2560	1336
			2559	1337
			2558	1338
			2557	1338
			2556	1339
			2555	1339
			2554	1340
			2553	1340
			2552	1341
			2551	1341
			2550	1341
			2549	1342
			2548	1342
			2547	1343
			2546	1343
			2545	1343
			2544	1344
			2543	1344
			2542	1345
			2541	1345
			2540	1345
			2539	1346
			2538	1346
			2537	1346
			2536	1347
			2535	1347
			2534	1347
			2533	1347
			2532	1348
			2531	1348
			2530	1348
			2529	1348
			2528	1348
			2527	1349
			2526	1349
			2525	1349
			2524	1349
			2523	1349
			2522	1349
			2521	1349
			2521	1350
			2520	1350
			2519	1350
			2518	1350
			2517	1350
			2516	1350
			2515	1350
			2514	1350
			2513	1350
			2512	1350
			2511	1350
			2510	1350
			2509	1350
			2508	1349
			2507	1349
			2506	1349
			2505	1349
			2504	1349
			2503	1349
			2502	1349
			2501	1348
			2500	1348
			2499	1348
			2498	1348
			2497	1347
			2496	1347
			2496	1346
			2495	1346
			2494	1345
			2493	1345
			2492	1344
			2491	1344
			2490	1343
			2489	1343
			2488	1342
			2487	1342
			2486	1341
			2485	1340
			2484	1339
			2483	1339
			2482	1338
			2481	1337
			2480	1336
			2479	1335
			2479	1334
			2478	1334
			2477	1333
			2476	1332
			2476	1331
			2475	1330
			2474	1329
			2473	1328
			2472	1327
			2472	1326
			2471	1325
			2471	1324
			2470	1323
			2470	1322
			2469	1321
			2469	1320
			2468	1319
			2468	1318
			2467	1317
			2467	1316
			2467	1315
			2466	1314
			2466	1313
			2465	1312
			2465	1311
			2465	1310
			2464	1309
			2464	1308
			2464	1307
			2463	1306
			2463	1305
			2463	1304
			2462	1303
			2462	1302
			2462	1301
			2462	1300
			2462	1299
			2462	1298
			2462	1297
			2462	1296
			2461	1295
			2461	1294
			2461	1293
			2461	1292
			2461	1291
			2461	1290
			2461	1289
			2461	1288
			2461	1287
			2461	1286
			2461	1285
			2461	1284
			2461	1283
			2461	1282
			2461	1281
			2461	1280
			2461	1279
			2462	1278
			2462	1277
			2462	1276
			2462	1275
			2462	1274
			2463	1273
			2463	1272
			2463	1271
			2463	1270
			2464	1269
			2464	1268
			2464	1267
			2464	1266
			2465	1265
			2465	1264
			2465	1263
			2465	1262
			2466	1261
			2466	1260
			2466	1259
			2466	1258
			2467	1257
			2467	1256
			2467	1255
			2467	1254
			2468	1254
			2468	1253
			2468	1252
			2468	1251
			2469	1250
			2469	1249
			2469	1248
			2469	1247
			2470	1246
			2470	1245
			2470	1244
			2471	1243
			2471	1242
			2471	1241
			2471	1240
			2472	1240
			2472	1239
			2472	1238
			2472	1237
			2473	1236
			2473	1235
			2473	1234
			2473	1233
			2474	1232
			2474	1231
			2474	1230
			2475	1229
			2475	1228
		</Outline1>
		<Outline2 type=matrix rownames=FALSE colnames=FALSE nrow=161 ncol=2 as.numeric=TRUE >
			2475	1228
			2475	1227
			2476	1226
			2476	1225
			2476	1224
			2476	1223
			2476	1222
			2476	1221
			2477	1220
			2477	1219
			2477	1218
			2477	1217
			2477	1216
			2478	1215
			2478	1214
			2478	1213
			2478	1212
			2478	1211
			2478	1210
			2479	1209
			2479	1208
			2479	1207
			2479	1206
			2479	1205
			2479	1204
			2479	1203
			2480	1202
			2480	1201
			2480	1200
			2480	1199
			2480	1198
			2480	1197
			2480	1196
			2481	1195
			2481	1194
			2481	1193
			2481	1192
			2481	1191
			2481	1190
			2481	1189
			2482	1188
			2482	1187
			2482	1186
			2482	1185
			2482	1184
			2482	1183
			2483	1182
			2483	1181
			2483	1180
			2483	1179
			2483	1178
			2484	1177
			2484	1176
			2484	1175
			2484	1174
			2484	1173
			2485	1173
			2485	1172
			2485	1171
			2485	1170
			2486	1169
			2486	1168
			2486	1167
			2486	1166
			2486	1165
			2487	1165
			2487	1164
			2487	1163
			2487	1162
			2488	1161
			2488	1160
			2489	1159
			2489	1158
			2489	1157
			2490	1156
			2490	1155
			2491	1154
			2491	1153
			2492	1152
			2492	1151
			2493	1151
			2493	1150
			2494	1149
			2494	1148
			2495	1147
			2496	1146
			2496	1145
			2497	1144
			2497	1143
			2498	1143
			2499	1142
			2499	1141
			2500	1140
			2501	1139
			2502	1138
			2503	1137
			2504	1137
			2505	1136
			2506	1135
			2507	1134
			2508	1134
			2509	1133
			2510	1132
			2511	1132
			2512	1131
			2513	1131
			2514	1130
			2515	1130
			2516	1129
			2517	1129
			2518	1129
			2518	1128
			2519	1128
			2520	1128
			2521	1127
			2522	1127
			2523	1127
			2524	1126
			2525	1126
			2526	1126
			2527	1125
			2528	1125
			2529	1125
			2530	1125
			2531	1124
			2532	1124
			2533	1124
			2534	1123
			2535	1123
			2536	1123
			2537	1123
			2538	1123
			2539	1123
			2540	1123
			2541	1123
			2542	1123
			2543	1123
			2544	1123
			2545	1123
			2546	1123
			2547	1123
			2548	1123
			2549	1123
			2550	1123
			2551	1123
			2552	1123
			2553	1123
			2554	1123
			2555	1124
			2556	1124
			2557	1124
			2558	1124
			2559	1124
			2560	1124
			2560	1125
			2561	1125
			2562	1125
			2563	1125
			2564	1126
			2565	1126
			2566	1126
		</Outline2>
		<Outline3 type=matrix rownames=FALSE colnames=FALSE nrow=162 ncol=2 as.numeric=TRUE >
			2566	1126
			2567	1126
			2568	1127
			2569	1127
			2570	1128
			2571	1128
			2572	1129
			2573	1129
			2574	1129
			2575	1130
			2576	1130
			2577	1130
			2578	1131
			2579	1131
			2580	1132
			2581	1132
			2582	1132
			2583	1133
			2584	1133
			2585	1133
			2585	1134
			2586	1134
			2587	1134
			2588	1135
			2589	1135
			2590	1135
			2591	1135
			2592	1135
			2593	1135
			2594	1135
			2595	1135
			2596	1134
			2597	1134
			2598	1134
			2599	1134
			2600	1134
			2601	1134
			2602	1133
			2603	1133
			2604	1133
			2605	1132
			2606	1132
			2607	1132
			2608	1131
			2609	1131
			2610	1131
			2611	1130
			2612	1130
			2613	1130
			2614	1129
			2615	1129
			2616	1129
			2617	1129
			2618	1129
			2619	1129
			2620	1129
			2621	1129
			2622	1129
			2623	1129
			2624	1129
			2625	1129
			2626	1130
			2627	1130
			2628	1130
			2629	1130
			2630	1130
			2631	1130
			2632	1131
			2633	1131
			2634	1131
			2635	1131
			2636	1132
			2637	1132
			2638	1133
			2639	1133
			2640	1134
			2641	1134
			2642	1134
			2643	1135
			2644	1136
			2645	1137
			2646	1137
			2647	1138
			2648	1138
			2648	1139
			2649	1139
			2650	1140
			2651	1141
			2652	1142
			2653	1143
			2654	1143
			2654	1144
			2655	1145
			2656	1146
			2657	1147
			2658	1148
			2659	1149
			2659	1150
			2660	1151
			2661	1152
			2661	1153
			2662	1153
			2662	1154
			2663	1155
			2663	1156
			2664	1157
			2664	1158
			2665	1159
			2666	1160
			2666	1161
			2667	1162
			2667	1163
			2667	1164
			2668	1165
			2668	1166
			2669	1167
			2669	1168
			2669	1169
			2670	1170
			2670	1171
			2670	1172
			2671	1173
			2671	1174
			2671	1175
			2671	1176
			2671	1177
			2672	1177
			2672	1178
			2672	1179
			2672	1180
			2672	1181
			2672	1182
			2673	1183
			2673	1184
			2673	1185
			2673	1186
			2673	1187
			2674	1188
			2674	1189
			2674	1190
			2674	1191
			2674	1192
			2674	1193
			2674	1194
			2674	1195
			2675	1195
			2675	1196
			2675	1197
			2675	1198
			2675	1199
			2675	1200
			2675	1201
			2675	1202
			2676	1203
			2676	1204
			2676	1205
			2676	1206
			2676	1207
			2676	1208
			2677	1209
			2677	1210
			2677	1211
		</Outline3>
		<Outline4 type=matrix rownames=FALSE colnames=FALSE nrow=149 ncol=2 as.numeric=TRUE >
			2677	1211
			2677	1212
			2677	1213
			2677	1214
			2677	1215
			2677	1216
			2677	1217
			2678	1218
			2678	1219
			2678	1220
			2678	1221
			2678	1222
			2678	1223
			2678	1224
			2678	1225
			2678	1226
			2678	1227
			2678	1228
			2678	1229
			2678	1230
			2678	1231
			2678	1232
			2678	1233
			2678	1234
			2678	1235
			2678	1236
			2677	1237
			2677	1238
			2677	1239
			2677	1240
			2677	1241
			2677	1242
			2676	1243
			2676	1244
			2676	1245
			2675	1246
			2675	1247
			2675	1248
			2675	1249
			2674	1250
			2674	1251
			2674	1252
			2673	1253
			2673	1254
			2672	1255
			2672	1256
			2672	1257
			2671	1258
			2671	1259
			2670	1260
			2670	1261
			2670	1262
			2669	1263
			2669	1264
			2669	1265
			2668	1266
			2668	1267
			2668	1268
			2667	1269
			2667	1270
			2666	1271
			2666	1272
			2666	1273
			2665	1274
			2665	1275
			2664	1276
			2664	1277
			2663	1278
			2663	1279
			2663	1280
			2662	1281
			2662	1282
			2661	1283
			2661	1284
			2660	1285
			2659	1286
			2658	1287
			2657	1288
			2656	1288
			2655	1289
			2654	1290
			2653	1291
			2652	1292
			2651	1292
			2650	1293
			2649	1294
			2648	1295
			2647	1295
			2646	1296
			2645	1296
			2644	1297
			2643	1298
			2642	1298
			2641	1299
			2640	1299
			2639	1300
			2638	1300
			2637	1301
			2636	1301
			2635	1301
			2634	1302
			2633	1302
			2632	1303
			2631	1304
			2630	1304
			2629	1305
			2628	1305
			2627	1305
			2626	1306
			2625	1306
			2624	1306
			2623	1307
			2622	1307
			2621	1307
			2620	1308
			2619	1308
			2618	1308
			2617	1308
			2616	1309
			2615	1309
			2614	1309
			2613	1309
			2612	1309
			2611	1310
			2610	1310
			2609	1310
			2608	1310
			2607	1311
			2606	1311
			2605	1311
			2604	1311
			2603	1312
			2602	1312
			2601	1312
			2600	1312
			2599	1313
			2598	1313
			2597	1314
			2596	1314
			2595	1314
			2594	1315
			2593	1315
			2592	1316
			2591	1316
			2590	1317
			2589	1318
			2588	1318
			2587	1318
			2586	1319
		</Outline4>
	</curves.pixel>
	<curves.scaled type=list>
		<Outline1 type=matrix rownames=FALSE colnames=FALSE nrow=224 ncol=2 as.numeric=TRUE >
			30.3872545917441	-15.499144936779
			30.3755039132476	-15.5108956152754
			30.3637532347512	-15.5108956152754
			30.3637532347512	-15.5226462937718
			30.3520025562548	-15.5226462937718
			30.3402518777584	-15.5343969722682
			30.328501199262	-15.5343969722682
			30.328501199262	-15.5461476507647
			30.3167505207655	-15.5461476507647
			30.3049998422691	-15.5578983292611
			30.2932491637727	-15.5578983292611
			30.2932491637727	-15.5696490077575
			30.2814984852763	-15.5696490077575
			30.2697478067799	-15.5813996862539
			30.2579971282834	-15.5931503647503
			30.246246449787	-15.5931503647503
			30.2344957712906	-15.6049010432468
			30.2227450927942	-15.6166517217432
			30.2109944142978	-15.6166517217432
			30.2109944142978	-15.6284024002396
			30.1992437358013	-15.6284024002396
			30.1874930573049	-15.640153078736
			30.1757423788085	-15.6519037572324
			30.1639917003121	-15.6519037572324
			30.1522410218157	-15.6636544357289
			30.1404903433192	-15.6754051142253
			30.1287396648228	-15.6754051142253
			30.1169889863264	-15.6871557927217
			30.10523830783	-15.6871557927217
			30.0934876293336	-15.6989064712181
			30.0817369508371	-15.6989064712181
			30.0699862723407	-15.7106571497145
			30.0582355938443	-15.722407828211
			30.0464849153479	-15.722407828211
			30.0347342368514	-15.7341585067074
			30.022983558355	-15.7341585067074
			30.0112328798586	-15.7459091852038
			29.9994822013622	-15.7459091852038
			29.9877315228658	-15.7576598637002
			29.9759808443693	-15.7576598637002
			29.9642301658729	-15.7576598637002
			29.9524794873765	-15.7694105421967
			29.9407288088801	-15.7694105421967
			29.9289781303837	-15.7811612206931
			29.9172274518872	-15.7811612206931
			29.9054767733908	-15.7811612206931
			29.8937260948944	-15.7929118991895
			29.881975416398	-15.7929118991895
			29.8702247379016	-15.8046625776859
			29.8584740594051	-15.8046625776859
			29.8467233809087	-15.8046625776859
			29.8349727024123	-15.8164132561823
			29.8232220239159	-15.8164132561823
			29.8114713454195	-15.8164132561823
			29.799720666923	-15.8281639346788
			29.7879699884266	-15.8281639346788
			29.7762193099302	-15.8281639346788
			29.7644686314338	-15.8281639346788
			29.7527179529373	-15.8399146131752
			29.7409672744409	-15.8399146131752
			29.7292165959445	-15.8399146131752
			29.7174659174481	-15.8399146131752
			29.7057152389517	-15.8399146131752
			29.6939645604552	-15.8516652916716
			29.6822138819588	-15.8516652916716
			29.6704632034624	-15.8516652916716
			29.658712524966	-15.8516652916716
			29.6469618464696	-15.8516652916716
			29.6352111679731	-15.8516652916716
			29.6234604894767	-15.8516652916716
			29.6234604894767	-15.863415970168
			29.6117098109803	-15.863415970168
			29.5999591324839	-15.863415970168
			29.5882084539875	-15.863415970168
			29.576457775491	-15.863415970168
			29.5647070969946	-15.863415970168
			29.5529564184982	-15.863415970168
			29.5412057400018	-15.863415970168
			29.5294550615054	-15.863415970168
			29.5177043830089	-15.863415970168
			29.5059537045125	-15.863415970168
			29.4942030260161	-15.863415970168
			29.4824523475197	-15.863415970168
			29.4707016690232	-15.8516652916716
			29.4589509905268	-15.8516652916716
			29.4472003120304	-15.8516652916716
			29.435449633534	-15.8516652916716
			29.4236989550376	-15.8516652916716
			29.4119482765411	-15.8516652916716
			29.4001975980447	-15.8516652916716
			29.3884469195483	-15.8399146131752
			29.3766962410519	-15.8399146131752
			29.3649455625555	-15.8399146131752
			29.353194884059	-15.8399146131752
			29.3414442055626	-15.8281639346788
			29.3296935270662	-15.8281639346788
			29.3296935270662	-15.8164132561823
			29.3179428485698	-15.8164132561823
			29.3061921700734	-15.8046625776859
			29.2944414915769	-15.8046625776859
			29.2826908130805	-15.7929118991895
			29.2709401345841	-15.7929118991895
			29.2591894560877	-15.7811612206931
			29.2474387775913	-15.7811612206931
			29.2356880990948	-15.7694105421967
			29.2239374205984	-15.7694105421967
			29.212186742102	-15.7576598637002
			29.2004360636056	-15.7459091852038
			29.1886853851092	-15.7341585067074
			29.1769347066127	-15.7341585067074
			29.1651840281163	-15.722407828211
			29.1534333496199	-15.7106571497145
			29.1416826711235	-15.6989064712181
			29.129931992627	-15.6871557927217
			29.129931992627	-15.6754051142253
			29.1181813141306	-15.6754051142253
			29.1064306356342	-15.6636544357289
			29.0946799571378	-15.6519037572324
			29.0946799571378	-15.640153078736
			29.0829292786414	-15.6284024002396
			29.0711786001449	-15.6166517217432
			29.0594279216485	-15.6049010432468
			29.0476772431521	-15.5931503647503
			29.0476772431521	-15.5813996862539
			29.0359265646557	-15.5696490077575
			29.0359265646557	-15.5578983292611
			29.0241758861593	-15.5461476507647
			29.0241758861593	-15.5343969722682
			29.0124252076628	-15.5226462937718
			29.0124252076628	-15.5108956152754
			29.0006745291664	-15.499144936779
			29.0006745291664	-15.4873942582826
			28.98892385067	-15.4756435797861
			28.98892385067	-15.4638929012897
			28.98892385067	-15.4521422227933
			28.9771731721736	-15.4403915442969
			28.9771731721736	-15.4286408658004
			28.9654224936772	-15.416890187304
			28.9654224936772	-15.4051395088076
			28.9654224936772	-15.3933888303112
			28.9536718151807	-15.3816381518148
			28.9536718151807	-15.3698874733183
			28.9536718151807	-15.3581367948219
			28.9419211366843	-15.3463861163255
			28.9419211366843	-15.3346354378291
			28.9419211366843	-15.3228847593327
			28.9301704581879	-15.3111340808362
			28.9301704581879	-15.2993834023398
			28.9301704581879	-15.2876327238434
			28.9301704581879	-15.275882045347
			28.9301704581879	-15.2641313668506
			28.9301704581879	-15.2523806883541
			28.9301704581879	-15.2406300098577
			28.9301704581879	-15.2288793313613
			28.9184197796915	-15.2171286528649
			28.9184197796915	-15.2053779743685
			28.9184197796915	-15.193627295872
			28.9184197796915	-15.1818766173756
			28.9184197796915	-15.1701259388792
			28.9184197796915	-15.1583752603828
			28.9184197796915	-15.1466245818864
			28.9184197796915	-15.1348739033899
			28.9184197796915	-15.1231232248935
			28.9184197796915	-15.1113725463971
			28.9184197796915	-15.0996218679007
			28.9184197796915	-15.0878711894042
			28.9184197796915	-15.0761205109078
			28.9184197796915	-15.0643698324114
			28.9184197796915	-15.052619153915
			28.9184197796915	-15.0408684754186
			28.9184197796915	-15.0291177969221
			28.9301704581879	-15.0173671184257
			28.9301704581879	-15.0056164399293
			28.9301704581879	-14.9938657614329
			28.9301704581879	-14.9821150829365
			28.9301704581879	-14.97036440444
			28.9419211366843	-14.9586137259436
			28.9419211366843	-14.9468630474472
			28.9419211366843	-14.9351123689508
			28.9419211366843	-14.9233616904544
			28.9536718151807	-14.9116110119579
			28.9536718151807	-14.8998603334615
			28.9536718151807	-14.8881096549651
			28.9536718151807	-14.8763589764687
			28.9654224936772	-14.8646082979723
			28.9654224936772	-14.8528576194758
			28.9654224936772	-14.8411069409794
			28.9654224936772	-14.829356262483
			28.9771731721736	-14.8176055839866
			28.9771731721736	-14.8058549054902
			28.9771731721736	-14.7941042269937
			28.9771731721736	-14.7823535484973
			28.98892385067	-14.7706028700009
			28.98892385067	-14.7588521915045
			28.98892385067	-14.747101513008
			28.98892385067	-14.7353508345116
			29.0006745291664	-14.7353508345116
			29.0006745291664	-14.7236001560152
			29.0006745291664	-14.7118494775188
			29.0006745291664	-14.7000987990224
			29.0124252076628	-14.6883481205259
			29.0124252076628	-14.6765974420295
			29.0124252076628	-14.6648467635331
			29.0124252076628	-14.6530960850367
			29.0241758861593	-14.6413454065403
			29.0241758861593	-14.6295947280438
			29.0241758861593	-14.6178440495474
			29.0359265646557	-14.606093371051
			29.0359265646557	-14.5943426925546
			29.0359265646557	-14.5825920140582
			29.0359265646557	-14.5708413355617
			29.0476772431521	-14.5708413355617
			29.0476772431521	-14.5590906570653
			29.0476772431521	-14.5473399785689
			29.0476772431521	-14.5355893000725
			29.0594279216485	-14.5238386215761
			29.0594279216485	-14.5120879430796
			29.0594279216485	-14.5003372645832
			29.0594279216485	-14.4885865860868
			29.0711786001449	-14.4768359075904
			29.0711786001449	-14.4650852290939
			29.0711786001449	-14.4533345505975
			29.0829292786414	-14.4415838721011
			29.0829292786414	-14.4298331936047
		</Outline1>
		<Outline2 type=matrix rownames=FALSE colnames=FALSE nrow=161 ncol=2 as.numeric=TRUE >
			29.0829292786414	-14.4298331936047
			29.0829292786414	-14.4180825151083
			29.0946799571378	-14.4063318366118
			29.0946799571378	-14.3945811581154
			29.0946799571378	-14.382830479619
			29.0946799571378	-14.3710798011226
			29.0946799571378	-14.3593291226262
			29.0946799571378	-14.3475784441297
			29.1064306356342	-14.3358277656333
			29.1064306356342	-14.3240770871369
			29.1064306356342	-14.3123264086405
			29.1064306356342	-14.3005757301441
			29.1064306356342	-14.2888250516476
			29.1181813141306	-14.2770743731512
			29.1181813141306	-14.2653236946548
			29.1181813141306	-14.2535730161584
			29.1181813141306	-14.241822337662
			29.1181813141306	-14.2300716591655
			29.1181813141306	-14.2183209806691
			29.129931992627	-14.2065703021727
			29.129931992627	-14.1948196236763
			29.129931992627	-14.1830689451798
			29.129931992627	-14.1713182666834
			29.129931992627	-14.159567588187
			29.129931992627	-14.1478169096906
			29.129931992627	-14.1360662311942
			29.1416826711235	-14.1243155526977
			29.1416826711235	-14.1125648742013
			29.1416826711235	-14.1008141957049
			29.1416826711235	-14.0890635172085
			29.1416826711235	-14.0773128387121
			29.1416826711235	-14.0655621602156
			29.1416826711235	-14.0538114817192
			29.1534333496199	-14.0420608032228
			29.1534333496199	-14.0303101247264
			29.1534333496199	-14.01855944623
			29.1534333496199	-14.0068087677335
			29.1534333496199	-13.9950580892371
			29.1534333496199	-13.9833074107407
			29.1534333496199	-13.9715567322443
			29.1651840281163	-13.9598060537479
			29.1651840281163	-13.9480553752514
			29.1651840281163	-13.936304696755
			29.1651840281163	-13.9245540182586
			29.1651840281163	-13.9128033397622
			29.1651840281163	-13.9010526612658
			29.1769347066127	-13.8893019827693
			29.1769347066127	-13.8775513042729
			29.1769347066127	-13.8658006257765
			29.1769347066127	-13.8540499472801
			29.1769347066127	-13.8422992687836
			29.1886853851092	-13.8305485902872
			29.1886853851092	-13.8187979117908
			29.1886853851092	-13.8070472332944
			29.1886853851092	-13.795296554798
			29.1886853851092	-13.7835458763015
			29.2004360636056	-13.7835458763015
			29.2004360636056	-13.7717951978051
			29.2004360636056	-13.7600445193087
			29.2004360636056	-13.7482938408123
			29.212186742102	-13.7365431623159
			29.212186742102	-13.7247924838194
			29.212186742102	-13.713041805323
			29.212186742102	-13.7012911268266
			29.212186742102	-13.6895404483302
			29.2239374205984	-13.6895404483302
			29.2239374205984	-13.6777897698338
			29.2239374205984	-13.6660390913373
			29.2239374205984	-13.6542884128409
			29.2356880990948	-13.6425377343445
			29.2356880990948	-13.6307870558481
			29.2474387775913	-13.6190363773517
			29.2474387775913	-13.6072856988552
			29.2474387775913	-13.5955350203588
			29.2591894560877	-13.5837843418624
			29.2591894560877	-13.572033663366
			29.2709401345841	-13.5602829848696
			29.2709401345841	-13.5485323063731
			29.2826908130805	-13.5367816278767
			29.2826908130805	-13.5250309493803
			29.2944414915769	-13.5250309493803
			29.2944414915769	-13.5132802708839
			29.3061921700734	-13.5015295923874
			29.3061921700734	-13.489778913891
			29.3179428485698	-13.4780282353946
			29.3296935270662	-13.4662775568982
			29.3296935270662	-13.4545268784018
			29.3414442055626	-13.4427761999053
			29.3414442055626	-13.4310255214089
			29.353194884059	-13.4310255214089
			29.3649455625555	-13.4192748429125
			29.3649455625555	-13.4075241644161
			29.3766962410519	-13.3957734859197
			29.3884469195483	-13.3840228074232
			29.4001975980447	-13.3722721289268
			29.4119482765411	-13.3605214504304
			29.4236989550376	-13.3605214504304
			29.435449633534	-13.348770771934
			29.4472003120304	-13.3370200934376
			29.4589509905268	-13.3252694149411
			29.4707016690232	-13.3252694149411
			29.4824523475197	-13.3135187364447
			29.4942030260161	-13.3017680579483
			29.5059537045125	-13.3017680579483
			29.5177043830089	-13.2900173794519
			29.5294550615054	-13.2900173794519
			29.5412057400018	-13.2782667009555
			29.5529564184982	-13.2782667009555
			29.5647070969946	-13.266516022459
			29.576457775491	-13.266516022459
			29.5882084539875	-13.266516022459
			29.5882084539875	-13.2547653439626
			29.5999591324839	-13.2547653439626
			29.6117098109803	-13.2547653439626
			29.6234604894767	-13.2430146654662
			29.6352111679731	-13.2430146654662
			29.6469618464696	-13.2430146654662
			29.658712524966	-13.2312639869698
			29.6704632034624	-13.2312639869698
			29.6822138819588	-13.2312639869698
			29.6939645604552	-13.2195133084733
			29.7057152389517	-13.2195133084733
			29.7174659174481	-13.2195133084733
			29.7292165959445	-13.2195133084733
			29.7409672744409	-13.2077626299769
			29.7527179529373	-13.2077626299769
			29.7644686314338	-13.2077626299769
			29.7762193099302	-13.1960119514805
			29.7879699884266	-13.1960119514805
			29.799720666923	-13.1960119514805
			29.8114713454195	-13.1960119514805
			29.8232220239159	-13.1960119514805
			29.8349727024123	-13.1960119514805
			29.8467233809087	-13.1960119514805
			29.8584740594051	-13.1960119514805
			29.8702247379016	-13.1960119514805
			29.881975416398	-13.1960119514805
			29.8937260948944	-13.1960119514805
			29.9054767733908	-13.1960119514805
			29.9172274518872	-13.1960119514805
			29.9289781303837	-13.1960119514805
			29.9407288088801	-13.1960119514805
			29.9524794873765	-13.1960119514805
			29.9642301658729	-13.1960119514805
			29.9759808443693	-13.1960119514805
			29.9877315228658	-13.1960119514805
			29.9994822013622	-13.1960119514805
			30.0112328798586	-13.1960119514805
			30.022983558355	-13.2077626299769
			30.0347342368514	-13.2077626299769
			30.0464849153479	-13.2077626299769
			30.0582355938443	-13.2077626299769
			30.0699862723407	-13.2077626299769
			30.0817369508371	-13.2077626299769
			30.0817369508371	-13.2195133084733
			30.0934876293336	-13.2195133084733
			30.10523830783	-13.2195133084733
			30.1169889863264	-13.2195133084733
			30.1287396648228	-13.2312639869698
			30.1404903433192	-13.2312639869698
			30.1522410218157	-13.2312639869698
		</Outline2>
		<Outline3 type=matrix rownames=FALSE colnames=FALSE nrow=162 ncol=2 as.numeric=TRUE >
			30.1522410218157	-13.2312639869698
			30.1639917003121	-13.2312639869698
			30.1757423788085	-13.2430146654662
			30.1874930573049	-13.2430146654662
			30.1992437358013	-13.2547653439626
			30.2109944142978	-13.2547653439626
			30.2227450927942	-13.266516022459
			30.2344957712906	-13.266516022459
			30.246246449787	-13.266516022459
			30.2579971282834	-13.2782667009555
			30.2697478067799	-13.2782667009555
			30.2814984852763	-13.2782667009555
			30.2932491637727	-13.2900173794519
			30.3049998422691	-13.2900173794519
			30.3167505207655	-13.3017680579483
			30.328501199262	-13.3017680579483
			30.3402518777584	-13.3017680579483
			30.3520025562548	-13.3135187364447
			30.3637532347512	-13.3135187364447
			30.3755039132476	-13.3135187364447
			30.3755039132476	-13.3252694149411
			30.3872545917441	-13.3252694149411
			30.3990052702405	-13.3252694149411
			30.4107559487369	-13.3370200934376
			30.4225066272333	-13.3370200934376
			30.4342573057298	-13.3370200934376
			30.4460079842262	-13.3370200934376
			30.4577586627226	-13.3370200934376
			30.469509341219	-13.3370200934376
			30.4812600197154	-13.3370200934376
			30.4930106982119	-13.3370200934376
			30.5047613767083	-13.3252694149411
			30.5165120552047	-13.3252694149411
			30.5282627337011	-13.3252694149411
			30.5400134121975	-13.3252694149411
			30.551764090694	-13.3252694149411
			30.5635147691904	-13.3252694149411
			30.5752654476868	-13.3135187364447
			30.5870161261832	-13.3135187364447
			30.5987668046796	-13.3135187364447
			30.6105174831761	-13.3017680579483
			30.6222681616725	-13.3017680579483
			30.6340188401689	-13.3017680579483
			30.6457695186653	-13.2900173794519
			30.6575201971617	-13.2900173794519
			30.6692708756582	-13.2900173794519
			30.6810215541546	-13.2782667009555
			30.692772232651	-13.2782667009555
			30.7045229111474	-13.2782667009555
			30.7162735896439	-13.266516022459
			30.7280242681403	-13.266516022459
			30.7397749466367	-13.266516022459
			30.7515256251331	-13.266516022459
			30.7632763036295	-13.266516022459
			30.775026982126	-13.266516022459
			30.7867776606224	-13.266516022459
			30.7985283391188	-13.266516022459
			30.8102790176152	-13.266516022459
			30.8220296961116	-13.266516022459
			30.8337803746081	-13.266516022459
			30.8455310531045	-13.266516022459
			30.8572817316009	-13.2782667009555
			30.8690324100973	-13.2782667009555
			30.8807830885937	-13.2782667009555
			30.8925337670902	-13.2782667009555
			30.9042844455866	-13.2782667009555
			30.916035124083	-13.2782667009555
			30.9277858025794	-13.2900173794519
			30.9395364810758	-13.2900173794519
			30.9512871595723	-13.2900173794519
			30.9630378380687	-13.2900173794519
			30.9747885165651	-13.3017680579483
			30.9865391950615	-13.3017680579483
			30.9982898735579	-13.3135187364447
			31.0100405520544	-13.3135187364447
			31.0217912305508	-13.3252694149411
			31.0335419090472	-13.3252694149411
			31.0452925875436	-13.3252694149411
			31.0570432660401	-13.3370200934376
			31.0687939445365	-13.348770771934
			31.0805446230329	-13.3605214504304
			31.0922953015293	-13.3605214504304
			31.1040459800257	-13.3722721289268
			31.1157966585222	-13.3722721289268
			31.1157966585222	-13.3840228074232
			31.1275473370186	-13.3840228074232
			31.139298015515	-13.3957734859197
			31.1510486940114	-13.4075241644161
			31.1627993725078	-13.4192748429125
			31.1745500510043	-13.4310255214089
			31.1863007295007	-13.4310255214089
			31.1863007295007	-13.4427761999053
			31.1980514079971	-13.4545268784018
			31.2098020864935	-13.4662775568982
			31.2215527649899	-13.4780282353946
			31.2333034434864	-13.489778913891
			31.2450541219828	-13.5015295923874
			31.2450541219828	-13.5132802708839
			31.2568048004792	-13.5250309493803
			31.2685554789756	-13.5367816278767
			31.2685554789756	-13.5485323063731
			31.280306157472	-13.5485323063731
			31.280306157472	-13.5602829848696
			31.2920568359685	-13.572033663366
			31.2920568359685	-13.5837843418624
			31.3038075144649	-13.5955350203588
			31.3038075144649	-13.6072856988552
			31.3155581929613	-13.6190363773517
			31.3273088714577	-13.6307870558481
			31.3273088714577	-13.6425377343445
			31.3390595499542	-13.6542884128409
			31.3390595499542	-13.6660390913373
			31.3390595499542	-13.6777897698338
			31.3508102284506	-13.6895404483302
			31.3508102284506	-13.7012911268266
			31.362560906947	-13.713041805323
			31.362560906947	-13.7247924838194
			31.362560906947	-13.7365431623159
			31.3743115854434	-13.7482938408123
			31.3743115854434	-13.7600445193087
			31.3743115854434	-13.7717951978051
			31.3860622639398	-13.7835458763015
			31.3860622639398	-13.795296554798
			31.3860622639398	-13.8070472332944
			31.3860622639398	-13.8187979117908
			31.3860622639398	-13.8305485902872
			31.3978129424363	-13.8305485902872
			31.3978129424363	-13.8422992687836
			31.3978129424363	-13.8540499472801
			31.3978129424363	-13.8658006257765
			31.3978129424363	-13.8775513042729
			31.3978129424363	-13.8893019827693
			31.4095636209327	-13.9010526612658
			31.4095636209327	-13.9128033397622
			31.4095636209327	-13.9245540182586
			31.4095636209327	-13.936304696755
			31.4095636209327	-13.9480553752514
			31.4213142994291	-13.9598060537479
			31.4213142994291	-13.9715567322443
			31.4213142994291	-13.9833074107407
			31.4213142994291	-13.9950580892371
			31.4213142994291	-14.0068087677335
			31.4213142994291	-14.01855944623
			31.4213142994291	-14.0303101247264
			31.4213142994291	-14.0420608032228
			31.4330649779255	-14.0420608032228
			31.4330649779255	-14.0538114817192
			31.4330649779255	-14.0655621602156
			31.4330649779255	-14.0773128387121
			31.4330649779255	-14.0890635172085
			31.4330649779255	-14.1008141957049
			31.4330649779255	-14.1125648742013
			31.4330649779255	-14.1243155526977
			31.4448156564219	-14.1360662311942
			31.4448156564219	-14.1478169096906
			31.4448156564219	-14.159567588187
			31.4448156564219	-14.1713182666834
			31.4448156564219	-14.1830689451798
			31.4448156564219	-14.1948196236763
			31.4565663349184	-14.2065703021727
			31.4565663349184	-14.2183209806691
			31.4565663349184	-14.2300716591655
		</Outline3>
		<Outline4 type=matrix rownames=FALSE colnames=FALSE nrow=149 ncol=2 as.numeric=TRUE >
			31.4565663349184	-14.2300716591655
			31.4565663349184	-14.241822337662
			31.4565663349184	-14.2535730161584
			31.4565663349184	-14.2653236946548
			31.4565663349184	-14.2770743731512
			31.4565663349184	-14.2888250516476
			31.4565663349184	-14.3005757301441
			31.4683170134148	-14.3123264086405
			31.4683170134148	-14.3240770871369
			31.4683170134148	-14.3358277656333
			31.4683170134148	-14.3475784441297
			31.4683170134148	-14.3593291226262
			31.4683170134148	-14.3710798011226
			31.4683170134148	-14.382830479619
			31.4683170134148	-14.3945811581154
			31.4683170134148	-14.4063318366118
			31.4683170134148	-14.4180825151083
			31.4683170134148	-14.4298331936047
			31.4683170134148	-14.4415838721011
			31.4683170134148	-14.4533345505975
			31.4683170134148	-14.4650852290939
			31.4683170134148	-14.4768359075904
			31.4683170134148	-14.4885865860868
			31.4683170134148	-14.5003372645832
			31.4683170134148	-14.5120879430796
			31.4683170134148	-14.5238386215761
			31.4565663349184	-14.5355893000725
			31.4565663349184	-14.5473399785689
			31.4565663349184	-14.5590906570653
			31.4565663349184	-14.5708413355617
			31.4565663349184	-14.5825920140582
			31.4565663349184	-14.5943426925546
			31.4448156564219	-14.606093371051
			31.4448156564219	-14.6178440495474
			31.4448156564219	-14.6295947280438
			31.4330649779255	-14.6413454065403
			31.4330649779255	-14.6530960850367
			31.4330649779255	-14.6648467635331
			31.4330649779255	-14.6765974420295
			31.4213142994291	-14.6883481205259
			31.4213142994291	-14.7000987990224
			31.4213142994291	-14.7118494775188
			31.4095636209327	-14.7236001560152
			31.4095636209327	-14.7353508345116
			31.3978129424363	-14.747101513008
			31.3978129424363	-14.7588521915045
			31.3978129424363	-14.7706028700009
			31.3860622639398	-14.7823535484973
			31.3860622639398	-14.7941042269937
			31.3743115854434	-14.8058549054902
			31.3743115854434	-14.8176055839866
			31.3743115854434	-14.829356262483
			31.362560906947	-14.8411069409794
			31.362560906947	-14.8528576194758
			31.362560906947	-14.8646082979723
			31.3508102284506	-14.8763589764687
			31.3508102284506	-14.8881096549651
			31.3508102284506	-14.8998603334615
			31.3390595499542	-14.9116110119579
			31.3390595499542	-14.9233616904544
			31.3273088714577	-14.9351123689508
			31.3273088714577	-14.9468630474472
			31.3273088714577	-14.9586137259436
			31.3155581929613	-14.97036440444
			31.3155581929613	-14.9821150829365
			31.3038075144649	-14.9938657614329
			31.3038075144649	-15.0056164399293
			31.2920568359685	-15.0173671184257
			31.2920568359685	-15.0291177969221
			31.2920568359685	-15.0408684754186
			31.280306157472	-15.052619153915
			31.280306157472	-15.0643698324114
			31.2685554789756	-15.0761205109078
			31.2685554789756	-15.0878711894042
			31.2568048004792	-15.0996218679007
			31.2450541219828	-15.1113725463971
			31.2333034434864	-15.1231232248935
			31.2215527649899	-15.1348739033899
			31.2098020864935	-15.1348739033899
			31.1980514079971	-15.1466245818864
			31.1863007295007	-15.1583752603828
			31.1745500510043	-15.1701259388792
			31.1627993725078	-15.1818766173756
			31.1510486940114	-15.1818766173756
			31.139298015515	-15.193627295872
			31.1275473370186	-15.2053779743685
			31.1157966585222	-15.2171286528649
			31.1040459800257	-15.2171286528649
			31.0922953015293	-15.2288793313613
			31.0805446230329	-15.2288793313613
			31.0687939445365	-15.2406300098577
			31.0570432660401	-15.2523806883541
			31.0452925875436	-15.2523806883541
			31.0335419090472	-15.2641313668506
			31.0217912305508	-15.2641313668506
			31.0100405520544	-15.275882045347
			30.9982898735579	-15.275882045347
			30.9865391950615	-15.2876327238434
			30.9747885165651	-15.2876327238434
			30.9630378380687	-15.2876327238434
			30.9512871595723	-15.2993834023398
			30.9395364810758	-15.2993834023398
			30.9277858025794	-15.3111340808362
			30.916035124083	-15.3228847593327
			30.9042844455866	-15.3228847593327
			30.8925337670902	-15.3346354378291
			30.8807830885937	-15.3346354378291
			30.8690324100973	-15.3346354378291
			30.8572817316009	-15.3463861163255
			30.8455310531045	-15.3463861163255
			30.8337803746081	-15.3463861163255
			30.8220296961116	-15.3581367948219
			30.8102790176152	-15.3581367948219
			30.7985283391188	-15.3581367948219
			30.7867776606224	-15.3698874733183
			30.775026982126	-15.3698874733183
			30.7632763036295	-15.3698874733183
			30.7515256251331	-15.3698874733183
			30.7397749466367	-15.3816381518148
			30.7280242681403	-15.3816381518148
			30.7162735896439	-15.3816381518148
			30.7045229111474	-15.3816381518148
			30.692772232651	-15.3816381518148
			30.6810215541546	-15.3933888303112
			30.6692708756582	-15.3933888303112
			30.6575201971617	-15.3933888303112
			30.6457695186653	-15.3933888303112
			30.6340188401689	-15.4051395088076
			30.6222681616725	-15.4051395088076
			30.6105174831761	-15.4051395088076
			30.5987668046796	-15.4051395088076
			30.5870161261832	-15.416890187304
			30.5752654476868	-15.416890187304
			30.5635147691904	-15.416890187304
			30.551764090694	-15.416890187304
			30.5400134121975	-15.4286408658004
			30.5282627337011	-15.4286408658004
			30.5165120552047	-15.4403915442969
			30.5047613767083	-15.4403915442969
			30.4930106982119	-15.4403915442969
			30.4812600197154	-15.4521422227933
			30.469509341219	-15.4521422227933
			30.4577586627226	-15.4638929012897
			30.4460079842262	-15.4638929012897
			30.4342573057298	-15.4756435797861
			30.4225066272333	-15.4873942582826
			30.4107559487369	-15.4873942582826
			30.3990052702405	-15.4873942582826
			30.3872545917441	-15.499144936779
		</Outline4>
	</curves.scaled>
	<ruler.points type=matrix rownames=TRUE colnames=FALSE nrow=2 ncol=2 as.numeric=TRUE >
		Ruler point 1	3010	2433
		Ruler point 2	2159	2428
	</ruler.points>
</shapes>

