<shapes type=list>
	<ruler.pixel type=vector names=FALSE length=1 as.numeric=TRUE >1060.06792235215</ruler.pixel>
	<ruler.interval type=vector names=FALSE length=1 as.numeric=TRUE >10</ruler.interval>
	<scaling.units type=vector names=FALSE length=1 as.numeric=FALSE >mm</scaling.units>
	<scaling type=vector names=FALSE length=1 as.numeric=TRUE >0.00943335779636775</scaling>
	<landmarks.pixel type=matrix rownames=TRUE colnames=FALSE nrow=4 ncol=2 as.numeric=TRUE >
		Labial	2291	1413
		Posterior	2217	1381
		Lingual	2254	1308
		Anterior	2330	1342
	</landmarks.pixel>
	<landmarks.scaled type=matrix rownames=TRUE colnames=FALSE nrow=4 ncol=2 as.numeric=TRUE >
		Labial	21.6118227114785	-13.3293345662676
		Posterior	20.9137542345473	-13.0274671167839
		Lingual	21.2627884730129	-12.338831997649
		Anterior	21.9797236655369	-12.6595661627255
	</landmarks.scaled>
	<curves.control type=list>
		<Outline1 type=matrix rownames=FALSE colnames=FALSE nrow=15 ncol=2 as.numeric=TRUE >
			2291	1413
			2284	1418
			2278	1423
			2272	1427
			2265	1431
			2259	1434
			2253	1435
			2247	1435
			2240	1433
			2234	1430
			2230	1426
			2226	1420
			2224	1416
			2222	1410
			2217	1381
		</Outline1>
		<Outline2 type=matrix rownames=FALSE colnames=FALSE nrow=13 ncol=2 as.numeric=TRUE >
			2217	1381
			2215	1373
			2213	1364
			2211	1356
			2211	1348
			2212	1339
			2216	1331
			2221	1324
			2228	1318
			2235	1314
			2242	1311
			2248	1309
			2254	1308
		</Outline2>
		<Outline3 type=matrix rownames=FALSE colnames=FALSE nrow=13 ncol=2 as.numeric=TRUE >
			2254	1308
			2260	1307
			2267	1308
			2275	1308
			2284	1308
			2290	1308
			2297	1309
			2304	1310
			2311	1313
			2317	1318
			2321	1326
			2324	1331
			2330	1342
		</Outline3>
		<Outline4 type=matrix rownames=FALSE colnames=FALSE nrow=13 ncol=2 as.numeric=TRUE >
			2330	1342
			2333	1350
			2334	1359
			2335	1367
			2333	1376
			2331	1384
			2327	1391
			2322	1396
			2316	1399
			2310	1401
			2306	1403
			2298	1407
			2291	1413
		</Outline4>
	</curves.control>
	<curves.pixel type=list>
		<Outline1 type=matrix rownames=FALSE colnames=FALSE nrow=116 ncol=2 as.numeric=TRUE >
			2291	1413
			2290	1414
			2289	1414
			2289	1415
			2288	1415
			2287	1416
			2286	1417
			2285	1417
			2285	1418
			2284	1418
			2283	1419
			2282	1420
			2281	1420
			2281	1421
			2280	1421
			2279	1422
			2279	1423
			2278	1423
			2277	1424
			2276	1424
			2276	1425
			2275	1425
			2274	1426
			2273	1426
			2272	1427
			2271	1428
			2270	1428
			2269	1429
			2268	1429
			2267	1430
			2266	1430
			2265	1431
			2264	1431
			2263	1432
			2262	1432
			2262	1433
			2261	1433
			2260	1433
			2259	1433
			2258	1434
			2257	1434
			2256	1434
			2255	1435
			2254	1435
			2253	1435
			2252	1435
			2251	1435
			2250	1435
			2249	1435
			2248	1435
			2247	1434
			2246	1434
			2245	1434
			2244	1434
			2243	1434
			2242	1433
			2241	1433
			2240	1433
			2239	1432
			2238	1432
			2237	1431
			2236	1431
			2236	1430
			2235	1430
			2234	1429
			2233	1429
			2233	1428
			2232	1428
			2231	1427
			2230	1426
			2229	1425
			2229	1424
			2228	1423
			2227	1422
			2227	1421
			2226	1420
			2226	1419
			2225	1419
			2225	1418
			2224	1417
			2224	1416
			2224	1415
			2223	1414
			2223	1413
			2223	1412
			2223	1411
			2223	1410
			2222	1409
			2222	1408
			2222	1407
			2222	1406
			2221	1405
			2221	1404
			2221	1403
			2221	1402
			2221	1401
			2220	1400
			2220	1399
			2220	1398
			2220	1397
			2220	1396
			2220	1395
			2219	1394
			2219	1393
			2219	1392
			2219	1391
			2219	1390
			2218	1389
			2218	1388
			2218	1387
			2218	1386
			2218	1385
			2218	1384
			2217	1383
			2217	1382
			2217	1381
		</Outline1>
		<Outline2 type=matrix rownames=FALSE colnames=FALSE nrow=92 ncol=2 as.numeric=TRUE >
			2217	1381
			2217	1380
			2217	1379
			2216	1378
			2216	1377
			2216	1376
			2216	1375
			2215	1374
			2215	1373
			2215	1372
			2215	1371
			2214	1370
			2214	1369
			2214	1368
			2214	1367
			2213	1366
			2213	1365
			2213	1364
			2213	1363
			2213	1362
			2212	1361
			2212	1360
			2212	1359
			2212	1358
			2212	1357
			2212	1356
			2211	1355
			2211	1354
			2211	1353
			2211	1352
			2211	1351
			2211	1350
			2211	1349
			2211	1348
			2211	1347
			2211	1346
			2212	1345
			2212	1344
			2212	1343
			2212	1342
			2212	1341
			2213	1340
			2213	1339
			2213	1338
			2213	1337
			2214	1336
			2214	1335
			2215	1334
			2215	1333
			2215	1332
			2216	1331
			2217	1330
			2218	1329
			2218	1328
			2219	1327
			2220	1326
			2220	1325
			2221	1325
			2222	1324
			2223	1323
			2224	1322
			2225	1321
			2225	1320
			2226	1320
			2227	1319
			2228	1318
			2229	1317
			2230	1317
			2231	1316
			2232	1316
			2233	1315
			2234	1315
			2235	1314
			2236	1314
			2237	1313
			2238	1313
			2239	1312
			2240	1312
			2241	1311
			2242	1311
			2243	1311
			2244	1310
			2245	1310
			2246	1310
			2247	1309
			2248	1309
			2249	1309
			2250	1309
			2251	1309
			2252	1308
			2253	1308
			2254	1308
		</Outline2>
		<Outline3 type=matrix rownames=FALSE colnames=FALSE nrow=92 ncol=2 as.numeric=TRUE >
			2254	1308
			2255	1308
			2256	1308
			2257	1308
			2258	1308
			2259	1308
			2260	1308
			2261	1308
			2262	1308
			2263	1308
			2264	1308
			2265	1308
			2266	1308
			2267	1308
			2268	1308
			2269	1308
			2270	1308
			2271	1308
			2272	1308
			2273	1308
			2274	1308
			2275	1308
			2276	1308
			2277	1308
			2278	1308
			2279	1308
			2280	1308
			2281	1308
			2282	1308
			2283	1308
			2284	1308
			2285	1308
			2286	1308
			2287	1308
			2288	1308
			2289	1308
			2290	1308
			2291	1308
			2292	1308
			2293	1309
			2294	1309
			2295	1309
			2296	1309
			2297	1309
			2298	1309
			2299	1309
			2300	1309
			2300	1310
			2301	1310
			2302	1310
			2303	1310
			2304	1310
			2304	1311
			2305	1311
			2306	1311
			2307	1311
			2308	1312
			2309	1312
			2310	1313
			2311	1313
			2312	1314
			2313	1315
			2314	1315
			2314	1316
			2315	1317
			2316	1318
			2316	1319
			2317	1320
			2318	1321
			2318	1322
			2319	1323
			2320	1324
			2320	1325
			2321	1326
			2321	1327
			2322	1327
			2322	1328
			2323	1329
			2323	1330
			2324	1331
			2325	1332
			2325	1333
			2326	1334
			2326	1335
			2327	1336
			2327	1337
			2328	1337
			2328	1338
			2328	1339
			2329	1340
			2329	1341
			2330	1342
		</Outline3>
		<Outline4 type=matrix rownames=FALSE colnames=FALSE nrow=87 ncol=2 as.numeric=TRUE >
			2330	1342
			2330	1343
			2331	1344
			2331	1345
			2331	1346
			2332	1347
			2332	1348
			2332	1349
			2333	1350
			2333	1351
			2333	1352
			2333	1353
			2333	1354
			2333	1355
			2334	1356
			2334	1357
			2334	1358
			2334	1359
			2334	1360
			2334	1361
			2334	1362
			2334	1363
			2334	1364
			2334	1365
			2334	1366
			2334	1367
			2334	1368
			2334	1369
			2334	1370
			2334	1371
			2334	1372
			2334	1373
			2333	1374
			2333	1375
			2333	1376
			2333	1377
			2332	1378
			2332	1379
			2332	1380
			2332	1381
			2331	1382
			2331	1383
			2330	1384
			2330	1385
			2329	1386
			2329	1387
			2328	1388
			2328	1389
			2327	1390
			2327	1391
			2326	1392
			2325	1393
			2324	1394
			2323	1395
			2322	1395
			2321	1396
			2320	1397
			2319	1397
			2318	1398
			2317	1398
			2316	1399
			2315	1399
			2314	1400
			2313	1400
			2312	1401
			2311	1401
			2310	1401
			2309	1402
			2308	1402
			2307	1403
			2306	1403
			2305	1404
			2304	1404
			2303	1405
			2302	1405
			2301	1406
			2300	1406
			2299	1407
			2298	1408
			2297	1408
			2296	1409
			2295	1409
			2295	1410
			2294	1411
			2293	1411
			2292	1412
			2291	1413
		</Outline4>
	</curves.pixel>
	<curves.scaled type=list>
		<Outline1 type=matrix rownames=FALSE colnames=FALSE nrow=116 ncol=2 as.numeric=TRUE >
			21.6118227114785	-13.3293345662676
			21.6023893536821	-13.338767924064
			21.5929559958858	-13.338767924064
			21.5929559958858	-13.3482012818604
			21.5835226380894	-13.3482012818604
			21.574089280293	-13.3576346396567
			21.5646559224967	-13.3670679974531
			21.5552225647003	-13.3670679974531
			21.5552225647003	-13.3765013552495
			21.5457892069039	-13.3765013552495
			21.5363558491076	-13.3859347130458
			21.5269224913112	-13.3953680708422
			21.5174891335148	-13.3953680708422
			21.5174891335148	-13.4048014286386
			21.5080557757185	-13.4048014286386
			21.4986224179221	-13.4142347864349
			21.4986224179221	-13.4236681442313
			21.4891890601257	-13.4236681442313
			21.4797557023294	-13.4331015020277
			21.470322344533	-13.4331015020277
			21.470322344533	-13.442534859824
			21.4608889867366	-13.442534859824
			21.4514556289403	-13.4519682176204
			21.4420222711439	-13.4519682176204
			21.4325889133475	-13.4614015754168
			21.4231555555512	-13.4708349332131
			21.4137221977548	-13.4708349332131
			21.4042888399584	-13.4802682910095
			21.3948554821621	-13.4802682910095
			21.3854221243657	-13.4897016488059
			21.3759887665693	-13.4897016488059
			21.366555408773	-13.4991350066023
			21.3571220509766	-13.4991350066023
			21.3476886931802	-13.5085683643986
			21.3382553353839	-13.5085683643986
			21.3382553353839	-13.518001722195
			21.3288219775875	-13.518001722195
			21.3193886197911	-13.518001722195
			21.3099552619947	-13.518001722195
			21.3005219041984	-13.5274350799914
			21.291088546402	-13.5274350799914
			21.2816551886056	-13.5274350799914
			21.2722218308093	-13.5368684377877
			21.2627884730129	-13.5368684377877
			21.2533551152165	-13.5368684377877
			21.2439217574202	-13.5368684377877
			21.2344883996238	-13.5368684377877
			21.2250550418274	-13.5368684377877
			21.2156216840311	-13.5368684377877
			21.2061883262347	-13.5368684377877
			21.1967549684383	-13.5274350799914
			21.187321610642	-13.5274350799914
			21.1778882528456	-13.5274350799914
			21.1684548950492	-13.5274350799914
			21.1590215372529	-13.5274350799914
			21.1495881794565	-13.518001722195
			21.1401548216601	-13.518001722195
			21.1307214638638	-13.518001722195
			21.1212881060674	-13.5085683643986
			21.111854748271	-13.5085683643986
			21.1024213904747	-13.4991350066023
			21.0929880326783	-13.4991350066023
			21.0929880326783	-13.4897016488059
			21.0835546748819	-13.4897016488059
			21.0741213170856	-13.4802682910095
			21.0646879592892	-13.4802682910095
			21.0646879592892	-13.4708349332131
			21.0552546014928	-13.4708349332131
			21.0458212436965	-13.4614015754168
			21.0363878859001	-13.4519682176204
			21.0269545281037	-13.442534859824
			21.0269545281037	-13.4331015020277
			21.0175211703074	-13.4236681442313
			21.008087812511	-13.4142347864349
			21.008087812511	-13.4048014286386
			20.9986544547146	-13.3953680708422
			20.9986544547146	-13.3859347130458
			20.9892210969182	-13.3859347130458
			20.9892210969182	-13.3765013552495
			20.9797877391219	-13.3670679974531
			20.9797877391219	-13.3576346396567
			20.9797877391219	-13.3482012818604
			20.9703543813255	-13.338767924064
			20.9703543813255	-13.3293345662676
			20.9703543813255	-13.3199012084713
			20.9703543813255	-13.3104678506749
			20.9703543813255	-13.3010344928785
			20.9609210235291	-13.2916011350822
			20.9609210235291	-13.2821677772858
			20.9609210235291	-13.2727344194894
			20.9609210235291	-13.2633010616931
			20.9514876657328	-13.2538677038967
			20.9514876657328	-13.2444343461003
			20.9514876657328	-13.235000988304
			20.9514876657328	-13.2255676305076
			20.9514876657328	-13.2161342727112
			20.9420543079364	-13.2067009149149
			20.9420543079364	-13.1972675571185
			20.9420543079364	-13.1878341993221
			20.9420543079364	-13.1784008415257
			20.9420543079364	-13.1689674837294
			20.9420543079364	-13.159534125933
			20.93262095014	-13.1501007681366
			20.93262095014	-13.1406674103403
			20.93262095014	-13.1312340525439
			20.93262095014	-13.1218006947475
			20.93262095014	-13.1123673369512
			20.9231875923437	-13.1029339791548
			20.9231875923437	-13.0935006213584
			20.9231875923437	-13.0840672635621
			20.9231875923437	-13.0746339057657
			20.9231875923437	-13.0652005479693
			20.9231875923437	-13.055767190173
			20.9137542345473	-13.0463338323766
			20.9137542345473	-13.0369004745802
			20.9137542345473	-13.0274671167839
		</Outline1>
		<Outline2 type=matrix rownames=FALSE colnames=FALSE nrow=92 ncol=2 as.numeric=TRUE >
			20.9137542345473	-13.0274671167839
			20.9137542345473	-13.0180337589875
			20.9137542345473	-13.0086004011911
			20.9043208767509	-12.9991670433948
			20.9043208767509	-12.9897336855984
			20.9043208767509	-12.980300327802
			20.9043208767509	-12.9708669700057
			20.8948875189546	-12.9614336122093
			20.8948875189546	-12.9520002544129
			20.8948875189546	-12.9425668966166
			20.8948875189546	-12.9331335388202
			20.8854541611582	-12.9237001810238
			20.8854541611582	-12.9142668232275
			20.8854541611582	-12.9048334654311
			20.8854541611582	-12.8954001076347
			20.8760208033618	-12.8859667498383
			20.8760208033618	-12.876533392042
			20.8760208033618	-12.8671000342456
			20.8760208033618	-12.8576666764492
			20.8760208033618	-12.8482333186529
			20.8665874455655	-12.8387999608565
			20.8665874455655	-12.8293666030601
			20.8665874455655	-12.8199332452638
			20.8665874455655	-12.8104998874674
			20.8665874455655	-12.801066529671
			20.8665874455655	-12.7916331718747
			20.8571540877691	-12.7821998140783
			20.8571540877691	-12.7727664562819
			20.8571540877691	-12.7633330984856
			20.8571540877691	-12.7538997406892
			20.8571540877691	-12.7444663828928
			20.8571540877691	-12.7350330250965
			20.8571540877691	-12.7255996673001
			20.8571540877691	-12.7161663095037
			20.8571540877691	-12.7067329517074
			20.8571540877691	-12.697299593911
			20.8665874455655	-12.6878662361146
			20.8665874455655	-12.6784328783183
			20.8665874455655	-12.6689995205219
			20.8665874455655	-12.6595661627255
			20.8665874455655	-12.6501328049292
			20.8760208033618	-12.6406994471328
			20.8760208033618	-12.6312660893364
			20.8760208033618	-12.6218327315401
			20.8760208033618	-12.6123993737437
			20.8854541611582	-12.6029660159473
			20.8854541611582	-12.5935326581509
			20.8948875189546	-12.5840993003546
			20.8948875189546	-12.5746659425582
			20.8948875189546	-12.5652325847618
			20.9043208767509	-12.5557992269655
			20.9137542345473	-12.5463658691691
			20.9231875923437	-12.5369325113727
			20.9231875923437	-12.5274991535764
			20.93262095014	-12.51806579578
			20.9420543079364	-12.5086324379836
			20.9420543079364	-12.4991990801873
			20.9514876657328	-12.4991990801873
			20.9609210235291	-12.4897657223909
			20.9703543813255	-12.4803323645945
			20.9797877391219	-12.4708990067982
			20.9892210969182	-12.4614656490018
			20.9892210969182	-12.4520322912054
			20.9986544547146	-12.4520322912054
			21.008087812511	-12.4425989334091
			21.0175211703074	-12.4331655756127
			21.0269545281037	-12.4237322178163
			21.0363878859001	-12.4237322178163
			21.0458212436965	-12.41429886002
			21.0552546014928	-12.41429886002
			21.0646879592892	-12.4048655022236
			21.0741213170856	-12.4048655022236
			21.0835546748819	-12.3954321444272
			21.0929880326783	-12.3954321444272
			21.1024213904747	-12.3859987866309
			21.111854748271	-12.3859987866309
			21.1212881060674	-12.3765654288345
			21.1307214638638	-12.3765654288345
			21.1401548216601	-12.3671320710381
			21.1495881794565	-12.3671320710381
			21.1590215372529	-12.3671320710381
			21.1684548950492	-12.3576987132418
			21.1778882528456	-12.3576987132418
			21.187321610642	-12.3576987132418
			21.1967549684383	-12.3482653554454
			21.2061883262347	-12.3482653554454
			21.2156216840311	-12.3482653554454
			21.2250550418274	-12.3482653554454
			21.2344883996238	-12.3482653554454
			21.2439217574202	-12.338831997649
			21.2533551152165	-12.338831997649
			21.2627884730129	-12.338831997649
		</Outline2>
		<Outline3 type=matrix rownames=FALSE colnames=FALSE nrow=92 ncol=2 as.numeric=TRUE >
			21.2627884730129	-12.338831997649
			21.2722218308093	-12.338831997649
			21.2816551886056	-12.338831997649
			21.291088546402	-12.338831997649
			21.3005219041984	-12.338831997649
			21.3099552619947	-12.338831997649
			21.3193886197911	-12.338831997649
			21.3288219775875	-12.338831997649
			21.3382553353839	-12.338831997649
			21.3476886931802	-12.338831997649
			21.3571220509766	-12.338831997649
			21.366555408773	-12.338831997649
			21.3759887665693	-12.338831997649
			21.3854221243657	-12.338831997649
			21.3948554821621	-12.338831997649
			21.4042888399584	-12.338831997649
			21.4137221977548	-12.338831997649
			21.4231555555512	-12.338831997649
			21.4325889133475	-12.338831997649
			21.4420222711439	-12.338831997649
			21.4514556289403	-12.338831997649
			21.4608889867366	-12.338831997649
			21.470322344533	-12.338831997649
			21.4797557023294	-12.338831997649
			21.4891890601257	-12.338831997649
			21.4986224179221	-12.338831997649
			21.5080557757185	-12.338831997649
			21.5174891335148	-12.338831997649
			21.5269224913112	-12.338831997649
			21.5363558491076	-12.338831997649
			21.5457892069039	-12.338831997649
			21.5552225647003	-12.338831997649
			21.5646559224967	-12.338831997649
			21.574089280293	-12.338831997649
			21.5835226380894	-12.338831997649
			21.5929559958858	-12.338831997649
			21.6023893536821	-12.338831997649
			21.6118227114785	-12.338831997649
			21.6212560692749	-12.338831997649
			21.6306894270713	-12.3482653554454
			21.6401227848676	-12.3482653554454
			21.649556142664	-12.3482653554454
			21.6589895004604	-12.3482653554454
			21.6684228582567	-12.3482653554454
			21.6778562160531	-12.3482653554454
			21.6872895738495	-12.3482653554454
			21.6967229316458	-12.3482653554454
			21.6967229316458	-12.3576987132418
			21.7061562894422	-12.3576987132418
			21.7155896472386	-12.3576987132418
			21.7250230050349	-12.3576987132418
			21.7344563628313	-12.3576987132418
			21.7344563628313	-12.3671320710381
			21.7438897206277	-12.3671320710381
			21.753323078424	-12.3671320710381
			21.7627564362204	-12.3671320710381
			21.7721897940168	-12.3765654288345
			21.7816231518131	-12.3765654288345
			21.7910565096095	-12.3859987866309
			21.8004898674059	-12.3859987866309
			21.8099232252022	-12.3954321444272
			21.8193565829986	-12.4048655022236
			21.828789940795	-12.4048655022236
			21.828789940795	-12.41429886002
			21.8382232985913	-12.4237322178163
			21.8476566563877	-12.4331655756127
			21.8476566563877	-12.4425989334091
			21.8570900141841	-12.4520322912054
			21.8665233719804	-12.4614656490018
			21.8665233719804	-12.4708990067982
			21.8759567297768	-12.4803323645945
			21.8853900875732	-12.4897657223909
			21.8853900875732	-12.4991990801873
			21.8948234453695	-12.5086324379836
			21.8948234453695	-12.51806579578
			21.9042568031659	-12.51806579578
			21.9042568031659	-12.5274991535764
			21.9136901609623	-12.5369325113727
			21.9136901609623	-12.5463658691691
			21.9231235187587	-12.5557992269655
			21.932556876555	-12.5652325847618
			21.932556876555	-12.5746659425582
			21.9419902343514	-12.5840993003546
			21.9419902343514	-12.5935326581509
			21.9514235921478	-12.6029660159473
			21.9514235921478	-12.6123993737437
			21.9608569499441	-12.6123993737437
			21.9608569499441	-12.6218327315401
			21.9608569499441	-12.6312660893364
			21.9702903077405	-12.6406994471328
			21.9702903077405	-12.6501328049292
			21.9797236655369	-12.6595661627255
		</Outline3>
		<Outline4 type=matrix rownames=FALSE colnames=FALSE nrow=87 ncol=2 as.numeric=TRUE >
			21.9797236655369	-12.6595661627255
			21.9797236655369	-12.6689995205219
			21.9891570233332	-12.6784328783183
			21.9891570233332	-12.6878662361146
			21.9891570233332	-12.697299593911
			21.9985903811296	-12.7067329517074
			21.9985903811296	-12.7161663095037
			21.9985903811296	-12.7255996673001
			22.008023738926	-12.7350330250965
			22.008023738926	-12.7444663828928
			22.008023738926	-12.7538997406892
			22.008023738926	-12.7633330984856
			22.008023738926	-12.7727664562819
			22.008023738926	-12.7821998140783
			22.0174570967223	-12.7916331718747
			22.0174570967223	-12.801066529671
			22.0174570967223	-12.8104998874674
			22.0174570967223	-12.8199332452638
			22.0174570967223	-12.8293666030601
			22.0174570967223	-12.8387999608565
			22.0174570967223	-12.8482333186529
			22.0174570967223	-12.8576666764492
			22.0174570967223	-12.8671000342456
			22.0174570967223	-12.876533392042
			22.0174570967223	-12.8859667498383
			22.0174570967223	-12.8954001076347
			22.0174570967223	-12.9048334654311
			22.0174570967223	-12.9142668232275
			22.0174570967223	-12.9237001810238
			22.0174570967223	-12.9331335388202
			22.0174570967223	-12.9425668966166
			22.0174570967223	-12.9520002544129
			22.008023738926	-12.9614336122093
			22.008023738926	-12.9708669700057
			22.008023738926	-12.980300327802
			22.008023738926	-12.9897336855984
			21.9985903811296	-12.9991670433948
			21.9985903811296	-13.0086004011911
			21.9985903811296	-13.0180337589875
			21.9985903811296	-13.0274671167839
			21.9891570233332	-13.0369004745802
			21.9891570233332	-13.0463338323766
			21.9797236655369	-13.055767190173
			21.9797236655369	-13.0652005479693
			21.9702903077405	-13.0746339057657
			21.9702903077405	-13.0840672635621
			21.9608569499441	-13.0935006213584
			21.9608569499441	-13.1029339791548
			21.9514235921478	-13.1123673369512
			21.9514235921478	-13.1218006947475
			21.9419902343514	-13.1312340525439
			21.932556876555	-13.1406674103403
			21.9231235187587	-13.1501007681366
			21.9136901609623	-13.159534125933
			21.9042568031659	-13.159534125933
			21.8948234453695	-13.1689674837294
			21.8853900875732	-13.1784008415257
			21.8759567297768	-13.1784008415257
			21.8665233719804	-13.1878341993221
			21.8570900141841	-13.1878341993221
			21.8476566563877	-13.1972675571185
			21.8382232985913	-13.1972675571185
			21.828789940795	-13.2067009149149
			21.8193565829986	-13.2067009149149
			21.8099232252022	-13.2161342727112
			21.8004898674059	-13.2161342727112
			21.7910565096095	-13.2161342727112
			21.7816231518131	-13.2255676305076
			21.7721897940168	-13.2255676305076
			21.7627564362204	-13.235000988304
			21.753323078424	-13.235000988304
			21.7438897206277	-13.2444343461003
			21.7344563628313	-13.2444343461003
			21.7250230050349	-13.2538677038967
			21.7155896472386	-13.2538677038967
			21.7061562894422	-13.2633010616931
			21.6967229316458	-13.2633010616931
			21.6872895738495	-13.2727344194894
			21.6778562160531	-13.2821677772858
			21.6684228582567	-13.2821677772858
			21.6589895004604	-13.2916011350822
			21.649556142664	-13.2916011350822
			21.649556142664	-13.3010344928785
			21.6401227848676	-13.3104678506749
			21.6306894270713	-13.3104678506749
			21.6212560692749	-13.3199012084713
			21.6118227114785	-13.3293345662676
		</Outline4>
	</curves.scaled>
	<ruler.points type=matrix rownames=TRUE colnames=FALSE nrow=2 ncol=2 as.numeric=TRUE >
		Ruler point 1	3180	2394
		Ruler point 2	2120	2406
	</ruler.points>
</shapes>

