<shapes type=list>
	<ruler.pixel type=vector names=FALSE length=1 as.numeric=TRUE >690.087675589124</ruler.pixel>
	<ruler.interval type=vector names=FALSE length=1 as.numeric=TRUE >10</ruler.interval>
	<scaling.units type=vector names=FALSE length=1 as.numeric=FALSE >mm</scaling.units>
	<scaling type=vector names=FALSE length=1 as.numeric=TRUE >0.0144909123198919</scaling>
	<landmarks.pixel type=matrix rownames=TRUE colnames=FALSE nrow=4 ncol=2 as.numeric=TRUE >
		Labial	2330	1639
		Posterior	2234	1567
		Lingual	2307	1478
		Anterior	2412	1543
	</landmarks.pixel>
	<landmarks.scaled type=matrix rownames=TRUE colnames=FALSE nrow=4 ncol=2 as.numeric=TRUE >
		Labial	33.7638257053481	-23.7506052923028
		Posterior	32.3726981226385	-22.7072596052706
		Lingual	33.4305347219906	-21.4175684088002
		Anterior	34.9520805155793	-22.3594777095932
	</landmarks.scaled>
	<curves.control type=list>
		<Outline1 type=matrix rownames=FALSE colnames=FALSE nrow=21 ncol=2 as.numeric=TRUE >
			2330	1639
			2323	1644
			2315	1648
			2308	1652
			2300	1655
			2292	1656
			2284	1656
			2277	1656
			2269	1655
			2262	1652
			2256	1648
			2250	1645
			2245	1640
			2240	1634
			2236	1627
			2234	1622
			2233	1614
			2232	1603
			2231	1593
			2231	1581
			2234	1567
		</Outline1>
		<Outline2 type=matrix rownames=FALSE colnames=FALSE nrow=15 ncol=2 as.numeric=TRUE >
			2234	1567
			2234	1552
			2234	1540
			2234	1530
			2237	1520
			2245	1509
			2251	1502
			2258	1495
			2265	1491
			2271	1488
			2277	1485
			2283	1482
			2288	1480
			2294	1478
			2307	1478
		</Outline2>
		<Outline3 type=matrix rownames=FALSE colnames=FALSE nrow=21 ncol=2 as.numeric=TRUE >
			2307	1478
			2316	1478
			2324	1478
			2332	1478
			2340	1479
			2347	1480
			2354	1481
			2361	1483
			2371	1486
			2376	1489
			2382	1493
			2387	1496
			2392	1500
			2397	1505
			2401	1511
			2404	1517
			2406	1523
			2408	1528
			2410	1534
			2411	1538
			2412	1543
		</Outline3>
		<Outline4 type=matrix rownames=FALSE colnames=FALSE nrow=21 ncol=2 as.numeric=TRUE >
			2412	1543
			2412	1553
			2412	1561
			2411	1570
			2409	1578
			2406	1587
			2401	1594
			2396	1601
			2391	1606
			2386	1611
			2380	1615
			2373	1618
			2367	1620
			2360	1621
			2356	1621
			2351	1621
			2348	1622
			2345	1625
			2341	1629
			2336	1634
			2330	1639
		</Outline4>
	</curves.control>
	<curves.pixel type=list>
		<Outline1 type=matrix rownames=FALSE colnames=FALSE nrow=165 ncol=2 as.numeric=TRUE >
			2330	1639
			2329	1640
			2328	1640
			2328	1641
			2327	1641
			2326	1642
			2325	1642
			2324	1643
			2323	1643
			2322	1644
			2321	1645
			2320	1646
			2319	1646
			2318	1647
			2317	1647
			2316	1648
			2315	1648
			2314	1649
			2313	1649
			2312	1649
			2312	1650
			2311	1650
			2310	1651
			2309	1651
			2308	1652
			2307	1652
			2306	1652
			2305	1653
			2304	1653
			2303	1654
			2302	1654
			2301	1654
			2300	1655
			2299	1655
			2298	1655
			2297	1655
			2296	1655
			2295	1656
			2294	1656
			2293	1656
			2292	1656
			2291	1656
			2290	1656
			2289	1656
			2288	1656
			2287	1656
			2286	1656
			2285	1656
			2284	1656
			2283	1656
			2282	1656
			2281	1656
			2280	1656
			2279	1656
			2278	1656
			2277	1656
			2276	1656
			2275	1656
			2274	1656
			2274	1655
			2273	1655
			2272	1655
			2271	1655
			2270	1655
			2269	1655
			2268	1654
			2267	1654
			2266	1654
			2265	1653
			2264	1653
			2263	1652
			2262	1652
			2261	1651
			2260	1650
			2259	1650
			2258	1649
			2257	1649
			2256	1648
			2255	1648
			2254	1647
			2253	1647
			2253	1646
			2252	1646
			2251	1645
			2250	1644
			2249	1644
			2248	1643
			2248	1642
			2247	1642
			2246	1641
			2245	1640
			2244	1639
			2244	1638
			2243	1638
			2242	1637
			2242	1636
			2241	1635
			2240	1634
			2240	1633
			2239	1632
			2238	1631
			2238	1630
			2237	1629
			2236	1628
			2236	1627
			2236	1626
			2235	1625
			2235	1624
			2235	1623
			2235	1622
			2234	1621
			2234	1620
			2234	1619
			2234	1618
			2233	1617
			2233	1616
			2233	1615
			2233	1614
			2233	1613
			2233	1612
			2233	1611
			2233	1610
			2233	1609
			2232	1608
			2232	1607
			2232	1606
			2232	1605
			2232	1604
			2232	1603
			2232	1602
			2232	1601
			2232	1600
			2232	1599
			2232	1598
			2231	1597
			2231	1596
			2231	1595
			2231	1594
			2231	1593
			2231	1592
			2231	1591
			2231	1590
			2231	1589
			2231	1588
			2231	1587
			2231	1586
			2231	1585
			2231	1584
			2231	1583
			2232	1582
			2232	1581
			2232	1580
			2232	1579
			2232	1578
			2232	1577
			2232	1576
			2232	1575
			2233	1574
			2233	1573
			2233	1572
			2233	1571
			2233	1570
			2234	1569
			2234	1568
			2234	1567
		</Outline1>
		<Outline2 type=matrix rownames=FALSE colnames=FALSE nrow=133 ncol=2 as.numeric=TRUE >
			2234	1567
			2234	1566
			2234	1565
			2234	1564
			2234	1563
			2234	1562
			2234	1561
			2234	1560
			2234	1559
			2234	1558
			2234	1557
			2234	1556
			2234	1555
			2234	1554
			2234	1553
			2234	1552
			2234	1551
			2234	1550
			2234	1549
			2234	1548
			2234	1547
			2234	1546
			2234	1545
			2234	1544
			2234	1543
			2234	1542
			2234	1541
			2234	1540
			2234	1539
			2234	1538
			2234	1537
			2234	1536
			2234	1535
			2234	1534
			2234	1533
			2234	1532
			2235	1531
			2235	1530
			2235	1529
			2235	1528
			2235	1527
			2235	1526
			2236	1525
			2236	1524
			2236	1523
			2236	1522
			2237	1522
			2237	1521
			2237	1520
			2237	1519
			2238	1519
			2238	1518
			2239	1517
			2240	1517
			2240	1516
			2241	1515
			2241	1514
			2242	1514
			2242	1513
			2243	1512
			2244	1511
			2245	1510
			2245	1509
			2246	1508
			2247	1507
			2247	1506
			2248	1506
			2249	1505
			2249	1504
			2250	1504
			2250	1503
			2251	1503
			2251	1502
			2252	1501
			2253	1500
			2254	1499
			2255	1498
			2256	1497
			2257	1496
			2258	1496
			2259	1495
			2260	1494
			2261	1493
			2262	1493
			2263	1492
			2264	1492
			2265	1491
			2266	1491
			2266	1490
			2267	1490
			2268	1490
			2268	1489
			2269	1489
			2270	1489
			2270	1488
			2271	1488
			2272	1488
			2273	1487
			2274	1487
			2275	1486
			2276	1485
			2277	1485
			2278	1485
			2279	1484
			2280	1484
			2280	1483
			2281	1483
			2282	1483
			2283	1482
			2284	1482
			2285	1481
			2286	1481
			2287	1480
			2288	1480
			2289	1480
			2290	1479
			2291	1479
			2292	1479
			2293	1479
			2294	1479
			2295	1479
			2296	1478
			2297	1478
			2298	1478
			2299	1478
			2300	1478
			2301	1478
			2302	1478
			2303	1478
			2304	1478
			2305	1478
			2306	1478
			2307	1478
		</Outline2>
		<Outline3 type=matrix rownames=FALSE colnames=FALSE nrow=130 ncol=2 as.numeric=TRUE >
			2307	1478
			2308	1478
			2309	1478
			2310	1478
			2311	1478
			2312	1478
			2313	1478
			2314	1478
			2315	1478
			2316	1478
			2317	1478
			2318	1478
			2319	1478
			2320	1478
			2321	1478
			2322	1478
			2323	1478
			2324	1478
			2325	1478
			2326	1478
			2327	1478
			2328	1478
			2329	1478
			2330	1478
			2331	1478
			2332	1478
			2333	1478
			2334	1478
			2335	1479
			2336	1479
			2337	1479
			2338	1479
			2339	1479
			2340	1479
			2341	1479
			2342	1479
			2343	1479
			2344	1480
			2345	1480
			2346	1480
			2347	1480
			2348	1480
			2349	1480
			2350	1480
			2351	1481
			2352	1481
			2353	1481
			2354	1481
			2355	1481
			2356	1482
			2357	1482
			2358	1482
			2359	1482
			2360	1483
			2361	1483
			2362	1483
			2363	1484
			2364	1484
			2365	1484
			2366	1485
			2367	1485
			2368	1485
			2369	1485
			2370	1486
			2371	1486
			2372	1487
			2373	1487
			2374	1488
			2375	1489
			2376	1489
			2377	1490
			2378	1490
			2379	1491
			2380	1492
			2381	1493
			2382	1493
			2383	1494
			2384	1494
			2385	1495
			2386	1496
			2387	1496
			2388	1497
			2389	1498
			2390	1498
			2391	1499
			2392	1500
			2393	1501
			2394	1502
			2395	1503
			2395	1504
			2396	1505
			2397	1506
			2398	1507
			2399	1508
			2399	1509
			2400	1510
			2401	1511
			2402	1512
			2402	1513
			2403	1514
			2403	1515
			2403	1516
			2404	1517
			2404	1518
			2405	1519
			2405	1520
			2405	1521
			2406	1522
			2406	1523
			2406	1524
			2407	1525
			2407	1526
			2407	1527
			2408	1527
			2408	1528
			2408	1529
			2409	1530
			2409	1531
			2409	1532
			2410	1533
			2410	1534
			2410	1535
			2410	1536
			2411	1537
			2411	1538
			2411	1539
			2411	1540
			2412	1541
			2412	1542
			2412	1543
		</Outline3>
		<Outline4 type=matrix rownames=FALSE colnames=FALSE nrow=128 ncol=2 as.numeric=TRUE >
			2412	1543
			2412	1544
			2412	1545
			2412	1546
			2412	1547
			2412	1548
			2412	1549
			2412	1550
			2412	1551
			2412	1552
			2412	1553
			2412	1554
			2412	1555
			2412	1556
			2412	1557
			2412	1558
			2412	1559
			2412	1560
			2412	1561
			2412	1562
			2412	1563
			2412	1564
			2411	1565
			2411	1566
			2411	1567
			2411	1568
			2411	1569
			2411	1570
			2411	1571
			2410	1572
			2410	1573
			2410	1574
			2410	1575
			2409	1576
			2409	1577
			2409	1578
			2409	1579
			2408	1580
			2408	1581
			2407	1582
			2407	1583
			2407	1584
			2406	1585
			2406	1586
			2405	1587
			2405	1588
			2404	1589
			2404	1590
			2403	1590
			2403	1591
			2402	1592
			2402	1593
			2401	1594
			2400	1595
			2399	1596
			2399	1597
			2398	1598
			2397	1599
			2396	1600
			2395	1601
			2395	1602
			2394	1603
			2393	1604
			2392	1605
			2391	1606
			2390	1607
			2389	1608
			2388	1609
			2387	1610
			2386	1611
			2385	1612
			2384	1612
			2383	1613
			2382	1614
			2381	1614
			2381	1615
			2380	1615
			2379	1615
			2378	1616
			2377	1616
			2376	1617
			2375	1617
			2374	1617
			2373	1618
			2372	1618
			2371	1618
			2371	1619
			2370	1619
			2369	1619
			2368	1620
			2367	1620
			2366	1620
			2365	1620
			2364	1620
			2363	1621
			2362	1621
			2361	1621
			2360	1621
			2359	1621
			2358	1621
			2357	1621
			2356	1621
			2355	1621
			2354	1621
			2353	1621
			2352	1621
			2351	1621
			2350	1622
			2349	1622
			2348	1622
			2347	1623
			2346	1624
			2345	1625
			2344	1626
			2343	1627
			2342	1628
			2341	1629
			2340	1630
			2339	1631
			2338	1632
			2337	1633
			2336	1634
			2335	1634
			2334	1635
			2333	1636
			2332	1637
			2331	1638
			2330	1639
		</Outline4>
	</curves.pixel>
	<curves.scaled type=list>
		<Outline1 type=matrix rownames=FALSE colnames=FALSE nrow=165 ncol=2 as.numeric=TRUE >
			33.7638257053481	-23.7506052923028
			33.7493347930282	-23.7650962046227
			33.7348438807083	-23.7650962046227
			33.7348438807083	-23.7795871169426
			33.7203529683884	-23.7795871169426
			33.7058620560686	-23.7940780292625
			33.6913711437487	-23.7940780292625
			33.6768802314288	-23.8085689415824
			33.6623893191089	-23.8085689415824
			33.647898406789	-23.8230598539023
			33.6334074944691	-23.8375507662222
			33.6189165821492	-23.8520416785421
			33.6044256698293	-23.8520416785421
			33.5899347575094	-23.866532590862
			33.5754438451895	-23.866532590862
			33.5609529328696	-23.8810235031819
			33.5464620205497	-23.8810235031819
			33.5319711082299	-23.8955144155017
			33.51748019591	-23.8955144155017
			33.5029892835901	-23.8955144155017
			33.5029892835901	-23.9100053278216
			33.4884983712702	-23.9100053278216
			33.4740074589503	-23.9244962401415
			33.4595165466304	-23.9244962401415
			33.4450256343105	-23.9389871524614
			33.4305347219906	-23.9389871524614
			33.4160438096707	-23.9389871524614
			33.4015528973508	-23.9534780647813
			33.3870619850309	-23.9534780647813
			33.372571072711	-23.9679689771012
			33.3580801603912	-23.9679689771012
			33.3435892480713	-23.9679689771012
			33.3290983357514	-23.9824598894211
			33.3146074234315	-23.9824598894211
			33.3001165111116	-23.9824598894211
			33.2856255987917	-23.9824598894211
			33.2711346864718	-23.9824598894211
			33.2566437741519	-23.996950801741
			33.242152861832	-23.996950801741
			33.2276619495121	-23.996950801741
			33.2131710371922	-23.996950801741
			33.1986801248723	-23.996950801741
			33.1841892125524	-23.996950801741
			33.1696983002326	-23.996950801741
			33.1552073879127	-23.996950801741
			33.1407164755928	-23.996950801741
			33.1262255632729	-23.996950801741
			33.111734650953	-23.996950801741
			33.0972437386331	-23.996950801741
			33.0827528263132	-23.996950801741
			33.0682619139933	-23.996950801741
			33.0537710016734	-23.996950801741
			33.0392800893535	-23.996950801741
			33.0247891770336	-23.996950801741
			33.0102982647137	-23.996950801741
			32.9958073523939	-23.996950801741
			32.981316440074	-23.996950801741
			32.9668255277541	-23.996950801741
			32.9523346154342	-23.996950801741
			32.9523346154342	-23.9824598894211
			32.9378437031143	-23.9824598894211
			32.9233527907944	-23.9824598894211
			32.9088618784745	-23.9824598894211
			32.8943709661546	-23.9824598894211
			32.8798800538347	-23.9824598894211
			32.8653891415148	-23.9679689771012
			32.8508982291949	-23.9679689771012
			32.836407316875	-23.9679689771012
			32.8219164045552	-23.9534780647813
			32.8074254922353	-23.9534780647813
			32.7929345799154	-23.9389871524614
			32.7784436675955	-23.9389871524614
			32.7639527552756	-23.9244962401415
			32.7494618429557	-23.9100053278216
			32.7349709306358	-23.9100053278216
			32.7204800183159	-23.8955144155017
			32.705989105996	-23.8955144155017
			32.6914981936761	-23.8810235031819
			32.6770072813562	-23.8810235031819
			32.6625163690363	-23.866532590862
			32.6480254567164	-23.866532590862
			32.6480254567164	-23.8520416785421
			32.6335345443966	-23.8520416785421
			32.6190436320767	-23.8375507662222
			32.6045527197568	-23.8230598539023
			32.5900618074369	-23.8230598539023
			32.575570895117	-23.8085689415824
			32.575570895117	-23.7940780292625
			32.5610799827971	-23.7940780292625
			32.5465890704772	-23.7795871169426
			32.5320981581573	-23.7650962046227
			32.5176072458374	-23.7506052923028
			32.5176072458374	-23.7361143799829
			32.5031163335175	-23.7361143799829
			32.4886254211976	-23.721623467663
			32.4886254211976	-23.7071325553431
			32.4741345088777	-23.6926416430233
			32.4596435965579	-23.6781507307034
			32.4596435965579	-23.6636598183835
			32.445152684238	-23.6491689060636
			32.4306617719181	-23.6346779937437
			32.4306617719181	-23.6201870814238
			32.4161708595982	-23.6056961691039
			32.4016799472783	-23.591205256784
			32.4016799472783	-23.5767143444641
			32.4016799472783	-23.5622234321442
			32.3871890349584	-23.5477325198243
			32.3871890349584	-23.5332416075044
			32.3871890349584	-23.5187506951846
			32.3871890349584	-23.5042597828647
			32.3726981226385	-23.4897688705448
			32.3726981226385	-23.4752779582249
			32.3726981226385	-23.460787045905
			32.3726981226385	-23.4462961335851
			32.3582072103186	-23.4318052212652
			32.3582072103186	-23.4173143089453
			32.3582072103186	-23.4028233966254
			32.3582072103186	-23.3883324843055
			32.3582072103186	-23.3738415719856
			32.3582072103186	-23.3593506596657
			32.3582072103186	-23.3448597473459
			32.3582072103186	-23.330368835026
			32.3582072103186	-23.3158779227061
			32.3437162979987	-23.3013870103862
			32.3437162979987	-23.2868960980663
			32.3437162979987	-23.2724051857464
			32.3437162979987	-23.2579142734265
			32.3437162979987	-23.2434233611066
			32.3437162979987	-23.2289324487867
			32.3437162979987	-23.2144415364668
			32.3437162979987	-23.1999506241469
			32.3437162979987	-23.185459711827
			32.3437162979987	-23.1709687995071
			32.3437162979987	-23.1564778871873
			32.3292253856788	-23.1419869748674
			32.3292253856788	-23.1274960625475
			32.3292253856788	-23.1130051502276
			32.3292253856788	-23.0985142379077
			32.3292253856788	-23.0840233255878
			32.3292253856788	-23.0695324132679
			32.3292253856788	-23.055041500948
			32.3292253856788	-23.0405505886281
			32.3292253856788	-23.0260596763082
			32.3292253856788	-23.0115687639883
			32.3292253856788	-22.9970778516684
			32.3292253856788	-22.9825869393486
			32.3292253856788	-22.9680960270287
			32.3292253856788	-22.9536051147088
			32.3292253856788	-22.9391142023889
			32.3437162979987	-22.924623290069
			32.3437162979987	-22.9101323777491
			32.3437162979987	-22.8956414654292
			32.3437162979987	-22.8811505531093
			32.3437162979987	-22.8666596407894
			32.3437162979987	-22.8521687284695
			32.3437162979987	-22.8376778161496
			32.3437162979987	-22.8231869038297
			32.3582072103186	-22.8086959915099
			32.3582072103186	-22.79420507919
			32.3582072103186	-22.7797141668701
			32.3582072103186	-22.7652232545502
			32.3582072103186	-22.7507323422303
			32.3726981226385	-22.7362414299104
			32.3726981226385	-22.7217505175905
			32.3726981226385	-22.7072596052706
		</Outline1>
		<Outline2 type=matrix rownames=FALSE colnames=FALSE nrow=133 ncol=2 as.numeric=TRUE >
			32.3726981226385	-22.7072596052706
			32.3726981226385	-22.6927686929507
			32.3726981226385	-22.6782777806308
			32.3726981226385	-22.6637868683109
			32.3726981226385	-22.649295955991
			32.3726981226385	-22.6348050436711
			32.3726981226385	-22.6203141313513
			32.3726981226385	-22.6058232190314
			32.3726981226385	-22.5913323067115
			32.3726981226385	-22.5768413943916
			32.3726981226385	-22.5623504820717
			32.3726981226385	-22.5478595697518
			32.3726981226385	-22.5333686574319
			32.3726981226385	-22.518877745112
			32.3726981226385	-22.5043868327921
			32.3726981226385	-22.4898959204722
			32.3726981226385	-22.4754050081523
			32.3726981226385	-22.4609140958324
			32.3726981226385	-22.4464231835126
			32.3726981226385	-22.4319322711927
			32.3726981226385	-22.4174413588728
			32.3726981226385	-22.4029504465529
			32.3726981226385	-22.388459534233
			32.3726981226385	-22.3739686219131
			32.3726981226385	-22.3594777095932
			32.3726981226385	-22.3449867972733
			32.3726981226385	-22.3304958849534
			32.3726981226385	-22.3160049726335
			32.3726981226385	-22.3015140603136
			32.3726981226385	-22.2870231479937
			32.3726981226385	-22.2725322356739
			32.3726981226385	-22.258041323354
			32.3726981226385	-22.2435504110341
			32.3726981226385	-22.2290594987142
			32.3726981226385	-22.2145685863943
			32.3726981226385	-22.2000776740744
			32.3871890349584	-22.1855867617545
			32.3871890349584	-22.1710958494346
			32.3871890349584	-22.1566049371147
			32.3871890349584	-22.1421140247948
			32.3871890349584	-22.1276231124749
			32.3871890349584	-22.113132200155
			32.4016799472783	-22.0986412878351
			32.4016799472783	-22.0841503755153
			32.4016799472783	-22.0696594631954
			32.4016799472783	-22.0551685508755
			32.4161708595982	-22.0551685508755
			32.4161708595982	-22.0406776385556
			32.4161708595982	-22.0261867262357
			32.4161708595982	-22.0116958139158
			32.4306617719181	-22.0116958139158
			32.4306617719181	-21.9972049015959
			32.445152684238	-21.982713989276
			32.4596435965579	-21.982713989276
			32.4596435965579	-21.9682230769561
			32.4741345088777	-21.9537321646362
			32.4741345088777	-21.9392412523163
			32.4886254211976	-21.9392412523163
			32.4886254211976	-21.9247503399964
			32.5031163335175	-21.9102594276766
			32.5176072458374	-21.8957685153567
			32.5320981581573	-21.8812776030368
			32.5320981581573	-21.8667866907169
			32.5465890704772	-21.852295778397
			32.5610799827971	-21.8378048660771
			32.5610799827971	-21.8233139537572
			32.575570895117	-21.8233139537572
			32.5900618074369	-21.8088230414373
			32.5900618074369	-21.7943321291174
			32.6045527197568	-21.7943321291174
			32.6045527197568	-21.7798412167975
			32.6190436320767	-21.7798412167975
			32.6190436320767	-21.7653503044776
			32.6335345443966	-21.7508593921577
			32.6480254567164	-21.7363684798379
			32.6625163690363	-21.721877567518
			32.6770072813562	-21.7073866551981
			32.6914981936761	-21.6928957428782
			32.705989105996	-21.6784048305583
			32.7204800183159	-21.6784048305583
			32.7349709306358	-21.6639139182384
			32.7494618429557	-21.6494230059185
			32.7639527552756	-21.6349320935986
			32.7784436675955	-21.6349320935986
			32.7929345799154	-21.6204411812787
			32.8074254922353	-21.6204411812787
			32.8219164045552	-21.6059502689588
			32.836407316875	-21.6059502689588
			32.836407316875	-21.5914593566389
			32.8508982291949	-21.5914593566389
			32.8653891415148	-21.5914593566389
			32.8653891415148	-21.576968444319
			32.8798800538347	-21.576968444319
			32.8943709661546	-21.576968444319
			32.8943709661546	-21.5624775319991
			32.9088618784745	-21.5624775319991
			32.9233527907944	-21.5624775319991
			32.9378437031143	-21.5479866196793
			32.9523346154342	-21.5479866196793
			32.9668255277541	-21.5334957073594
			32.981316440074	-21.5190047950395
			32.9958073523939	-21.5190047950395
			33.0102982647137	-21.5190047950395
			33.0247891770336	-21.5045138827196
			33.0392800893535	-21.5045138827196
			33.0392800893535	-21.4900229703997
			33.0537710016734	-21.4900229703997
			33.0682619139933	-21.4900229703997
			33.0827528263132	-21.4755320580798
			33.0972437386331	-21.4755320580798
			33.111734650953	-21.4610411457599
			33.1262255632729	-21.4610411457599
			33.1407164755928	-21.44655023344
			33.1552073879127	-21.44655023344
			33.1696983002326	-21.44655023344
			33.1841892125524	-21.4320593211201
			33.1986801248723	-21.4320593211201
			33.2131710371922	-21.4320593211201
			33.2276619495121	-21.4320593211201
			33.242152861832	-21.4320593211201
			33.2566437741519	-21.4320593211201
			33.2711346864718	-21.4175684088002
			33.2856255987917	-21.4175684088002
			33.3001165111116	-21.4175684088002
			33.3146074234315	-21.4175684088002
			33.3290983357514	-21.4175684088002
			33.3435892480713	-21.4175684088002
			33.3580801603912	-21.4175684088002
			33.372571072711	-21.4175684088002
			33.3870619850309	-21.4175684088002
			33.4015528973508	-21.4175684088002
			33.4160438096707	-21.4175684088002
			33.4305347219906	-21.4175684088002
		</Outline2>
		<Outline3 type=matrix rownames=FALSE colnames=FALSE nrow=130 ncol=2 as.numeric=TRUE >
			33.4305347219906	-21.4175684088002
			33.4450256343105	-21.4175684088002
			33.4595165466304	-21.4175684088002
			33.4740074589503	-21.4175684088002
			33.4884983712702	-21.4175684088002
			33.5029892835901	-21.4175684088002
			33.51748019591	-21.4175684088002
			33.5319711082299	-21.4175684088002
			33.5464620205497	-21.4175684088002
			33.5609529328696	-21.4175684088002
			33.5754438451895	-21.4175684088002
			33.5899347575094	-21.4175684088002
			33.6044256698293	-21.4175684088002
			33.6189165821492	-21.4175684088002
			33.6334074944691	-21.4175684088002
			33.647898406789	-21.4175684088002
			33.6623893191089	-21.4175684088002
			33.6768802314288	-21.4175684088002
			33.6913711437487	-21.4175684088002
			33.7058620560686	-21.4175684088002
			33.7203529683884	-21.4175684088002
			33.7348438807083	-21.4175684088002
			33.7493347930282	-21.4175684088002
			33.7638257053481	-21.4175684088002
			33.778316617668	-21.4175684088002
			33.7928075299879	-21.4175684088002
			33.8072984423078	-21.4175684088002
			33.8217893546277	-21.4175684088002
			33.8362802669476	-21.4320593211201
			33.8507711792675	-21.4320593211201
			33.8652620915874	-21.4320593211201
			33.8797530039073	-21.4320593211201
			33.8942439162272	-21.4320593211201
			33.908734828547	-21.4320593211201
			33.9232257408669	-21.4320593211201
			33.9377166531868	-21.4320593211201
			33.9522075655067	-21.4320593211201
			33.9666984778266	-21.44655023344
			33.9811893901465	-21.44655023344
			33.9956803024664	-21.44655023344
			34.0101712147863	-21.44655023344
			34.0246621271062	-21.44655023344
			34.0391530394261	-21.44655023344
			34.053643951746	-21.44655023344
			34.0681348640659	-21.4610411457599
			34.0826257763857	-21.4610411457599
			34.0971166887056	-21.4610411457599
			34.1116076010255	-21.4610411457599
			34.1260985133454	-21.4610411457599
			34.1405894256653	-21.4755320580798
			34.1550803379852	-21.4755320580798
			34.1695712503051	-21.4755320580798
			34.184062162625	-21.4755320580798
			34.1985530749449	-21.4900229703997
			34.2130439872648	-21.4900229703997
			34.2275348995847	-21.4900229703997
			34.2420258119046	-21.5045138827196
			34.2565167242244	-21.5045138827196
			34.2710076365443	-21.5045138827196
			34.2854985488642	-21.5190047950395
			34.2999894611841	-21.5190047950395
			34.314480373504	-21.5190047950395
			34.3289712858239	-21.5190047950395
			34.3434621981438	-21.5334957073594
			34.3579531104637	-21.5334957073594
			34.3724440227836	-21.5479866196793
			34.3869349351035	-21.5479866196793
			34.4014258474234	-21.5624775319991
			34.4159167597433	-21.576968444319
			34.4304076720632	-21.576968444319
			34.444898584383	-21.5914593566389
			34.4593894967029	-21.5914593566389
			34.4738804090228	-21.6059502689588
			34.4883713213427	-21.6204411812787
			34.5028622336626	-21.6349320935986
			34.5173531459825	-21.6349320935986
			34.5318440583024	-21.6494230059185
			34.5463349706223	-21.6494230059185
			34.5608258829422	-21.6639139182384
			34.5753167952621	-21.6784048305583
			34.589807707582	-21.6784048305583
			34.6042986199019	-21.6928957428782
			34.6187895322217	-21.7073866551981
			34.6332804445416	-21.7073866551981
			34.6477713568615	-21.721877567518
			34.6622622691814	-21.7363684798379
			34.6767531815013	-21.7508593921577
			34.6912440938212	-21.7653503044776
			34.7057350061411	-21.7798412167975
			34.7057350061411	-21.7943321291174
			34.720225918461	-21.8088230414373
			34.7347168307809	-21.8233139537572
			34.7492077431008	-21.8378048660771
			34.7636986554207	-21.852295778397
			34.7636986554207	-21.8667866907169
			34.7781895677406	-21.8812776030368
			34.7926804800604	-21.8957685153567
			34.8071713923803	-21.9102594276766
			34.8071713923803	-21.9247503399964
			34.8216623047002	-21.9392412523163
			34.8216623047002	-21.9537321646362
			34.8216623047002	-21.9682230769561
			34.8361532170201	-21.982713989276
			34.8361532170201	-21.9972049015959
			34.85064412934	-22.0116958139158
			34.85064412934	-22.0261867262357
			34.85064412934	-22.0406776385556
			34.8651350416599	-22.0551685508755
			34.8651350416599	-22.0696594631954
			34.8651350416599	-22.0841503755153
			34.8796259539798	-22.0986412878351
			34.8796259539798	-22.113132200155
			34.8796259539798	-22.1276231124749
			34.8941168662997	-22.1276231124749
			34.8941168662997	-22.1421140247948
			34.8941168662997	-22.1566049371147
			34.9086077786196	-22.1710958494346
			34.9086077786196	-22.1855867617545
			34.9086077786196	-22.2000776740744
			34.9230986909395	-22.2145685863943
			34.9230986909395	-22.2290594987142
			34.9230986909395	-22.2435504110341
			34.9230986909395	-22.258041323354
			34.9375896032594	-22.2725322356739
			34.9375896032594	-22.2870231479937
			34.9375896032594	-22.3015140603136
			34.9375896032594	-22.3160049726335
			34.9520805155793	-22.3304958849534
			34.9520805155793	-22.3449867972733
			34.9520805155793	-22.3594777095932
		</Outline3>
		<Outline4 type=matrix rownames=FALSE colnames=FALSE nrow=128 ncol=2 as.numeric=TRUE >
			34.9520805155793	-22.3594777095932
			34.9520805155793	-22.3739686219131
			34.9520805155793	-22.388459534233
			34.9520805155793	-22.4029504465529
			34.9520805155793	-22.4174413588728
			34.9520805155793	-22.4319322711927
			34.9520805155793	-22.4464231835126
			34.9520805155793	-22.4609140958324
			34.9520805155793	-22.4754050081523
			34.9520805155793	-22.4898959204722
			34.9520805155793	-22.5043868327921
			34.9520805155793	-22.518877745112
			34.9520805155793	-22.5333686574319
			34.9520805155793	-22.5478595697518
			34.9520805155793	-22.5623504820717
			34.9520805155793	-22.5768413943916
			34.9520805155793	-22.5913323067115
			34.9520805155793	-22.6058232190314
			34.9520805155793	-22.6203141313513
			34.9520805155793	-22.6348050436711
			34.9520805155793	-22.649295955991
			34.9520805155793	-22.6637868683109
			34.9375896032594	-22.6782777806308
			34.9375896032594	-22.6927686929507
			34.9375896032594	-22.7072596052706
			34.9375896032594	-22.7217505175905
			34.9375896032594	-22.7362414299104
			34.9375896032594	-22.7507323422303
			34.9375896032594	-22.7652232545502
			34.9230986909395	-22.7797141668701
			34.9230986909395	-22.79420507919
			34.9230986909395	-22.8086959915099
			34.9230986909395	-22.8231869038297
			34.9086077786196	-22.8376778161496
			34.9086077786196	-22.8521687284695
			34.9086077786196	-22.8666596407894
			34.9086077786196	-22.8811505531093
			34.8941168662997	-22.8956414654292
			34.8941168662997	-22.9101323777491
			34.8796259539798	-22.924623290069
			34.8796259539798	-22.9391142023889
			34.8796259539798	-22.9536051147088
			34.8651350416599	-22.9680960270287
			34.8651350416599	-22.9825869393486
			34.85064412934	-22.9970778516684
			34.85064412934	-23.0115687639883
			34.8361532170201	-23.0260596763082
			34.8361532170201	-23.0405505886281
			34.8216623047002	-23.0405505886281
			34.8216623047002	-23.055041500948
			34.8071713923803	-23.0695324132679
			34.8071713923803	-23.0840233255878
			34.7926804800604	-23.0985142379077
			34.7781895677406	-23.1130051502276
			34.7636986554207	-23.1274960625475
			34.7636986554207	-23.1419869748674
			34.7492077431008	-23.1564778871873
			34.7347168307809	-23.1709687995071
			34.720225918461	-23.185459711827
			34.7057350061411	-23.1999506241469
			34.7057350061411	-23.2144415364668
			34.6912440938212	-23.2289324487867
			34.6767531815013	-23.2434233611066
			34.6622622691814	-23.2579142734265
			34.6477713568615	-23.2724051857464
			34.6332804445416	-23.2868960980663
			34.6187895322217	-23.3013870103862
			34.6042986199019	-23.3158779227061
			34.589807707582	-23.330368835026
			34.5753167952621	-23.3448597473459
			34.5608258829422	-23.3593506596657
			34.5463349706223	-23.3593506596657
			34.5318440583024	-23.3738415719856
			34.5173531459825	-23.3883324843055
			34.5028622336626	-23.3883324843055
			34.5028622336626	-23.4028233966254
			34.4883713213427	-23.4028233966254
			34.4738804090228	-23.4028233966254
			34.4593894967029	-23.4173143089453
			34.444898584383	-23.4173143089453
			34.4304076720632	-23.4318052212652
			34.4159167597433	-23.4318052212652
			34.4014258474234	-23.4318052212652
			34.3869349351035	-23.4462961335851
			34.3724440227836	-23.4462961335851
			34.3579531104637	-23.4462961335851
			34.3579531104637	-23.460787045905
			34.3434621981438	-23.460787045905
			34.3289712858239	-23.460787045905
			34.314480373504	-23.4752779582249
			34.2999894611841	-23.4752779582249
			34.2854985488642	-23.4752779582249
			34.2710076365443	-23.4752779582249
			34.2565167242244	-23.4752779582249
			34.2420258119046	-23.4897688705448
			34.2275348995847	-23.4897688705448
			34.2130439872648	-23.4897688705448
			34.1985530749449	-23.4897688705448
			34.184062162625	-23.4897688705448
			34.1695712503051	-23.4897688705448
			34.1550803379852	-23.4897688705448
			34.1405894256653	-23.4897688705448
			34.1260985133454	-23.4897688705448
			34.1116076010255	-23.4897688705448
			34.0971166887056	-23.4897688705448
			34.0826257763857	-23.4897688705448
			34.0681348640659	-23.4897688705448
			34.053643951746	-23.5042597828647
			34.0391530394261	-23.5042597828647
			34.0246621271062	-23.5042597828647
			34.0101712147863	-23.5187506951846
			33.9956803024664	-23.5332416075044
			33.9811893901465	-23.5477325198243
			33.9666984778266	-23.5622234321442
			33.9522075655067	-23.5767143444641
			33.9377166531868	-23.591205256784
			33.9232257408669	-23.6056961691039
			33.908734828547	-23.6201870814238
			33.8942439162272	-23.6346779937437
			33.8797530039073	-23.6491689060636
			33.8652620915874	-23.6636598183835
			33.8507711792675	-23.6781507307034
			33.8362802669476	-23.6781507307034
			33.8217893546277	-23.6926416430233
			33.8072984423078	-23.7071325553431
			33.7928075299879	-23.721623467663
			33.778316617668	-23.7361143799829
			33.7638257053481	-23.7506052923028
		</Outline4>
	</curves.scaled>
	<ruler.points type=matrix rownames=TRUE colnames=FALSE nrow=2 ncol=2 as.numeric=TRUE >
		Ruler point 1	2779	2370
		Ruler point 2	2089	2381
	</ruler.points>
</shapes>

