<shapes type=list>
	<ruler.pixel type=vector names=FALSE length=1 as.numeric=TRUE >586.08531802119</ruler.pixel>
	<ruler.interval type=vector names=FALSE length=1 as.numeric=TRUE >10</ruler.interval>
	<scaling.units type=vector names=FALSE length=1 as.numeric=FALSE >mm</scaling.units>
	<scaling type=vector names=FALSE length=1 as.numeric=TRUE >0.017062362240643</scaling>
	<landmarks.pixel type=matrix rownames=TRUE colnames=FALSE nrow=4 ncol=2 as.numeric=TRUE >
		Labial	2520	1934
		Posterior	2400	1848
		Lingual	2461	1708
		Anterior	2582	1805
	</landmarks.pixel>
	<landmarks.scaled type=matrix rownames=TRUE colnames=FALSE nrow=4 ncol=2 as.numeric=TRUE >
		Labial	42.9971528464203	-32.9986085734036
		Posterior	40.9496693775432	-31.5312454207082
		Lingual	41.9904734742224	-29.1425147070182
		Anterior	44.0550193053402	-30.7975638443606
	</landmarks.scaled>
	<curves.control type=list>
		<Outline1 type=matrix rownames=FALSE colnames=FALSE nrow=15 ncol=2 as.numeric=TRUE >
			2520	1934
			2514	1943
			2502	1953
			2491	1958
			2477	1959
			2463	1954
			2448	1949
			2438	1939
			2429	1929
			2421	1917
			2415	1905
			2410	1891
			2405	1879
			2403	1865
			2400	1848
		</Outline1>
		<Outline2 type=matrix rownames=FALSE colnames=FALSE nrow=13 ncol=2 as.numeric=TRUE >
			2400	1848
			2399	1830
			2399	1813
			2397	1796
			2398	1778
			2400	1762
			2403	1747
			2410	1735
			2415	1726
			2423	1720
			2435	1714
			2447	1710
			2461	1708
		</Outline2>
		<Outline3 type=matrix rownames=FALSE colnames=FALSE nrow=17 ncol=2 as.numeric=TRUE >
			2461	1708
			2475	1707
			2482	1698
			2491	1693
			2502	1689
			2512	1690
			2522	1693
			2532	1703
			2539	1716
			2546	1727
			2556	1735
			2564	1746
			2569	1757
			2574	1769
			2577	1780
			2579	1793
			2582	1805
		</Outline3>
		<Outline4 type=matrix rownames=FALSE colnames=FALSE nrow=11 ncol=2 as.numeric=TRUE >
			2582	1805
			2580	1826
			2578	1845
			2572	1862
			2566	1882
			2556	1897
			2547	1912
			2539	1921
			2530	1927
			2524	1929
			2520	1934
		</Outline4>
	</curves.control>
	<curves.pixel type=list>
		<Outline1 type=matrix rownames=FALSE colnames=FALSE nrow=183 ncol=2 as.numeric=TRUE >
			2520	1934
			2520	1935
			2519	1935
			2519	1936
			2518	1937
			2517	1938
			2516	1939
			2515	1940
			2515	1941
			2514	1942
			2513	1942
			2513	1943
			2512	1944
			2511	1945
			2510	1946
			2509	1946
			2508	1947
			2508	1948
			2507	1949
			2506	1950
			2505	1951
			2504	1951
			2503	1952
			2502	1953
			2501	1953
			2500	1954
			2499	1954
			2498	1955
			2497	1955
			2496	1955
			2495	1956
			2494	1956
			2493	1956
			2492	1957
			2491	1957
			2490	1957
			2489	1957
			2488	1958
			2487	1958
			2486	1958
			2485	1958
			2484	1958
			2483	1958
			2482	1959
			2481	1959
			2480	1959
			2479	1959
			2478	1959
			2477	1959
			2476	1959
			2475	1958
			2474	1958
			2473	1957
			2472	1957
			2471	1957
			2470	1957
			2469	1956
			2468	1956
			2467	1956
			2466	1955
			2465	1955
			2464	1954
			2463	1954
			2462	1954
			2461	1953
			2460	1953
			2459	1953
			2458	1953
			2458	1952
			2457	1952
			2456	1952
			2455	1951
			2454	1951
			2453	1951
			2452	1950
			2451	1950
			2450	1950
			2449	1949
			2448	1949
			2447	1948
			2446	1947
			2445	1946
			2444	1945
			2443	1944
			2442	1943
			2441	1942
			2440	1941
			2439	1940
			2438	1939
			2437	1938
			2437	1937
			2436	1936
			2435	1935
			2434	1934
			2433	1934
			2432	1933
			2431	1932
			2431	1931
			2430	1930
			2429	1929
			2428	1928
			2427	1927
			2427	1926
			2426	1925
			2426	1924
			2425	1923
			2424	1922
			2424	1921
			2423	1920
			2423	1919
			2422	1918
			2422	1917
			2421	1917
			2421	1916
			2420	1915
			2420	1914
			2419	1913
			2419	1912
			2418	1911
			2418	1910
			2417	1909
			2417	1908
			2416	1907
			2416	1906
			2415	1905
			2415	1904
			2414	1903
			2414	1902
			2414	1901
			2413	1900
			2413	1899
			2412	1898
			2412	1897
			2412	1896
			2411	1895
			2411	1894
			2411	1893
			2410	1893
			2410	1892
			2410	1891
			2409	1890
			2409	1889
			2409	1888
			2408	1887
			2408	1886
			2407	1885
			2407	1884
			2407	1883
			2406	1882
			2406	1881
			2405	1880
			2405	1879
			2405	1878
			2405	1877
			2405	1876
			2404	1875
			2404	1874
			2404	1873
			2404	1872
			2404	1871
			2404	1870
			2404	1869
			2403	1868
			2403	1867
			2403	1866
			2403	1865
			2403	1864
			2403	1863
			2402	1862
			2402	1861
			2402	1860
			2402	1859
			2402	1858
			2402	1857
			2401	1856
			2401	1855
			2401	1854
			2401	1853
			2401	1852
			2401	1851
			2400	1850
			2400	1849
			2400	1848
		</Outline1>
		<Outline2 type=matrix rownames=FALSE colnames=FALSE nrow=176 ncol=2 as.numeric=TRUE >
			2400	1848
			2400	1847
			2400	1846
			2400	1845
			2400	1844
			2400	1843
			2400	1842
			2400	1841
			2400	1840
			2400	1839
			2400	1838
			2399	1838
			2399	1837
			2399	1836
			2399	1835
			2399	1834
			2399	1833
			2399	1832
			2399	1831
			2399	1830
			2399	1829
			2399	1828
			2399	1827
			2399	1826
			2399	1825
			2399	1824
			2399	1823
			2399	1822
			2399	1821
			2399	1820
			2399	1819
			2399	1818
			2399	1817
			2399	1816
			2399	1815
			2399	1814
			2399	1813
			2399	1812
			2399	1811
			2399	1810
			2399	1809
			2398	1808
			2398	1807
			2398	1806
			2398	1805
			2398	1804
			2398	1803
			2398	1802
			2398	1801
			2398	1800
			2398	1799
			2398	1798
			2398	1797
			2398	1796
			2398	1795
			2398	1794
			2398	1793
			2398	1792
			2398	1791
			2398	1790
			2398	1789
			2398	1788
			2398	1787
			2398	1786
			2398	1785
			2398	1784
			2398	1783
			2398	1782
			2398	1781
			2398	1780
			2398	1779
			2398	1778
			2398	1777
			2398	1776
			2398	1775
			2399	1774
			2399	1773
			2399	1772
			2399	1771
			2399	1770
			2399	1769
			2399	1768
			2400	1767
			2400	1766
			2400	1765
			2400	1764
			2400	1763
			2400	1762
			2401	1761
			2401	1760
			2401	1759
			2401	1758
			2401	1757
			2401	1756
			2402	1755
			2402	1754
			2402	1753
			2402	1752
			2402	1751
			2402	1750
			2403	1749
			2403	1748
			2403	1747
			2403	1746
			2404	1746
			2404	1745
			2405	1744
			2405	1743
			2406	1743
			2406	1742
			2406	1741
			2407	1741
			2407	1740
			2408	1739
			2408	1738
			2409	1737
			2410	1736
			2410	1735
			2410	1734
			2411	1733
			2412	1732
			2412	1731
			2413	1730
			2413	1729
			2414	1728
			2414	1727
			2415	1727
			2415	1726
			2416	1725
			2417	1725
			2417	1724
			2418	1724
			2419	1723
			2420	1723
			2421	1722
			2422	1721
			2423	1720
			2424	1720
			2425	1719
			2426	1719
			2427	1718
			2428	1718
			2429	1717
			2430	1717
			2431	1716
			2432	1716
			2432	1715
			2433	1715
			2434	1714
			2435	1714
			2436	1714
			2437	1713
			2438	1713
			2439	1713
			2440	1712
			2441	1712
			2442	1712
			2443	1712
			2444	1711
			2445	1711
			2446	1711
			2447	1711
			2448	1710
			2449	1710
			2450	1710
			2451	1710
			2452	1709
			2453	1709
			2454	1709
			2455	1709
			2456	1709
			2457	1709
			2458	1708
			2459	1708
			2460	1708
			2461	1708
		</Outline2>
		<Outline3 type=matrix rownames=FALSE colnames=FALSE nrow=182 ncol=2 as.numeric=TRUE >
			2461	1708
			2462	1708
			2463	1708
			2464	1708
			2465	1707
			2466	1707
			2467	1707
			2468	1707
			2469	1706
			2470	1706
			2471	1706
			2472	1705
			2473	1705
			2474	1705
			2475	1704
			2476	1704
			2476	1703
			2477	1703
			2478	1702
			2479	1701
			2480	1700
			2481	1699
			2482	1698
			2483	1698
			2484	1697
			2485	1697
			2486	1696
			2487	1695
			2488	1695
			2489	1694
			2490	1694
			2491	1694
			2491	1693
			2492	1693
			2493	1693
			2493	1692
			2494	1692
			2495	1692
			2496	1691
			2497	1691
			2498	1691
			2499	1690
			2500	1690
			2501	1689
			2502	1689
			2503	1689
			2504	1689
			2505	1689
			2506	1690
			2507	1690
			2508	1690
			2509	1690
			2510	1690
			2511	1690
			2512	1691
			2513	1691
			2514	1691
			2515	1691
			2516	1691
			2517	1692
			2518	1692
			2519	1692
			2520	1692
			2521	1693
			2522	1693
			2523	1694
			2524	1695
			2525	1696
			2526	1697
			2526	1698
			2527	1699
			2528	1700
			2529	1701
			2530	1702
			2530	1703
			2531	1704
			2532	1705
			2533	1706
			2533	1707
			2534	1708
			2535	1709
			2535	1710
			2536	1711
			2537	1712
			2537	1713
			2538	1714
			2539	1715
			2539	1716
			2540	1717
			2540	1718
			2541	1719
			2542	1720
			2542	1721
			2543	1722
			2544	1723
			2545	1724
			2545	1725
			2546	1725
			2547	1726
			2547	1727
			2548	1728
			2549	1729
			2550	1729
			2551	1730
			2551	1731
			2552	1732
			2553	1733
			2554	1733
			2555	1734
			2556	1735
			2556	1736
			2557	1736
			2558	1737
			2558	1738
			2559	1739
			2560	1740
			2560	1741
			2561	1742
			2562	1743
			2562	1744
			2563	1745
			2563	1746
			2564	1747
			2564	1748
			2565	1749
			2566	1750
			2566	1751
			2567	1752
			2567	1753
			2568	1754
			2568	1755
			2568	1756
			2569	1757
			2569	1758
			2570	1759
			2570	1760
			2571	1761
			2571	1762
			2571	1763
			2572	1764
			2572	1765
			2573	1766
			2573	1767
			2573	1768
			2574	1769
			2574	1770
			2574	1771
			2575	1772
			2575	1773
			2575	1774
			2576	1775
			2576	1776
			2576	1777
			2576	1778
			2577	1779
			2577	1780
			2577	1781
			2577	1782
			2578	1783
			2578	1784
			2578	1785
			2578	1786
			2578	1787
			2578	1788
			2579	1789
			2579	1790
			2579	1791
			2579	1792
			2579	1793
			2580	1794
			2580	1795
			2580	1796
			2580	1797
			2580	1798
			2581	1799
			2581	1800
			2581	1801
			2581	1802
			2581	1803
			2582	1803
			2582	1804
			2582	1805
		</Outline3>
		<Outline4 type=matrix rownames=FALSE colnames=FALSE nrow=138 ncol=2 as.numeric=TRUE >
			2582	1805
			2582	1806
			2582	1807
			2582	1808
			2582	1809
			2582	1810
			2581	1811
			2581	1812
			2581	1813
			2581	1814
			2581	1815
			2581	1816
			2581	1817
			2581	1818
			2581	1819
			2581	1820
			2580	1821
			2580	1822
			2580	1823
			2580	1824
			2580	1825
			2580	1826
			2580	1827
			2580	1828
			2580	1829
			2580	1830
			2579	1831
			2579	1832
			2579	1833
			2579	1834
			2579	1835
			2579	1836
			2579	1837
			2579	1838
			2579	1839
			2578	1840
			2578	1841
			2578	1842
			2578	1843
			2578	1844
			2578	1845
			2578	1846
			2577	1847
			2577	1848
			2577	1849
			2576	1849
			2576	1850
			2576	1851
			2576	1852
			2575	1853
			2575	1854
			2575	1855
			2574	1856
			2574	1857
			2573	1858
			2573	1859
			2573	1860
			2573	1861
			2572	1862
			2572	1863
			2572	1864
			2571	1865
			2571	1866
			2571	1867
			2570	1868
			2570	1869
			2570	1870
			2569	1871
			2569	1872
			2569	1873
			2568	1874
			2568	1875
			2568	1876
			2567	1877
			2567	1878
			2567	1879
			2567	1880
			2566	1881
			2566	1882
			2565	1883
			2565	1884
			2564	1885
			2563	1886
			2563	1887
			2562	1888
			2561	1889
			2561	1890
			2560	1891
			2560	1892
			2559	1893
			2558	1894
			2557	1895
			2557	1896
			2556	1897
			2556	1898
			2555	1899
			2554	1900
			2554	1901
			2553	1902
			2553	1903
			2552	1903
			2552	1904
			2551	1905
			2551	1906
			2550	1907
			2549	1908
			2549	1909
			2548	1910
			2548	1911
			2547	1912
			2546	1913
			2545	1914
			2544	1915
			2543	1916
			2542	1917
			2541	1918
			2540	1919
			2539	1920
			2538	1921
			2537	1922
			2536	1923
			2535	1924
			2534	1924
			2533	1925
			2532	1926
			2531	1926
			2530	1927
			2529	1927
			2528	1928
			2527	1928
			2526	1929
			2525	1929
			2524	1930
			2523	1931
			2522	1932
			2521	1932
			2521	1933
			2520	1934
		</Outline4>
	</curves.pixel>
	<curves.scaled type=list>
		<Outline1 type=matrix rownames=FALSE colnames=FALSE nrow=183 ncol=2 as.numeric=TRUE >
			42.9971528464203	-32.9986085734036
			42.9971528464203	-33.0156709356442
			42.9800904841797	-33.0156709356442
			42.9800904841797	-33.0327332978848
			42.9630281219391	-33.0497956601255
			42.9459657596984	-33.0668580223661
			42.9289033974578	-33.0839203846068
			42.9118410352171	-33.1009827468474
			42.9118410352171	-33.1180451090881
			42.8947786729765	-33.1351074713287
			42.8777163107358	-33.1351074713287
			42.8777163107358	-33.1521698335693
			42.8606539484952	-33.16923219581
			42.8435915862546	-33.1862945580506
			42.8265292240139	-33.2033569202913
			42.8094668617733	-33.2033569202913
			42.7924044995326	-33.2204192825319
			42.7924044995326	-33.2374816447726
			42.775342137292	-33.2545440070132
			42.7582797750513	-33.2716063692538
			42.7412174128107	-33.2886687314945
			42.7241550505701	-33.2886687314945
			42.7070926883294	-33.3057310937351
			42.6900303260888	-33.3227934559758
			42.6729679638481	-33.3227934559758
			42.6559056016075	-33.3398558182164
			42.6388432393668	-33.3398558182164
			42.6217808771262	-33.3569181804571
			42.6047185148856	-33.3569181804571
			42.5876561526449	-33.3569181804571
			42.5705937904043	-33.3739805426977
			42.5535314281636	-33.3739805426977
			42.536469065923	-33.3739805426977
			42.5194067036823	-33.3910429049383
			42.5023443414417	-33.3910429049383
			42.4852819792011	-33.3910429049383
			42.4682196169604	-33.3910429049383
			42.4511572547198	-33.408105267179
			42.4340948924791	-33.408105267179
			42.4170325302385	-33.408105267179
			42.3999701679978	-33.408105267179
			42.3829078057572	-33.408105267179
			42.3658454435165	-33.408105267179
			42.3487830812759	-33.4251676294196
			42.3317207190353	-33.4251676294196
			42.3146583567946	-33.4251676294196
			42.297595994554	-33.4251676294196
			42.2805336323133	-33.4251676294196
			42.2634712700727	-33.4251676294196
			42.246408907832	-33.4251676294196
			42.2293465455914	-33.408105267179
			42.2122841833508	-33.408105267179
			42.1952218211101	-33.3910429049383
			42.1781594588695	-33.3910429049383
			42.1610970966288	-33.3910429049383
			42.1440347343882	-33.3910429049383
			42.1269723721475	-33.3739805426977
			42.1099100099069	-33.3739805426977
			42.0928476476663	-33.3739805426977
			42.0757852854256	-33.3569181804571
			42.058722923185	-33.3569181804571
			42.0416605609443	-33.3398558182164
			42.0245981987037	-33.3398558182164
			42.007535836463	-33.3398558182164
			41.9904734742224	-33.3227934559758
			41.9734111119818	-33.3227934559758
			41.9563487497411	-33.3227934559758
			41.9392863875005	-33.3227934559758
			41.9392863875005	-33.3057310937351
			41.9222240252598	-33.3057310937351
			41.9051616630192	-33.3057310937351
			41.8880993007785	-33.2886687314945
			41.8710369385379	-33.2886687314945
			41.8539745762973	-33.2886687314945
			41.8369122140566	-33.2716063692538
			41.819849851816	-33.2716063692538
			41.8027874895753	-33.2716063692538
			41.7857251273347	-33.2545440070132
			41.768662765094	-33.2545440070132
			41.7516004028534	-33.2374816447726
			41.7345380406128	-33.2204192825319
			41.7174756783721	-33.2033569202913
			41.7004133161315	-33.1862945580506
			41.6833509538908	-33.16923219581
			41.6662885916502	-33.1521698335693
			41.6492262294095	-33.1351074713287
			41.6321638671689	-33.1180451090881
			41.6151015049283	-33.1009827468474
			41.5980391426876	-33.0839203846068
			41.580976780447	-33.0668580223661
			41.580976780447	-33.0497956601255
			41.5639144182063	-33.0327332978848
			41.5468520559657	-33.0156709356442
			41.529789693725	-32.9986085734036
			41.5127273314844	-32.9986085734036
			41.4956649692438	-32.9815462111629
			41.4786026070031	-32.9644838489223
			41.4786026070031	-32.9474214866816
			41.4615402447625	-32.930359124441
			41.4444778825218	-32.9132967622003
			41.4274155202812	-32.8962343999597
			41.4103531580405	-32.879172037719
			41.4103531580405	-32.8621096754784
			41.3932907957999	-32.8450473132378
			41.3932907957999	-32.8279849509971
			41.3762284335593	-32.8109225887565
			41.3591660713186	-32.7938602265158
			41.3591660713186	-32.7767978642752
			41.342103709078	-32.7597355020345
			41.342103709078	-32.7426731397939
			41.3250413468373	-32.7256107775533
			41.3250413468373	-32.7085484153126
			41.3079789845967	-32.7085484153126
			41.3079789845967	-32.691486053072
			41.290916622356	-32.6744236908313
			41.290916622356	-32.6573613285907
			41.2738542601154	-32.64029896635
			41.2738542601154	-32.6232366041094
			41.2567918978748	-32.6061742418688
			41.2567918978748	-32.5891118796281
			41.2397295356341	-32.5720495173875
			41.2397295356341	-32.5549871551468
			41.2226671733935	-32.5379247929062
			41.2226671733935	-32.5208624306655
			41.2056048111528	-32.5038000684249
			41.2056048111528	-32.4867377061843
			41.1885424489122	-32.4696753439436
			41.1885424489122	-32.452612981703
			41.1885424489122	-32.4355506194623
			41.1714800866715	-32.4184882572217
			41.1714800866715	-32.401425894981
			41.1544177244309	-32.3843635327404
			41.1544177244309	-32.3673011704998
			41.1544177244309	-32.3502388082591
			41.1373553621903	-32.3331764460185
			41.1373553621903	-32.3161140837778
			41.1373553621903	-32.2990517215372
			41.1202929999496	-32.2990517215372
			41.1202929999496	-32.2819893592965
			41.1202929999496	-32.2649269970559
			41.103230637709	-32.2478646348153
			41.103230637709	-32.2308022725746
			41.103230637709	-32.213739910334
			41.0861682754683	-32.1966775480933
			41.0861682754683	-32.1796151858527
			41.0691059132277	-32.162552823612
			41.0691059132277	-32.1454904613714
			41.0691059132277	-32.1284280991308
			41.052043550987	-32.1113657368901
			41.052043550987	-32.0943033746495
			41.0349811887464	-32.0772410124088
			41.0349811887464	-32.0601786501682
			41.0349811887464	-32.0431162879275
			41.0349811887464	-32.0260539256869
			41.0349811887464	-32.0089915634463
			41.0179188265058	-31.9919292012056
			41.0179188265058	-31.974866838965
			41.0179188265058	-31.9578044767243
			41.0179188265058	-31.9407421144837
			41.0179188265058	-31.923679752243
			41.0179188265058	-31.9066173900024
			41.0179188265058	-31.8895550277618
			41.0008564642651	-31.8724926655211
			41.0008564642651	-31.8554303032805
			41.0008564642651	-31.8383679410398
			41.0008564642651	-31.8213055787992
			41.0008564642651	-31.8042432165585
			41.0008564642651	-31.7871808543179
			40.9837941020245	-31.7701184920773
			40.9837941020245	-31.7530561298366
			40.9837941020245	-31.735993767596
			40.9837941020245	-31.7189314053553
			40.9837941020245	-31.7018690431147
			40.9837941020245	-31.684806680874
			40.9667317397838	-31.6677443186334
			40.9667317397838	-31.6506819563928
			40.9667317397838	-31.6336195941521
			40.9667317397838	-31.6165572319115
			40.9667317397838	-31.5994948696708
			40.9667317397838	-31.5824325074302
			40.9496693775432	-31.5653701451895
			40.9496693775432	-31.5483077829489
			40.9496693775432	-31.5312454207082
		</Outline1>
		<Outline2 type=matrix rownames=FALSE colnames=FALSE nrow=176 ncol=2 as.numeric=TRUE >
			40.9496693775432	-31.5312454207082
			40.9496693775432	-31.5141830584676
			40.9496693775432	-31.497120696227
			40.9496693775432	-31.4800583339863
			40.9496693775432	-31.4629959717457
			40.9496693775432	-31.445933609505
			40.9496693775432	-31.4288712472644
			40.9496693775432	-31.4118088850237
			40.9496693775432	-31.3947465227831
			40.9496693775432	-31.3776841605425
			40.9496693775432	-31.3606217983018
			40.9326070153025	-31.3606217983018
			40.9326070153025	-31.3435594360612
			40.9326070153025	-31.3264970738205
			40.9326070153025	-31.3094347115799
			40.9326070153025	-31.2923723493392
			40.9326070153025	-31.2753099870986
			40.9326070153025	-31.258247624858
			40.9326070153025	-31.2411852626173
			40.9326070153025	-31.2241229003767
			40.9326070153025	-31.207060538136
			40.9326070153025	-31.1899981758954
			40.9326070153025	-31.1729358136547
			40.9326070153025	-31.1558734514141
			40.9326070153025	-31.1388110891735
			40.9326070153025	-31.1217487269328
			40.9326070153025	-31.1046863646922
			40.9326070153025	-31.0876240024515
			40.9326070153025	-31.0705616402109
			40.9326070153025	-31.0534992779702
			40.9326070153025	-31.0364369157296
			40.9326070153025	-31.019374553489
			40.9326070153025	-31.0023121912483
			40.9326070153025	-30.9852498290077
			40.9326070153025	-30.968187466767
			40.9326070153025	-30.9511251045264
			40.9326070153025	-30.9340627422857
			40.9326070153025	-30.9170003800451
			40.9326070153025	-30.8999380178045
			40.9326070153025	-30.8828756555638
			40.9326070153025	-30.8658132933232
			40.9155446530619	-30.8487509310825
			40.9155446530619	-30.8316885688419
			40.9155446530619	-30.8146262066012
			40.9155446530619	-30.7975638443606
			40.9155446530619	-30.78050148212
			40.9155446530619	-30.7634391198793
			40.9155446530619	-30.7463767576387
			40.9155446530619	-30.729314395398
			40.9155446530619	-30.7122520331574
			40.9155446530619	-30.6951896709167
			40.9155446530619	-30.6781273086761
			40.9155446530619	-30.6610649464355
			40.9155446530619	-30.6440025841948
			40.9155446530619	-30.6269402219542
			40.9155446530619	-30.6098778597135
			40.9155446530619	-30.5928154974729
			40.9155446530619	-30.5757531352322
			40.9155446530619	-30.5586907729916
			40.9155446530619	-30.541628410751
			40.9155446530619	-30.5245660485103
			40.9155446530619	-30.5075036862697
			40.9155446530619	-30.490441324029
			40.9155446530619	-30.4733789617884
			40.9155446530619	-30.4563165995477
			40.9155446530619	-30.4392542373071
			40.9155446530619	-30.4221918750665
			40.9155446530619	-30.4051295128258
			40.9155446530619	-30.3880671505852
			40.9155446530619	-30.3710047883445
			40.9155446530619	-30.3539424261039
			40.9155446530619	-30.3368800638632
			40.9155446530619	-30.3198177016226
			40.9155446530619	-30.302755339382
			40.9155446530619	-30.2856929771413
			40.9326070153025	-30.2686306149007
			40.9326070153025	-30.25156825266
			40.9326070153025	-30.2345058904194
			40.9326070153025	-30.2174435281787
			40.9326070153025	-30.2003811659381
			40.9326070153025	-30.1833188036975
			40.9326070153025	-30.1662564414568
			40.9496693775432	-30.1491940792162
			40.9496693775432	-30.1321317169755
			40.9496693775432	-30.1150693547349
			40.9496693775432	-30.0980069924942
			40.9496693775432	-30.0809446302536
			40.9496693775432	-30.063882268013
			40.9667317397838	-30.0468199057723
			40.9667317397838	-30.0297575435317
			40.9667317397838	-30.012695181291
			40.9667317397838	-29.9956328190504
			40.9667317397838	-29.9785704568097
			40.9667317397838	-29.9615080945691
			40.9837941020245	-29.9444457323285
			40.9837941020245	-29.9273833700878
			40.9837941020245	-29.9103210078472
			40.9837941020245	-29.8932586456065
			40.9837941020245	-29.8761962833659
			40.9837941020245	-29.8591339211252
			41.0008564642651	-29.8420715588846
			41.0008564642651	-29.825009196644
			41.0008564642651	-29.8079468344033
			41.0008564642651	-29.7908844721627
			41.0179188265058	-29.7908844721627
			41.0179188265058	-29.773822109922
			41.0349811887464	-29.7567597476814
			41.0349811887464	-29.7396973854407
			41.052043550987	-29.7396973854407
			41.052043550987	-29.7226350232001
			41.052043550987	-29.7055726609595
			41.0691059132277	-29.7055726609595
			41.0691059132277	-29.6885102987188
			41.0861682754683	-29.6714479364782
			41.0861682754683	-29.6543855742375
			41.103230637709	-29.6373232119969
			41.1202929999496	-29.6202608497562
			41.1202929999496	-29.6031984875156
			41.1202929999496	-29.586136125275
			41.1373553621903	-29.5690737630343
			41.1544177244309	-29.5520114007937
			41.1544177244309	-29.534949038553
			41.1714800866715	-29.5178866763124
			41.1714800866715	-29.5008243140717
			41.1885424489122	-29.4837619518311
			41.1885424489122	-29.4666995895904
			41.2056048111528	-29.4666995895904
			41.2056048111528	-29.4496372273498
			41.2226671733935	-29.4325748651092
			41.2397295356341	-29.4325748651092
			41.2397295356341	-29.4155125028685
			41.2567918978748	-29.4155125028685
			41.2738542601154	-29.3984501406279
			41.290916622356	-29.3984501406279
			41.3079789845967	-29.3813877783872
			41.3250413468373	-29.3643254161466
			41.342103709078	-29.3472630539059
			41.3591660713186	-29.3472630539059
			41.3762284335593	-29.3302006916653
			41.3932907957999	-29.3302006916653
			41.4103531580405	-29.3131383294247
			41.4274155202812	-29.3131383294247
			41.4444778825218	-29.296075967184
			41.4615402447625	-29.296075967184
			41.4786026070031	-29.2790136049434
			41.4956649692438	-29.2790136049434
			41.4956649692438	-29.2619512427027
			41.5127273314844	-29.2619512427027
			41.529789693725	-29.2448888804621
			41.5468520559657	-29.2448888804621
			41.5639144182063	-29.2448888804621
			41.580976780447	-29.2278265182214
			41.5980391426876	-29.2278265182214
			41.6151015049283	-29.2278265182214
			41.6321638671689	-29.2107641559808
			41.6492262294095	-29.2107641559808
			41.6662885916502	-29.2107641559808
			41.6833509538908	-29.2107641559808
			41.7004133161315	-29.1937017937402
			41.7174756783721	-29.1937017937402
			41.7345380406128	-29.1937017937402
			41.7516004028534	-29.1937017937402
			41.768662765094	-29.1766394314995
			41.7857251273347	-29.1766394314995
			41.8027874895753	-29.1766394314995
			41.819849851816	-29.1766394314995
			41.8369122140566	-29.1595770692589
			41.8539745762973	-29.1595770692589
			41.8710369385379	-29.1595770692589
			41.8880993007785	-29.1595770692589
			41.9051616630192	-29.1595770692589
			41.9222240252598	-29.1595770692589
			41.9392863875005	-29.1425147070182
			41.9563487497411	-29.1425147070182
			41.9734111119818	-29.1425147070182
			41.9904734742224	-29.1425147070182
		</Outline2>
		<Outline3 type=matrix rownames=FALSE colnames=FALSE nrow=182 ncol=2 as.numeric=TRUE >
			41.9904734742224	-29.1425147070182
			42.007535836463	-29.1425147070182
			42.0245981987037	-29.1425147070182
			42.0416605609443	-29.1425147070182
			42.058722923185	-29.1254523447776
			42.0757852854256	-29.1254523447776
			42.0928476476663	-29.1254523447776
			42.1099100099069	-29.1254523447776
			42.1269723721475	-29.1083899825369
			42.1440347343882	-29.1083899825369
			42.1610970966288	-29.1083899825369
			42.1781594588695	-29.0913276202963
			42.1952218211101	-29.0913276202963
			42.2122841833508	-29.0913276202963
			42.2293465455914	-29.0742652580557
			42.246408907832	-29.0742652580557
			42.246408907832	-29.057202895815
			42.2634712700727	-29.057202895815
			42.2805336323133	-29.0401405335744
			42.297595994554	-29.0230781713337
			42.3146583567946	-29.0060158090931
			42.3317207190353	-28.9889534468524
			42.3487830812759	-28.9718910846118
			42.3658454435165	-28.9718910846118
			42.3829078057572	-28.9548287223712
			42.3999701679978	-28.9548287223712
			42.4170325302385	-28.9377663601305
			42.4340948924791	-28.9207039978899
			42.4511572547198	-28.9207039978899
			42.4682196169604	-28.9036416356492
			42.4852819792011	-28.9036416356492
			42.5023443414417	-28.9036416356492
			42.5023443414417	-28.8865792734086
			42.5194067036823	-28.8865792734086
			42.536469065923	-28.8865792734086
			42.536469065923	-28.8695169111679
			42.5535314281636	-28.8695169111679
			42.5705937904043	-28.8695169111679
			42.5876561526449	-28.8524545489273
			42.6047185148856	-28.8524545489273
			42.6217808771262	-28.8524545489273
			42.6388432393668	-28.8353921866867
			42.6559056016075	-28.8353921866867
			42.6729679638481	-28.818329824446
			42.6900303260888	-28.818329824446
			42.7070926883294	-28.818329824446
			42.7241550505701	-28.818329824446
			42.7412174128107	-28.818329824446
			42.7582797750513	-28.8353921866867
			42.775342137292	-28.8353921866867
			42.7924044995326	-28.8353921866867
			42.8094668617733	-28.8353921866867
			42.8265292240139	-28.8353921866867
			42.8435915862546	-28.8353921866867
			42.8606539484952	-28.8524545489273
			42.8777163107358	-28.8524545489273
			42.8947786729765	-28.8524545489273
			42.9118410352171	-28.8524545489273
			42.9289033974578	-28.8524545489273
			42.9459657596984	-28.8695169111679
			42.9630281219391	-28.8695169111679
			42.9800904841797	-28.8695169111679
			42.9971528464203	-28.8695169111679
			43.014215208661	-28.8865792734086
			43.0312775709016	-28.8865792734086
			43.0483399331423	-28.9036416356492
			43.0654022953829	-28.9207039978899
			43.0824646576236	-28.9377663601305
			43.0995270198642	-28.9548287223712
			43.0995270198642	-28.9718910846118
			43.1165893821048	-28.9889534468524
			43.1336517443455	-29.0060158090931
			43.1507141065861	-29.0230781713337
			43.1677764688268	-29.0401405335744
			43.1677764688268	-29.057202895815
			43.1848388310674	-29.0742652580557
			43.2019011933081	-29.0913276202963
			43.2189635555487	-29.1083899825369
			43.2189635555487	-29.1254523447776
			43.2360259177893	-29.1425147070182
			43.25308828003	-29.1595770692589
			43.25308828003	-29.1766394314995
			43.2701506422706	-29.1937017937402
			43.2872130045113	-29.2107641559808
			43.2872130045113	-29.2278265182214
			43.3042753667519	-29.2448888804621
			43.3213377289926	-29.2619512427027
			43.3213377289926	-29.2790136049434
			43.3384000912332	-29.296075967184
			43.3384000912332	-29.3131383294247
			43.3554624534738	-29.3302006916653
			43.3725248157145	-29.3472630539059
			43.3725248157145	-29.3643254161466
			43.3895871779551	-29.3813877783872
			43.4066495401958	-29.3984501406279
			43.4237119024364	-29.4155125028685
			43.4237119024364	-29.4325748651092
			43.4407742646771	-29.4325748651092
			43.4578366269177	-29.4496372273498
			43.4578366269177	-29.4666995895904
			43.4748989891583	-29.4837619518311
			43.491961351399	-29.5008243140717
			43.5090237136396	-29.5008243140717
			43.5260860758803	-29.5178866763124
			43.5260860758803	-29.534949038553
			43.5431484381209	-29.5520114007937
			43.5602108003616	-29.5690737630343
			43.5772731626022	-29.5690737630343
			43.5943355248428	-29.586136125275
			43.6113978870835	-29.6031984875156
			43.6113978870835	-29.6202608497562
			43.6284602493241	-29.6202608497562
			43.6455226115648	-29.6373232119969
			43.6455226115648	-29.6543855742375
			43.6625849738054	-29.6714479364782
			43.6796473360461	-29.6885102987188
			43.6796473360461	-29.7055726609595
			43.6967096982867	-29.7226350232001
			43.7137720605273	-29.7396973854407
			43.7137720605273	-29.7567597476814
			43.730834422768	-29.773822109922
			43.730834422768	-29.7908844721627
			43.7478967850086	-29.8079468344033
			43.7478967850086	-29.825009196644
			43.7649591472493	-29.8420715588846
			43.7820215094899	-29.8591339211252
			43.7820215094899	-29.8761962833659
			43.7990838717306	-29.8932586456065
			43.7990838717306	-29.9103210078472
			43.8161462339712	-29.9273833700878
			43.8161462339712	-29.9444457323285
			43.8161462339712	-29.9615080945691
			43.8332085962118	-29.9785704568097
			43.8332085962118	-29.9956328190504
			43.8502709584525	-30.012695181291
			43.8502709584525	-30.0297575435317
			43.8673333206931	-30.0468199057723
			43.8673333206931	-30.063882268013
			43.8673333206931	-30.0809446302536
			43.8843956829338	-30.0980069924942
			43.8843956829338	-30.1150693547349
			43.9014580451744	-30.1321317169755
			43.9014580451744	-30.1491940792162
			43.9014580451744	-30.1662564414568
			43.9185204074151	-30.1833188036975
			43.9185204074151	-30.2003811659381
			43.9185204074151	-30.2174435281787
			43.9355827696557	-30.2345058904194
			43.9355827696557	-30.25156825266
			43.9355827696557	-30.2686306149007
			43.9526451318963	-30.2856929771413
			43.9526451318963	-30.302755339382
			43.9526451318963	-30.3198177016226
			43.9526451318963	-30.3368800638632
			43.969707494137	-30.3539424261039
			43.969707494137	-30.3710047883445
			43.969707494137	-30.3880671505852
			43.969707494137	-30.4051295128258
			43.9867698563776	-30.4221918750665
			43.9867698563776	-30.4392542373071
			43.9867698563776	-30.4563165995477
			43.9867698563776	-30.4733789617884
			43.9867698563776	-30.490441324029
			43.9867698563776	-30.5075036862697
			44.0038322186183	-30.5245660485103
			44.0038322186183	-30.541628410751
			44.0038322186183	-30.5586907729916
			44.0038322186183	-30.5757531352322
			44.0038322186183	-30.5928154974729
			44.0208945808589	-30.6098778597135
			44.0208945808589	-30.6269402219542
			44.0208945808589	-30.6440025841948
			44.0208945808589	-30.6610649464355
			44.0208945808589	-30.6781273086761
			44.0379569430996	-30.6951896709167
			44.0379569430996	-30.7122520331574
			44.0379569430996	-30.729314395398
			44.0379569430996	-30.7463767576387
			44.0379569430996	-30.7634391198793
			44.0550193053402	-30.7634391198793
			44.0550193053402	-30.78050148212
			44.0550193053402	-30.7975638443606
		</Outline3>
		<Outline4 type=matrix rownames=FALSE colnames=FALSE nrow=138 ncol=2 as.numeric=TRUE >
			44.0550193053402	-30.7975638443606
			44.0550193053402	-30.8146262066012
			44.0550193053402	-30.8316885688419
			44.0550193053402	-30.8487509310825
			44.0550193053402	-30.8658132933232
			44.0550193053402	-30.8828756555638
			44.0379569430996	-30.8999380178045
			44.0379569430996	-30.9170003800451
			44.0379569430996	-30.9340627422857
			44.0379569430996	-30.9511251045264
			44.0379569430996	-30.968187466767
			44.0379569430996	-30.9852498290077
			44.0379569430996	-31.0023121912483
			44.0379569430996	-31.019374553489
			44.0379569430996	-31.0364369157296
			44.0379569430996	-31.0534992779702
			44.0208945808589	-31.0705616402109
			44.0208945808589	-31.0876240024515
			44.0208945808589	-31.1046863646922
			44.0208945808589	-31.1217487269328
			44.0208945808589	-31.1388110891735
			44.0208945808589	-31.1558734514141
			44.0208945808589	-31.1729358136547
			44.0208945808589	-31.1899981758954
			44.0208945808589	-31.207060538136
			44.0208945808589	-31.2241229003767
			44.0038322186183	-31.2411852626173
			44.0038322186183	-31.258247624858
			44.0038322186183	-31.2753099870986
			44.0038322186183	-31.2923723493392
			44.0038322186183	-31.3094347115799
			44.0038322186183	-31.3264970738205
			44.0038322186183	-31.3435594360612
			44.0038322186183	-31.3606217983018
			44.0038322186183	-31.3776841605425
			43.9867698563776	-31.3947465227831
			43.9867698563776	-31.4118088850237
			43.9867698563776	-31.4288712472644
			43.9867698563776	-31.445933609505
			43.9867698563776	-31.4629959717457
			43.9867698563776	-31.4800583339863
			43.9867698563776	-31.497120696227
			43.969707494137	-31.5141830584676
			43.969707494137	-31.5312454207082
			43.969707494137	-31.5483077829489
			43.9526451318963	-31.5483077829489
			43.9526451318963	-31.5653701451895
			43.9526451318963	-31.5824325074302
			43.9526451318963	-31.5994948696708
			43.9355827696557	-31.6165572319115
			43.9355827696557	-31.6336195941521
			43.9355827696557	-31.6506819563928
			43.9185204074151	-31.6677443186334
			43.9185204074151	-31.684806680874
			43.9014580451744	-31.7018690431147
			43.9014580451744	-31.7189314053553
			43.9014580451744	-31.735993767596
			43.9014580451744	-31.7530561298366
			43.8843956829338	-31.7701184920773
			43.8843956829338	-31.7871808543179
			43.8843956829338	-31.8042432165585
			43.8673333206931	-31.8213055787992
			43.8673333206931	-31.8383679410398
			43.8673333206931	-31.8554303032805
			43.8502709584525	-31.8724926655211
			43.8502709584525	-31.8895550277618
			43.8502709584525	-31.9066173900024
			43.8332085962118	-31.923679752243
			43.8332085962118	-31.9407421144837
			43.8332085962118	-31.9578044767243
			43.8161462339712	-31.974866838965
			43.8161462339712	-31.9919292012056
			43.8161462339712	-32.0089915634463
			43.7990838717306	-32.0260539256869
			43.7990838717306	-32.0431162879275
			43.7990838717306	-32.0601786501682
			43.7990838717306	-32.0772410124088
			43.7820215094899	-32.0943033746495
			43.7820215094899	-32.1113657368901
			43.7649591472493	-32.1284280991308
			43.7649591472493	-32.1454904613714
			43.7478967850086	-32.162552823612
			43.730834422768	-32.1796151858527
			43.730834422768	-32.1966775480933
			43.7137720605273	-32.213739910334
			43.6967096982867	-32.2308022725746
			43.6967096982867	-32.2478646348153
			43.6796473360461	-32.2649269970559
			43.6796473360461	-32.2819893592965
			43.6625849738054	-32.2990517215372
			43.6455226115648	-32.3161140837778
			43.6284602493241	-32.3331764460185
			43.6284602493241	-32.3502388082591
			43.6113978870835	-32.3673011704998
			43.6113978870835	-32.3843635327404
			43.5943355248428	-32.401425894981
			43.5772731626022	-32.4184882572217
			43.5772731626022	-32.4355506194623
			43.5602108003616	-32.452612981703
			43.5602108003616	-32.4696753439436
			43.5431484381209	-32.4696753439436
			43.5431484381209	-32.4867377061843
			43.5260860758803	-32.5038000684249
			43.5260860758803	-32.5208624306655
			43.5090237136396	-32.5379247929062
			43.491961351399	-32.5549871551468
			43.491961351399	-32.5720495173875
			43.4748989891583	-32.5891118796281
			43.4748989891583	-32.6061742418688
			43.4578366269177	-32.6232366041094
			43.4407742646771	-32.64029896635
			43.4237119024364	-32.6573613285907
			43.4066495401958	-32.6744236908313
			43.3895871779551	-32.691486053072
			43.3725248157145	-32.7085484153126
			43.3554624534738	-32.7256107775533
			43.3384000912332	-32.7426731397939
			43.3213377289926	-32.7597355020345
			43.3042753667519	-32.7767978642752
			43.2872130045113	-32.7938602265158
			43.2701506422706	-32.8109225887565
			43.25308828003	-32.8279849509971
			43.2360259177893	-32.8279849509971
			43.2189635555487	-32.8450473132378
			43.2019011933081	-32.8621096754784
			43.1848388310674	-32.8621096754784
			43.1677764688268	-32.879172037719
			43.1507141065861	-32.879172037719
			43.1336517443455	-32.8962343999597
			43.1165893821048	-32.8962343999597
			43.0995270198642	-32.9132967622003
			43.0824646576236	-32.9132967622003
			43.0654022953829	-32.930359124441
			43.0483399331423	-32.9474214866816
			43.0312775709016	-32.9644838489223
			43.014215208661	-32.9644838489223
			43.014215208661	-32.9815462111629
			42.9971528464203	-32.9986085734036
		</Outline4>
	</curves.scaled>
	<ruler.points type=matrix rownames=TRUE colnames=FALSE nrow=2 ncol=2 as.numeric=TRUE >
		Ruler point 1	2706	288
		Ruler point 2	2120	278
	</ruler.points>
</shapes>

