<shapes type=list>
	<ruler.pixel type=vector names=FALSE length=1 as.numeric=TRUE >1097.00045578842</ruler.pixel>
	<ruler.interval type=vector names=FALSE length=1 as.numeric=TRUE >10</ruler.interval>
	<scaling.units type=vector names=FALSE length=1 as.numeric=FALSE >mm</scaling.units>
	<scaling type=vector names=FALSE length=1 as.numeric=TRUE >0.00911576649511322</scaling>
	<landmarks.pixel type=matrix rownames=TRUE colnames=FALSE nrow=4 ncol=2 as.numeric=TRUE >
		Labial	2578	1567
		Posterior	2500	1518
		Lingual	2557	1449
		Anterior	2635	1496
	</landmarks.pixel>
	<landmarks.scaled type=matrix rownames=TRUE colnames=FALSE nrow=4 ncol=2 as.numeric=TRUE >
		Labial	23.5004460244019	-14.2844060978424
		Posterior	22.789416237783	-13.8377335395819
		Lingual	23.3090149280045	-13.208745651419
		Anterior	24.0200447146233	-13.6371866766894
	</landmarks.scaled>
	<curves.control type=list>
		<Outline1 type=matrix rownames=FALSE colnames=FALSE nrow=17 ncol=2 as.numeric=TRUE >
			2578	1567
			2570	1570
			2562	1575
			2556	1579
			2548	1581
			2541	1582
			2533	1581
			2525	1578
			2519	1574
			2514	1569
			2510	1562
			2508	1555
			2507	1546
			2506	1537
			2504	1529
			2503	1523
			2500	1518
		</Outline1>
		<Outline2 type=matrix rownames=FALSE colnames=FALSE nrow=15 ncol=2 as.numeric=TRUE >
			2500	1518
			2498	1511
			2498	1504
			2499	1498
			2501	1490
			2504	1484
			2508	1477
			2514	1470
			2519	1464
			2524	1459
			2529	1455
			2534	1450
			2540	1449
			2548	1448
			2557	1449
		</Outline2>
		<Outline3 type=matrix rownames=FALSE colnames=FALSE nrow=15 ncol=2 as.numeric=TRUE >
			2557	1449
			2564	1449
			2572	1450
			2578	1451
			2585	1452
			2592	1452
			2600	1453
			2607	1455
			2613	1458
			2618	1462
			2622	1466
			2626	1472
			2629	1478
			2632	1485
			2635	1496
		</Outline3>
		<Outline4 type=matrix rownames=FALSE colnames=FALSE nrow=15 ncol=2 as.numeric=TRUE >
			2635	1496
			2636	1506
			2635	1515
			2633	1524
			2631	1530
			2629	1536
			2626	1543
			2622	1548
			2617	1552
			2610	1556
			2604	1557
			2596	1559
			2590	1561
			2584	1564
			2578	1567
		</Outline4>
	</curves.control>
	<curves.pixel type=list>
		<Outline1 type=matrix rownames=FALSE colnames=FALSE nrow=122 ncol=2 as.numeric=TRUE >
			2578	1567
			2577	1567
			2576	1568
			2575	1568
			2574	1569
			2573	1569
			2572	1570
			2571	1570
			2570	1571
			2569	1571
			2568	1572
			2567	1572
			2566	1573
			2565	1573
			2564	1574
			2563	1575
			2562	1575
			2561	1576
			2560	1576
			2559	1577
			2558	1577
			2558	1578
			2557	1578
			2556	1578
			2555	1579
			2554	1579
			2553	1579
			2552	1580
			2551	1580
			2550	1580
			2549	1581
			2548	1581
			2547	1581
			2546	1581
			2545	1581
			2544	1581
			2543	1581
			2542	1581
			2541	1581
			2540	1581
			2539	1581
			2538	1581
			2537	1581
			2536	1581
			2535	1581
			2534	1581
			2533	1581
			2532	1581
			2531	1580
			2530	1580
			2529	1579
			2528	1579
			2527	1578
			2526	1578
			2525	1577
			2524	1577
			2523	1576
			2522	1576
			2521	1575
			2520	1575
			2520	1574
			2519	1574
			2518	1573
			2518	1572
			2517	1572
			2516	1571
			2516	1570
			2515	1570
			2514	1569
			2514	1568
			2513	1567
			2513	1566
			2512	1565
			2511	1564
			2510	1563
			2510	1562
			2510	1561
			2509	1560
			2509	1559
			2509	1558
			2509	1557
			2509	1556
			2508	1555
			2508	1554
			2508	1553
			2508	1552
			2508	1551
			2508	1550
			2507	1549
			2507	1548
			2507	1547
			2507	1546
			2507	1545
			2507	1544
			2507	1543
			2506	1542
			2506	1541
			2506	1540
			2506	1539
			2506	1538
			2506	1537
			2505	1536
			2505	1535
			2505	1534
			2505	1533
			2505	1532
			2504	1531
			2504	1530
			2504	1529
			2504	1528
			2504	1527
			2503	1526
			2503	1525
			2503	1524
			2503	1523
			2502	1523
			2502	1522
			2502	1521
			2501	1520
			2501	1519
			2500	1519
			2500	1518
		</Outline1>
		<Outline2 type=matrix rownames=FALSE colnames=FALSE nrow=97 ncol=2 as.numeric=TRUE >
			2500	1518
			2500	1517
			2499	1516
			2499	1515
			2499	1514
			2499	1513
			2499	1512
			2499	1511
			2498	1510
			2498	1509
			2498	1508
			2498	1507
			2498	1506
			2498	1505
			2498	1504
			2498	1503
			2498	1502
			2498	1501
			2499	1501
			2499	1500
			2499	1499
			2499	1498
			2499	1497
			2500	1496
			2500	1495
			2500	1494
			2500	1493
			2501	1492
			2501	1491
			2501	1490
			2501	1489
			2502	1488
			2502	1487
			2503	1486
			2504	1485
			2504	1484
			2505	1483
			2505	1482
			2506	1481
			2506	1480
			2507	1479
			2507	1478
			2508	1478
			2508	1477
			2509	1476
			2510	1475
			2511	1474
			2512	1473
			2512	1472
			2513	1471
			2514	1470
			2515	1469
			2516	1468
			2516	1467
			2517	1466
			2518	1465
			2519	1464
			2520	1463
			2521	1462
			2522	1461
			2523	1460
			2524	1460
			2525	1459
			2525	1458
			2526	1457
			2527	1457
			2528	1456
			2529	1455
			2530	1454
			2531	1453
			2532	1453
			2533	1452
			2533	1451
			2534	1451
			2535	1450
			2536	1450
			2537	1450
			2538	1449
			2539	1449
			2540	1449
			2541	1449
			2542	1449
			2543	1449
			2544	1449
			2545	1449
			2546	1449
			2547	1449
			2548	1449
			2549	1449
			2550	1449
			2551	1449
			2552	1449
			2553	1449
			2554	1449
			2555	1449
			2556	1449
			2557	1449
		</Outline2>
		<Outline3 type=matrix rownames=FALSE colnames=FALSE nrow=99 ncol=2 as.numeric=TRUE >
			2557	1449
			2558	1449
			2559	1449
			2560	1449
			2561	1449
			2562	1449
			2563	1449
			2564	1449
			2565	1449
			2566	1449
			2567	1449
			2568	1450
			2569	1450
			2570	1450
			2571	1450
			2572	1450
			2573	1450
			2574	1450
			2575	1450
			2576	1451
			2577	1451
			2578	1451
			2579	1451
			2580	1451
			2581	1451
			2582	1452
			2583	1452
			2584	1452
			2585	1452
			2586	1452
			2587	1452
			2588	1452
			2589	1452
			2590	1452
			2591	1452
			2592	1452
			2593	1452
			2594	1452
			2595	1452
			2596	1453
			2597	1453
			2598	1453
			2599	1453
			2600	1453
			2601	1453
			2602	1454
			2603	1454
			2604	1454
			2605	1455
			2606	1455
			2607	1455
			2608	1456
			2609	1456
			2610	1457
			2611	1457
			2612	1457
			2613	1458
			2614	1458
			2614	1459
			2615	1460
			2616	1460
			2616	1461
			2617	1461
			2618	1462
			2618	1463
			2619	1463
			2620	1464
			2621	1465
			2622	1466
			2623	1467
			2623	1468
			2624	1469
			2625	1470
			2625	1471
			2626	1472
			2626	1473
			2627	1474
			2627	1475
			2628	1476
			2629	1477
			2629	1478
			2629	1479
			2630	1480
			2630	1481
			2630	1482
			2631	1483
			2631	1484
			2632	1485
			2632	1486
			2632	1487
			2633	1488
			2633	1489
			2633	1490
			2634	1491
			2634	1492
			2634	1493
			2634	1494
			2635	1495
			2635	1496
		</Outline3>
		<Outline4 type=matrix rownames=FALSE colnames=FALSE nrow=100 ncol=2 as.numeric=TRUE >
			2635	1496
			2635	1497
			2635	1498
			2635	1499
			2635	1500
			2635	1501
			2635	1502
			2635	1503
			2635	1504
			2635	1505
			2635	1506
			2635	1507
			2635	1508
			2635	1509
			2635	1510
			2635	1511
			2635	1512
			2635	1513
			2635	1514
			2635	1515
			2635	1516
			2634	1517
			2634	1518
			2634	1519
			2634	1520
			2634	1521
			2633	1522
			2633	1523
			2633	1524
			2633	1525
			2632	1525
			2632	1526
			2632	1527
			2632	1528
			2631	1529
			2631	1530
			2631	1531
			2630	1531
			2630	1532
			2630	1533
			2630	1534
			2629	1535
			2629	1536
			2628	1537
			2628	1538
			2628	1539
			2627	1540
			2627	1541
			2626	1542
			2626	1543
			2625	1544
			2624	1545
			2623	1546
			2622	1547
			2621	1548
			2621	1549
			2620	1550
			2619	1550
			2618	1551
			2617	1552
			2616	1552
			2615	1553
			2614	1554
			2613	1554
			2612	1555
			2611	1555
			2610	1555
			2609	1556
			2608	1556
			2607	1556
			2606	1557
			2605	1557
			2604	1557
			2603	1557
			2602	1558
			2601	1558
			2600	1558
			2599	1558
			2598	1559
			2597	1559
			2596	1559
			2595	1559
			2594	1560
			2593	1560
			2592	1560
			2591	1561
			2590	1561
			2589	1561
			2588	1562
			2587	1562
			2587	1563
			2586	1563
			2585	1563
			2584	1564
			2583	1565
			2582	1565
			2581	1566
			2580	1566
			2579	1566
			2578	1567
		</Outline4>
	</curves.pixel>
	<curves.scaled type=list>
		<Outline1 type=matrix rownames=FALSE colnames=FALSE nrow=122 ncol=2 as.numeric=TRUE >
			23.5004460244019	-14.2844060978424
			23.4913302579068	-14.2844060978424
			23.4822144914116	-14.2935218643375
			23.4730987249165	-14.2935218643375
			23.4639829584214	-14.3026376308326
			23.4548671919263	-14.3026376308326
			23.4457514254312	-14.3117533973277
			23.4366356589361	-14.3117533973277
			23.427519892441	-14.3208691638229
			23.4184041259458	-14.3208691638229
			23.4092883594507	-14.329984930318
			23.4001725929556	-14.329984930318
			23.3910568264605	-14.3391006968131
			23.3819410599654	-14.3391006968131
			23.3728252934703	-14.3482164633082
			23.3637095269752	-14.3573322298033
			23.3545937604801	-14.3573322298033
			23.3454779939849	-14.3664479962984
			23.3363622274898	-14.3664479962984
			23.3272464609947	-14.3755637627935
			23.3181306944996	-14.3755637627935
			23.3181306944996	-14.3846795292887
			23.3090149280045	-14.3846795292887
			23.2998991615094	-14.3846795292887
			23.2907833950143	-14.3937952957838
			23.2816676285192	-14.3937952957838
			23.272551862024	-14.3937952957838
			23.2634360955289	-14.4029110622789
			23.2543203290338	-14.4029110622789
			23.2452045625387	-14.4029110622789
			23.2360887960436	-14.412026828774
			23.2269730295485	-14.412026828774
			23.2178572630534	-14.412026828774
			23.2087414965582	-14.412026828774
			23.1996257300631	-14.412026828774
			23.190509963568	-14.412026828774
			23.1813941970729	-14.412026828774
			23.1722784305778	-14.412026828774
			23.1631626640827	-14.412026828774
			23.1540468975876	-14.412026828774
			23.1449311310925	-14.412026828774
			23.1358153645973	-14.412026828774
			23.1266995981022	-14.412026828774
			23.1175838316071	-14.412026828774
			23.108468065112	-14.412026828774
			23.0993522986169	-14.412026828774
			23.0902365321218	-14.412026828774
			23.0811207656267	-14.412026828774
			23.0720049991315	-14.4029110622789
			23.0628892326364	-14.4029110622789
			23.0537734661413	-14.3937952957838
			23.0446576996462	-14.3937952957838
			23.0355419331511	-14.3846795292887
			23.026426166656	-14.3846795292887
			23.0173104001609	-14.3755637627935
			23.0081946336658	-14.3755637627935
			22.9990788671706	-14.3664479962984
			22.9899631006755	-14.3664479962984
			22.9808473341804	-14.3573322298033
			22.9717315676853	-14.3573322298033
			22.9717315676853	-14.3482164633082
			22.9626158011902	-14.3482164633082
			22.9535000346951	-14.3391006968131
			22.9535000346951	-14.329984930318
			22.9443842682	-14.329984930318
			22.9352685017049	-14.3208691638229
			22.9352685017049	-14.3117533973277
			22.9261527352097	-14.3117533973277
			22.9170369687146	-14.3026376308326
			22.9170369687146	-14.2935218643375
			22.9079212022195	-14.2844060978424
			22.9079212022195	-14.2752903313473
			22.8988054357244	-14.2661745648522
			22.8896896692293	-14.2570587983571
			22.8805739027342	-14.247943031862
			22.8805739027342	-14.2388272653668
			22.8805739027342	-14.2297114988717
			22.8714581362391	-14.2205957323766
			22.8714581362391	-14.2114799658815
			22.8714581362391	-14.2023641993864
			22.8714581362391	-14.1932484328913
			22.8714581362391	-14.1841326663962
			22.8623423697439	-14.175016899901
			22.8623423697439	-14.1659011334059
			22.8623423697439	-14.1567853669108
			22.8623423697439	-14.1476696004157
			22.8623423697439	-14.1385538339206
			22.8623423697439	-14.1294380674255
			22.8532266032488	-14.1203223009304
			22.8532266032488	-14.1112065344353
			22.8532266032488	-14.1020907679401
			22.8532266032488	-14.092975001445
			22.8532266032488	-14.0838592349499
			22.8532266032488	-14.0747434684548
			22.8532266032488	-14.0656277019597
			22.8441108367537	-14.0565119354646
			22.8441108367537	-14.0473961689695
			22.8441108367537	-14.0382804024744
			22.8441108367537	-14.0291646359792
			22.8441108367537	-14.0200488694841
			22.8441108367537	-14.010933102989
			22.8349950702586	-14.0018173364939
			22.8349950702586	-13.9927015699988
			22.8349950702586	-13.9835858035037
			22.8349950702586	-13.9744700370086
			22.8349950702586	-13.9653542705134
			22.8258793037635	-13.9562385040183
			22.8258793037635	-13.9471227375232
			22.8258793037635	-13.9380069710281
			22.8258793037635	-13.928891204533
			22.8258793037635	-13.9197754380379
			22.8167635372684	-13.9106596715428
			22.8167635372684	-13.9015439050477
			22.8167635372684	-13.8924281385525
			22.8167635372684	-13.8833123720574
			22.8076477707733	-13.8833123720574
			22.8076477707733	-13.8741966055623
			22.8076477707733	-13.8650808390672
			22.7985320042782	-13.8559650725721
			22.7985320042782	-13.846849306077
			22.789416237783	-13.846849306077
			22.789416237783	-13.8377335395819
		</Outline1>
		<Outline2 type=matrix rownames=FALSE colnames=FALSE nrow=97 ncol=2 as.numeric=TRUE >
			22.789416237783	-13.8377335395819
			22.789416237783	-13.8286177730867
			22.7803004712879	-13.8195020065916
			22.7803004712879	-13.8103862400965
			22.7803004712879	-13.8012704736014
			22.7803004712879	-13.7921547071063
			22.7803004712879	-13.7830389406112
			22.7803004712879	-13.7739231741161
			22.7711847047928	-13.764807407621
			22.7711847047928	-13.7556916411258
			22.7711847047928	-13.7465758746307
			22.7711847047928	-13.7374601081356
			22.7711847047928	-13.7283443416405
			22.7711847047928	-13.7192285751454
			22.7711847047928	-13.7101128086503
			22.7711847047928	-13.7009970421552
			22.7711847047928	-13.69188127566
			22.7711847047928	-13.6827655091649
			22.7803004712879	-13.6827655091649
			22.7803004712879	-13.6736497426698
			22.7803004712879	-13.6645339761747
			22.7803004712879	-13.6554182096796
			22.7803004712879	-13.6463024431845
			22.789416237783	-13.6371866766894
			22.789416237783	-13.6280709101943
			22.789416237783	-13.6189551436991
			22.789416237783	-13.609839377204
			22.7985320042782	-13.6007236107089
			22.7985320042782	-13.5916078442138
			22.7985320042782	-13.5824920777187
			22.7985320042782	-13.5733763112236
			22.8076477707733	-13.5642605447285
			22.8076477707733	-13.5551447782334
			22.8167635372684	-13.5460290117382
			22.8258793037635	-13.5369132452431
			22.8258793037635	-13.527797478748
			22.8349950702586	-13.5186817122529
			22.8349950702586	-13.5095659457578
			22.8441108367537	-13.5004501792627
			22.8441108367537	-13.4913344127676
			22.8532266032488	-13.4822186462724
			22.8532266032488	-13.4731028797773
			22.8623423697439	-13.4731028797773
			22.8623423697439	-13.4639871132822
			22.8714581362391	-13.4548713467871
			22.8805739027342	-13.445755580292
			22.8896896692293	-13.4366398137969
			22.8988054357244	-13.4275240473018
			22.8988054357244	-13.4184082808067
			22.9079212022195	-13.4092925143115
			22.9170369687146	-13.4001767478164
			22.9261527352097	-13.3910609813213
			22.9352685017049	-13.3819452148262
			22.9352685017049	-13.3728294483311
			22.9443842682	-13.363713681836
			22.9535000346951	-13.3545979153409
			22.9626158011902	-13.3454821488457
			22.9717315676853	-13.3363663823506
			22.9808473341804	-13.3272506158555
			22.9899631006755	-13.3181348493604
			22.9990788671706	-13.3090190828653
			23.0081946336658	-13.3090190828653
			23.0173104001609	-13.2999033163702
			23.0173104001609	-13.2907875498751
			23.026426166656	-13.28167178338
			23.0355419331511	-13.28167178338
			23.0446576996462	-13.2725560168848
			23.0537734661413	-13.2634402503897
			23.0628892326364	-13.2543244838946
			23.0720049991315	-13.2452087173995
			23.0811207656267	-13.2452087173995
			23.0902365321218	-13.2360929509044
			23.0902365321218	-13.2269771844093
			23.0993522986169	-13.2269771844093
			23.108468065112	-13.2178614179142
			23.1175838316071	-13.2178614179142
			23.1266995981022	-13.2178614179142
			23.1358153645973	-13.208745651419
			23.1449311310925	-13.208745651419
			23.1540468975876	-13.208745651419
			23.1631626640827	-13.208745651419
			23.1722784305778	-13.208745651419
			23.1813941970729	-13.208745651419
			23.190509963568	-13.208745651419
			23.1996257300631	-13.208745651419
			23.2087414965582	-13.208745651419
			23.2178572630534	-13.208745651419
			23.2269730295485	-13.208745651419
			23.2360887960436	-13.208745651419
			23.2452045625387	-13.208745651419
			23.2543203290338	-13.208745651419
			23.2634360955289	-13.208745651419
			23.272551862024	-13.208745651419
			23.2816676285192	-13.208745651419
			23.2907833950143	-13.208745651419
			23.2998991615094	-13.208745651419
			23.3090149280045	-13.208745651419
		</Outline2>
		<Outline3 type=matrix rownames=FALSE colnames=FALSE nrow=99 ncol=2 as.numeric=TRUE >
			23.3090149280045	-13.208745651419
			23.3181306944996	-13.208745651419
			23.3272464609947	-13.208745651419
			23.3363622274898	-13.208745651419
			23.3454779939849	-13.208745651419
			23.3545937604801	-13.208745651419
			23.3637095269752	-13.208745651419
			23.3728252934703	-13.208745651419
			23.3819410599654	-13.208745651419
			23.3910568264605	-13.208745651419
			23.4001725929556	-13.208745651419
			23.4092883594507	-13.2178614179142
			23.4184041259458	-13.2178614179142
			23.427519892441	-13.2178614179142
			23.4366356589361	-13.2178614179142
			23.4457514254312	-13.2178614179142
			23.4548671919263	-13.2178614179142
			23.4639829584214	-13.2178614179142
			23.4730987249165	-13.2178614179142
			23.4822144914116	-13.2269771844093
			23.4913302579068	-13.2269771844093
			23.5004460244019	-13.2269771844093
			23.509561790897	-13.2269771844093
			23.5186775573921	-13.2269771844093
			23.5277933238872	-13.2269771844093
			23.5369090903823	-13.2360929509044
			23.5460248568774	-13.2360929509044
			23.5551406233725	-13.2360929509044
			23.5642563898677	-13.2360929509044
			23.5733721563628	-13.2360929509044
			23.5824879228579	-13.2360929509044
			23.591603689353	-13.2360929509044
			23.6007194558481	-13.2360929509044
			23.6098352223432	-13.2360929509044
			23.6189509888383	-13.2360929509044
			23.6280667553335	-13.2360929509044
			23.6371825218286	-13.2360929509044
			23.6462982883237	-13.2360929509044
			23.6554140548188	-13.2360929509044
			23.6645298213139	-13.2452087173995
			23.673645587809	-13.2452087173995
			23.6827613543041	-13.2452087173995
			23.6918771207992	-13.2452087173995
			23.7009928872944	-13.2452087173995
			23.7101086537895	-13.2452087173995
			23.7192244202846	-13.2543244838946
			23.7283401867797	-13.2543244838946
			23.7374559532748	-13.2543244838946
			23.7465717197699	-13.2634402503897
			23.755687486265	-13.2634402503897
			23.7648032527602	-13.2634402503897
			23.7739190192553	-13.2725560168848
			23.7830347857504	-13.2725560168848
			23.7921505522455	-13.28167178338
			23.8012663187406	-13.28167178338
			23.8103820852357	-13.28167178338
			23.8194978517308	-13.2907875498751
			23.8286136182259	-13.2907875498751
			23.8286136182259	-13.2999033163702
			23.8377293847211	-13.3090190828653
			23.8468451512162	-13.3090190828653
			23.8468451512162	-13.3181348493604
			23.8559609177113	-13.3181348493604
			23.8650766842064	-13.3272506158555
			23.8650766842064	-13.3363663823506
			23.8741924507015	-13.3363663823506
			23.8833082171966	-13.3454821488457
			23.8924239836917	-13.3545979153409
			23.9015397501868	-13.363713681836
			23.910655516682	-13.3728294483311
			23.910655516682	-13.3819452148262
			23.9197712831771	-13.3910609813213
			23.9288870496722	-13.4001767478164
			23.9288870496722	-13.4092925143115
			23.9380028161673	-13.4184082808067
			23.9380028161673	-13.4275240473018
			23.9471185826624	-13.4366398137969
			23.9471185826624	-13.445755580292
			23.9562343491575	-13.4548713467871
			23.9653501156526	-13.4639871132822
			23.9653501156526	-13.4731028797773
			23.9653501156526	-13.4822186462724
			23.9744658821478	-13.4913344127676
			23.9744658821478	-13.5004501792627
			23.9744658821478	-13.5095659457578
			23.9835816486429	-13.5186817122529
			23.9835816486429	-13.527797478748
			23.992697415138	-13.5369132452431
			23.992697415138	-13.5460290117382
			23.992697415138	-13.5551447782334
			24.0018131816331	-13.5642605447285
			24.0018131816331	-13.5733763112236
			24.0018131816331	-13.5824920777187
			24.0109289481282	-13.5916078442138
			24.0109289481282	-13.6007236107089
			24.0109289481282	-13.609839377204
			24.0109289481282	-13.6189551436991
			24.0200447146233	-13.6280709101943
			24.0200447146233	-13.6371866766894
		</Outline3>
		<Outline4 type=matrix rownames=FALSE colnames=FALSE nrow=100 ncol=2 as.numeric=TRUE >
			24.0200447146233	-13.6371866766894
			24.0200447146233	-13.6463024431845
			24.0200447146233	-13.6554182096796
			24.0200447146233	-13.6645339761747
			24.0200447146233	-13.6736497426698
			24.0200447146233	-13.6827655091649
			24.0200447146233	-13.69188127566
			24.0200447146233	-13.7009970421552
			24.0200447146233	-13.7101128086503
			24.0200447146233	-13.7192285751454
			24.0200447146233	-13.7283443416405
			24.0200447146233	-13.7374601081356
			24.0200447146233	-13.7465758746307
			24.0200447146233	-13.7556916411258
			24.0200447146233	-13.764807407621
			24.0200447146233	-13.7739231741161
			24.0200447146233	-13.7830389406112
			24.0200447146233	-13.7921547071063
			24.0200447146233	-13.8012704736014
			24.0200447146233	-13.8103862400965
			24.0200447146233	-13.8195020065916
			24.0109289481282	-13.8286177730867
			24.0109289481282	-13.8377335395819
			24.0109289481282	-13.846849306077
			24.0109289481282	-13.8559650725721
			24.0109289481282	-13.8650808390672
			24.0018131816331	-13.8741966055623
			24.0018131816331	-13.8833123720574
			24.0018131816331	-13.8924281385525
			24.0018131816331	-13.9015439050477
			23.992697415138	-13.9015439050477
			23.992697415138	-13.9106596715428
			23.992697415138	-13.9197754380379
			23.992697415138	-13.928891204533
			23.9835816486429	-13.9380069710281
			23.9835816486429	-13.9471227375232
			23.9835816486429	-13.9562385040183
			23.9744658821478	-13.9562385040183
			23.9744658821478	-13.9653542705134
			23.9744658821478	-13.9744700370086
			23.9744658821478	-13.9835858035037
			23.9653501156526	-13.9927015699988
			23.9653501156526	-14.0018173364939
			23.9562343491575	-14.010933102989
			23.9562343491575	-14.0200488694841
			23.9562343491575	-14.0291646359792
			23.9471185826624	-14.0382804024744
			23.9471185826624	-14.0473961689695
			23.9380028161673	-14.0565119354646
			23.9380028161673	-14.0656277019597
			23.9288870496722	-14.0747434684548
			23.9197712831771	-14.0838592349499
			23.910655516682	-14.092975001445
			23.9015397501868	-14.1020907679401
			23.8924239836917	-14.1112065344353
			23.8924239836917	-14.1203223009304
			23.8833082171966	-14.1294380674255
			23.8741924507015	-14.1294380674255
			23.8650766842064	-14.1385538339206
			23.8559609177113	-14.1476696004157
			23.8468451512162	-14.1476696004157
			23.8377293847211	-14.1567853669108
			23.8286136182259	-14.1659011334059
			23.8194978517308	-14.1659011334059
			23.8103820852357	-14.175016899901
			23.8012663187406	-14.175016899901
			23.7921505522455	-14.175016899901
			23.7830347857504	-14.1841326663962
			23.7739190192553	-14.1841326663962
			23.7648032527602	-14.1841326663962
			23.755687486265	-14.1932484328913
			23.7465717197699	-14.1932484328913
			23.7374559532748	-14.1932484328913
			23.7283401867797	-14.1932484328913
			23.7192244202846	-14.2023641993864
			23.7101086537895	-14.2023641993864
			23.7009928872944	-14.2023641993864
			23.6918771207992	-14.2023641993864
			23.6827613543041	-14.2114799658815
			23.673645587809	-14.2114799658815
			23.6645298213139	-14.2114799658815
			23.6554140548188	-14.2114799658815
			23.6462982883237	-14.2205957323766
			23.6371825218286	-14.2205957323766
			23.6280667553335	-14.2205957323766
			23.6189509888383	-14.2297114988717
			23.6098352223432	-14.2297114988717
			23.6007194558481	-14.2297114988717
			23.591603689353	-14.2388272653668
			23.5824879228579	-14.2388272653668
			23.5824879228579	-14.247943031862
			23.5733721563628	-14.247943031862
			23.5642563898677	-14.247943031862
			23.5551406233725	-14.2570587983571
			23.5460248568774	-14.2661745648522
			23.5369090903823	-14.2661745648522
			23.5277933238872	-14.2752903313473
			23.5186775573921	-14.2752903313473
			23.509561790897	-14.2752903313473
			23.5004460244019	-14.2844060978424
		</Outline4>
	</curves.scaled>
	<ruler.points type=matrix rownames=TRUE colnames=FALSE nrow=2 ncol=2 as.numeric=TRUE >
		Ruler point 1	3504	2613
		Ruler point 2	2407	2614
	</ruler.points>
</shapes>

