<shapes type=list>
	<ruler.pixel type=vector names=FALSE length=1 as.numeric=TRUE >849.099523024245</ruler.pixel>
	<ruler.interval type=vector names=FALSE length=1 as.numeric=TRUE >10</ruler.interval>
	<scaling.units type=vector names=FALSE length=1 as.numeric=FALSE >mm</scaling.units>
	<scaling type=vector names=FALSE length=1 as.numeric=TRUE >0.0117771824489819</scaling>
	<landmarks.pixel type=matrix rownames=TRUE colnames=FALSE nrow=4 ncol=2 as.numeric=TRUE >
		Labial	2497	1695
		Posterior	2435	1585
		Lingual	2525	1498
		Anterior	2586	1608
	</landmarks.pixel>
	<landmarks.scaled type=matrix rownames=TRUE colnames=FALSE nrow=4 ncol=2 as.numeric=TRUE >
		Labial	29.4076245751077	-19.9623242510242
		Posterior	28.6774392632708	-18.6668341816362
		Lingual	29.7373856836792	-17.6422193085748
		Anterior	30.4557938130671	-18.9377093779628
	</landmarks.scaled>
	<curves.control type=list>
		<Outline1 type=matrix rownames=FALSE colnames=FALSE nrow=13 ncol=2 as.numeric=TRUE >
			2497	1695
			2491	1696
			2482	1695
			2472	1692
			2461	1688
			2452	1681
			2444	1672
			2437	1664
			2432	1656
			2429	1646
			2427	1636
			2429	1607
			2435	1585
		</Outline1>
		<Outline2 type=matrix rownames=FALSE colnames=FALSE nrow=15 ncol=2 as.numeric=TRUE >
			2435	1585
			2438	1564
			2440	1549
			2442	1537
			2445	1528
			2449	1521
			2457	1516
			2465	1513
			2474	1510
			2482	1507
			2491	1505
			2500	1502
			2508	1500
			2516	1498
			2525	1498
		</Outline2>
		<Outline3 type=matrix rownames=FALSE colnames=FALSE nrow=19 ncol=2 as.numeric=TRUE >
			2525	1498
			2534	1499
			2544	1501
			2551	1504
			2557	1509
			2562	1514
			2567	1519
			2573	1529
			2576	1535
			2580	1541
			2586	1547
			2590	1553
			2592	1563
			2592	1571
			2591	1576
			2589	1582
			2588	1590
			2587	1597
			2586	1608
		</Outline3>
		<Outline4 type=matrix rownames=FALSE colnames=FALSE nrow=21 ncol=2 as.numeric=TRUE >
			2586	1608
			2584	1619
			2581	1627
			2579	1635
			2576	1643
			2573	1649
			2570	1654
			2565	1661
			2562	1665
			2557	1669
			2552	1673
			2546	1677
			2540	1679
			2533	1680
			2528	1679
			2523	1679
			2520	1681
			2517	1686
			2512	1690
			2506	1693
			2497	1695
		</Outline4>
	</curves.control>
	<curves.pixel type=list>
		<Outline1 type=matrix rownames=FALSE colnames=FALSE nrow=144 ncol=2 as.numeric=TRUE >
			2497	1695
			2496	1695
			2495	1695
			2494	1695
			2493	1695
			2492	1695
			2491	1695
			2490	1695
			2489	1695
			2488	1695
			2487	1695
			2486	1695
			2485	1695
			2484	1695
			2483	1695
			2482	1695
			2481	1695
			2480	1694
			2479	1694
			2478	1694
			2477	1694
			2477	1693
			2476	1693
			2475	1693
			2474	1692
			2473	1692
			2472	1692
			2471	1691
			2470	1691
			2469	1691
			2468	1691
			2467	1690
			2466	1690
			2465	1689
			2464	1689
			2463	1689
			2462	1688
			2461	1688
			2460	1687
			2459	1686
			2458	1686
			2457	1685
			2456	1684
			2455	1683
			2454	1682
			2453	1681
			2452	1680
			2451	1679
			2450	1678
			2449	1677
			2448	1676
			2447	1675
			2446	1674
			2445	1673
			2444	1672
			2443	1671
			2442	1670
			2442	1669
			2441	1668
			2440	1667
			2439	1666
			2439	1665
			2438	1664
			2437	1664
			2436	1663
			2436	1662
			2435	1661
			2434	1660
			2434	1659
			2433	1658
			2433	1657
			2432	1656
			2432	1655
			2431	1654
			2431	1653
			2431	1652
			2431	1651
			2430	1650
			2430	1649
			2430	1648
			2429	1647
			2429	1646
			2429	1645
			2429	1644
			2429	1643
			2428	1643
			2428	1642
			2428	1641
			2428	1640
			2428	1639
			2427	1638
			2427	1637
			2427	1636
			2427	1635
			2427	1634
			2427	1633
			2427	1632
			2427	1631
			2427	1630
			2428	1629
			2428	1628
			2428	1627
			2428	1626
			2428	1625
			2428	1624
			2428	1623
			2428	1622
			2428	1621
			2428	1620
			2429	1619
			2429	1618
			2429	1617
			2429	1616
			2429	1615
			2429	1614
			2429	1613
			2429	1612
			2430	1611
			2430	1610
			2430	1609
			2430	1608
			2430	1607
			2431	1606
			2431	1605
			2431	1604
			2431	1603
			2431	1602
			2431	1601
			2432	1600
			2432	1599
			2432	1598
			2432	1597
			2432	1596
			2433	1595
			2433	1594
			2433	1593
			2433	1592
			2434	1591
			2434	1590
			2434	1589
			2434	1588
			2435	1587
			2435	1586
			2435	1585
		</Outline1>
		<Outline2 type=matrix rownames=FALSE colnames=FALSE nrow=148 ncol=2 as.numeric=TRUE >
			2435	1585
			2435	1584
			2435	1583
			2435	1582
			2436	1581
			2436	1580
			2436	1579
			2436	1578
			2436	1577
			2436	1576
			2436	1575
			2437	1574
			2437	1573
			2437	1572
			2437	1571
			2437	1570
			2437	1569
			2437	1568
			2438	1567
			2438	1566
			2438	1565
			2438	1564
			2438	1563
			2438	1562
			2438	1561
			2439	1560
			2439	1559
			2439	1558
			2439	1557
			2439	1556
			2439	1555
			2439	1554
			2439	1553
			2440	1553
			2440	1552
			2440	1551
			2440	1550
			2440	1549
			2440	1548
			2440	1547
			2441	1546
			2441	1545
			2441	1544
			2441	1543
			2441	1542
			2442	1541
			2442	1540
			2442	1539
			2442	1538
			2442	1537
			2443	1536
			2443	1535
			2443	1534
			2444	1533
			2444	1532
			2444	1531
			2444	1530
			2445	1529
			2445	1528
			2445	1527
			2446	1527
			2446	1526
			2447	1525
			2447	1524
			2448	1524
			2448	1523
			2449	1523
			2450	1522
			2450	1521
			2451	1521
			2452	1520
			2452	1519
			2453	1519
			2454	1518
			2455	1517
			2456	1517
			2457	1516
			2458	1516
			2459	1515
			2460	1515
			2461	1514
			2462	1514
			2463	1514
			2464	1513
			2465	1513
			2466	1513
			2467	1512
			2468	1512
			2469	1512
			2470	1511
			2471	1511
			2472	1511
			2473	1510
			2474	1510
			2475	1510
			2475	1509
			2476	1509
			2477	1509
			2478	1509
			2478	1508
			2479	1508
			2480	1508
			2481	1508
			2482	1507
			2483	1507
			2484	1507
			2485	1507
			2486	1506
			2487	1506
			2488	1506
			2489	1506
			2490	1505
			2491	1505
			2492	1505
			2493	1504
			2494	1504
			2495	1504
			2496	1503
			2497	1503
			2498	1503
			2499	1503
			2499	1502
			2500	1502
			2501	1502
			2502	1502
			2503	1501
			2504	1501
			2505	1501
			2506	1501
			2507	1500
			2508	1500
			2509	1500
			2510	1499
			2511	1499
			2512	1499
			2513	1499
			2514	1499
			2515	1499
			2516	1498
			2517	1498
			2518	1498
			2519	1498
			2520	1498
			2521	1498
			2522	1498
			2523	1498
			2524	1498
			2525	1498
		</Outline2>
		<Outline3 type=matrix rownames=FALSE colnames=FALSE nrow=138 ncol=2 as.numeric=TRUE >
			2525	1498
			2526	1498
			2527	1498
			2528	1498
			2529	1498
			2530	1499
			2531	1499
			2532	1499
			2533	1499
			2534	1499
			2535	1499
			2536	1500
			2537	1500
			2538	1500
			2539	1500
			2540	1500
			2541	1500
			2542	1501
			2543	1501
			2544	1501
			2545	1502
			2546	1502
			2547	1502
			2548	1503
			2549	1503
			2550	1504
			2551	1505
			2552	1505
			2553	1506
			2554	1507
			2555	1508
			2556	1508
			2557	1509
			2558	1510
			2559	1511
			2560	1512
			2561	1513
			2562	1514
			2563	1515
			2564	1516
			2565	1517
			2566	1518
			2567	1519
			2568	1520
			2568	1521
			2569	1522
			2569	1523
			2570	1524
			2571	1525
			2571	1526
			2572	1527
			2572	1528
			2573	1529
			2573	1530
			2574	1530
			2574	1531
			2574	1532
			2575	1533
			2575	1534
			2576	1534
			2576	1535
			2576	1536
			2577	1536
			2577	1537
			2578	1538
			2579	1539
			2580	1540
			2581	1541
			2581	1542
			2582	1543
			2583	1543
			2583	1544
			2584	1545
			2585	1546
			2586	1547
			2587	1548
			2587	1549
			2588	1550
			2588	1551
			2589	1552
			2589	1553
			2590	1554
			2590	1555
			2590	1556
			2590	1557
			2591	1558
			2591	1559
			2591	1560
			2592	1561
			2592	1562
			2592	1563
			2592	1564
			2592	1565
			2592	1566
			2592	1567
			2592	1568
			2592	1569
			2592	1570
			2592	1571
			2592	1572
			2592	1573
			2591	1573
			2591	1574
			2591	1575
			2591	1576
			2591	1577
			2590	1578
			2590	1579
			2590	1580
			2590	1581
			2589	1581
			2589	1582
			2589	1583
			2589	1584
			2589	1585
			2589	1586
			2588	1587
			2588	1588
			2588	1589
			2588	1590
			2588	1591
			2588	1592
			2588	1593
			2588	1594
			2587	1595
			2587	1596
			2587	1597
			2587	1598
			2587	1599
			2587	1600
			2587	1601
			2587	1602
			2586	1603
			2586	1604
			2586	1605
			2586	1606
			2586	1607
			2586	1608
		</Outline3>
		<Outline4 type=matrix rownames=FALSE colnames=FALSE nrow=126 ncol=2 as.numeric=TRUE >
			2586	1608
			2586	1609
			2586	1610
			2585	1611
			2585	1612
			2585	1613
			2585	1614
			2584	1615
			2584	1616
			2584	1617
			2584	1618
			2583	1619
			2583	1620
			2583	1621
			2583	1622
			2582	1623
			2582	1624
			2582	1625
			2581	1626
			2581	1627
			2581	1628
			2580	1629
			2580	1630
			2580	1631
			2580	1632
			2579	1633
			2579	1634
			2579	1635
			2578	1636
			2578	1637
			2578	1638
			2577	1639
			2577	1640
			2577	1641
			2576	1642
			2576	1643
			2576	1644
			2575	1645
			2574	1646
			2574	1647
			2573	1648
			2573	1649
			2573	1650
			2572	1650
			2572	1651
			2571	1652
			2571	1653
			2570	1654
			2569	1655
			2568	1656
			2568	1657
			2567	1657
			2567	1658
			2567	1659
			2566	1659
			2566	1660
			2565	1661
			2564	1662
			2564	1663
			2563	1664
			2562	1665
			2561	1666
			2560	1667
			2559	1667
			2558	1668
			2557	1669
			2556	1670
			2555	1671
			2554	1672
			2553	1672
			2552	1673
			2551	1674
			2550	1674
			2549	1675
			2548	1675
			2547	1676
			2546	1676
			2545	1677
			2544	1677
			2543	1678
			2542	1678
			2541	1679
			2540	1679
			2539	1679
			2538	1679
			2537	1679
			2536	1679
			2535	1679
			2534	1679
			2533	1679
			2532	1679
			2531	1679
			2530	1679
			2529	1679
			2528	1679
			2527	1679
			2526	1679
			2525	1679
			2524	1679
			2523	1680
			2522	1680
			2521	1681
			2520	1682
			2519	1683
			2518	1684
			2517	1685
			2516	1686
			2515	1687
			2514	1688
			2513	1689
			2512	1690
			2511	1690
			2510	1691
			2509	1691
			2508	1692
			2507	1692
			2506	1693
			2505	1693
			2504	1693
			2503	1694
			2502	1694
			2501	1694
			2500	1694
			2499	1695
			2498	1695
			2497	1695
		</Outline4>
	</curves.pixel>
	<curves.scaled type=list>
		<Outline1 type=matrix rownames=FALSE colnames=FALSE nrow=144 ncol=2 as.numeric=TRUE >
			29.4076245751077	-19.9623242510242
			29.3958473926587	-19.9623242510242
			29.3840702102097	-19.9623242510242
			29.3722930277607	-19.9623242510242
			29.3605158453118	-19.9623242510242
			29.3487386628628	-19.9623242510242
			29.3369614804138	-19.9623242510242
			29.3251842979648	-19.9623242510242
			29.3134071155158	-19.9623242510242
			29.3016299330669	-19.9623242510242
			29.2898527506179	-19.9623242510242
			29.2780755681689	-19.9623242510242
			29.2662983857199	-19.9623242510242
			29.2545212032709	-19.9623242510242
			29.2427440208219	-19.9623242510242
			29.230966838373	-19.9623242510242
			29.219189655924	-19.9623242510242
			29.207412473475	-19.9505470685753
			29.195635291026	-19.9505470685753
			29.183858108577	-19.9505470685753
			29.1720809261281	-19.9505470685753
			29.1720809261281	-19.9387698861263
			29.1603037436791	-19.9387698861263
			29.1485265612301	-19.9387698861263
			29.1367493787811	-19.9269927036773
			29.1249721963321	-19.9269927036773
			29.1131950138831	-19.9269927036773
			29.1014178314342	-19.9152155212283
			29.0896406489852	-19.9152155212283
			29.0778634665362	-19.9152155212283
			29.0660862840872	-19.9152155212283
			29.0543091016382	-19.9034383387793
			29.0425319191893	-19.9034383387793
			29.0307547367403	-19.8916611563304
			29.0189775542913	-19.8916611563304
			29.0072003718423	-19.8916611563304
			28.9954231893933	-19.8798839738814
			28.9836460069443	-19.8798839738814
			28.9718688244954	-19.8681067914324
			28.9600916420464	-19.8563296089834
			28.9483144595974	-19.8563296089834
			28.9365372771484	-19.8445524265344
			28.9247600946994	-19.8327752440854
			28.9129829122505	-19.8209980616365
			28.9012057298015	-19.8092208791875
			28.8894285473525	-19.7974436967385
			28.8776513649035	-19.7856665142895
			28.8658741824545	-19.7738893318405
			28.8540970000055	-19.7621121493916
			28.8423198175566	-19.7503349669426
			28.8305426351076	-19.7385577844936
			28.8187654526586	-19.7267806020446
			28.8069882702096	-19.7150034195956
			28.7952110877606	-19.7032262371466
			28.7834339053117	-19.6914490546977
			28.7716567228627	-19.6796718722487
			28.7598795404137	-19.6678946897997
			28.7598795404137	-19.6561175073507
			28.7481023579647	-19.6443403249017
			28.7363251755157	-19.6325631424527
			28.7245479930667	-19.6207859600038
			28.7245479930667	-19.6090087775548
			28.7127708106178	-19.5972315951058
			28.7009936281688	-19.5972315951058
			28.6892164457198	-19.5854544126568
			28.6892164457198	-19.5736772302078
			28.6774392632708	-19.5619000477589
			28.6656620808218	-19.5501228653099
			28.6656620808218	-19.5383456828609
			28.6538848983729	-19.5265685004119
			28.6538848983729	-19.5147913179629
			28.6421077159239	-19.503014135514
			28.6421077159239	-19.491236953065
			28.6303305334749	-19.479459770616
			28.6303305334749	-19.467682588167
			28.6303305334749	-19.455905405718
			28.6303305334749	-19.444128223269
			28.6185533510259	-19.4323510408201
			28.6185533510259	-19.4205738583711
			28.6185533510259	-19.4087966759221
			28.6067761685769	-19.3970194934731
			28.6067761685769	-19.3852423110241
			28.6067761685769	-19.3734651285751
			28.6067761685769	-19.3616879461262
			28.6067761685769	-19.3499107636772
			28.5949989861279	-19.3499107636772
			28.5949989861279	-19.3381335812282
			28.5949989861279	-19.3263563987792
			28.5949989861279	-19.3145792163302
			28.5949989861279	-19.3028020338813
			28.583221803679	-19.2910248514323
			28.583221803679	-19.2792476689833
			28.583221803679	-19.2674704865343
			28.583221803679	-19.2556933040853
			28.583221803679	-19.2439161216363
			28.583221803679	-19.2321389391874
			28.583221803679	-19.2203617567384
			28.583221803679	-19.2085845742894
			28.583221803679	-19.1968073918404
			28.5949989861279	-19.1850302093914
			28.5949989861279	-19.1732530269425
			28.5949989861279	-19.1614758444935
			28.5949989861279	-19.1496986620445
			28.5949989861279	-19.1379214795955
			28.5949989861279	-19.1261442971465
			28.5949989861279	-19.1143671146976
			28.5949989861279	-19.1025899322486
			28.5949989861279	-19.0908127497996
			28.5949989861279	-19.0790355673506
			28.6067761685769	-19.0672583849016
			28.6067761685769	-19.0554812024526
			28.6067761685769	-19.0437040200037
			28.6067761685769	-19.0319268375547
			28.6067761685769	-19.0201496551057
			28.6067761685769	-19.0083724726567
			28.6067761685769	-18.9965952902077
			28.6067761685769	-18.9848181077587
			28.6185533510259	-18.9730409253098
			28.6185533510259	-18.9612637428608
			28.6185533510259	-18.9494865604118
			28.6185533510259	-18.9377093779628
			28.6185533510259	-18.9259321955138
			28.6303305334749	-18.9141550130649
			28.6303305334749	-18.9023778306159
			28.6303305334749	-18.8906006481669
			28.6303305334749	-18.8788234657179
			28.6303305334749	-18.8670462832689
			28.6303305334749	-18.8552691008199
			28.6421077159239	-18.843491918371
			28.6421077159239	-18.831714735922
			28.6421077159239	-18.819937553473
			28.6421077159239	-18.808160371024
			28.6421077159239	-18.796383188575
			28.6538848983729	-18.7846060061261
			28.6538848983729	-18.7728288236771
			28.6538848983729	-18.7610516412281
			28.6538848983729	-18.7492744587791
			28.6656620808218	-18.7374972763301
			28.6656620808218	-18.7257200938811
			28.6656620808218	-18.7139429114322
			28.6656620808218	-18.7021657289832
			28.6774392632708	-18.6903885465342
			28.6774392632708	-18.6786113640852
			28.6774392632708	-18.6668341816362
		</Outline1>
		<Outline2 type=matrix rownames=FALSE colnames=FALSE nrow=148 ncol=2 as.numeric=TRUE >
			28.6774392632708	-18.6668341816362
			28.6774392632708	-18.6550569991873
			28.6774392632708	-18.6432798167383
			28.6774392632708	-18.6315026342893
			28.6892164457198	-18.6197254518403
			28.6892164457198	-18.6079482693913
			28.6892164457198	-18.5961710869423
			28.6892164457198	-18.5843939044934
			28.6892164457198	-18.5726167220444
			28.6892164457198	-18.5608395395954
			28.6892164457198	-18.5490623571464
			28.7009936281688	-18.5372851746974
			28.7009936281688	-18.5255079922485
			28.7009936281688	-18.5137308097995
			28.7009936281688	-18.5019536273505
			28.7009936281688	-18.4901764449015
			28.7009936281688	-18.4783992624525
			28.7009936281688	-18.4666220800035
			28.7127708106178	-18.4548448975546
			28.7127708106178	-18.4430677151056
			28.7127708106178	-18.4312905326566
			28.7127708106178	-18.4195133502076
			28.7127708106178	-18.4077361677586
			28.7127708106178	-18.3959589853097
			28.7127708106178	-18.3841818028607
			28.7245479930667	-18.3724046204117
			28.7245479930667	-18.3606274379627
			28.7245479930667	-18.3488502555137
			28.7245479930667	-18.3370730730647
			28.7245479930667	-18.3252958906158
			28.7245479930667	-18.3135187081668
			28.7245479930667	-18.3017415257178
			28.7245479930667	-18.2899643432688
			28.7363251755157	-18.2899643432688
			28.7363251755157	-18.2781871608198
			28.7363251755157	-18.2664099783709
			28.7363251755157	-18.2546327959219
			28.7363251755157	-18.2428556134729
			28.7363251755157	-18.2310784310239
			28.7363251755157	-18.2193012485749
			28.7481023579647	-18.2075240661259
			28.7481023579647	-18.195746883677
			28.7481023579647	-18.183969701228
			28.7481023579647	-18.172192518779
			28.7481023579647	-18.16041533633
			28.7598795404137	-18.148638153881
			28.7598795404137	-18.1368609714321
			28.7598795404137	-18.1250837889831
			28.7598795404137	-18.1133066065341
			28.7598795404137	-18.1015294240851
			28.7716567228627	-18.0897522416361
			28.7716567228627	-18.0779750591871
			28.7716567228627	-18.0661978767382
			28.7834339053117	-18.0544206942892
			28.7834339053117	-18.0426435118402
			28.7834339053117	-18.0308663293912
			28.7834339053117	-18.0190891469422
			28.7952110877606	-18.0073119644933
			28.7952110877606	-17.9955347820443
			28.7952110877606	-17.9837575995953
			28.8069882702096	-17.9837575995953
			28.8069882702096	-17.9719804171463
			28.8187654526586	-17.9602032346973
			28.8187654526586	-17.9484260522483
			28.8305426351076	-17.9484260522483
			28.8305426351076	-17.9366488697994
			28.8423198175566	-17.9366488697994
			28.8540970000055	-17.9248716873504
			28.8540970000055	-17.9130945049014
			28.8658741824545	-17.9130945049014
			28.8776513649035	-17.9013173224524
			28.8776513649035	-17.8895401400034
			28.8894285473525	-17.8895401400034
			28.9012057298015	-17.8777629575545
			28.9129829122505	-17.8659857751055
			28.9247600946994	-17.8659857751055
			28.9365372771484	-17.8542085926565
			28.9483144595974	-17.8542085926565
			28.9600916420464	-17.8424314102075
			28.9718688244954	-17.8424314102075
			28.9836460069443	-17.8306542277585
			28.9954231893933	-17.8306542277585
			29.0072003718423	-17.8306542277585
			29.0189775542913	-17.8188770453095
			29.0307547367403	-17.8188770453095
			29.0425319191893	-17.8188770453095
			29.0543091016382	-17.8070998628606
			29.0660862840872	-17.8070998628606
			29.0778634665362	-17.8070998628606
			29.0896406489852	-17.7953226804116
			29.1014178314342	-17.7953226804116
			29.1131950138831	-17.7953226804116
			29.1249721963321	-17.7835454979626
			29.1367493787811	-17.7835454979626
			29.1485265612301	-17.7835454979626
			29.1485265612301	-17.7717683155136
			29.1603037436791	-17.7717683155136
			29.1720809261281	-17.7717683155136
			29.183858108577	-17.7717683155136
			29.183858108577	-17.7599911330646
			29.195635291026	-17.7599911330646
			29.207412473475	-17.7599911330646
			29.219189655924	-17.7599911330646
			29.230966838373	-17.7482139506157
			29.2427440208219	-17.7482139506157
			29.2545212032709	-17.7482139506157
			29.2662983857199	-17.7482139506157
			29.2780755681689	-17.7364367681667
			29.2898527506179	-17.7364367681667
			29.3016299330669	-17.7364367681667
			29.3134071155158	-17.7364367681667
			29.3251842979648	-17.7246595857177
			29.3369614804138	-17.7246595857177
			29.3487386628628	-17.7246595857177
			29.3605158453118	-17.7128824032687
			29.3722930277607	-17.7128824032687
			29.3840702102097	-17.7128824032687
			29.3958473926587	-17.7011052208197
			29.4076245751077	-17.7011052208197
			29.4194017575567	-17.7011052208197
			29.4311789400057	-17.7011052208197
			29.4311789400057	-17.6893280383707
			29.4429561224546	-17.6893280383707
			29.4547333049036	-17.6893280383707
			29.4665104873526	-17.6893280383707
			29.4782876698016	-17.6775508559218
			29.4900648522506	-17.6775508559218
			29.5018420346995	-17.6775508559218
			29.5136192171485	-17.6775508559218
			29.5253963995975	-17.6657736734728
			29.5371735820465	-17.6657736734728
			29.5489507644955	-17.6657736734728
			29.5607279469445	-17.6539964910238
			29.5725051293934	-17.6539964910238
			29.5842823118424	-17.6539964910238
			29.5960594942914	-17.6539964910238
			29.6078366767404	-17.6539964910238
			29.6196138591894	-17.6539964910238
			29.6313910416383	-17.6422193085748
			29.6431682240873	-17.6422193085748
			29.6549454065363	-17.6422193085748
			29.6667225889853	-17.6422193085748
			29.6784997714343	-17.6422193085748
			29.6902769538833	-17.6422193085748
			29.7020541363322	-17.6422193085748
			29.7138313187812	-17.6422193085748
			29.7256085012302	-17.6422193085748
			29.7373856836792	-17.6422193085748
		</Outline2>
		<Outline3 type=matrix rownames=FALSE colnames=FALSE nrow=138 ncol=2 as.numeric=TRUE >
			29.7373856836792	-17.6422193085748
			29.7491628661282	-17.6422193085748
			29.7609400485771	-17.6422193085748
			29.7727172310261	-17.6422193085748
			29.7844944134751	-17.6422193085748
			29.7962715959241	-17.6539964910238
			29.8080487783731	-17.6539964910238
			29.8198259608221	-17.6539964910238
			29.831603143271	-17.6539964910238
			29.84338032572	-17.6539964910238
			29.855157508169	-17.6539964910238
			29.866934690618	-17.6657736734728
			29.878711873067	-17.6657736734728
			29.8904890555159	-17.6657736734728
			29.9022662379649	-17.6657736734728
			29.9140434204139	-17.6657736734728
			29.9258206028629	-17.6657736734728
			29.9375977853119	-17.6775508559218
			29.9493749677609	-17.6775508559218
			29.9611521502098	-17.6775508559218
			29.9729293326588	-17.6893280383707
			29.9847065151078	-17.6893280383707
			29.9964836975568	-17.6893280383707
			30.0082608800058	-17.7011052208197
			30.0200380624547	-17.7011052208197
			30.0318152449037	-17.7128824032687
			30.0435924273527	-17.7246595857177
			30.0553696098017	-17.7246595857177
			30.0671467922507	-17.7364367681667
			30.0789239746997	-17.7482139506157
			30.0907011571486	-17.7599911330646
			30.1024783395976	-17.7599911330646
			30.1142555220466	-17.7717683155136
			30.1260327044956	-17.7835454979626
			30.1378098869446	-17.7953226804116
			30.1495870693935	-17.8070998628606
			30.1613642518425	-17.8188770453095
			30.1731414342915	-17.8306542277585
			30.1849186167405	-17.8424314102075
			30.1966957991895	-17.8542085926565
			30.2084729816385	-17.8659857751055
			30.2202501640874	-17.8777629575545
			30.2320273465364	-17.8895401400034
			30.2438045289854	-17.9013173224524
			30.2438045289854	-17.9130945049014
			30.2555817114344	-17.9248716873504
			30.2555817114344	-17.9366488697994
			30.2673588938834	-17.9484260522483
			30.2791360763323	-17.9602032346973
			30.2791360763323	-17.9719804171463
			30.2909132587813	-17.9837575995953
			30.2909132587813	-17.9955347820443
			30.3026904412303	-18.0073119644933
			30.3026904412303	-18.0190891469422
			30.3144676236793	-18.0190891469422
			30.3144676236793	-18.0308663293912
			30.3144676236793	-18.0426435118402
			30.3262448061283	-18.0544206942892
			30.3262448061283	-18.0661978767382
			30.3380219885773	-18.0661978767382
			30.3380219885773	-18.0779750591871
			30.3380219885773	-18.0897522416361
			30.3497991710262	-18.0897522416361
			30.3497991710262	-18.1015294240851
			30.3615763534752	-18.1133066065341
			30.3733535359242	-18.1250837889831
			30.3851307183732	-18.1368609714321
			30.3969079008222	-18.148638153881
			30.3969079008222	-18.16041533633
			30.4086850832711	-18.172192518779
			30.4204622657201	-18.172192518779
			30.4204622657201	-18.183969701228
			30.4322394481691	-18.195746883677
			30.4440166306181	-18.2075240661259
			30.4557938130671	-18.2193012485749
			30.4675709955161	-18.2310784310239
			30.4675709955161	-18.2428556134729
			30.479348177965	-18.2546327959219
			30.479348177965	-18.2664099783709
			30.491125360414	-18.2781871608198
			30.491125360414	-18.2899643432688
			30.502902542863	-18.3017415257178
			30.502902542863	-18.3135187081668
			30.502902542863	-18.3252958906158
			30.502902542863	-18.3370730730647
			30.514679725312	-18.3488502555137
			30.514679725312	-18.3606274379627
			30.514679725312	-18.3724046204117
			30.526456907761	-18.3841818028607
			30.526456907761	-18.3959589853097
			30.526456907761	-18.4077361677586
			30.526456907761	-18.4195133502076
			30.526456907761	-18.4312905326566
			30.526456907761	-18.4430677151056
			30.526456907761	-18.4548448975546
			30.526456907761	-18.4666220800035
			30.526456907761	-18.4783992624525
			30.526456907761	-18.4901764449015
			30.526456907761	-18.5019536273505
			30.526456907761	-18.5137308097995
			30.526456907761	-18.5255079922485
			30.514679725312	-18.5255079922485
			30.514679725312	-18.5372851746974
			30.514679725312	-18.5490623571464
			30.514679725312	-18.5608395395954
			30.514679725312	-18.5726167220444
			30.502902542863	-18.5843939044934
			30.502902542863	-18.5961710869423
			30.502902542863	-18.6079482693913
			30.502902542863	-18.6197254518403
			30.491125360414	-18.6197254518403
			30.491125360414	-18.6315026342893
			30.491125360414	-18.6432798167383
			30.491125360414	-18.6550569991873
			30.491125360414	-18.6668341816362
			30.491125360414	-18.6786113640852
			30.479348177965	-18.6903885465342
			30.479348177965	-18.7021657289832
			30.479348177965	-18.7139429114322
			30.479348177965	-18.7257200938811
			30.479348177965	-18.7374972763301
			30.479348177965	-18.7492744587791
			30.479348177965	-18.7610516412281
			30.479348177965	-18.7728288236771
			30.4675709955161	-18.7846060061261
			30.4675709955161	-18.796383188575
			30.4675709955161	-18.808160371024
			30.4675709955161	-18.819937553473
			30.4675709955161	-18.831714735922
			30.4675709955161	-18.843491918371
			30.4675709955161	-18.8552691008199
			30.4675709955161	-18.8670462832689
			30.4557938130671	-18.8788234657179
			30.4557938130671	-18.8906006481669
			30.4557938130671	-18.9023778306159
			30.4557938130671	-18.9141550130649
			30.4557938130671	-18.9259321955138
			30.4557938130671	-18.9377093779628
		</Outline3>
		<Outline4 type=matrix rownames=FALSE colnames=FALSE nrow=126 ncol=2 as.numeric=TRUE >
			30.4557938130671	-18.9377093779628
			30.4557938130671	-18.9494865604118
			30.4557938130671	-18.9612637428608
			30.4440166306181	-18.9730409253098
			30.4440166306181	-18.9848181077587
			30.4440166306181	-18.9965952902077
			30.4440166306181	-19.0083724726567
			30.4322394481691	-19.0201496551057
			30.4322394481691	-19.0319268375547
			30.4322394481691	-19.0437040200037
			30.4322394481691	-19.0554812024526
			30.4204622657201	-19.0672583849016
			30.4204622657201	-19.0790355673506
			30.4204622657201	-19.0908127497996
			30.4204622657201	-19.1025899322486
			30.4086850832711	-19.1143671146976
			30.4086850832711	-19.1261442971465
			30.4086850832711	-19.1379214795955
			30.3969079008222	-19.1496986620445
			30.3969079008222	-19.1614758444935
			30.3969079008222	-19.1732530269425
			30.3851307183732	-19.1850302093914
			30.3851307183732	-19.1968073918404
			30.3851307183732	-19.2085845742894
			30.3851307183732	-19.2203617567384
			30.3733535359242	-19.2321389391874
			30.3733535359242	-19.2439161216363
			30.3733535359242	-19.2556933040853
			30.3615763534752	-19.2674704865343
			30.3615763534752	-19.2792476689833
			30.3615763534752	-19.2910248514323
			30.3497991710262	-19.3028020338813
			30.3497991710262	-19.3145792163302
			30.3497991710262	-19.3263563987792
			30.3380219885773	-19.3381335812282
			30.3380219885773	-19.3499107636772
			30.3380219885773	-19.3616879461262
			30.3262448061283	-19.3734651285751
			30.3144676236793	-19.3852423110241
			30.3144676236793	-19.3970194934731
			30.3026904412303	-19.4087966759221
			30.3026904412303	-19.4205738583711
			30.3026904412303	-19.4323510408201
			30.2909132587813	-19.4323510408201
			30.2909132587813	-19.444128223269
			30.2791360763323	-19.455905405718
			30.2791360763323	-19.467682588167
			30.2673588938834	-19.479459770616
			30.2555817114344	-19.491236953065
			30.2438045289854	-19.503014135514
			30.2438045289854	-19.5147913179629
			30.2320273465364	-19.5147913179629
			30.2320273465364	-19.5265685004119
			30.2320273465364	-19.5383456828609
			30.2202501640874	-19.5383456828609
			30.2202501640874	-19.5501228653099
			30.2084729816385	-19.5619000477589
			30.1966957991895	-19.5736772302078
			30.1966957991895	-19.5854544126568
			30.1849186167405	-19.5972315951058
			30.1731414342915	-19.6090087775548
			30.1613642518425	-19.6207859600038
			30.1495870693935	-19.6325631424527
			30.1378098869446	-19.6325631424527
			30.1260327044956	-19.6443403249017
			30.1142555220466	-19.6561175073507
			30.1024783395976	-19.6678946897997
			30.0907011571486	-19.6796718722487
			30.0789239746997	-19.6914490546977
			30.0671467922507	-19.6914490546977
			30.0553696098017	-19.7032262371466
			30.0435924273527	-19.7150034195956
			30.0318152449037	-19.7150034195956
			30.0200380624547	-19.7267806020446
			30.0082608800058	-19.7267806020446
			29.9964836975568	-19.7385577844936
			29.9847065151078	-19.7385577844936
			29.9729293326588	-19.7503349669426
			29.9611521502098	-19.7503349669426
			29.9493749677609	-19.7621121493916
			29.9375977853119	-19.7621121493916
			29.9258206028629	-19.7738893318405
			29.9140434204139	-19.7738893318405
			29.9022662379649	-19.7738893318405
			29.8904890555159	-19.7738893318405
			29.878711873067	-19.7738893318405
			29.866934690618	-19.7738893318405
			29.855157508169	-19.7738893318405
			29.84338032572	-19.7738893318405
			29.831603143271	-19.7738893318405
			29.8198259608221	-19.7738893318405
			29.8080487783731	-19.7738893318405
			29.7962715959241	-19.7738893318405
			29.7844944134751	-19.7738893318405
			29.7727172310261	-19.7738893318405
			29.7609400485771	-19.7738893318405
			29.7491628661282	-19.7738893318405
			29.7373856836792	-19.7738893318405
			29.7256085012302	-19.7738893318405
			29.7138313187812	-19.7856665142895
			29.7020541363322	-19.7856665142895
			29.6902769538833	-19.7974436967385
			29.6784997714343	-19.8092208791875
			29.6667225889853	-19.8209980616365
			29.6549454065363	-19.8327752440854
			29.6431682240873	-19.8445524265344
			29.6313910416383	-19.8563296089834
			29.6196138591894	-19.8681067914324
			29.6078366767404	-19.8798839738814
			29.5960594942914	-19.8916611563304
			29.5842823118424	-19.9034383387793
			29.5725051293934	-19.9034383387793
			29.5607279469445	-19.9152155212283
			29.5489507644955	-19.9152155212283
			29.5371735820465	-19.9269927036773
			29.5253963995975	-19.9269927036773
			29.5136192171485	-19.9387698861263
			29.5018420346995	-19.9387698861263
			29.4900648522506	-19.9387698861263
			29.4782876698016	-19.9505470685753
			29.4665104873526	-19.9505470685753
			29.4547333049036	-19.9505470685753
			29.4429561224546	-19.9505470685753
			29.4311789400057	-19.9623242510242
			29.4194017575567	-19.9623242510242
			29.4076245751077	-19.9623242510242
		</Outline4>
	</curves.scaled>
	<ruler.points type=matrix rownames=TRUE colnames=FALSE nrow=2 ncol=2 as.numeric=TRUE >
		Ruler point 1	3282	2569
		Ruler point 2	2433	2582
	</ruler.points>
</shapes>

