<shapes type=list>
	<ruler.pixel type=vector names=FALSE length=1 as.numeric=TRUE >1234.10372335554</ruler.pixel>
	<ruler.interval type=vector names=FALSE length=1 as.numeric=TRUE >10</ruler.interval>
	<scaling.units type=vector names=FALSE length=1 as.numeric=FALSE >mm</scaling.units>
	<scaling type=vector names=FALSE length=1 as.numeric=TRUE >0.00804446657061134</scaling>
	<landmarks.pixel type=matrix rownames=TRUE colnames=FALSE nrow=4 ncol=2 as.numeric=TRUE >
		Labial	2297	1190
		Posterior	2222	1144
		Lingual	2274	1076
		Anterior	2349	1120
	</landmarks.pixel>
	<landmarks.scaled type=matrix rownames=TRUE colnames=FALSE nrow=4 ncol=2 as.numeric=TRUE >
		Labial	18.4781397126943	-9.5729152190275
		Posterior	17.8748047198984	-9.20286975677937
		Lingual	18.2931169815702	-8.6558460299778
		Anterior	18.896451974366	-9.0098025590847
	</landmarks.scaled>
	<curves.control type=list>
		<Outline1 type=matrix rownames=FALSE colnames=FALSE nrow=15 ncol=2 as.numeric=TRUE >
			2297	1190
			2288	1195
			2280	1199
			2272	1202
			2265	1203
			2256	1203
			2247	1199
			2239	1194
			2234	1187
			2230	1179
			2227	1173
			2224	1164
			2223	1157
			2222	1150
			2222	1144
		</Outline1>
		<Outline2 type=matrix rownames=FALSE colnames=FALSE nrow=13 ncol=2 as.numeric=TRUE >
			2222	1144
			2224	1131
			2225	1120
			2227	1109
			2231	1100
			2235	1093
			2240	1087
			2245	1082
			2250	1078
			2256	1076
			2261	1075
			2267	1075
			2274	1076
		</Outline2>
		<Outline3 type=matrix rownames=FALSE colnames=FALSE nrow=13 ncol=2 as.numeric=TRUE >
			2274	1076
			2281	1077
			2289	1077
			2294	1078
			2300	1079
			2309	1080
			2318	1082
			2327	1085
			2334	1089
			2340	1094
			2344	1100
			2347	1107
			2349	1120
		</Outline3>
		<Outline4 type=matrix rownames=FALSE colnames=FALSE nrow=13 ncol=2 as.numeric=TRUE >
			2349	1120
			2351	1129
			2351	1137
			2350	1146
			2346	1152
			2343	1158
			2339	1164
			2334	1170
			2329	1174
			2322	1180
			2315	1183
			2306	1185
			2297	1190
		</Outline4>
	</curves.control>
	<curves.pixel type=list>
		<Outline1 type=matrix rownames=FALSE colnames=FALSE nrow=111 ncol=2 as.numeric=TRUE >
			2297	1190
			2296	1191
			2295	1191
			2294	1192
			2293	1192
			2292	1193
			2291	1193
			2290	1194
			2289	1195
			2288	1195
			2287	1196
			2286	1196
			2285	1197
			2284	1197
			2283	1198
			2282	1198
			2281	1199
			2280	1199
			2279	1199
			2278	1200
			2277	1200
			2276	1200
			2275	1201
			2274	1201
			2273	1201
			2272	1202
			2271	1202
			2270	1202
			2269	1202
			2268	1203
			2267	1203
			2266	1203
			2265	1203
			2264	1203
			2263	1203
			2262	1203
			2261	1203
			2260	1203
			2259	1203
			2258	1202
			2257	1202
			2256	1202
			2255	1202
			2254	1202
			2253	1201
			2252	1201
			2251	1200
			2250	1200
			2249	1200
			2248	1199
			2247	1199
			2246	1198
			2245	1198
			2245	1197
			2244	1197
			2243	1196
			2242	1195
			2241	1194
			2240	1193
			2239	1193
			2238	1192
			2237	1191
			2236	1190
			2236	1189
			2235	1188
			2234	1187
			2234	1186
			2233	1185
			2233	1184
			2232	1183
			2232	1182
			2231	1181
			2231	1180
			2230	1180
			2230	1179
			2229	1178
			2229	1177
			2229	1176
			2228	1175
			2228	1174
			2227	1174
			2227	1173
			2227	1172
			2226	1171
			2226	1170
			2226	1169
			2225	1168
			2225	1167
			2225	1166
			2225	1165
			2224	1164
			2224	1163
			2224	1162
			2224	1161
			2223	1160
			2223	1159
			2223	1158
			2223	1157
			2223	1156
			2223	1155
			2223	1154
			2223	1153
			2222	1152
			2222	1151
			2222	1150
			2222	1149
			2222	1148
			2222	1147
			2222	1146
			2222	1145
			2222	1144
		</Outline1>
		<Outline2 type=matrix rownames=FALSE colnames=FALSE nrow=92 ncol=2 as.numeric=TRUE >
			2222	1144
			2222	1143
			2222	1142
			2222	1141
			2223	1140
			2223	1139
			2223	1138
			2223	1137
			2223	1136
			2223	1135
			2223	1134
			2224	1133
			2224	1132
			2224	1131
			2224	1130
			2224	1129
			2224	1128
			2224	1127
			2224	1126
			2224	1125
			2225	1124
			2225	1123
			2225	1122
			2225	1121
			2225	1120
			2225	1119
			2225	1118
			2226	1117
			2226	1116
			2226	1115
			2226	1114
			2227	1113
			2227	1112
			2227	1111
			2227	1110
			2228	1109
			2228	1108
			2228	1107
			2229	1106
			2229	1105
			2230	1104
			2230	1103
			2230	1102
			2231	1101
			2231	1100
			2232	1099
			2232	1098
			2233	1097
			2233	1096
			2234	1095
			2235	1094
			2236	1093
			2236	1092
			2237	1091
			2238	1090
			2239	1089
			2239	1088
			2240	1087
			2241	1086
			2242	1085
			2243	1084
			2244	1083
			2245	1082
			2246	1081
			2247	1081
			2248	1080
			2249	1079
			2250	1078
			2251	1078
			2252	1077
			2253	1077
			2254	1077
			2255	1076
			2256	1076
			2257	1076
			2258	1076
			2259	1075
			2260	1075
			2261	1075
			2262	1075
			2263	1075
			2264	1075
			2265	1075
			2266	1075
			2267	1075
			2268	1075
			2269	1075
			2270	1075
			2271	1076
			2272	1076
			2273	1076
			2274	1076
		</Outline2>
		<Outline3 type=matrix rownames=FALSE colnames=FALSE nrow=97 ncol=2 as.numeric=TRUE >
			2274	1076
			2275	1076
			2276	1076
			2277	1076
			2278	1076
			2278	1077
			2279	1077
			2280	1077
			2281	1077
			2282	1077
			2283	1077
			2284	1077
			2285	1077
			2286	1077
			2287	1077
			2288	1077
			2289	1077
			2290	1077
			2291	1077
			2292	1078
			2293	1078
			2294	1078
			2295	1078
			2296	1078
			2297	1079
			2298	1079
			2299	1079
			2300	1079
			2301	1079
			2302	1079
			2303	1079
			2304	1080
			2305	1080
			2306	1080
			2307	1080
			2308	1080
			2309	1080
			2310	1080
			2311	1081
			2312	1081
			2313	1081
			2314	1081
			2315	1081
			2316	1082
			2317	1082
			2318	1082
			2319	1082
			2320	1083
			2321	1083
			2322	1084
			2323	1084
			2324	1084
			2325	1085
			2326	1085
			2327	1085
			2328	1086
			2329	1087
			2330	1087
			2331	1087
			2331	1088
			2332	1088
			2333	1088
			2333	1089
			2334	1089
			2335	1090
			2336	1090
			2337	1091
			2338	1092
			2339	1093
			2340	1094
			2340	1095
			2341	1096
			2342	1097
			2343	1098
			2343	1099
			2344	1099
			2344	1100
			2344	1101
			2345	1102
			2345	1103
			2346	1104
			2346	1105
			2346	1106
			2346	1107
			2347	1108
			2347	1109
			2347	1110
			2347	1111
			2348	1112
			2348	1113
			2348	1114
			2348	1115
			2348	1116
			2349	1117
			2349	1118
			2349	1119
			2349	1120
		</Outline3>
		<Outline4 type=matrix rownames=FALSE colnames=FALSE nrow=92 ncol=2 as.numeric=TRUE >
			2349	1120
			2349	1121
			2349	1122
			2350	1123
			2350	1124
			2350	1125
			2350	1126
			2350	1127
			2350	1128
			2351	1129
			2351	1130
			2351	1131
			2351	1132
			2351	1133
			2351	1134
			2351	1135
			2351	1136
			2351	1137
			2351	1138
			2351	1139
			2351	1140
			2350	1141
			2350	1142
			2350	1143
			2350	1144
			2349	1145
			2349	1146
			2349	1147
			2348	1148
			2348	1149
			2347	1150
			2347	1151
			2346	1151
			2346	1152
			2346	1153
			2345	1154
			2344	1155
			2344	1156
			2343	1157
			2343	1158
			2342	1159
			2342	1160
			2341	1161
			2341	1162
			2340	1163
			2339	1164
			2338	1165
			2337	1166
			2336	1167
			2335	1168
			2334	1169
			2333	1170
			2332	1171
			2331	1172
			2330	1173
			2330	1174
			2329	1174
			2328	1175
			2327	1176
			2326	1176
			2325	1177
			2324	1178
			2323	1179
			2322	1179
			2321	1180
			2320	1180
			2319	1181
			2318	1181
			2317	1182
			2316	1182
			2316	1183
			2315	1183
			2314	1183
			2313	1184
			2312	1184
			2311	1184
			2310	1184
			2309	1185
			2308	1185
			2307	1186
			2306	1186
			2305	1186
			2304	1187
			2303	1187
			2302	1187
			2302	1188
			2301	1188
			2300	1188
			2300	1189
			2299	1189
			2298	1189
			2297	1190
		</Outline4>
	</curves.pixel>
	<curves.scaled type=list>
		<Outline1 type=matrix rownames=FALSE colnames=FALSE nrow=111 ncol=2 as.numeric=TRUE >
			18.4781397126943	-9.5729152190275
			18.4700952461236	-9.58095968559811
			18.462050779553	-9.58095968559811
			18.4540063129824	-9.58900415216872
			18.4459618464118	-9.58900415216872
			18.4379173798412	-9.59704861873933
			18.4298729132706	-9.59704861873933
			18.4218284467	-9.60509308530994
			18.4137839801294	-9.61313755188055
			18.4057395135587	-9.61313755188055
			18.3976950469881	-9.62118201845116
			18.3896505804175	-9.62118201845116
			18.3816061138469	-9.62922648502177
			18.3735616472763	-9.62922648502177
			18.3655171807057	-9.63727095159239
			18.3574727141351	-9.63727095159239
			18.3494282475645	-9.645315418163
			18.3413837809939	-9.645315418163
			18.3333393144232	-9.645315418163
			18.3252948478526	-9.65335988473361
			18.317250381282	-9.65335988473361
			18.3092059147114	-9.65335988473361
			18.3011614481408	-9.66140435130422
			18.2931169815702	-9.66140435130422
			18.2850725149996	-9.66140435130422
			18.277028048429	-9.66944881787483
			18.2689835818584	-9.66944881787483
			18.2609391152877	-9.66944881787483
			18.2528946487171	-9.66944881787483
			18.2448501821465	-9.67749328444544
			18.2368057155759	-9.67749328444544
			18.2287612490053	-9.67749328444544
			18.2207167824347	-9.67749328444544
			18.2126723158641	-9.67749328444544
			18.2046278492935	-9.67749328444544
			18.1965833827229	-9.67749328444544
			18.1885389161522	-9.67749328444544
			18.1804944495816	-9.67749328444544
			18.172449983011	-9.67749328444544
			18.1644055164404	-9.66944881787483
			18.1563610498698	-9.66944881787483
			18.1483165832992	-9.66944881787483
			18.1402721167286	-9.66944881787483
			18.132227650158	-9.66944881787483
			18.1241831835874	-9.66140435130422
			18.1161387170167	-9.66140435130422
			18.1080942504461	-9.65335988473361
			18.1000497838755	-9.65335988473361
			18.0920053173049	-9.65335988473361
			18.0839608507343	-9.645315418163
			18.0759163841637	-9.645315418163
			18.0678719175931	-9.63727095159239
			18.0598274510225	-9.63727095159239
			18.0598274510225	-9.62922648502177
			18.0517829844519	-9.62922648502177
			18.0437385178812	-9.62118201845116
			18.0356940513106	-9.61313755188055
			18.02764958474	-9.60509308530994
			18.0196051181694	-9.59704861873933
			18.0115606515988	-9.59704861873933
			18.0035161850282	-9.58900415216872
			17.9954717184576	-9.58095968559811
			17.987427251887	-9.5729152190275
			17.987427251887	-9.56487075245689
			17.9793827853163	-9.55682628588627
			17.9713383187457	-9.54878181931566
			17.9713383187457	-9.54073735274505
			17.9632938521751	-9.53269288617444
			17.9632938521751	-9.52464841960383
			17.9552493856045	-9.51660395303322
			17.9552493856045	-9.50855948646261
			17.9472049190339	-9.50051501989199
			17.9472049190339	-9.49247055332138
			17.9391604524633	-9.49247055332138
			17.9391604524633	-9.48442608675077
			17.9311159858927	-9.47638162018016
			17.9311159858927	-9.46833715360955
			17.9311159858927	-9.46029268703894
			17.9230715193221	-9.45224822046833
			17.9230715193221	-9.44420375389771
			17.9150270527515	-9.44420375389771
			17.9150270527515	-9.4361592873271
			17.9150270527515	-9.42811482075649
			17.9069825861808	-9.42007035418588
			17.9069825861808	-9.41202588761527
			17.9069825861808	-9.40398142104466
			17.8989381196102	-9.39593695447405
			17.8989381196102	-9.38789248790344
			17.8989381196102	-9.37984802133282
			17.8989381196102	-9.37180355476221
			17.8908936530396	-9.3637590881916
			17.8908936530396	-9.35571462162099
			17.8908936530396	-9.34767015505038
			17.8908936530396	-9.33962568847977
			17.882849186469	-9.33158122190916
			17.882849186469	-9.32353675533854
			17.882849186469	-9.31549228876793
			17.882849186469	-9.30744782219732
			17.882849186469	-9.29940335562671
			17.882849186469	-9.2913588890561
			17.882849186469	-9.28331442248549
			17.882849186469	-9.27526995591488
			17.8748047198984	-9.26722548934426
			17.8748047198984	-9.25918102277365
			17.8748047198984	-9.25113655620304
			17.8748047198984	-9.24309208963243
			17.8748047198984	-9.23504762306182
			17.8748047198984	-9.22700315649121
			17.8748047198984	-9.2189586899206
			17.8748047198984	-9.21091422334999
			17.8748047198984	-9.20286975677937
		</Outline1>
		<Outline2 type=matrix rownames=FALSE colnames=FALSE nrow=92 ncol=2 as.numeric=TRUE >
			17.8748047198984	-9.20286975677937
			17.8748047198984	-9.19482529020876
			17.8748047198984	-9.18678082363815
			17.8748047198984	-9.17873635706754
			17.882849186469	-9.17069189049693
			17.882849186469	-9.16264742392632
			17.882849186469	-9.15460295735571
			17.882849186469	-9.14655849078509
			17.882849186469	-9.13851402421448
			17.882849186469	-9.13046955764387
			17.882849186469	-9.12242509107326
			17.8908936530396	-9.11438062450265
			17.8908936530396	-9.10633615793204
			17.8908936530396	-9.09829169136143
			17.8908936530396	-9.09024722479082
			17.8908936530396	-9.0822027582202
			17.8908936530396	-9.07415829164959
			17.8908936530396	-9.06611382507898
			17.8908936530396	-9.05806935850837
			17.8908936530396	-9.05002489193776
			17.8989381196102	-9.04198042536715
			17.8989381196102	-9.03393595879654
			17.8989381196102	-9.02589149222593
			17.8989381196102	-9.01784702565531
			17.8989381196102	-9.0098025590847
			17.8989381196102	-9.00175809251409
			17.8989381196102	-8.99371362594348
			17.9069825861808	-8.98566915937287
			17.9069825861808	-8.97762469280226
			17.9069825861808	-8.96958022623165
			17.9069825861808	-8.96153575966103
			17.9150270527515	-8.95349129309042
			17.9150270527515	-8.94544682651981
			17.9150270527515	-8.9374023599492
			17.9150270527515	-8.92935789337859
			17.9230715193221	-8.92131342680798
			17.9230715193221	-8.91326896023737
			17.9230715193221	-8.90522449366675
			17.9311159858927	-8.89718002709614
			17.9311159858927	-8.88913556052553
			17.9391604524633	-8.88109109395492
			17.9391604524633	-8.87304662738431
			17.9391604524633	-8.8650021608137
			17.9472049190339	-8.85695769424309
			17.9472049190339	-8.84891322767248
			17.9552493856045	-8.84086876110186
			17.9552493856045	-8.83282429453125
			17.9632938521751	-8.82477982796064
			17.9632938521751	-8.81673536139003
			17.9713383187457	-8.80869089481942
			17.9793827853163	-8.80064642824881
			17.987427251887	-8.7926019616782
			17.987427251887	-8.78455749510758
			17.9954717184576	-8.77651302853697
			18.0035161850282	-8.76846856196636
			18.0115606515988	-8.76042409539575
			18.0115606515988	-8.75237962882514
			18.0196051181694	-8.74433516225453
			18.02764958474	-8.73629069568392
			18.0356940513106	-8.7282462291133
			18.0437385178812	-8.72020176254269
			18.0517829844519	-8.71215729597208
			18.0598274510225	-8.70411282940147
			18.0678719175931	-8.69606836283086
			18.0759163841637	-8.69606836283086
			18.0839608507343	-8.68802389626025
			18.0920053173049	-8.67997942968964
			18.1000497838755	-8.67193496311903
			18.1080942504461	-8.67193496311903
			18.1161387170167	-8.66389049654842
			18.1241831835874	-8.66389049654842
			18.132227650158	-8.66389049654842
			18.1402721167286	-8.6558460299778
			18.1483165832992	-8.6558460299778
			18.1563610498698	-8.6558460299778
			18.1644055164404	-8.6558460299778
			18.172449983011	-8.64780156340719
			18.1804944495816	-8.64780156340719
			18.1885389161522	-8.64780156340719
			18.1965833827229	-8.64780156340719
			18.2046278492935	-8.64780156340719
			18.2126723158641	-8.64780156340719
			18.2207167824347	-8.64780156340719
			18.2287612490053	-8.64780156340719
			18.2368057155759	-8.64780156340719
			18.2448501821465	-8.64780156340719
			18.2528946487171	-8.64780156340719
			18.2609391152877	-8.64780156340719
			18.2689835818584	-8.6558460299778
			18.277028048429	-8.6558460299778
			18.2850725149996	-8.6558460299778
			18.2931169815702	-8.6558460299778
		</Outline2>
		<Outline3 type=matrix rownames=FALSE colnames=FALSE nrow=97 ncol=2 as.numeric=TRUE >
			18.2931169815702	-8.6558460299778
			18.3011614481408	-8.6558460299778
			18.3092059147114	-8.6558460299778
			18.317250381282	-8.6558460299778
			18.3252948478526	-8.6558460299778
			18.3252948478526	-8.66389049654842
			18.3333393144232	-8.66389049654842
			18.3413837809939	-8.66389049654842
			18.3494282475645	-8.66389049654842
			18.3574727141351	-8.66389049654842
			18.3655171807057	-8.66389049654842
			18.3735616472763	-8.66389049654842
			18.3816061138469	-8.66389049654842
			18.3896505804175	-8.66389049654842
			18.3976950469881	-8.66389049654842
			18.4057395135587	-8.66389049654842
			18.4137839801294	-8.66389049654842
			18.4218284467	-8.66389049654842
			18.4298729132706	-8.66389049654842
			18.4379173798412	-8.67193496311903
			18.4459618464118	-8.67193496311903
			18.4540063129824	-8.67193496311903
			18.462050779553	-8.67193496311903
			18.4700952461236	-8.67193496311903
			18.4781397126943	-8.67997942968964
			18.4861841792649	-8.67997942968964
			18.4942286458355	-8.67997942968964
			18.5022731124061	-8.67997942968964
			18.5103175789767	-8.67997942968964
			18.5183620455473	-8.67997942968964
			18.5264065121179	-8.67997942968964
			18.5344509786885	-8.68802389626025
			18.5424954452591	-8.68802389626025
			18.5505399118298	-8.68802389626025
			18.5585843784004	-8.68802389626025
			18.566628844971	-8.68802389626025
			18.5746733115416	-8.68802389626025
			18.5827177781122	-8.68802389626025
			18.5907622446828	-8.69606836283086
			18.5988067112534	-8.69606836283086
			18.606851177824	-8.69606836283086
			18.6148956443946	-8.69606836283086
			18.6229401109653	-8.69606836283086
			18.6309845775359	-8.70411282940147
			18.6390290441065	-8.70411282940147
			18.6470735106771	-8.70411282940147
			18.6551179772477	-8.70411282940147
			18.6631624438183	-8.71215729597208
			18.6712069103889	-8.71215729597208
			18.6792513769595	-8.72020176254269
			18.6872958435301	-8.72020176254269
			18.6953403101008	-8.72020176254269
			18.7033847766714	-8.7282462291133
			18.711429243242	-8.7282462291133
			18.7194737098126	-8.7282462291133
			18.7275181763832	-8.73629069568392
			18.7355626429538	-8.74433516225453
			18.7436071095244	-8.74433516225453
			18.751651576095	-8.74433516225453
			18.751651576095	-8.75237962882514
			18.7596960426656	-8.75237962882514
			18.7677405092363	-8.75237962882514
			18.7677405092363	-8.76042409539575
			18.7757849758069	-8.76042409539575
			18.7838294423775	-8.76846856196636
			18.7918739089481	-8.76846856196636
			18.7999183755187	-8.77651302853697
			18.8079628420893	-8.78455749510758
			18.8160073086599	-8.7926019616782
			18.8240517752305	-8.80064642824881
			18.8240517752305	-8.80869089481942
			18.8320962418011	-8.81673536139003
			18.8401407083718	-8.82477982796064
			18.8481851749424	-8.83282429453125
			18.8481851749424	-8.84086876110186
			18.856229641513	-8.84086876110186
			18.856229641513	-8.84891322767248
			18.856229641513	-8.85695769424309
			18.8642741080836	-8.8650021608137
			18.8642741080836	-8.87304662738431
			18.8723185746542	-8.88109109395492
			18.8723185746542	-8.88913556052553
			18.8723185746542	-8.89718002709614
			18.8723185746542	-8.90522449366675
			18.8803630412248	-8.91326896023737
			18.8803630412248	-8.92131342680798
			18.8803630412248	-8.92935789337859
			18.8803630412248	-8.9374023599492
			18.8884075077954	-8.94544682651981
			18.8884075077954	-8.95349129309042
			18.8884075077954	-8.96153575966103
			18.8884075077954	-8.96958022623165
			18.8884075077954	-8.97762469280226
			18.896451974366	-8.98566915937287
			18.896451974366	-8.99371362594348
			18.896451974366	-9.00175809251409
			18.896451974366	-9.0098025590847
		</Outline3>
		<Outline4 type=matrix rownames=FALSE colnames=FALSE nrow=92 ncol=2 as.numeric=TRUE >
			18.896451974366	-9.0098025590847
			18.896451974366	-9.01784702565531
			18.896451974366	-9.02589149222593
			18.9044964409367	-9.03393595879654
			18.9044964409367	-9.04198042536715
			18.9044964409367	-9.05002489193776
			18.9044964409367	-9.05806935850837
			18.9044964409367	-9.06611382507898
			18.9044964409367	-9.07415829164959
			18.9125409075073	-9.0822027582202
			18.9125409075073	-9.09024722479082
			18.9125409075073	-9.09829169136143
			18.9125409075073	-9.10633615793204
			18.9125409075073	-9.11438062450265
			18.9125409075073	-9.12242509107326
			18.9125409075073	-9.13046955764387
			18.9125409075073	-9.13851402421448
			18.9125409075073	-9.14655849078509
			18.9125409075073	-9.15460295735571
			18.9125409075073	-9.16264742392632
			18.9125409075073	-9.17069189049693
			18.9044964409367	-9.17873635706754
			18.9044964409367	-9.18678082363815
			18.9044964409367	-9.19482529020876
			18.9044964409367	-9.20286975677937
			18.896451974366	-9.21091422334999
			18.896451974366	-9.2189586899206
			18.896451974366	-9.22700315649121
			18.8884075077954	-9.23504762306182
			18.8884075077954	-9.24309208963243
			18.8803630412248	-9.25113655620304
			18.8803630412248	-9.25918102277365
			18.8723185746542	-9.25918102277365
			18.8723185746542	-9.26722548934426
			18.8723185746542	-9.27526995591488
			18.8642741080836	-9.28331442248549
			18.856229641513	-9.2913588890561
			18.856229641513	-9.29940335562671
			18.8481851749424	-9.30744782219732
			18.8481851749424	-9.31549228876793
			18.8401407083718	-9.32353675533854
			18.8401407083718	-9.33158122190916
			18.8320962418011	-9.33962568847977
			18.8320962418011	-9.34767015505038
			18.8240517752305	-9.35571462162099
			18.8160073086599	-9.3637590881916
			18.8079628420893	-9.37180355476221
			18.7999183755187	-9.37984802133282
			18.7918739089481	-9.38789248790344
			18.7838294423775	-9.39593695447405
			18.7757849758069	-9.40398142104466
			18.7677405092363	-9.41202588761527
			18.7596960426656	-9.42007035418588
			18.751651576095	-9.42811482075649
			18.7436071095244	-9.4361592873271
			18.7436071095244	-9.44420375389771
			18.7355626429538	-9.44420375389771
			18.7275181763832	-9.45224822046833
			18.7194737098126	-9.46029268703894
			18.711429243242	-9.46029268703894
			18.7033847766714	-9.46833715360955
			18.6953403101008	-9.47638162018016
			18.6872958435301	-9.48442608675077
			18.6792513769595	-9.48442608675077
			18.6712069103889	-9.49247055332138
			18.6631624438183	-9.49247055332138
			18.6551179772477	-9.50051501989199
			18.6470735106771	-9.50051501989199
			18.6390290441065	-9.50855948646261
			18.6309845775359	-9.50855948646261
			18.6309845775359	-9.51660395303322
			18.6229401109653	-9.51660395303322
			18.6148956443946	-9.51660395303322
			18.606851177824	-9.52464841960383
			18.5988067112534	-9.52464841960383
			18.5907622446828	-9.52464841960383
			18.5827177781122	-9.52464841960383
			18.5746733115416	-9.53269288617444
			18.566628844971	-9.53269288617444
			18.5585843784004	-9.54073735274505
			18.5505399118298	-9.54073735274505
			18.5424954452591	-9.54073735274505
			18.5344509786885	-9.54878181931566
			18.5264065121179	-9.54878181931566
			18.5183620455473	-9.54878181931566
			18.5183620455473	-9.55682628588627
			18.5103175789767	-9.55682628588627
			18.5022731124061	-9.55682628588627
			18.5022731124061	-9.56487075245689
			18.4942286458355	-9.56487075245689
			18.4861841792649	-9.56487075245689
			18.4781397126943	-9.5729152190275
		</Outline4>
	</curves.scaled>
	<ruler.points type=matrix rownames=TRUE colnames=FALSE nrow=2 ncol=2 as.numeric=TRUE >
		Ruler point 1	3435	2607
		Ruler point 2	2192	2592
	</ruler.points>
</shapes>

