<shapes type=list>
	<ruler.pixel type=vector names=FALSE length=1 as.numeric=TRUE >825.060603834652</ruler.pixel>
	<ruler.interval type=vector names=FALSE length=1 as.numeric=TRUE >10</ruler.interval>
	<scaling.units type=vector names=FALSE length=1 as.numeric=FALSE >mm</scaling.units>
	<scaling type=vector names=FALSE length=1 as.numeric=TRUE >0.0121203217721496</scaling>
	<landmarks.pixel type=matrix rownames=TRUE colnames=FALSE nrow=4 ncol=2 as.numeric=TRUE >
		Labial	2353	1813
		Posterior	2309	1713
		Lingual	2394	1646
		Anterior	2437	1746
	</landmarks.pixel>
	<landmarks.scaled type=matrix rownames=TRUE colnames=FALSE nrow=4 ncol=2 as.numeric=TRUE >
		Labial	28.5191171298679	-21.9741433729072
		Posterior	27.9858229718934	-20.7621111956922
		Lingual	29.0160503225261	-19.9500496369582
		Anterior	29.5372241587285	-21.1620818141732
	</landmarks.scaled>
	<curves.control type=list>
		<Outline1 type=matrix rownames=FALSE colnames=FALSE nrow=13 ncol=2 as.numeric=TRUE >
			2353	1813
			2344	1810
			2334	1807
			2326	1804
			2318	1799
			2310	1792
			2305	1783
			2301	1774
			2299	1764
			2299	1753
			2303	1740
			2306	1729
			2309	1713
		</Outline1>
		<Outline2 type=matrix rownames=FALSE colnames=FALSE nrow=17 ncol=2 as.numeric=TRUE >
			2309	1713
			2311	1701
			2315	1688
			2318	1674
			2321	1664
			2325	1656
			2331	1651
			2338	1648
			2346	1648
			2353	1649
			2357	1652
			2359	1653
			2364	1651
			2371	1648
			2378	1647
			2385	1646
			2394	1646
		</Outline2>
		<Outline3 type=matrix rownames=FALSE colnames=FALSE nrow=17 ncol=2 as.numeric=TRUE >
			2394	1646
			2405	1646
			2415	1647
			2423	1650
			2430	1656
			2434	1662
			2437	1669
			2439	1677
			2439	1683
			2439	1690
			2441	1696
			2444	1701
			2444	1713
			2444	1722
			2442	1732
			2440	1739
			2437	1746
		</Outline3>
		<Outline4 type=matrix rownames=FALSE colnames=FALSE nrow=13 ncol=2 as.numeric=TRUE >
			2437	1746
			2431	1761
			2424	1773
			2417	1783
			2411	1792
			2403	1804
			2394	1810
			2387	1814
			2381	1816
			2374	1818
			2366	1817
			2360	1816
			2353	1813
		</Outline4>
	</curves.control>
	<curves.pixel type=list>
		<Outline1 type=matrix rownames=FALSE colnames=FALSE nrow=122 ncol=2 as.numeric=TRUE >
			2353	1813
			2352	1813
			2351	1812
			2350	1812
			2349	1812
			2348	1811
			2347	1811
			2346	1811
			2345	1810
			2344	1810
			2343	1810
			2342	1809
			2341	1809
			2340	1809
			2339	1809
			2338	1808
			2337	1808
			2336	1808
			2335	1807
			2334	1807
			2333	1807
			2332	1806
			2331	1806
			2330	1805
			2329	1805
			2328	1805
			2327	1804
			2326	1804
			2325	1803
			2324	1802
			2323	1802
			2322	1801
			2321	1801
			2320	1800
			2319	1799
			2318	1799
			2317	1798
			2316	1797
			2315	1796
			2314	1795
			2313	1794
			2312	1793
			2311	1792
			2311	1791
			2310	1790
			2309	1789
			2308	1788
			2308	1787
			2307	1786
			2306	1785
			2305	1784
			2305	1783
			2305	1782
			2304	1781
			2304	1780
			2303	1779
			2303	1778
			2303	1777
			2302	1776
			2302	1775
			2302	1774
			2301	1773
			2301	1772
			2301	1771
			2300	1770
			2300	1769
			2300	1768
			2300	1767
			2299	1766
			2299	1765
			2299	1764
			2299	1763
			2299	1762
			2299	1761
			2299	1760
			2299	1759
			2299	1758
			2299	1757
			2299	1756
			2300	1755
			2300	1754
			2300	1753
			2300	1752
			2300	1751
			2300	1750
			2301	1749
			2301	1748
			2301	1747
			2301	1746
			2302	1745
			2302	1744
			2302	1743
			2302	1742
			2303	1741
			2303	1740
			2303	1739
			2304	1738
			2304	1737
			2304	1736
			2304	1735
			2305	1734
			2305	1733
			2305	1732
			2305	1731
			2305	1730
			2306	1729
			2306	1728
			2306	1727
			2306	1726
			2307	1725
			2307	1724
			2307	1723
			2307	1722
			2307	1721
			2308	1720
			2308	1719
			2308	1718
			2308	1717
			2308	1716
			2309	1715
			2309	1714
			2309	1713
		</Outline1>
		<Outline2 type=matrix rownames=FALSE colnames=FALSE nrow=132 ncol=2 as.numeric=TRUE >
			2309	1713
			2309	1712
			2309	1711
			2310	1710
			2310	1709
			2310	1708
			2310	1707
			2310	1706
			2310	1705
			2311	1704
			2311	1703
			2311	1702
			2311	1701
			2312	1700
			2312	1699
			2312	1698
			2312	1697
			2313	1696
			2313	1695
			2313	1694
			2314	1693
			2314	1692
			2314	1691
			2314	1690
			2315	1689
			2315	1688
			2315	1687
			2315	1686
			2316	1685
			2316	1684
			2316	1683
			2316	1682
			2317	1681
			2317	1680
			2317	1679
			2317	1678
			2317	1677
			2318	1676
			2318	1675
			2318	1674
			2318	1673
			2319	1673
			2319	1672
			2319	1671
			2319	1670
			2320	1669
			2320	1668
			2320	1667
			2320	1666
			2321	1665
			2321	1664
			2321	1663
			2322	1663
			2322	1662
			2323	1661
			2323	1660
			2324	1659
			2325	1658
			2326	1657
			2326	1656
			2327	1655
			2328	1654
			2329	1653
			2330	1652
			2331	1651
			2332	1650
			2333	1650
			2334	1650
			2335	1650
			2336	1649
			2337	1649
			2338	1649
			2339	1649
			2340	1648
			2341	1648
			2342	1648
			2343	1648
			2344	1648
			2345	1648
			2346	1648
			2347	1648
			2348	1648
			2349	1648
			2349	1649
			2350	1649
			2351	1649
			2352	1649
			2352	1650
			2353	1650
			2354	1650
			2355	1651
			2356	1651
			2357	1652
			2358	1652
			2359	1652
			2360	1652
			2361	1652
			2362	1652
			2363	1651
			2364	1651
			2365	1651
			2366	1650
			2367	1650
			2368	1649
			2369	1649
			2370	1649
			2371	1649
			2371	1648
			2372	1648
			2373	1648
			2374	1648
			2375	1648
			2375	1647
			2376	1647
			2377	1647
			2378	1647
			2379	1647
			2380	1647
			2381	1647
			2382	1647
			2383	1646
			2384	1646
			2385	1646
			2386	1646
			2387	1646
			2388	1646
			2389	1646
			2390	1646
			2391	1646
			2392	1646
			2393	1646
			2394	1646
		</Outline2>
		<Outline3 type=matrix rownames=FALSE colnames=FALSE nrow=131 ncol=2 as.numeric=TRUE >
			2394	1646
			2395	1646
			2396	1646
			2397	1646
			2398	1646
			2399	1646
			2400	1646
			2401	1646
			2402	1646
			2403	1646
			2404	1646
			2405	1646
			2406	1646
			2407	1646
			2408	1646
			2409	1647
			2410	1647
			2411	1647
			2412	1647
			2413	1647
			2414	1647
			2415	1647
			2416	1647
			2417	1648
			2418	1648
			2419	1649
			2420	1649
			2421	1650
			2422	1650
			2423	1651
			2424	1651
			2425	1652
			2426	1653
			2427	1653
			2428	1654
			2428	1655
			2429	1655
			2430	1656
			2431	1657
			2431	1658
			2432	1659
			2433	1660
			2433	1661
			2434	1662
			2434	1663
			2435	1664
			2435	1665
			2436	1666
			2436	1667
			2437	1668
			2437	1669
			2437	1670
			2438	1671
			2438	1672
			2438	1673
			2438	1674
			2438	1675
			2438	1676
			2439	1677
			2439	1678
			2439	1679
			2439	1680
			2439	1681
			2439	1682
			2439	1683
			2439	1684
			2439	1685
			2439	1686
			2439	1687
			2439	1688
			2439	1689
			2440	1690
			2440	1691
			2440	1692
			2440	1693
			2440	1694
			2441	1695
			2441	1696
			2442	1697
			2442	1698
			2442	1699
			2443	1700
			2443	1701
			2443	1702
			2443	1703
			2443	1704
			2444	1705
			2444	1706
			2444	1707
			2444	1708
			2444	1709
			2444	1710
			2444	1711
			2444	1712
			2444	1713
			2444	1714
			2444	1715
			2444	1716
			2444	1717
			2444	1718
			2444	1719
			2444	1720
			2444	1721
			2444	1722
			2443	1722
			2443	1723
			2443	1724
			2443	1725
			2443	1726
			2443	1727
			2443	1728
			2443	1729
			2442	1729
			2442	1730
			2442	1731
			2442	1732
			2442	1733
			2441	1734
			2441	1735
			2441	1736
			2440	1737
			2440	1738
			2440	1739
			2439	1740
			2439	1741
			2439	1742
			2438	1742
			2438	1743
			2438	1744
			2437	1745
			2437	1746
		</Outline3>
		<Outline4 type=matrix rownames=FALSE colnames=FALSE nrow=116 ncol=2 as.numeric=TRUE >
			2437	1746
			2436	1747
			2436	1748
			2436	1749
			2435	1750
			2435	1751
			2435	1752
			2434	1753
			2434	1754
			2433	1754
			2433	1755
			2433	1756
			2432	1757
			2432	1758
			2432	1759
			2431	1759
			2431	1760
			2430	1761
			2430	1762
			2430	1763
			2429	1763
			2429	1764
			2428	1765
			2428	1766
			2427	1767
			2427	1768
			2426	1769
			2426	1770
			2425	1771
			2425	1772
			2424	1772
			2424	1773
			2423	1774
			2423	1775
			2422	1775
			2422	1776
			2421	1777
			2420	1778
			2420	1779
			2419	1780
			2419	1781
			2418	1781
			2418	1782
			2417	1783
			2416	1784
			2416	1785
			2415	1786
			2414	1787
			2414	1788
			2413	1789
			2412	1790
			2412	1791
			2411	1792
			2410	1793
			2409	1794
			2409	1795
			2408	1796
			2407	1797
			2407	1798
			2406	1798
			2406	1799
			2405	1800
			2404	1801
			2403	1802
			2402	1803
			2401	1804
			2400	1805
			2399	1806
			2398	1807
			2397	1808
			2396	1809
			2395	1810
			2394	1810
			2393	1811
			2392	1811
			2391	1812
			2390	1812
			2389	1812
			2389	1813
			2388	1813
			2387	1814
			2386	1814
			2385	1814
			2385	1815
			2384	1815
			2383	1815
			2382	1816
			2381	1816
			2380	1816
			2379	1817
			2378	1817
			2377	1817
			2376	1817
			2375	1817
			2374	1817
			2373	1817
			2372	1817
			2371	1817
			2370	1817
			2369	1817
			2368	1817
			2367	1817
			2366	1817
			2365	1817
			2364	1817
			2363	1816
			2362	1816
			2361	1816
			2360	1816
			2359	1815
			2358	1815
			2357	1815
			2356	1814
			2355	1814
			2354	1813
			2353	1813
		</Outline4>
	</curves.pixel>
	<curves.scaled type=list>
		<Outline1 type=matrix rownames=FALSE colnames=FALSE nrow=122 ncol=2 as.numeric=TRUE >
			28.5191171298679	-21.9741433729072
			28.5069968080958	-21.9741433729072
			28.4948764863236	-21.962023051135
			28.4827561645515	-21.962023051135
			28.4706358427793	-21.962023051135
			28.4585155210072	-21.9499027293629
			28.446395199235	-21.9499027293629
			28.4342748774629	-21.9499027293629
			28.4221545556907	-21.9377824075907
			28.4100342339186	-21.9377824075907
			28.3979139121464	-21.9377824075907
			28.3857935903743	-21.9256620858186
			28.3736732686021	-21.9256620858186
			28.36155294683	-21.9256620858186
			28.3494326250578	-21.9256620858186
			28.3373123032857	-21.9135417640464
			28.3251919815135	-21.9135417640464
			28.3130716597414	-21.9135417640464
			28.3009513379692	-21.9014214422743
			28.2888310161971	-21.9014214422743
			28.2767106944249	-21.9014214422743
			28.2645903726528	-21.8893011205021
			28.2524700508806	-21.8893011205021
			28.2403497291085	-21.87718079873
			28.2282294073364	-21.87718079873
			28.2161090855642	-21.87718079873
			28.2039887637921	-21.8650604769578
			28.1918684420199	-21.8650604769578
			28.1797481202478	-21.8529401551857
			28.1676277984756	-21.8408198334135
			28.1555074767035	-21.8408198334135
			28.1433871549313	-21.8286995116414
			28.1312668331592	-21.8286995116414
			28.119146511387	-21.8165791898692
			28.1070261896149	-21.8044588680971
			28.0949058678427	-21.8044588680971
			28.0827855460706	-21.7923385463249
			28.0706652242984	-21.7802182245528
			28.0585449025263	-21.7680979027806
			28.0464245807541	-21.7559775810085
			28.034304258982	-21.7438572592363
			28.0221839372098	-21.7317369374642
			28.0100636154377	-21.719616615692
			28.0100636154377	-21.7074962939199
			27.9979432936655	-21.6953759721477
			27.9858229718934	-21.6832556503756
			27.9737026501212	-21.6711353286034
			27.9737026501212	-21.6590150068313
			27.9615823283491	-21.6468946850591
			27.9494620065769	-21.634774363287
			27.9373416848048	-21.6226540415148
			27.9373416848048	-21.6105337197427
			27.9373416848048	-21.5984133979705
			27.9252213630326	-21.5862930761984
			27.9252213630326	-21.5741727544262
			27.9131010412605	-21.5620524326541
			27.9131010412605	-21.5499321108819
			27.9131010412605	-21.5378117891098
			27.9009807194883	-21.5256914673376
			27.9009807194883	-21.5135711455655
			27.9009807194883	-21.5014508237933
			27.8888603977162	-21.4893305020212
			27.8888603977162	-21.477210180249
			27.8888603977162	-21.4650898584769
			27.876740075944	-21.4529695367047
			27.876740075944	-21.4408492149326
			27.876740075944	-21.4287288931604
			27.876740075944	-21.4166085713883
			27.8646197541719	-21.4044882496161
			27.8646197541719	-21.392367927844
			27.8646197541719	-21.3802476060718
			27.8646197541719	-21.3681272842997
			27.8646197541719	-21.3560069625275
			27.8646197541719	-21.3438866407554
			27.8646197541719	-21.3317663189832
			27.8646197541719	-21.3196459972111
			27.8646197541719	-21.3075256754389
			27.8646197541719	-21.2954053536668
			27.8646197541719	-21.2832850318946
			27.876740075944	-21.2711647101225
			27.876740075944	-21.2590443883503
			27.876740075944	-21.2469240665782
			27.876740075944	-21.2348037448061
			27.876740075944	-21.2226834230339
			27.876740075944	-21.2105631012618
			27.8888603977162	-21.1984427794896
			27.8888603977162	-21.1863224577175
			27.8888603977162	-21.1742021359453
			27.8888603977162	-21.1620818141732
			27.9009807194883	-21.149961492401
			27.9009807194883	-21.1378411706289
			27.9009807194883	-21.1257208488567
			27.9009807194883	-21.1136005270846
			27.9131010412605	-21.1014802053124
			27.9131010412605	-21.0893598835403
			27.9131010412605	-21.0772395617681
			27.9252213630326	-21.065119239996
			27.9252213630326	-21.0529989182238
			27.9252213630326	-21.0408785964517
			27.9252213630326	-21.0287582746795
			27.9373416848048	-21.0166379529074
			27.9373416848048	-21.0045176311352
			27.9373416848048	-20.9923973093631
			27.9373416848048	-20.9802769875909
			27.9373416848048	-20.9681566658188
			27.9494620065769	-20.9560363440466
			27.9494620065769	-20.9439160222745
			27.9494620065769	-20.9317957005023
			27.9494620065769	-20.9196753787302
			27.9615823283491	-20.907555056958
			27.9615823283491	-20.8954347351859
			27.9615823283491	-20.8833144134137
			27.9615823283491	-20.8711940916416
			27.9615823283491	-20.8590737698694
			27.9737026501212	-20.8469534480973
			27.9737026501212	-20.8348331263251
			27.9737026501212	-20.822712804553
			27.9737026501212	-20.8105924827808
			27.9737026501212	-20.7984721610087
			27.9858229718934	-20.7863518392365
			27.9858229718934	-20.7742315174644
			27.9858229718934	-20.7621111956922
		</Outline1>
		<Outline2 type=matrix rownames=FALSE colnames=FALSE nrow=132 ncol=2 as.numeric=TRUE >
			27.9858229718934	-20.7621111956922
			27.9858229718934	-20.7499908739201
			27.9858229718934	-20.7378705521479
			27.9979432936655	-20.7257502303758
			27.9979432936655	-20.7136299086036
			27.9979432936655	-20.7015095868315
			27.9979432936655	-20.6893892650593
			27.9979432936655	-20.6772689432872
			27.9979432936655	-20.665148621515
			28.0100636154377	-20.6530282997429
			28.0100636154377	-20.6409079779707
			28.0100636154377	-20.6287876561986
			28.0100636154377	-20.6166673344264
			28.0221839372098	-20.6045470126543
			28.0221839372098	-20.5924266908821
			28.0221839372098	-20.58030636911
			28.0221839372098	-20.5681860473378
			28.034304258982	-20.5560657255657
			28.034304258982	-20.5439454037935
			28.034304258982	-20.5318250820214
			28.0464245807541	-20.5197047602492
			28.0464245807541	-20.5075844384771
			28.0464245807541	-20.4954641167049
			28.0464245807541	-20.4833437949328
			28.0585449025263	-20.4712234731606
			28.0585449025263	-20.4591031513885
			28.0585449025263	-20.4469828296163
			28.0585449025263	-20.4348625078442
			28.0706652242984	-20.422742186072
			28.0706652242984	-20.4106218642999
			28.0706652242984	-20.3985015425277
			28.0706652242984	-20.3863812207556
			28.0827855460706	-20.3742608989834
			28.0827855460706	-20.3621405772113
			28.0827855460706	-20.3500202554391
			28.0827855460706	-20.337899933667
			28.0827855460706	-20.3257796118948
			28.0949058678427	-20.3136592901227
			28.0949058678427	-20.3015389683505
			28.0949058678427	-20.2894186465784
			28.0949058678427	-20.2772983248062
			28.1070261896149	-20.2772983248062
			28.1070261896149	-20.2651780030341
			28.1070261896149	-20.2530576812619
			28.1070261896149	-20.2409373594898
			28.119146511387	-20.2288170377176
			28.119146511387	-20.2166967159455
			28.119146511387	-20.2045763941733
			28.119146511387	-20.1924560724012
			28.1312668331592	-20.180335750629
			28.1312668331592	-20.1682154288569
			28.1312668331592	-20.1560951070847
			28.1433871549313	-20.1560951070847
			28.1433871549313	-20.1439747853126
			28.1555074767035	-20.1318544635404
			28.1555074767035	-20.1197341417683
			28.1676277984756	-20.1076138199961
			28.1797481202478	-20.095493498224
			28.1918684420199	-20.0833731764518
			28.1918684420199	-20.0712528546797
			28.2039887637921	-20.0591325329075
			28.2161090855642	-20.0470122111354
			28.2282294073364	-20.0348918893632
			28.2403497291085	-20.0227715675911
			28.2524700508806	-20.0106512458189
			28.2645903726528	-19.9985309240468
			28.2767106944249	-19.9985309240468
			28.2888310161971	-19.9985309240468
			28.3009513379692	-19.9985309240468
			28.3130716597414	-19.9864106022746
			28.3251919815135	-19.9864106022746
			28.3373123032857	-19.9864106022746
			28.3494326250578	-19.9864106022746
			28.36155294683	-19.9742902805025
			28.3736732686021	-19.9742902805025
			28.3857935903743	-19.9742902805025
			28.3979139121464	-19.9742902805025
			28.4100342339186	-19.9742902805025
			28.4221545556907	-19.9742902805025
			28.4342748774629	-19.9742902805025
			28.446395199235	-19.9742902805025
			28.4585155210072	-19.9742902805025
			28.4706358427793	-19.9742902805025
			28.4706358427793	-19.9864106022746
			28.4827561645515	-19.9864106022746
			28.4948764863236	-19.9864106022746
			28.5069968080958	-19.9864106022746
			28.5069968080958	-19.9985309240468
			28.5191171298679	-19.9985309240468
			28.5312374516401	-19.9985309240468
			28.5433577734122	-20.0106512458189
			28.5554780951844	-20.0106512458189
			28.5675984169565	-20.0227715675911
			28.5797187387287	-20.0227715675911
			28.5918390605008	-20.0227715675911
			28.603959382273	-20.0227715675911
			28.6160797040451	-20.0227715675911
			28.6282000258173	-20.0227715675911
			28.6403203475894	-20.0106512458189
			28.6524406693616	-20.0106512458189
			28.6645609911337	-20.0106512458189
			28.6766813129059	-19.9985309240468
			28.688801634678	-19.9985309240468
			28.7009219564502	-19.9864106022746
			28.7130422782223	-19.9864106022746
			28.7251625999945	-19.9864106022746
			28.7372829217666	-19.9864106022746
			28.7372829217666	-19.9742902805025
			28.7494032435388	-19.9742902805025
			28.7615235653109	-19.9742902805025
			28.7736438870831	-19.9742902805025
			28.7857642088552	-19.9742902805025
			28.7857642088552	-19.9621699587303
			28.7978845306274	-19.9621699587303
			28.8100048523995	-19.9621699587303
			28.8221251741717	-19.9621699587303
			28.8342454959438	-19.9621699587303
			28.846365817716	-19.9621699587303
			28.8584861394881	-19.9621699587303
			28.8706064612603	-19.9621699587303
			28.8827267830324	-19.9500496369582
			28.8948471048046	-19.9500496369582
			28.9069674265767	-19.9500496369582
			28.9190877483489	-19.9500496369582
			28.931208070121	-19.9500496369582
			28.9433283918932	-19.9500496369582
			28.9554487136653	-19.9500496369582
			28.9675690354375	-19.9500496369582
			28.9796893572096	-19.9500496369582
			28.9918096789818	-19.9500496369582
			29.0039300007539	-19.9500496369582
			29.0160503225261	-19.9500496369582
		</Outline2>
		<Outline3 type=matrix rownames=FALSE colnames=FALSE nrow=131 ncol=2 as.numeric=TRUE >
			29.0160503225261	-19.9500496369582
			29.0281706442982	-19.9500496369582
			29.0402909660704	-19.9500496369582
			29.0524112878425	-19.9500496369582
			29.0645316096147	-19.9500496369582
			29.0766519313868	-19.9500496369582
			29.088772253159	-19.9500496369582
			29.1008925749311	-19.9500496369582
			29.1130128967033	-19.9500496369582
			29.1251332184754	-19.9500496369582
			29.1372535402476	-19.9500496369582
			29.1493738620197	-19.9500496369582
			29.1614941837919	-19.9500496369582
			29.173614505564	-19.9500496369582
			29.1857348273362	-19.9500496369582
			29.1978551491083	-19.9621699587303
			29.2099754708805	-19.9621699587303
			29.2220957926526	-19.9621699587303
			29.2342161144248	-19.9621699587303
			29.2463364361969	-19.9621699587303
			29.2584567579691	-19.9621699587303
			29.2705770797412	-19.9621699587303
			29.2826974015134	-19.9621699587303
			29.2948177232855	-19.9742902805025
			29.3069380450577	-19.9742902805025
			29.3190583668298	-19.9864106022746
			29.331178688602	-19.9864106022746
			29.3432990103741	-19.9985309240468
			29.3554193321463	-19.9985309240468
			29.3675396539184	-20.0106512458189
			29.3796599756906	-20.0106512458189
			29.3917802974627	-20.0227715675911
			29.4039006192349	-20.0348918893632
			29.416020941007	-20.0348918893632
			29.4281412627792	-20.0470122111354
			29.4281412627792	-20.0591325329075
			29.4402615845513	-20.0591325329075
			29.4523819063235	-20.0712528546797
			29.4645022280956	-20.0833731764518
			29.4645022280956	-20.095493498224
			29.4766225498678	-20.1076138199961
			29.4887428716399	-20.1197341417683
			29.4887428716399	-20.1318544635404
			29.5008631934121	-20.1439747853126
			29.5008631934121	-20.1560951070847
			29.5129835151842	-20.1682154288569
			29.5129835151842	-20.180335750629
			29.5251038369564	-20.1924560724012
			29.5251038369564	-20.2045763941733
			29.5372241587285	-20.2166967159455
			29.5372241587285	-20.2288170377176
			29.5372241587285	-20.2409373594898
			29.5493444805007	-20.2530576812619
			29.5493444805007	-20.2651780030341
			29.5493444805007	-20.2772983248062
			29.5493444805007	-20.2894186465784
			29.5493444805007	-20.3015389683505
			29.5493444805007	-20.3136592901227
			29.5614648022728	-20.3257796118948
			29.5614648022728	-20.337899933667
			29.5614648022728	-20.3500202554391
			29.5614648022728	-20.3621405772113
			29.5614648022728	-20.3742608989834
			29.5614648022728	-20.3863812207556
			29.5614648022728	-20.3985015425277
			29.5614648022728	-20.4106218642999
			29.5614648022728	-20.422742186072
			29.5614648022728	-20.4348625078442
			29.5614648022728	-20.4469828296163
			29.5614648022728	-20.4591031513885
			29.5614648022728	-20.4712234731606
			29.573585124045	-20.4833437949328
			29.573585124045	-20.4954641167049
			29.573585124045	-20.5075844384771
			29.573585124045	-20.5197047602492
			29.573585124045	-20.5318250820214
			29.5857054458171	-20.5439454037935
			29.5857054458171	-20.5560657255657
			29.5978257675893	-20.5681860473378
			29.5978257675893	-20.58030636911
			29.5978257675893	-20.5924266908821
			29.6099460893614	-20.6045470126543
			29.6099460893614	-20.6166673344264
			29.6099460893614	-20.6287876561986
			29.6099460893614	-20.6409079779707
			29.6099460893614	-20.6530282997429
			29.6220664111336	-20.665148621515
			29.6220664111336	-20.6772689432872
			29.6220664111336	-20.6893892650593
			29.6220664111336	-20.7015095868315
			29.6220664111336	-20.7136299086036
			29.6220664111336	-20.7257502303758
			29.6220664111336	-20.7378705521479
			29.6220664111336	-20.7499908739201
			29.6220664111336	-20.7621111956922
			29.6220664111336	-20.7742315174644
			29.6220664111336	-20.7863518392365
			29.6220664111336	-20.7984721610087
			29.6220664111336	-20.8105924827808
			29.6220664111336	-20.822712804553
			29.6220664111336	-20.8348331263251
			29.6220664111336	-20.8469534480973
			29.6220664111336	-20.8590737698694
			29.6220664111336	-20.8711940916416
			29.6099460893614	-20.8711940916416
			29.6099460893614	-20.8833144134137
			29.6099460893614	-20.8954347351859
			29.6099460893614	-20.907555056958
			29.6099460893614	-20.9196753787302
			29.6099460893614	-20.9317957005023
			29.6099460893614	-20.9439160222745
			29.6099460893614	-20.9560363440466
			29.5978257675893	-20.9560363440466
			29.5978257675893	-20.9681566658188
			29.5978257675893	-20.9802769875909
			29.5978257675893	-20.9923973093631
			29.5978257675893	-21.0045176311352
			29.5857054458171	-21.0166379529074
			29.5857054458171	-21.0287582746795
			29.5857054458171	-21.0408785964517
			29.573585124045	-21.0529989182238
			29.573585124045	-21.065119239996
			29.573585124045	-21.0772395617681
			29.5614648022728	-21.0893598835403
			29.5614648022728	-21.1014802053124
			29.5614648022728	-21.1136005270846
			29.5493444805007	-21.1136005270846
			29.5493444805007	-21.1257208488567
			29.5493444805007	-21.1378411706289
			29.5372241587285	-21.149961492401
			29.5372241587285	-21.1620818141732
		</Outline3>
		<Outline4 type=matrix rownames=FALSE colnames=FALSE nrow=116 ncol=2 as.numeric=TRUE >
			29.5372241587285	-21.1620818141732
			29.5251038369564	-21.1742021359453
			29.5251038369564	-21.1863224577175
			29.5251038369564	-21.1984427794896
			29.5129835151842	-21.2105631012618
			29.5129835151842	-21.2226834230339
			29.5129835151842	-21.2348037448061
			29.5008631934121	-21.2469240665782
			29.5008631934121	-21.2590443883503
			29.4887428716399	-21.2590443883503
			29.4887428716399	-21.2711647101225
			29.4887428716399	-21.2832850318946
			29.4766225498678	-21.2954053536668
			29.4766225498678	-21.3075256754389
			29.4766225498678	-21.3196459972111
			29.4645022280956	-21.3196459972111
			29.4645022280956	-21.3317663189832
			29.4523819063235	-21.3438866407554
			29.4523819063235	-21.3560069625275
			29.4523819063235	-21.3681272842997
			29.4402615845513	-21.3681272842997
			29.4402615845513	-21.3802476060718
			29.4281412627792	-21.392367927844
			29.4281412627792	-21.4044882496161
			29.416020941007	-21.4166085713883
			29.416020941007	-21.4287288931604
			29.4039006192349	-21.4408492149326
			29.4039006192349	-21.4529695367047
			29.3917802974627	-21.4650898584769
			29.3917802974627	-21.477210180249
			29.3796599756906	-21.477210180249
			29.3796599756906	-21.4893305020212
			29.3675396539184	-21.5014508237933
			29.3675396539184	-21.5135711455655
			29.3554193321463	-21.5135711455655
			29.3554193321463	-21.5256914673376
			29.3432990103741	-21.5378117891098
			29.331178688602	-21.5499321108819
			29.331178688602	-21.5620524326541
			29.3190583668298	-21.5741727544262
			29.3190583668298	-21.5862930761984
			29.3069380450577	-21.5862930761984
			29.3069380450577	-21.5984133979705
			29.2948177232855	-21.6105337197427
			29.2826974015134	-21.6226540415148
			29.2826974015134	-21.634774363287
			29.2705770797412	-21.6468946850591
			29.2584567579691	-21.6590150068313
			29.2584567579691	-21.6711353286034
			29.2463364361969	-21.6832556503756
			29.2342161144248	-21.6953759721477
			29.2342161144248	-21.7074962939199
			29.2220957926526	-21.719616615692
			29.2099754708805	-21.7317369374642
			29.1978551491083	-21.7438572592363
			29.1978551491083	-21.7559775810085
			29.1857348273362	-21.7680979027806
			29.173614505564	-21.7802182245528
			29.173614505564	-21.7923385463249
			29.1614941837919	-21.7923385463249
			29.1614941837919	-21.8044588680971
			29.1493738620197	-21.8165791898692
			29.1372535402476	-21.8286995116414
			29.1251332184754	-21.8408198334135
			29.1130128967033	-21.8529401551857
			29.1008925749311	-21.8650604769578
			29.088772253159	-21.87718079873
			29.0766519313868	-21.8893011205021
			29.0645316096147	-21.9014214422743
			29.0524112878425	-21.9135417640464
			29.0402909660704	-21.9256620858186
			29.0281706442982	-21.9377824075907
			29.0160503225261	-21.9377824075907
			29.0039300007539	-21.9499027293629
			28.9918096789818	-21.9499027293629
			28.9796893572096	-21.962023051135
			28.9675690354375	-21.962023051135
			28.9554487136653	-21.962023051135
			28.9554487136653	-21.9741433729072
			28.9433283918932	-21.9741433729072
			28.931208070121	-21.9862636946793
			28.9190877483489	-21.9862636946793
			28.9069674265767	-21.9862636946793
			28.9069674265767	-21.9983840164515
			28.8948471048046	-21.9983840164515
			28.8827267830324	-21.9983840164515
			28.8706064612603	-22.0105043382236
			28.8584861394881	-22.0105043382236
			28.846365817716	-22.0105043382236
			28.8342454959438	-22.0226246599958
			28.8221251741717	-22.0226246599958
			28.8100048523995	-22.0226246599958
			28.7978845306274	-22.0226246599958
			28.7857642088552	-22.0226246599958
			28.7736438870831	-22.0226246599958
			28.7615235653109	-22.0226246599958
			28.7494032435388	-22.0226246599958
			28.7372829217666	-22.0226246599958
			28.7251625999945	-22.0226246599958
			28.7130422782223	-22.0226246599958
			28.7009219564502	-22.0226246599958
			28.688801634678	-22.0226246599958
			28.6766813129059	-22.0226246599958
			28.6645609911337	-22.0226246599958
			28.6524406693616	-22.0226246599958
			28.6403203475894	-22.0105043382236
			28.6282000258173	-22.0105043382236
			28.6160797040451	-22.0105043382236
			28.603959382273	-22.0105043382236
			28.5918390605008	-21.9983840164515
			28.5797187387287	-21.9983840164515
			28.5675984169565	-21.9983840164515
			28.5554780951844	-21.9862636946793
			28.5433577734122	-21.9862636946793
			28.5312374516401	-21.9741433729072
			28.5191171298679	-21.9741433729072
		</Outline4>
	</curves.scaled>
	<ruler.points type=matrix rownames=TRUE colnames=FALSE nrow=2 ncol=2 as.numeric=TRUE >
		Ruler point 1	3044	2695
		Ruler point 2	2219	2705
	</ruler.points>
</shapes>

