<shapes type=list>
	<ruler.pixel type=vector names=FALSE length=1 as.numeric=TRUE >887.002254788566</ruler.pixel>
	<ruler.interval type=vector names=FALSE length=1 as.numeric=TRUE >10</ruler.interval>
	<scaling.units type=vector names=FALSE length=1 as.numeric=FALSE >mm</scaling.units>
	<scaling type=vector names=FALSE length=1 as.numeric=TRUE >0.0112739285001972</scaling>
	<landmarks.pixel type=matrix rownames=TRUE colnames=FALSE nrow=4 ncol=2 as.numeric=TRUE >
		Labial	2584	1582
		Posterior	2492	1563
		Lingual	2526	1472
		Anterior	2627	1493
	</landmarks.pixel>
	<landmarks.scaled type=matrix rownames=TRUE colnames=FALSE nrow=4 ncol=2 as.numeric=TRUE >
		Labial	29.1318312445096	-17.835354887312
		Posterior	28.0946298224914	-17.6211502458082
		Lingual	28.4779433914982	-16.5952227522903
		Anterior	29.6166101700181	-16.8319752507944
	</landmarks.scaled>
	<curves.control type=list>
		<Outline1 type=matrix rownames=FALSE colnames=FALSE nrow=15 ncol=2 as.numeric=TRUE >
			2584	1582
			2578	1588
			2572	1596
			2565	1604
			2558	1610
			2551	1615
			2543	1618
			2534	1619
			2524	1618
			2516	1615
			2509	1611
			2503	1604
			2500	1596
			2497	1586
			2492	1563
		</Outline1>
		<Outline2 type=matrix rownames=FALSE colnames=FALSE nrow=13 ncol=2 as.numeric=TRUE >
			2492	1563
			2487	1548
			2484	1537
			2484	1529
			2485	1519
			2486	1512
			2489	1503
			2493	1497
			2497	1490
			2501	1485
			2507	1480
			2512	1476
			2526	1472
		</Outline2>
		<Outline3 type=matrix rownames=FALSE colnames=FALSE nrow=15 ncol=2 as.numeric=TRUE >
			2526	1472
			2535	1472
			2542	1469
			2551	1467
			2561	1467
			2570	1467
			2580	1468
			2588	1469
			2595	1472
			2603	1475
			2609	1479
			2616	1483
			2620	1486
			2624	1489
			2627	1493
		</Outline3>
		<Outline4 type=matrix rownames=FALSE colnames=FALSE nrow=17 ncol=2 as.numeric=TRUE >
			2627	1493
			2631	1499
			2634	1504
			2637	1512
			2637	1518
			2636	1527
			2632	1537
			2628	1547
			2624	1555
			2619	1561
			2614	1567
			2609	1570
			2603	1573
			2594	1576
			2590	1578
			2587	1580
			2584	1582
		</Outline4>
	</curves.control>
	<curves.pixel type=list>
		<Outline1 type=matrix rownames=FALSE colnames=FALSE nrow=134 ncol=2 as.numeric=TRUE >
			2584	1582
			2583	1583
			2582	1584
			2581	1585
			2580	1586
			2579	1587
			2578	1588
			2578	1589
			2577	1590
			2576	1590
			2576	1591
			2575	1592
			2574	1593
			2574	1594
			2573	1595
			2572	1596
			2571	1597
			2570	1598
			2570	1599
			2569	1600
			2568	1600
			2567	1601
			2566	1602
			2566	1603
			2565	1604
			2564	1605
			2563	1605
			2562	1606
			2561	1607
			2561	1608
			2560	1608
			2559	1609
			2558	1610
			2557	1611
			2556	1611
			2556	1612
			2555	1612
			2554	1613
			2553	1613
			2552	1614
			2551	1614
			2550	1615
			2549	1615
			2549	1616
			2548	1616
			2547	1616
			2546	1617
			2545	1617
			2544	1618
			2543	1618
			2542	1618
			2541	1618
			2540	1618
			2539	1618
			2538	1618
			2537	1618
			2536	1618
			2535	1618
			2534	1618
			2533	1618
			2532	1618
			2531	1618
			2530	1618
			2529	1618
			2528	1618
			2527	1618
			2526	1618
			2525	1618
			2524	1618
			2523	1618
			2522	1617
			2521	1617
			2520	1616
			2519	1616
			2518	1616
			2517	1615
			2516	1615
			2515	1614
			2514	1614
			2513	1613
			2512	1613
			2512	1612
			2511	1612
			2510	1611
			2509	1611
			2508	1610
			2508	1609
			2507	1608
			2506	1607
			2505	1606
			2504	1605
			2504	1604
			2503	1603
			2503	1602
			2502	1602
			2502	1601
			2502	1600
			2501	1599
			2501	1598
			2500	1597
			2500	1596
			2500	1595
			2499	1594
			2499	1593
			2499	1592
			2499	1591
			2498	1590
			2498	1589
			2498	1588
			2497	1587
			2497	1586
			2497	1585
			2497	1584
			2497	1583
			2496	1582
			2496	1581
			2496	1580
			2496	1579
			2495	1578
			2495	1577
			2495	1576
			2495	1575
			2494	1574
			2494	1573
			2494	1572
			2494	1571
			2493	1570
			2493	1569
			2493	1568
			2493	1567
			2493	1566
			2492	1565
			2492	1564
			2492	1563
		</Outline1>
		<Outline2 type=matrix rownames=FALSE colnames=FALSE nrow=106 ncol=2 as.numeric=TRUE >
			2492	1563
			2492	1562
			2491	1561
			2491	1560
			2491	1559
			2490	1558
			2490	1557
			2490	1556
			2489	1555
			2489	1554
			2489	1553
			2488	1552
			2488	1551
			2488	1550
			2487	1549
			2487	1548
			2487	1547
			2487	1546
			2486	1546
			2486	1545
			2486	1544
			2486	1543
			2485	1542
			2485	1541
			2485	1540
			2485	1539
			2484	1538
			2484	1537
			2484	1536
			2484	1535
			2484	1534
			2484	1533
			2484	1532
			2484	1531
			2484	1530
			2484	1529
			2484	1528
			2484	1527
			2484	1526
			2484	1525
			2485	1524
			2485	1523
			2485	1522
			2485	1521
			2485	1520
			2485	1519
			2485	1518
			2485	1517
			2486	1516
			2486	1515
			2486	1514
			2486	1513
			2486	1512
			2487	1511
			2487	1510
			2487	1509
			2487	1508
			2488	1507
			2488	1506
			2488	1505
			2489	1504
			2489	1503
			2490	1502
			2490	1501
			2491	1500
			2491	1499
			2492	1498
			2493	1498
			2493	1497
			2494	1496
			2494	1495
			2495	1494
			2495	1493
			2496	1492
			2496	1491
			2497	1490
			2498	1489
			2499	1488
			2500	1487
			2501	1486
			2502	1485
			2502	1484
			2503	1483
			2504	1482
			2505	1482
			2506	1481
			2507	1480
			2508	1479
			2509	1479
			2510	1478
			2511	1477
			2512	1477
			2513	1477
			2514	1476
			2515	1476
			2516	1475
			2517	1475
			2518	1475
			2519	1474
			2520	1474
			2521	1473
			2522	1473
			2523	1473
			2524	1473
			2525	1472
			2526	1472
		</Outline2>
		<Outline3 type=matrix rownames=FALSE colnames=FALSE nrow=107 ncol=2 as.numeric=TRUE >
			2526	1472
			2527	1472
			2528	1472
			2529	1472
			2530	1472
			2531	1472
			2532	1472
			2533	1471
			2534	1471
			2535	1471
			2536	1471
			2537	1471
			2538	1470
			2539	1470
			2540	1470
			2541	1469
			2542	1469
			2543	1469
			2544	1469
			2545	1468
			2546	1468
			2547	1468
			2548	1468
			2549	1468
			2550	1468
			2551	1468
			2552	1467
			2553	1467
			2554	1467
			2555	1467
			2556	1467
			2557	1467
			2558	1467
			2559	1467
			2560	1467
			2561	1467
			2562	1467
			2563	1467
			2564	1467
			2565	1467
			2566	1467
			2567	1467
			2568	1467
			2569	1467
			2570	1467
			2571	1467
			2572	1467
			2573	1467
			2574	1467
			2574	1468
			2575	1468
			2576	1468
			2577	1468
			2578	1468
			2579	1468
			2580	1468
			2581	1468
			2582	1468
			2583	1468
			2584	1469
			2585	1469
			2586	1469
			2587	1469
			2588	1469
			2588	1470
			2589	1470
			2590	1470
			2591	1470
			2592	1471
			2593	1471
			2594	1472
			2595	1472
			2596	1473
			2597	1473
			2598	1473
			2599	1473
			2599	1474
			2600	1474
			2601	1474
			2601	1475
			2602	1475
			2603	1475
			2604	1476
			2605	1477
			2606	1477
			2607	1478
			2608	1479
			2609	1479
			2610	1480
			2611	1480
			2612	1481
			2613	1482
			2614	1482
			2615	1483
			2616	1483
			2617	1484
			2618	1485
			2619	1485
			2620	1486
			2621	1487
			2622	1488
			2623	1488
			2624	1489
			2625	1490
			2625	1491
			2626	1492
			2627	1493
		</Outline3>
		<Outline4 type=matrix rownames=FALSE colnames=FALSE nrow=109 ncol=2 as.numeric=TRUE >
			2627	1493
			2628	1494
			2628	1495
			2629	1495
			2629	1496
			2630	1497
			2630	1498
			2631	1499
			2632	1500
			2632	1501
			2633	1502
			2633	1503
			2634	1504
			2634	1505
			2635	1506
			2635	1507
			2635	1508
			2636	1509
			2636	1510
			2636	1511
			2636	1512
			2637	1513
			2637	1514
			2637	1515
			2637	1516
			2637	1517
			2637	1518
			2637	1519
			2637	1520
			2637	1521
			2636	1522
			2636	1523
			2636	1524
			2636	1525
			2636	1526
			2635	1527
			2635	1528
			2635	1529
			2634	1530
			2634	1531
			2634	1532
			2633	1533
			2633	1534
			2633	1535
			2632	1536
			2632	1537
			2632	1538
			2631	1539
			2631	1540
			2630	1541
			2630	1542
			2630	1543
			2629	1544
			2629	1545
			2628	1546
			2628	1547
			2627	1548
			2627	1549
			2627	1550
			2626	1550
			2626	1551
			2625	1552
			2625	1553
			2625	1554
			2624	1555
			2623	1556
			2622	1557
			2621	1558
			2620	1559
			2620	1560
			2619	1561
			2618	1562
			2617	1563
			2617	1564
			2616	1565
			2615	1566
			2614	1567
			2613	1568
			2612	1568
			2611	1569
			2610	1569
			2609	1570
			2608	1570
			2607	1571
			2606	1571
			2605	1572
			2604	1572
			2603	1573
			2602	1573
			2601	1574
			2600	1574
			2599	1574
			2599	1575
			2598	1575
			2597	1575
			2596	1575
			2595	1576
			2594	1576
			2593	1577
			2592	1577
			2591	1578
			2590	1578
			2589	1578
			2589	1579
			2588	1579
			2587	1580
			2586	1581
			2585	1581
			2584	1582
		</Outline4>
	</curves.pixel>
	<curves.scaled type=list>
		<Outline1 type=matrix rownames=FALSE colnames=FALSE nrow=134 ncol=2 as.numeric=TRUE >
			29.1318312445096	-17.835354887312
			29.1205573160094	-17.8466288158122
			29.1092833875092	-17.8579027443124
			29.098009459009	-17.8691766728126
			29.0867355305088	-17.8804506013128
			29.0754616020086	-17.891724529813
			29.0641876735084	-17.9029984583132
			29.0641876735084	-17.9142723868134
			29.0529137450082	-17.9255463153136
			29.041639816508	-17.9255463153136
			29.041639816508	-17.9368202438138
			29.0303658880078	-17.948094172314
			29.0190919595076	-17.9593681008142
			29.0190919595076	-17.9706420293144
			29.0078180310074	-17.9819159578146
			28.9965441025072	-17.9931898863147
			28.985270174007	-18.0044638148149
			28.9739962455068	-18.0157377433151
			28.9739962455068	-18.0270116718153
			28.9627223170066	-18.0382856003155
			28.9514483885064	-18.0382856003155
			28.9401744600062	-18.0495595288157
			28.928900531506	-18.0608334573159
			28.928900531506	-18.0721073858161
			28.9176266030058	-18.0833813143163
			28.9063526745056	-18.0946552428165
			28.8950787460054	-18.0946552428165
			28.8838048175053	-18.1059291713167
			28.8725308890051	-18.1172030998169
			28.8725308890051	-18.1284770283171
			28.8612569605049	-18.1284770283171
			28.8499830320047	-18.1397509568173
			28.8387091035045	-18.1510248853175
			28.8274351750043	-18.1622988138177
			28.8161612465041	-18.1622988138177
			28.8161612465041	-18.1735727423179
			28.8048873180039	-18.1735727423179
			28.7936133895037	-18.1848466708181
			28.7823394610035	-18.1848466708181
			28.7710655325033	-18.1961205993183
			28.7597916040031	-18.1961205993183
			28.7485176755029	-18.2073945278185
			28.7372437470027	-18.2073945278185
			28.7372437470027	-18.2186684563187
			28.7259698185025	-18.2186684563187
			28.7146958900023	-18.2186684563187
			28.7034219615021	-18.2299423848189
			28.6921480330019	-18.2299423848189
			28.6808741045017	-18.2412163133191
			28.6696001760015	-18.2412163133191
			28.6583262475013	-18.2412163133191
			28.6470523190011	-18.2412163133191
			28.6357783905009	-18.2412163133191
			28.6245044620007	-18.2412163133191
			28.6132305335005	-18.2412163133191
			28.6019566050003	-18.2412163133191
			28.5906826765001	-18.2412163133191
			28.5794087479999	-18.2412163133191
			28.5681348194997	-18.2412163133191
			28.5568608909995	-18.2412163133191
			28.5455869624993	-18.2412163133191
			28.5343130339991	-18.2412163133191
			28.5230391054989	-18.2412163133191
			28.5117651769987	-18.2412163133191
			28.5004912484985	-18.2412163133191
			28.4892173199983	-18.2412163133191
			28.4779433914982	-18.2412163133191
			28.466669462998	-18.2412163133191
			28.4553955344978	-18.2412163133191
			28.4441216059976	-18.2412163133191
			28.4328476774974	-18.2299423848189
			28.4215737489972	-18.2299423848189
			28.410299820497	-18.2186684563187
			28.3990258919968	-18.2186684563187
			28.3877519634966	-18.2186684563187
			28.3764780349964	-18.2073945278185
			28.3652041064962	-18.2073945278185
			28.353930177996	-18.1961205993183
			28.3426562494958	-18.1961205993183
			28.3313823209956	-18.1848466708181
			28.3201083924954	-18.1848466708181
			28.3201083924954	-18.1735727423179
			28.3088344639952	-18.1735727423179
			28.297560535495	-18.1622988138177
			28.2862866069948	-18.1622988138177
			28.2750126784946	-18.1510248853175
			28.2750126784946	-18.1397509568173
			28.2637387499944	-18.1284770283171
			28.2524648214942	-18.1172030998169
			28.241190892994	-18.1059291713167
			28.2299169644938	-18.0946552428165
			28.2299169644938	-18.0833813143163
			28.2186430359936	-18.0721073858161
			28.2186430359936	-18.0608334573159
			28.2073691074934	-18.0608334573159
			28.2073691074934	-18.0495595288157
			28.2073691074934	-18.0382856003155
			28.1960951789932	-18.0270116718153
			28.1960951789932	-18.0157377433151
			28.184821250493	-18.0044638148149
			28.184821250493	-17.9931898863147
			28.184821250493	-17.9819159578146
			28.1735473219928	-17.9706420293144
			28.1735473219928	-17.9593681008142
			28.1735473219928	-17.948094172314
			28.1735473219928	-17.9368202438138
			28.1622733934926	-17.9255463153136
			28.1622733934926	-17.9142723868134
			28.1622733934926	-17.9029984583132
			28.1509994649924	-17.891724529813
			28.1509994649924	-17.8804506013128
			28.1509994649924	-17.8691766728126
			28.1509994649924	-17.8579027443124
			28.1509994649924	-17.8466288158122
			28.1397255364922	-17.835354887312
			28.1397255364922	-17.8240809588118
			28.1397255364922	-17.8128070303116
			28.1397255364922	-17.8015331018114
			28.128451607992	-17.7902591733112
			28.128451607992	-17.778985244811
			28.128451607992	-17.7677113163108
			28.128451607992	-17.7564373878106
			28.1171776794918	-17.7451634593104
			28.1171776794918	-17.7338895308102
			28.1171776794918	-17.72261560231
			28.1171776794918	-17.7113416738098
			28.1059037509916	-17.7000677453096
			28.1059037509916	-17.6887938168094
			28.1059037509916	-17.6775198883092
			28.1059037509916	-17.666245959809
			28.1059037509916	-17.6549720313088
			28.0946298224914	-17.6436981028086
			28.0946298224914	-17.6324241743084
			28.0946298224914	-17.6211502458082
		</Outline1>
		<Outline2 type=matrix rownames=FALSE colnames=FALSE nrow=106 ncol=2 as.numeric=TRUE >
			28.0946298224914	-17.6211502458082
			28.0946298224914	-17.609876317308
			28.0833558939912	-17.5986023888078
			28.0833558939912	-17.5873284603076
			28.0833558939912	-17.5760545318075
			28.0720819654911	-17.5647806033073
			28.0720819654911	-17.5535066748071
			28.0720819654911	-17.5422327463069
			28.0608080369909	-17.5309588178067
			28.0608080369909	-17.5196848893065
			28.0608080369909	-17.5084109608063
			28.0495341084907	-17.4971370323061
			28.0495341084907	-17.4858631038059
			28.0495341084907	-17.4745891753057
			28.0382601799905	-17.4633152468055
			28.0382601799905	-17.4520413183053
			28.0382601799905	-17.4407673898051
			28.0382601799905	-17.4294934613049
			28.0269862514903	-17.4294934613049
			28.0269862514903	-17.4182195328047
			28.0269862514903	-17.4069456043045
			28.0269862514903	-17.3956716758043
			28.0157123229901	-17.3843977473041
			28.0157123229901	-17.3731238188039
			28.0157123229901	-17.3618498903037
			28.0157123229901	-17.3505759618035
			28.0044383944899	-17.3393020333033
			28.0044383944899	-17.3280281048031
			28.0044383944899	-17.3167541763029
			28.0044383944899	-17.3054802478027
			28.0044383944899	-17.2942063193025
			28.0044383944899	-17.2829323908023
			28.0044383944899	-17.2716584623021
			28.0044383944899	-17.2603845338019
			28.0044383944899	-17.2491106053017
			28.0044383944899	-17.2378366768015
			28.0044383944899	-17.2265627483013
			28.0044383944899	-17.2152888198011
			28.0044383944899	-17.2040148913009
			28.0044383944899	-17.1927409628007
			28.0157123229901	-17.1814670343005
			28.0157123229901	-17.1701931058004
			28.0157123229901	-17.1589191773002
			28.0157123229901	-17.1476452488
			28.0157123229901	-17.1363713202998
			28.0157123229901	-17.1250973917996
			28.0157123229901	-17.1138234632994
			28.0157123229901	-17.1025495347992
			28.0269862514903	-17.091275606299
			28.0269862514903	-17.0800016777988
			28.0269862514903	-17.0687277492986
			28.0269862514903	-17.0574538207984
			28.0269862514903	-17.0461798922982
			28.0382601799905	-17.034905963798
			28.0382601799905	-17.0236320352978
			28.0382601799905	-17.0123581067976
			28.0382601799905	-17.0010841782974
			28.0495341084907	-16.9898102497972
			28.0495341084907	-16.978536321297
			28.0495341084907	-16.9672623927968
			28.0608080369909	-16.9559884642966
			28.0608080369909	-16.9447145357964
			28.0720819654911	-16.9334406072962
			28.0720819654911	-16.922166678796
			28.0833558939912	-16.9108927502958
			28.0833558939912	-16.8996188217956
			28.0946298224914	-16.8883448932954
			28.1059037509916	-16.8883448932954
			28.1059037509916	-16.8770709647952
			28.1171776794918	-16.865797036295
			28.1171776794918	-16.8545231077948
			28.128451607992	-16.8432491792946
			28.128451607992	-16.8319752507944
			28.1397255364922	-16.8207013222942
			28.1397255364922	-16.809427393794
			28.1509994649924	-16.7981534652938
			28.1622733934926	-16.7868795367936
			28.1735473219928	-16.7756056082934
			28.184821250493	-16.7643316797933
			28.1960951789932	-16.7530577512931
			28.2073691074934	-16.7417838227929
			28.2073691074934	-16.7305098942927
			28.2186430359936	-16.7192359657925
			28.2299169644938	-16.7079620372923
			28.241190892994	-16.7079620372923
			28.2524648214942	-16.6966881087921
			28.2637387499944	-16.6854141802919
			28.2750126784946	-16.6741402517917
			28.2862866069948	-16.6741402517917
			28.297560535495	-16.6628663232915
			28.3088344639952	-16.6515923947913
			28.3201083924954	-16.6515923947913
			28.3313823209956	-16.6515923947913
			28.3426562494958	-16.6403184662911
			28.353930177996	-16.6403184662911
			28.3652041064962	-16.6290445377909
			28.3764780349964	-16.6290445377909
			28.3877519634966	-16.6290445377909
			28.3990258919968	-16.6177706092907
			28.410299820497	-16.6177706092907
			28.4215737489972	-16.6064966807905
			28.4328476774974	-16.6064966807905
			28.4441216059976	-16.6064966807905
			28.4553955344978	-16.6064966807905
			28.466669462998	-16.5952227522903
			28.4779433914982	-16.5952227522903
		</Outline2>
		<Outline3 type=matrix rownames=FALSE colnames=FALSE nrow=107 ncol=2 as.numeric=TRUE >
			28.4779433914982	-16.5952227522903
			28.4892173199983	-16.5952227522903
			28.5004912484985	-16.5952227522903
			28.5117651769987	-16.5952227522903
			28.5230391054989	-16.5952227522903
			28.5343130339991	-16.5952227522903
			28.5455869624993	-16.5952227522903
			28.5568608909995	-16.5839488237901
			28.5681348194997	-16.5839488237901
			28.5794087479999	-16.5839488237901
			28.5906826765001	-16.5839488237901
			28.6019566050003	-16.5839488237901
			28.6132305335005	-16.5726748952899
			28.6245044620007	-16.5726748952899
			28.6357783905009	-16.5726748952899
			28.6470523190011	-16.5614009667897
			28.6583262475013	-16.5614009667897
			28.6696001760015	-16.5614009667897
			28.6808741045017	-16.5614009667897
			28.6921480330019	-16.5501270382895
			28.7034219615021	-16.5501270382895
			28.7146958900023	-16.5501270382895
			28.7259698185025	-16.5501270382895
			28.7372437470027	-16.5501270382895
			28.7485176755029	-16.5501270382895
			28.7597916040031	-16.5501270382895
			28.7710655325033	-16.5388531097893
			28.7823394610035	-16.5388531097893
			28.7936133895037	-16.5388531097893
			28.8048873180039	-16.5388531097893
			28.8161612465041	-16.5388531097893
			28.8274351750043	-16.5388531097893
			28.8387091035045	-16.5388531097893
			28.8499830320047	-16.5388531097893
			28.8612569605049	-16.5388531097893
			28.8725308890051	-16.5388531097893
			28.8838048175053	-16.5388531097893
			28.8950787460054	-16.5388531097893
			28.9063526745056	-16.5388531097893
			28.9176266030058	-16.5388531097893
			28.928900531506	-16.5388531097893
			28.9401744600062	-16.5388531097893
			28.9514483885064	-16.5388531097893
			28.9627223170066	-16.5388531097893
			28.9739962455068	-16.5388531097893
			28.985270174007	-16.5388531097893
			28.9965441025072	-16.5388531097893
			29.0078180310074	-16.5388531097893
			29.0190919595076	-16.5388531097893
			29.0190919595076	-16.5501270382895
			29.0303658880078	-16.5501270382895
			29.041639816508	-16.5501270382895
			29.0529137450082	-16.5501270382895
			29.0641876735084	-16.5501270382895
			29.0754616020086	-16.5501270382895
			29.0867355305088	-16.5501270382895
			29.098009459009	-16.5501270382895
			29.1092833875092	-16.5501270382895
			29.1205573160094	-16.5501270382895
			29.1318312445096	-16.5614009667897
			29.1431051730098	-16.5614009667897
			29.15437910151	-16.5614009667897
			29.1656530300102	-16.5614009667897
			29.1769269585104	-16.5614009667897
			29.1769269585104	-16.5726748952899
			29.1882008870106	-16.5726748952899
			29.1994748155108	-16.5726748952899
			29.210748744011	-16.5726748952899
			29.2220226725112	-16.5839488237901
			29.2332966010114	-16.5839488237901
			29.2445705295116	-16.5952227522903
			29.2558444580118	-16.5952227522903
			29.267118386512	-16.6064966807905
			29.2783923150122	-16.6064966807905
			29.2896662435124	-16.6064966807905
			29.3009401720125	-16.6064966807905
			29.3009401720125	-16.6177706092907
			29.3122141005127	-16.6177706092907
			29.3234880290129	-16.6177706092907
			29.3234880290129	-16.6290445377909
			29.3347619575131	-16.6290445377909
			29.3460358860133	-16.6290445377909
			29.3573098145135	-16.6403184662911
			29.3685837430137	-16.6515923947913
			29.3798576715139	-16.6515923947913
			29.3911316000141	-16.6628663232915
			29.4024055285143	-16.6741402517917
			29.4136794570145	-16.6741402517917
			29.4249533855147	-16.6854141802919
			29.4362273140149	-16.6854141802919
			29.4475012425151	-16.6966881087921
			29.4587751710153	-16.7079620372923
			29.4700490995155	-16.7079620372923
			29.4813230280157	-16.7192359657925
			29.4925969565159	-16.7192359657925
			29.5038708850161	-16.7305098942927
			29.5151448135163	-16.7417838227929
			29.5264187420165	-16.7417838227929
			29.5376926705167	-16.7530577512931
			29.5489665990169	-16.7643316797933
			29.5602405275171	-16.7756056082934
			29.5715144560173	-16.7756056082934
			29.5827883845175	-16.7868795367936
			29.5940623130177	-16.7981534652938
			29.5940623130177	-16.809427393794
			29.6053362415179	-16.8207013222942
			29.6166101700181	-16.8319752507944
		</Outline3>
		<Outline4 type=matrix rownames=FALSE colnames=FALSE nrow=109 ncol=2 as.numeric=TRUE >
			29.6166101700181	-16.8319752507944
			29.6278840985183	-16.8432491792946
			29.6278840985183	-16.8545231077948
			29.6391580270185	-16.8545231077948
			29.6391580270185	-16.865797036295
			29.6504319555187	-16.8770709647952
			29.6504319555187	-16.8883448932954
			29.6617058840189	-16.8996188217956
			29.6729798125191	-16.9108927502958
			29.6729798125191	-16.922166678796
			29.6842537410193	-16.9334406072962
			29.6842537410193	-16.9447145357964
			29.6955276695194	-16.9559884642966
			29.6955276695194	-16.9672623927968
			29.7068015980196	-16.978536321297
			29.7068015980196	-16.9898102497972
			29.7068015980196	-17.0010841782974
			29.7180755265198	-17.0123581067976
			29.7180755265198	-17.0236320352978
			29.7180755265198	-17.034905963798
			29.7180755265198	-17.0461798922982
			29.72934945502	-17.0574538207984
			29.72934945502	-17.0687277492986
			29.72934945502	-17.0800016777988
			29.72934945502	-17.091275606299
			29.72934945502	-17.1025495347992
			29.72934945502	-17.1138234632994
			29.72934945502	-17.1250973917996
			29.72934945502	-17.1363713202998
			29.72934945502	-17.1476452488
			29.7180755265198	-17.1589191773002
			29.7180755265198	-17.1701931058004
			29.7180755265198	-17.1814670343005
			29.7180755265198	-17.1927409628007
			29.7180755265198	-17.2040148913009
			29.7068015980196	-17.2152888198011
			29.7068015980196	-17.2265627483013
			29.7068015980196	-17.2378366768015
			29.6955276695194	-17.2491106053017
			29.6955276695194	-17.2603845338019
			29.6955276695194	-17.2716584623021
			29.6842537410193	-17.2829323908023
			29.6842537410193	-17.2942063193025
			29.6842537410193	-17.3054802478027
			29.6729798125191	-17.3167541763029
			29.6729798125191	-17.3280281048031
			29.6729798125191	-17.3393020333033
			29.6617058840189	-17.3505759618035
			29.6617058840189	-17.3618498903037
			29.6504319555187	-17.3731238188039
			29.6504319555187	-17.3843977473041
			29.6504319555187	-17.3956716758043
			29.6391580270185	-17.4069456043045
			29.6391580270185	-17.4182195328047
			29.6278840985183	-17.4294934613049
			29.6278840985183	-17.4407673898051
			29.6166101700181	-17.4520413183053
			29.6166101700181	-17.4633152468055
			29.6166101700181	-17.4745891753057
			29.6053362415179	-17.4745891753057
			29.6053362415179	-17.4858631038059
			29.5940623130177	-17.4971370323061
			29.5940623130177	-17.5084109608063
			29.5940623130177	-17.5196848893065
			29.5827883845175	-17.5309588178067
			29.5715144560173	-17.5422327463069
			29.5602405275171	-17.5535066748071
			29.5489665990169	-17.5647806033073
			29.5376926705167	-17.5760545318075
			29.5376926705167	-17.5873284603076
			29.5264187420165	-17.5986023888078
			29.5151448135163	-17.609876317308
			29.5038708850161	-17.6211502458082
			29.5038708850161	-17.6324241743084
			29.4925969565159	-17.6436981028086
			29.4813230280157	-17.6549720313088
			29.4700490995155	-17.666245959809
			29.4587751710153	-17.6775198883092
			29.4475012425151	-17.6775198883092
			29.4362273140149	-17.6887938168094
			29.4249533855147	-17.6887938168094
			29.4136794570145	-17.7000677453096
			29.4024055285143	-17.7000677453096
			29.3911316000141	-17.7113416738098
			29.3798576715139	-17.7113416738098
			29.3685837430137	-17.72261560231
			29.3573098145135	-17.72261560231
			29.3460358860133	-17.7338895308102
			29.3347619575131	-17.7338895308102
			29.3234880290129	-17.7451634593104
			29.3122141005127	-17.7451634593104
			29.3009401720125	-17.7451634593104
			29.3009401720125	-17.7564373878106
			29.2896662435124	-17.7564373878106
			29.2783923150122	-17.7564373878106
			29.267118386512	-17.7564373878106
			29.2558444580118	-17.7677113163108
			29.2445705295116	-17.7677113163108
			29.2332966010114	-17.778985244811
			29.2220226725112	-17.778985244811
			29.210748744011	-17.7902591733112
			29.1994748155108	-17.7902591733112
			29.1882008870106	-17.7902591733112
			29.1882008870106	-17.8015331018114
			29.1769269585104	-17.8015331018114
			29.1656530300102	-17.8128070303116
			29.15437910151	-17.8240809588118
			29.1431051730098	-17.8240809588118
			29.1318312445096	-17.835354887312
		</Outline4>
	</curves.scaled>
	<ruler.points type=matrix rownames=TRUE colnames=FALSE nrow=2 ncol=2 as.numeric=TRUE >
		Ruler point 1	3268	2533
		Ruler point 2	2381	2535
	</ruler.points>
</shapes>

