<shapes type=list>
	<ruler.pixel type=vector names=FALSE length=1 as.numeric=TRUE >1194.02051908667</ruler.pixel>
	<ruler.interval type=vector names=FALSE length=1 as.numeric=TRUE >10</ruler.interval>
	<scaling.units type=vector names=FALSE length=1 as.numeric=FALSE >mm</scaling.units>
	<scaling type=vector names=FALSE length=1 as.numeric=TRUE >0.00837506545335519</scaling>
	<landmarks.pixel type=matrix rownames=TRUE colnames=FALSE nrow=4 ncol=2 as.numeric=TRUE >
		Labial	2395	1697
		Posterior	2327	1659
		Lingual	2374	1596
		Anterior	2444	1634
	</landmarks.pixel>
	<landmarks.scaled type=matrix rownames=TRUE colnames=FALSE nrow=4 ncol=2 as.numeric=TRUE >
		Labial	20.0582817607857	-14.2124860743438
		Posterior	19.4887773099575	-13.8942335871163
		Lingual	19.8824053862652	-13.3666044635549
		Anterior	20.4686599680001	-13.6848569507824
	</landmarks.scaled>
	<curves.control type=list>
		<Outline1 type=matrix rownames=FALSE colnames=FALSE nrow=15 ncol=2 as.numeric=TRUE >
			2395	1697
			2387	1701
			2380	1704
			2374	1707
			2367	1710
			2362	1711
			2354	1710
			2348	1709
			2341	1706
			2337	1702
			2333	1697
			2330	1690
			2329	1683
			2327	1671
			2327	1659
		</Outline1>
		<Outline2 type=matrix rownames=FALSE colnames=FALSE nrow=15 ncol=2 as.numeric=TRUE >
			2327	1659
			2326	1649
			2326	1640
			2326	1632
			2327	1625
			2329	1618
			2332	1612
			2335	1607
			2340	1603
			2345	1600
			2351	1598
			2358	1596
			2365	1596
			2370	1596
			2374	1596
		</Outline2>
		<Outline3 type=matrix rownames=FALSE colnames=FALSE nrow=15 ncol=2 as.numeric=TRUE >
			2374	1596
			2380	1596
			2387	1596
			2394	1597
			2400	1598
			2406	1599
			2411	1600
			2418	1602
			2423	1605
			2429	1609
			2433	1613
			2438	1619
			2441	1623
			2444	1628
			2444	1634
		</Outline3>
		<Outline4 type=matrix rownames=FALSE colnames=FALSE nrow=15 ncol=2 as.numeric=TRUE >
			2444	1634
			2444	1642
			2443	1649
			2442	1656
			2441	1660
			2438	1666
			2435	1671
			2433	1676
			2430	1680
			2425	1685
			2419	1688
			2413	1691
			2408	1692
			2402	1694
			2395	1697
		</Outline4>
	</curves.control>
	<curves.pixel type=list>
		<Outline1 type=matrix rownames=FALSE colnames=FALSE nrow=103 ncol=2 as.numeric=TRUE >
			2395	1697
			2394	1698
			2393	1698
			2392	1699
			2391	1699
			2390	1699
			2389	1700
			2388	1700
			2387	1701
			2386	1701
			2385	1702
			2384	1702
			2383	1703
			2382	1703
			2381	1703
			2380	1704
			2379	1705
			2378	1705
			2377	1706
			2376	1706
			2375	1706
			2374	1707
			2373	1707
			2372	1708
			2371	1708
			2370	1709
			2369	1709
			2368	1710
			2367	1710
			2366	1710
			2365	1710
			2364	1710
			2363	1710
			2362	1710
			2361	1710
			2360	1710
			2359	1710
			2358	1710
			2357	1710
			2356	1710
			2355	1710
			2354	1710
			2353	1710
			2352	1710
			2351	1709
			2350	1709
			2349	1709
			2348	1708
			2347	1708
			2346	1708
			2345	1707
			2344	1707
			2343	1707
			2342	1706
			2341	1706
			2340	1705
			2339	1704
			2338	1703
			2337	1702
			2336	1701
			2335	1700
			2334	1699
			2334	1698
			2333	1697
			2333	1696
			2332	1695
			2332	1694
			2332	1693
			2331	1692
			2331	1691
			2331	1690
			2330	1690
			2330	1689
			2330	1688
			2330	1687
			2329	1686
			2329	1685
			2329	1684
			2329	1683
			2329	1682
			2329	1681
			2329	1680
			2328	1679
			2328	1678
			2328	1677
			2328	1676
			2328	1675
			2328	1674
			2328	1673
			2328	1672
			2328	1671
			2327	1670
			2327	1669
			2327	1668
			2327	1667
			2327	1666
			2327	1665
			2327	1664
			2327	1663
			2327	1662
			2327	1661
			2327	1660
			2327	1659
		</Outline1>
		<Outline2 type=matrix rownames=FALSE colnames=FALSE nrow=94 ncol=2 as.numeric=TRUE >
			2327	1659
			2327	1658
			2327	1657
			2327	1656
			2327	1655
			2327	1654
			2326	1653
			2326	1652
			2326	1651
			2326	1650
			2326	1649
			2326	1648
			2326	1647
			2326	1646
			2326	1645
			2326	1644
			2326	1643
			2326	1642
			2326	1641
			2326	1640
			2326	1639
			2326	1638
			2326	1637
			2326	1636
			2326	1635
			2326	1634
			2326	1633
			2326	1632
			2326	1631
			2326	1630
			2327	1629
			2327	1628
			2327	1627
			2327	1626
			2327	1625
			2327	1624
			2328	1623
			2328	1622
			2328	1621
			2329	1620
			2329	1619
			2330	1618
			2330	1617
			2330	1616
			2331	1615
			2331	1614
			2332	1613
			2332	1612
			2333	1611
			2333	1610
			2334	1610
			2334	1609
			2335	1608
			2336	1607
			2337	1606
			2338	1605
			2339	1604
			2340	1603
			2341	1603
			2341	1602
			2342	1602
			2343	1601
			2344	1601
			2345	1600
			2346	1600
			2347	1599
			2348	1599
			2349	1599
			2350	1598
			2351	1598
			2352	1598
			2353	1597
			2354	1597
			2355	1597
			2356	1597
			2357	1597
			2358	1597
			2358	1596
			2359	1596
			2360	1596
			2361	1596
			2362	1596
			2363	1596
			2364	1596
			2365	1596
			2366	1596
			2367	1596
			2368	1596
			2369	1596
			2370	1596
			2371	1596
			2372	1596
			2373	1596
			2374	1596
		</Outline2>
		<Outline3 type=matrix rownames=FALSE colnames=FALSE nrow=84 ncol=2 as.numeric=TRUE >
			2374	1596
			2375	1596
			2376	1596
			2377	1596
			2378	1596
			2379	1596
			2380	1596
			2381	1596
			2382	1596
			2383	1596
			2384	1596
			2385	1596
			2386	1596
			2387	1596
			2388	1596
			2389	1596
			2390	1596
			2391	1597
			2392	1597
			2393	1597
			2394	1597
			2395	1597
			2396	1597
			2397	1597
			2398	1598
			2399	1598
			2400	1598
			2401	1598
			2402	1598
			2403	1599
			2404	1599
			2405	1599
			2406	1599
			2407	1599
			2408	1599
			2409	1600
			2410	1600
			2411	1600
			2412	1600
			2413	1601
			2414	1601
			2415	1601
			2416	1602
			2417	1602
			2418	1602
			2419	1603
			2420	1603
			2420	1604
			2421	1604
			2422	1604
			2423	1605
			2424	1606
			2425	1607
			2426	1607
			2427	1608
			2428	1609
			2429	1609
			2430	1610
			2430	1611
			2431	1611
			2432	1612
			2433	1613
			2433	1614
			2434	1615
			2435	1616
			2436	1617
			2437	1617
			2437	1618
			2438	1619
			2439	1620
			2439	1621
			2440	1622
			2441	1623
			2442	1624
			2442	1625
			2443	1626
			2443	1627
			2443	1628
			2443	1629
			2444	1630
			2444	1631
			2444	1632
			2444	1633
			2444	1634
		</Outline3>
		<Outline4 type=matrix rownames=FALSE colnames=FALSE nrow=88 ncol=2 as.numeric=TRUE >
			2444	1634
			2444	1635
			2444	1636
			2444	1637
			2444	1638
			2444	1639
			2444	1640
			2444	1641
			2444	1642
			2444	1643
			2444	1644
			2443	1645
			2443	1646
			2443	1647
			2443	1648
			2443	1649
			2443	1650
			2443	1651
			2443	1652
			2442	1653
			2442	1654
			2442	1655
			2442	1656
			2442	1657
			2442	1658
			2441	1658
			2441	1659
			2441	1660
			2441	1661
			2440	1662
			2440	1663
			2439	1664
			2439	1665
			2438	1665
			2438	1666
			2437	1667
			2437	1668
			2436	1669
			2436	1670
			2435	1671
			2434	1672
			2434	1673
			2434	1674
			2433	1675
			2433	1676
			2432	1677
			2432	1678
			2431	1679
			2430	1679
			2430	1680
			2429	1681
			2428	1682
			2427	1683
			2426	1684
			2425	1685
			2424	1685
			2423	1686
			2422	1686
			2422	1687
			2421	1687
			2420	1687
			2419	1688
			2418	1688
			2417	1689
			2416	1689
			2415	1690
			2414	1690
			2413	1690
			2413	1691
			2412	1691
			2411	1691
			2410	1691
			2410	1692
			2409	1692
			2408	1692
			2407	1692
			2406	1693
			2405	1693
			2404	1694
			2403	1694
			2402	1694
			2401	1695
			2400	1695
			2399	1695
			2398	1696
			2397	1696
			2396	1696
			2395	1697
		</Outline4>
	</curves.pixel>
	<curves.scaled type=list>
		<Outline1 type=matrix rownames=FALSE colnames=FALSE nrow=103 ncol=2 as.numeric=TRUE >
			20.0582817607857	-14.2124860743438
			20.0499066953323	-14.2208611397971
			20.041531629879	-14.2208611397971
			20.0331565644256	-14.2292362052505
			20.0247814989723	-14.2292362052505
			20.0164064335189	-14.2292362052505
			20.0080313680656	-14.2376112707038
			19.9996563026122	-14.2376112707038
			19.9912812371588	-14.2459863361572
			19.9829061717055	-14.2459863361572
			19.9745311062521	-14.2543614016105
			19.9661560407988	-14.2543614016105
			19.9577809753454	-14.2627364670639
			19.9494059098921	-14.2627364670639
			19.9410308444387	-14.2627364670639
			19.9326557789854	-14.2711115325172
			19.924280713532	-14.2794865979706
			19.9159056480786	-14.2794865979706
			19.9075305826253	-14.287861663424
			19.8991555171719	-14.287861663424
			19.8907804517186	-14.287861663424
			19.8824053862652	-14.2962367288773
			19.8740303208119	-14.2962367288773
			19.8656552553585	-14.3046117943307
			19.8572801899052	-14.3046117943307
			19.8489051244518	-14.312986859784
			19.8405300589985	-14.312986859784
			19.8321549935451	-14.3213619252374
			19.8237799280917	-14.3213619252374
			19.8154048626384	-14.3213619252374
			19.807029797185	-14.3213619252374
			19.7986547317317	-14.3213619252374
			19.7902796662783	-14.3213619252374
			19.781904600825	-14.3213619252374
			19.7735295353716	-14.3213619252374
			19.7651544699183	-14.3213619252374
			19.7567794044649	-14.3213619252374
			19.7484043390115	-14.3213619252374
			19.7400292735582	-14.3213619252374
			19.7316542081048	-14.3213619252374
			19.7232791426515	-14.3213619252374
			19.7149040771981	-14.3213619252374
			19.7065290117448	-14.3213619252374
			19.6981539462914	-14.3213619252374
			19.6897788808381	-14.312986859784
			19.6814038153847	-14.312986859784
			19.6730287499313	-14.312986859784
			19.664653684478	-14.3046117943307
			19.6562786190246	-14.3046117943307
			19.6479035535713	-14.3046117943307
			19.6395284881179	-14.2962367288773
			19.6311534226646	-14.2962367288773
			19.6227783572112	-14.2962367288773
			19.6144032917579	-14.287861663424
			19.6060282263045	-14.287861663424
			19.5976531608512	-14.2794865979706
			19.5892780953978	-14.2711115325172
			19.5809030299444	-14.2627364670639
			19.5725279644911	-14.2543614016105
			19.5641528990377	-14.2459863361572
			19.5557778335844	-14.2376112707038
			19.547402768131	-14.2292362052505
			19.547402768131	-14.2208611397971
			19.5390277026777	-14.2124860743438
			19.5390277026777	-14.2041110088904
			19.5306526372243	-14.1957359434371
			19.5306526372243	-14.1873608779837
			19.5306526372243	-14.1789858125303
			19.522277571771	-14.170610747077
			19.522277571771	-14.1622356816236
			19.522277571771	-14.1538606161703
			19.5139025063176	-14.1538606161703
			19.5139025063176	-14.1454855507169
			19.5139025063176	-14.1371104852636
			19.5139025063176	-14.1287354198102
			19.5055274408642	-14.1203603543569
			19.5055274408642	-14.1119852889035
			19.5055274408642	-14.1036102234501
			19.5055274408642	-14.0952351579968
			19.5055274408642	-14.0868600925434
			19.5055274408642	-14.0784850270901
			19.5055274408642	-14.0701099616367
			19.4971523754109	-14.0617348961834
			19.4971523754109	-14.05335983073
			19.4971523754109	-14.0449847652767
			19.4971523754109	-14.0366096998233
			19.4971523754109	-14.0282346343699
			19.4971523754109	-14.0198595689166
			19.4971523754109	-14.0114845034632
			19.4971523754109	-14.0031094380099
			19.4971523754109	-13.9947343725565
			19.4887773099575	-13.9863593071032
			19.4887773099575	-13.9779842416498
			19.4887773099575	-13.9696091761965
			19.4887773099575	-13.9612341107431
			19.4887773099575	-13.9528590452898
			19.4887773099575	-13.9444839798364
			19.4887773099575	-13.936108914383
			19.4887773099575	-13.9277338489297
			19.4887773099575	-13.9193587834763
			19.4887773099575	-13.910983718023
			19.4887773099575	-13.9026086525696
			19.4887773099575	-13.8942335871163
		</Outline1>
		<Outline2 type=matrix rownames=FALSE colnames=FALSE nrow=94 ncol=2 as.numeric=TRUE >
			19.4887773099575	-13.8942335871163
			19.4887773099575	-13.8858585216629
			19.4887773099575	-13.8774834562096
			19.4887773099575	-13.8691083907562
			19.4887773099575	-13.8607333253028
			19.4887773099575	-13.8523582598495
			19.4804022445042	-13.8439831943961
			19.4804022445042	-13.8356081289428
			19.4804022445042	-13.8272330634894
			19.4804022445042	-13.8188579980361
			19.4804022445042	-13.8104829325827
			19.4804022445042	-13.8021078671294
			19.4804022445042	-13.793732801676
			19.4804022445042	-13.7853577362226
			19.4804022445042	-13.7769826707693
			19.4804022445042	-13.7686076053159
			19.4804022445042	-13.7602325398626
			19.4804022445042	-13.7518574744092
			19.4804022445042	-13.7434824089559
			19.4804022445042	-13.7351073435025
			19.4804022445042	-13.7267322780492
			19.4804022445042	-13.7183572125958
			19.4804022445042	-13.7099821471425
			19.4804022445042	-13.7016070816891
			19.4804022445042	-13.6932320162357
			19.4804022445042	-13.6848569507824
			19.4804022445042	-13.676481885329
			19.4804022445042	-13.6681068198757
			19.4804022445042	-13.6597317544223
			19.4804022445042	-13.651356688969
			19.4887773099575	-13.6429816235156
			19.4887773099575	-13.6346065580623
			19.4887773099575	-13.6262314926089
			19.4887773099575	-13.6178564271555
			19.4887773099575	-13.6094813617022
			19.4887773099575	-13.6011062962488
			19.4971523754109	-13.5927312307955
			19.4971523754109	-13.5843561653421
			19.4971523754109	-13.5759810998888
			19.5055274408642	-13.5676060344354
			19.5055274408642	-13.5592309689821
			19.5139025063176	-13.5508559035287
			19.5139025063176	-13.5424808380753
			19.5139025063176	-13.534105772622
			19.522277571771	-13.5257307071686
			19.522277571771	-13.5173556417153
			19.5306526372243	-13.5089805762619
			19.5306526372243	-13.5006055108086
			19.5390277026777	-13.4922304453552
			19.5390277026777	-13.4838553799019
			19.547402768131	-13.4838553799019
			19.547402768131	-13.4754803144485
			19.5557778335844	-13.4671052489951
			19.5641528990377	-13.4587301835418
			19.5725279644911	-13.4503551180884
			19.5809030299444	-13.4419800526351
			19.5892780953978	-13.4336049871817
			19.5976531608512	-13.4252299217284
			19.6060282263045	-13.4252299217284
			19.6060282263045	-13.416854856275
			19.6144032917579	-13.416854856275
			19.6227783572112	-13.4084797908217
			19.6311534226646	-13.4084797908217
			19.6395284881179	-13.4001047253683
			19.6479035535713	-13.4001047253683
			19.6562786190246	-13.391729659915
			19.664653684478	-13.391729659915
			19.6730287499313	-13.391729659915
			19.6814038153847	-13.3833545944616
			19.6897788808381	-13.3833545944616
			19.6981539462914	-13.3833545944616
			19.7065290117448	-13.3749795290082
			19.7149040771981	-13.3749795290082
			19.7232791426515	-13.3749795290082
			19.7316542081048	-13.3749795290082
			19.7400292735582	-13.3749795290082
			19.7484043390115	-13.3749795290082
			19.7484043390115	-13.3666044635549
			19.7567794044649	-13.3666044635549
			19.7651544699183	-13.3666044635549
			19.7735295353716	-13.3666044635549
			19.781904600825	-13.3666044635549
			19.7902796662783	-13.3666044635549
			19.7986547317317	-13.3666044635549
			19.807029797185	-13.3666044635549
			19.8154048626384	-13.3666044635549
			19.8237799280917	-13.3666044635549
			19.8321549935451	-13.3666044635549
			19.8405300589985	-13.3666044635549
			19.8489051244518	-13.3666044635549
			19.8572801899052	-13.3666044635549
			19.8656552553585	-13.3666044635549
			19.8740303208119	-13.3666044635549
			19.8824053862652	-13.3666044635549
		</Outline2>
		<Outline3 type=matrix rownames=FALSE colnames=FALSE nrow=84 ncol=2 as.numeric=TRUE >
			19.8824053862652	-13.3666044635549
			19.8907804517186	-13.3666044635549
			19.8991555171719	-13.3666044635549
			19.9075305826253	-13.3666044635549
			19.9159056480786	-13.3666044635549
			19.924280713532	-13.3666044635549
			19.9326557789854	-13.3666044635549
			19.9410308444387	-13.3666044635549
			19.9494059098921	-13.3666044635549
			19.9577809753454	-13.3666044635549
			19.9661560407988	-13.3666044635549
			19.9745311062521	-13.3666044635549
			19.9829061717055	-13.3666044635549
			19.9912812371588	-13.3666044635549
			19.9996563026122	-13.3666044635549
			20.0080313680656	-13.3666044635549
			20.0164064335189	-13.3666044635549
			20.0247814989723	-13.3749795290082
			20.0331565644256	-13.3749795290082
			20.041531629879	-13.3749795290082
			20.0499066953323	-13.3749795290082
			20.0582817607857	-13.3749795290082
			20.066656826239	-13.3749795290082
			20.0750318916924	-13.3749795290082
			20.0834069571458	-13.3833545944616
			20.0917820225991	-13.3833545944616
			20.1001570880525	-13.3833545944616
			20.1085321535058	-13.3833545944616
			20.1169072189592	-13.3833545944616
			20.1252822844125	-13.391729659915
			20.1336573498659	-13.391729659915
			20.1420324153192	-13.391729659915
			20.1504074807726	-13.391729659915
			20.158782546226	-13.391729659915
			20.1671576116793	-13.391729659915
			20.1755326771327	-13.4001047253683
			20.183907742586	-13.4001047253683
			20.1922828080394	-13.4001047253683
			20.2006578734927	-13.4001047253683
			20.2090329389461	-13.4084797908217
			20.2174080043994	-13.4084797908217
			20.2257830698528	-13.4084797908217
			20.2341581353061	-13.416854856275
			20.2425332007595	-13.416854856275
			20.2509082662129	-13.416854856275
			20.2592833316662	-13.4252299217284
			20.2676583971196	-13.4252299217284
			20.2676583971196	-13.4336049871817
			20.2760334625729	-13.4336049871817
			20.2844085280263	-13.4336049871817
			20.2927835934796	-13.4419800526351
			20.301158658933	-13.4503551180884
			20.3095337243863	-13.4587301835418
			20.3179087898397	-13.4587301835418
			20.3262838552931	-13.4671052489951
			20.3346589207464	-13.4754803144485
			20.3430339861998	-13.4754803144485
			20.3514090516531	-13.4838553799019
			20.3514090516531	-13.4922304453552
			20.3597841171065	-13.4922304453552
			20.3681591825598	-13.5006055108086
			20.3765342480132	-13.5089805762619
			20.3765342480132	-13.5173556417153
			20.3849093134665	-13.5257307071686
			20.3932843789199	-13.534105772622
			20.4016594443733	-13.5424808380753
			20.4100345098266	-13.5424808380753
			20.4100345098266	-13.5508559035287
			20.41840957528	-13.5592309689821
			20.4267846407333	-13.5676060344354
			20.4267846407333	-13.5759810998888
			20.4351597061867	-13.5843561653421
			20.44353477164	-13.5927312307955
			20.4519098370934	-13.6011062962488
			20.4519098370934	-13.6094813617022
			20.4602849025467	-13.6178564271555
			20.4602849025467	-13.6262314926089
			20.4602849025467	-13.6346065580623
			20.4602849025467	-13.6429816235156
			20.4686599680001	-13.651356688969
			20.4686599680001	-13.6597317544223
			20.4686599680001	-13.6681068198757
			20.4686599680001	-13.676481885329
			20.4686599680001	-13.6848569507824
		</Outline3>
		<Outline4 type=matrix rownames=FALSE colnames=FALSE nrow=88 ncol=2 as.numeric=TRUE >
			20.4686599680001	-13.6848569507824
			20.4686599680001	-13.6932320162357
			20.4686599680001	-13.7016070816891
			20.4686599680001	-13.7099821471425
			20.4686599680001	-13.7183572125958
			20.4686599680001	-13.7267322780492
			20.4686599680001	-13.7351073435025
			20.4686599680001	-13.7434824089559
			20.4686599680001	-13.7518574744092
			20.4686599680001	-13.7602325398626
			20.4686599680001	-13.7686076053159
			20.4602849025467	-13.7769826707693
			20.4602849025467	-13.7853577362226
			20.4602849025467	-13.793732801676
			20.4602849025467	-13.8021078671294
			20.4602849025467	-13.8104829325827
			20.4602849025467	-13.8188579980361
			20.4602849025467	-13.8272330634894
			20.4602849025467	-13.8356081289428
			20.4519098370934	-13.8439831943961
			20.4519098370934	-13.8523582598495
			20.4519098370934	-13.8607333253028
			20.4519098370934	-13.8691083907562
			20.4519098370934	-13.8774834562096
			20.4519098370934	-13.8858585216629
			20.44353477164	-13.8858585216629
			20.44353477164	-13.8942335871163
			20.44353477164	-13.9026086525696
			20.44353477164	-13.910983718023
			20.4351597061867	-13.9193587834763
			20.4351597061867	-13.9277338489297
			20.4267846407333	-13.936108914383
			20.4267846407333	-13.9444839798364
			20.41840957528	-13.9444839798364
			20.41840957528	-13.9528590452898
			20.4100345098266	-13.9612341107431
			20.4100345098266	-13.9696091761965
			20.4016594443733	-13.9779842416498
			20.4016594443733	-13.9863593071032
			20.3932843789199	-13.9947343725565
			20.3849093134665	-14.0031094380099
			20.3849093134665	-14.0114845034632
			20.3849093134665	-14.0198595689166
			20.3765342480132	-14.0282346343699
			20.3765342480132	-14.0366096998233
			20.3681591825598	-14.0449847652767
			20.3681591825598	-14.05335983073
			20.3597841171065	-14.0617348961834
			20.3514090516531	-14.0617348961834
			20.3514090516531	-14.0701099616367
			20.3430339861998	-14.0784850270901
			20.3346589207464	-14.0868600925434
			20.3262838552931	-14.0952351579968
			20.3179087898397	-14.1036102234501
			20.3095337243863	-14.1119852889035
			20.301158658933	-14.1119852889035
			20.2927835934796	-14.1203603543569
			20.2844085280263	-14.1203603543569
			20.2844085280263	-14.1287354198102
			20.2760334625729	-14.1287354198102
			20.2676583971196	-14.1287354198102
			20.2592833316662	-14.1371104852636
			20.2509082662129	-14.1371104852636
			20.2425332007595	-14.1454855507169
			20.2341581353061	-14.1454855507169
			20.2257830698528	-14.1538606161703
			20.2174080043994	-14.1538606161703
			20.2090329389461	-14.1538606161703
			20.2090329389461	-14.1622356816236
			20.2006578734927	-14.1622356816236
			20.1922828080394	-14.1622356816236
			20.183907742586	-14.1622356816236
			20.183907742586	-14.170610747077
			20.1755326771327	-14.170610747077
			20.1671576116793	-14.170610747077
			20.158782546226	-14.170610747077
			20.1504074807726	-14.1789858125303
			20.1420324153192	-14.1789858125303
			20.1336573498659	-14.1873608779837
			20.1252822844125	-14.1873608779837
			20.1169072189592	-14.1873608779837
			20.1085321535058	-14.1957359434371
			20.1001570880525	-14.1957359434371
			20.0917820225991	-14.1957359434371
			20.0834069571458	-14.2041110088904
			20.0750318916924	-14.2041110088904
			20.066656826239	-14.2041110088904
			20.0582817607857	-14.2124860743438
		</Outline4>
	</curves.scaled>
	<ruler.points type=matrix rownames=TRUE colnames=FALSE nrow=2 ncol=2 as.numeric=TRUE >
		Ruler point 1	3446	2552
		Ruler point 2	2252	2545
	</ruler.points>
</shapes>

