<shapes type=list>
	<ruler.pixel type=vector names=FALSE length=1 as.numeric=TRUE >883.045865173491</ruler.pixel>
	<ruler.interval type=vector names=FALSE length=1 as.numeric=TRUE >10</ruler.interval>
	<scaling.units type=vector names=FALSE length=1 as.numeric=FALSE >mm</scaling.units>
	<scaling type=vector names=FALSE length=1 as.numeric=TRUE >0.0113244400935339</scaling>
	<landmarks.pixel type=matrix rownames=TRUE colnames=FALSE nrow=4 ncol=2 as.numeric=TRUE >
		Labial	2372	1634
		Posterior	2286	1573
		Lingual	2355	1494
		Anterior	2449	1556
	</landmarks.pixel>
	<landmarks.scaled type=matrix rownames=TRUE colnames=FALSE nrow=4 ncol=2 as.numeric=TRUE >
		Labial	26.8615719018624	-18.5041351128344
		Posterior	25.8876700538185	-17.8133442671288
		Lingual	26.6690564202723	-16.9187134997396
		Anterior	27.7335537890645	-17.6208287855387
	</landmarks.scaled>
	<curves.control type=list>
		<Outline1 type=matrix rownames=FALSE colnames=FALSE nrow=19 ncol=2 as.numeric=TRUE >
			2372	1634
			2364	1636
			2357	1642
			2351	1646
			2345	1651
			2338	1656
			2330	1660
			2323	1661
			2316	1661
			2310	1660
			2303	1657
			2297	1654
			2291	1649
			2288	1645
			2284	1638
			2282	1631
			2281	1624
			2282	1614
			2286	1573
		</Outline1>
		<Outline2 type=matrix rownames=FALSE colnames=FALSE nrow=13 ncol=2 as.numeric=TRUE >
			2286	1573
			2287	1562
			2288	1550
			2289	1541
			2292	1532
			2297	1520
			2302	1513
			2306	1506
			2313	1502
			2321	1498
			2330	1496
			2339	1495
			2355	1494
		</Outline2>
		<Outline3 type=matrix rownames=FALSE colnames=FALSE nrow=17 ncol=2 as.numeric=TRUE >
			2355	1494
			2364	1494
			2373	1494
			2382	1494
			2391	1495
			2400	1497
			2407	1499
			2413	1502
			2419	1506
			2424	1511
			2428	1516
			2432	1522
			2434	1528
			2437	1533
			2441	1537
			2446	1545
			2449	1556
		</Outline3>
		<Outline4 type=matrix rownames=FALSE colnames=FALSE nrow=15 ncol=2 as.numeric=TRUE >
			2449	1556
			2450	1565
			2449	1575
			2447	1585
			2443	1595
			2439	1604
			2434	1612
			2427	1619
			2421	1624
			2414	1626
			2406	1628
			2398	1629
			2391	1629
			2385	1629
			2372	1634
		</Outline4>
	</curves.control>
	<curves.pixel type=list>
		<Outline1 type=matrix rownames=FALSE colnames=FALSE nrow=168 ncol=2 as.numeric=TRUE >
			2372	1634
			2371	1634
			2370	1634
			2369	1635
			2368	1635
			2367	1636
			2366	1636
			2365	1637
			2364	1637
			2363	1638
			2362	1638
			2361	1639
			2360	1639
			2359	1640
			2358	1641
			2358	1642
			2357	1642
			2356	1643
			2355	1643
			2354	1644
			2353	1645
			2352	1646
			2351	1646
			2350	1647
			2349	1648
			2348	1648
			2347	1649
			2347	1650
			2346	1650
			2345	1651
			2344	1652
			2343	1652
			2342	1653
			2341	1654
			2340	1655
			2339	1655
			2338	1656
			2337	1656
			2336	1657
			2335	1657
			2335	1658
			2334	1658
			2333	1658
			2332	1659
			2331	1659
			2330	1660
			2329	1660
			2328	1660
			2327	1660
			2326	1660
			2325	1661
			2324	1661
			2323	1661
			2322	1661
			2321	1661
			2320	1661
			2319	1661
			2318	1661
			2317	1661
			2316	1661
			2315	1661
			2314	1661
			2313	1660
			2312	1660
			2311	1660
			2310	1660
			2309	1659
			2308	1659
			2307	1659
			2306	1658
			2305	1658
			2304	1657
			2303	1657
			2302	1657
			2302	1656
			2301	1656
			2300	1655
			2299	1655
			2298	1654
			2297	1654
			2297	1653
			2296	1653
			2295	1652
			2294	1652
			2293	1651
			2293	1650
			2292	1650
			2291	1649
			2291	1648
			2290	1648
			2290	1647
			2289	1647
			2289	1646
			2288	1645
			2288	1644
			2287	1644
			2287	1643
			2286	1642
			2286	1641
			2285	1640
			2285	1639
			2284	1639
			2284	1638
			2284	1637
			2283	1636
			2283	1635
			2283	1634
			2283	1633
			2282	1632
			2282	1631
			2282	1630
			2282	1629
			2282	1628
			2281	1627
			2281	1626
			2281	1625
			2281	1624
			2281	1623
			2281	1622
			2281	1621
			2281	1620
			2282	1619
			2282	1618
			2282	1617
			2282	1616
			2282	1615
			2282	1614
			2282	1613
			2282	1612
			2282	1611
			2282	1610
			2282	1609
			2283	1608
			2283	1607
			2283	1606
			2283	1605
			2283	1604
			2283	1603
			2283	1602
			2283	1601
			2283	1600
			2283	1599
			2284	1598
			2284	1597
			2284	1596
			2284	1595
			2284	1594
			2284	1593
			2284	1592
			2284	1591
			2284	1590
			2284	1589
			2285	1588
			2285	1587
			2285	1586
			2285	1585
			2285	1584
			2285	1583
			2285	1582
			2285	1581
			2285	1580
			2285	1579
			2286	1578
			2286	1577
			2286	1576
			2286	1575
			2286	1574
			2286	1573
		</Outline1>
		<Outline2 type=matrix rownames=FALSE colnames=FALSE nrow=118 ncol=2 as.numeric=TRUE >
			2286	1573
			2286	1572
			2286	1571
			2286	1570
			2286	1569
			2286	1568
			2287	1567
			2287	1566
			2287	1565
			2287	1564
			2287	1563
			2287	1562
			2287	1561
			2287	1560
			2287	1559
			2287	1558
			2287	1557
			2288	1556
			2288	1555
			2288	1554
			2288	1553
			2288	1552
			2288	1551
			2288	1550
			2288	1549
			2288	1548
			2288	1547
			2289	1546
			2289	1545
			2289	1544
			2289	1543
			2289	1542
			2289	1541
			2290	1540
			2290	1539
			2290	1538
			2291	1537
			2291	1536
			2291	1535
			2291	1534
			2292	1533
			2292	1532
			2292	1531
			2293	1530
			2293	1529
			2294	1528
			2294	1527
			2295	1526
			2295	1525
			2295	1524
			2296	1523
			2297	1522
			2297	1521
			2298	1520
			2298	1519
			2299	1518
			2299	1517
			2300	1516
			2300	1515
			2301	1514
			2302	1514
			2302	1513
			2302	1512
			2303	1511
			2304	1510
			2305	1509
			2306	1508
			2307	1507
			2307	1506
			2308	1505
			2309	1505
			2310	1504
			2311	1503
			2312	1502
			2313	1502
			2314	1501
			2315	1501
			2316	1501
			2316	1500
			2317	1500
			2318	1500
			2319	1499
			2320	1499
			2321	1499
			2322	1498
			2323	1498
			2324	1498
			2325	1497
			2326	1497
			2327	1497
			2328	1497
			2329	1496
			2330	1496
			2331	1496
			2332	1496
			2333	1496
			2334	1496
			2335	1495
			2336	1495
			2337	1495
			2338	1495
			2339	1495
			2340	1495
			2341	1495
			2342	1495
			2343	1495
			2344	1495
			2345	1495
			2346	1495
			2347	1495
			2348	1494
			2349	1494
			2350	1494
			2351	1494
			2352	1494
			2353	1494
			2354	1494
			2355	1494
		</Outline2>
		<Outline3 type=matrix rownames=FALSE colnames=FALSE nrow=122 ncol=2 as.numeric=TRUE >
			2355	1494
			2356	1494
			2357	1494
			2358	1494
			2359	1494
			2360	1494
			2361	1494
			2362	1494
			2363	1494
			2364	1494
			2365	1494
			2366	1494
			2367	1494
			2368	1494
			2369	1494
			2370	1494
			2371	1494
			2372	1494
			2373	1494
			2374	1494
			2375	1494
			2376	1494
			2377	1494
			2378	1494
			2379	1494
			2380	1494
			2381	1494
			2382	1494
			2383	1494
			2384	1494
			2385	1494
			2386	1495
			2387	1495
			2388	1495
			2389	1495
			2390	1495
			2391	1495
			2392	1495
			2393	1495
			2394	1496
			2395	1496
			2396	1496
			2397	1496
			2398	1497
			2399	1497
			2400	1497
			2401	1497
			2402	1498
			2403	1498
			2404	1498
			2405	1499
			2406	1499
			2407	1499
			2408	1499
			2409	1500
			2410	1500
			2410	1501
			2411	1501
			2412	1502
			2413	1502
			2414	1503
			2415	1504
			2416	1504
			2417	1505
			2418	1505
			2419	1506
			2420	1507
			2420	1508
			2421	1508
			2422	1509
			2423	1510
			2423	1511
			2424	1511
			2425	1512
			2426	1513
			2426	1514
			2427	1515
			2428	1515
			2428	1516
			2429	1517
			2429	1518
			2430	1519
			2431	1520
			2431	1521
			2432	1522
			2432	1523
			2432	1524
			2433	1525
			2433	1526
			2434	1527
			2434	1528
			2434	1529
			2435	1529
			2435	1530
			2436	1531
			2436	1532
			2437	1532
			2437	1533
			2438	1534
			2439	1534
			2439	1535
			2440	1536
			2441	1537
			2442	1538
			2442	1539
			2443	1540
			2443	1541
			2444	1542
			2444	1543
			2445	1544
			2445	1545
			2446	1546
			2446	1547
			2447	1548
			2447	1549
			2447	1550
			2448	1551
			2448	1552
			2448	1553
			2448	1554
			2449	1555
			2449	1556
		</Outline3>
		<Outline4 type=matrix rownames=FALSE colnames=FALSE nrow=121 ncol=2 as.numeric=TRUE >
			2449	1556
			2449	1557
			2449	1558
			2449	1559
			2449	1560
			2449	1561
			2449	1562
			2449	1563
			2449	1564
			2449	1565
			2449	1566
			2449	1567
			2449	1568
			2449	1569
			2449	1570
			2449	1571
			2449	1572
			2449	1573
			2449	1574
			2449	1575
			2449	1576
			2449	1577
			2448	1578
			2448	1579
			2448	1580
			2448	1581
			2447	1582
			2447	1583
			2447	1584
			2447	1585
			2446	1586
			2446	1587
			2446	1588
			2445	1589
			2445	1590
			2445	1591
			2444	1591
			2444	1592
			2444	1593
			2443	1594
			2443	1595
			2442	1596
			2442	1597
			2442	1598
			2441	1599
			2441	1600
			2440	1601
			2440	1602
			2439	1603
			2438	1604
			2438	1605
			2437	1606
			2437	1607
			2436	1608
			2436	1609
			2435	1610
			2435	1611
			2434	1612
			2433	1613
			2432	1614
			2431	1615
			2430	1616
			2429	1617
			2428	1618
			2427	1618
			2426	1619
			2426	1620
			2425	1621
			2424	1622
			2423	1622
			2422	1623
			2421	1624
			2420	1624
			2419	1624
			2418	1625
			2417	1625
			2416	1625
			2415	1626
			2414	1626
			2413	1626
			2412	1626
			2411	1627
			2410	1627
			2409	1627
			2408	1627
			2407	1628
			2406	1628
			2405	1628
			2404	1628
			2403	1628
			2402	1628
			2401	1629
			2400	1629
			2399	1629
			2398	1629
			2397	1629
			2396	1629
			2395	1629
			2394	1629
			2393	1629
			2392	1629
			2391	1629
			2390	1629
			2389	1629
			2388	1629
			2387	1629
			2386	1630
			2385	1630
			2384	1630
			2383	1630
			2382	1631
			2381	1631
			2380	1631
			2379	1631
			2378	1632
			2377	1632
			2376	1633
			2375	1633
			2374	1633
			2373	1634
			2372	1634
		</Outline4>
	</curves.pixel>
	<curves.scaled type=list>
		<Outline1 type=matrix rownames=FALSE colnames=FALSE nrow=168 ncol=2 as.numeric=TRUE >
			26.8615719018624	-18.5041351128344
			26.8502474617688	-18.5041351128344
			26.8389230216753	-18.5041351128344
			26.8275985815818	-18.5154595529279
			26.8162741414882	-18.5154595529279
			26.8049497013947	-18.5267839930214
			26.7936252613012	-18.5267839930214
			26.7823008212076	-18.538108433115
			26.7709763811141	-18.538108433115
			26.7596519410206	-18.5494328732085
			26.748327500927	-18.5494328732085
			26.7370030608335	-18.560757313302
			26.72567862074	-18.560757313302
			26.7143541806464	-18.5720817533956
			26.7030297405529	-18.5834061934891
			26.7030297405529	-18.5947306335826
			26.6917053004594	-18.5947306335826
			26.6803808603658	-18.6060550736762
			26.6690564202723	-18.6060550736762
			26.6577319801788	-18.6173795137697
			26.6464075400852	-18.6287039538632
			26.6350830999917	-18.6400283939568
			26.6237586598982	-18.6400283939568
			26.6124342198046	-18.6513528340503
			26.6011097797111	-18.6626772741438
			26.5897853396176	-18.6626772741438
			26.578460899524	-18.6740017142374
			26.578460899524	-18.6853261543309
			26.5671364594305	-18.6853261543309
			26.555812019337	-18.6966505944244
			26.5444875792434	-18.707975034518
			26.5331631391499	-18.707975034518
			26.5218386990564	-18.7192994746115
			26.5105142589628	-18.730623914705
			26.4991898188693	-18.7419483547986
			26.4878653787758	-18.7419483547986
			26.4765409386822	-18.7532727948921
			26.4652164985887	-18.7532727948921
			26.4538920584951	-18.7645972349856
			26.4425676184016	-18.7645972349856
			26.4425676184016	-18.7759216750792
			26.4312431783081	-18.7759216750792
			26.4199187382145	-18.7759216750792
			26.408594298121	-18.7872461151727
			26.3972698580275	-18.7872461151727
			26.3859454179339	-18.7985705552662
			26.3746209778404	-18.7985705552662
			26.3632965377469	-18.7985705552662
			26.3519720976533	-18.7985705552662
			26.3406476575598	-18.7985705552662
			26.3293232174663	-18.8098949953598
			26.3179987773727	-18.8098949953598
			26.3066743372792	-18.8098949953598
			26.2953498971857	-18.8098949953598
			26.2840254570921	-18.8098949953598
			26.2727010169986	-18.8098949953598
			26.2613765769051	-18.8098949953598
			26.2500521368115	-18.8098949953598
			26.238727696718	-18.8098949953598
			26.2274032566245	-18.8098949953598
			26.2160788165309	-18.8098949953598
			26.2047543764374	-18.8098949953598
			26.1934299363439	-18.7985705552662
			26.1821054962503	-18.7985705552662
			26.1707810561568	-18.7985705552662
			26.1594566160633	-18.7985705552662
			26.1481321759697	-18.7872461151727
			26.1368077358762	-18.7872461151727
			26.1254832957827	-18.7872461151727
			26.1141588556891	-18.7759216750792
			26.1028344155956	-18.7759216750792
			26.0915099755021	-18.7645972349856
			26.0801855354085	-18.7645972349856
			26.068861095315	-18.7645972349856
			26.068861095315	-18.7532727948921
			26.0575366552215	-18.7532727948921
			26.0462122151279	-18.7419483547986
			26.0348877750344	-18.7419483547986
			26.0235633349409	-18.730623914705
			26.0122388948473	-18.730623914705
			26.0122388948473	-18.7192994746115
			26.0009144547538	-18.7192994746115
			25.9895900146603	-18.707975034518
			25.9782655745667	-18.707975034518
			25.9669411344732	-18.6966505944244
			25.9669411344732	-18.6853261543309
			25.9556166943797	-18.6853261543309
			25.9442922542861	-18.6740017142374
			25.9442922542861	-18.6626772741438
			25.9329678141926	-18.6626772741438
			25.9329678141926	-18.6513528340503
			25.9216433740991	-18.6513528340503
			25.9216433740991	-18.6400283939568
			25.9103189340055	-18.6287039538632
			25.9103189340055	-18.6173795137697
			25.898994493912	-18.6173795137697
			25.898994493912	-18.6060550736762
			25.8876700538185	-18.5947306335826
			25.8876700538185	-18.5834061934891
			25.8763456137249	-18.5720817533956
			25.8763456137249	-18.560757313302
			25.8650211736314	-18.560757313302
			25.8650211736314	-18.5494328732085
			25.8650211736314	-18.538108433115
			25.8536967335379	-18.5267839930214
			25.8536967335379	-18.5154595529279
			25.8536967335379	-18.5041351128344
			25.8536967335379	-18.4928106727408
			25.8423722934443	-18.4814862326473
			25.8423722934443	-18.4701617925538
			25.8423722934443	-18.4588373524602
			25.8423722934443	-18.4475129123667
			25.8423722934443	-18.4361884722732
			25.8310478533508	-18.4248640321796
			25.8310478533508	-18.4135395920861
			25.8310478533508	-18.4022151519926
			25.8310478533508	-18.390890711899
			25.8310478533508	-18.3795662718055
			25.8310478533508	-18.368241831712
			25.8310478533508	-18.3569173916184
			25.8310478533508	-18.3455929515249
			25.8423722934443	-18.3342685114314
			25.8423722934443	-18.3229440713378
			25.8423722934443	-18.3116196312443
			25.8423722934443	-18.3002951911508
			25.8423722934443	-18.2889707510572
			25.8423722934443	-18.2776463109637
			25.8423722934443	-18.2663218708702
			25.8423722934443	-18.2549974307766
			25.8423722934443	-18.2436729906831
			25.8423722934443	-18.2323485505895
			25.8423722934443	-18.221024110496
			25.8536967335379	-18.2096996704025
			25.8536967335379	-18.1983752303089
			25.8536967335379	-18.1870507902154
			25.8536967335379	-18.1757263501219
			25.8536967335379	-18.1644019100283
			25.8536967335379	-18.1530774699348
			25.8536967335379	-18.1417530298413
			25.8536967335379	-18.1304285897477
			25.8536967335379	-18.1191041496542
			25.8536967335379	-18.1077797095607
			25.8650211736314	-18.0964552694671
			25.8650211736314	-18.0851308293736
			25.8650211736314	-18.0738063892801
			25.8650211736314	-18.0624819491865
			25.8650211736314	-18.051157509093
			25.8650211736314	-18.0398330689995
			25.8650211736314	-18.0285086289059
			25.8650211736314	-18.0171841888124
			25.8650211736314	-18.0058597487189
			25.8650211736314	-17.9945353086253
			25.8763456137249	-17.9832108685318
			25.8763456137249	-17.9718864284383
			25.8763456137249	-17.9605619883447
			25.8763456137249	-17.9492375482512
			25.8763456137249	-17.9379131081577
			25.8763456137249	-17.9265886680641
			25.8763456137249	-17.9152642279706
			25.8763456137249	-17.9039397878771
			25.8763456137249	-17.8926153477835
			25.8763456137249	-17.88129090769
			25.8876700538185	-17.8699664675965
			25.8876700538185	-17.8586420275029
			25.8876700538185	-17.8473175874094
			25.8876700538185	-17.8359931473159
			25.8876700538185	-17.8246687072223
			25.8876700538185	-17.8133442671288
		</Outline1>
		<Outline2 type=matrix rownames=FALSE colnames=FALSE nrow=118 ncol=2 as.numeric=TRUE >
			25.8876700538185	-17.8133442671288
			25.8876700538185	-17.8020198270353
			25.8876700538185	-17.7906953869417
			25.8876700538185	-17.7793709468482
			25.8876700538185	-17.7680465067547
			25.8876700538185	-17.7567220666611
			25.898994493912	-17.7453976265676
			25.898994493912	-17.7340731864741
			25.898994493912	-17.7227487463805
			25.898994493912	-17.711424306287
			25.898994493912	-17.7000998661935
			25.898994493912	-17.6887754260999
			25.898994493912	-17.6774509860064
			25.898994493912	-17.6661265459129
			25.898994493912	-17.6548021058193
			25.898994493912	-17.6434776657258
			25.898994493912	-17.6321532256323
			25.9103189340055	-17.6208287855387
			25.9103189340055	-17.6095043454452
			25.9103189340055	-17.5981799053517
			25.9103189340055	-17.5868554652581
			25.9103189340055	-17.5755310251646
			25.9103189340055	-17.5642065850711
			25.9103189340055	-17.5528821449775
			25.9103189340055	-17.541557704884
			25.9103189340055	-17.5302332647904
			25.9103189340055	-17.5189088246969
			25.9216433740991	-17.5075843846034
			25.9216433740991	-17.4962599445098
			25.9216433740991	-17.4849355044163
			25.9216433740991	-17.4736110643228
			25.9216433740991	-17.4622866242292
			25.9216433740991	-17.4509621841357
			25.9329678141926	-17.4396377440422
			25.9329678141926	-17.4283133039486
			25.9329678141926	-17.4169888638551
			25.9442922542861	-17.4056644237616
			25.9442922542861	-17.394339983668
			25.9442922542861	-17.3830155435745
			25.9442922542861	-17.371691103481
			25.9556166943797	-17.3603666633874
			25.9556166943797	-17.3490422232939
			25.9556166943797	-17.3377177832004
			25.9669411344732	-17.3263933431068
			25.9669411344732	-17.3150689030133
			25.9782655745667	-17.3037444629198
			25.9782655745667	-17.2924200228262
			25.9895900146603	-17.2810955827327
			25.9895900146603	-17.2697711426392
			25.9895900146603	-17.2584467025456
			26.0009144547538	-17.2471222624521
			26.0122388948473	-17.2357978223586
			26.0122388948473	-17.224473382265
			26.0235633349409	-17.2131489421715
			26.0235633349409	-17.201824502078
			26.0348877750344	-17.1905000619844
			26.0348877750344	-17.1791756218909
			26.0462122151279	-17.1678511817974
			26.0462122151279	-17.1565267417038
			26.0575366552215	-17.1452023016103
			26.068861095315	-17.1452023016103
			26.068861095315	-17.1338778615168
			26.068861095315	-17.1225534214232
			26.0801855354085	-17.1112289813297
			26.0915099755021	-17.0999045412362
			26.1028344155956	-17.0885801011426
			26.1141588556891	-17.0772556610491
			26.1254832957827	-17.0659312209556
			26.1254832957827	-17.054606780862
			26.1368077358762	-17.0432823407685
			26.1481321759697	-17.0432823407685
			26.1594566160633	-17.031957900675
			26.1707810561568	-17.0206334605814
			26.1821054962503	-17.0093090204879
			26.1934299363439	-17.0093090204879
			26.2047543764374	-16.9979845803944
			26.2160788165309	-16.9979845803944
			26.2274032566245	-16.9979845803944
			26.2274032566245	-16.9866601403008
			26.238727696718	-16.9866601403008
			26.2500521368115	-16.9866601403008
			26.2613765769051	-16.9753357002073
			26.2727010169986	-16.9753357002073
			26.2840254570921	-16.9753357002073
			26.2953498971857	-16.9640112601138
			26.3066743372792	-16.9640112601138
			26.3179987773727	-16.9640112601138
			26.3293232174663	-16.9526868200202
			26.3406476575598	-16.9526868200202
			26.3519720976533	-16.9526868200202
			26.3632965377469	-16.9526868200202
			26.3746209778404	-16.9413623799267
			26.3859454179339	-16.9413623799267
			26.3972698580275	-16.9413623799267
			26.408594298121	-16.9413623799267
			26.4199187382145	-16.9413623799267
			26.4312431783081	-16.9413623799267
			26.4425676184016	-16.9300379398332
			26.4538920584951	-16.9300379398332
			26.4652164985887	-16.9300379398332
			26.4765409386822	-16.9300379398332
			26.4878653787758	-16.9300379398332
			26.4991898188693	-16.9300379398332
			26.5105142589628	-16.9300379398332
			26.5218386990564	-16.9300379398332
			26.5331631391499	-16.9300379398332
			26.5444875792434	-16.9300379398332
			26.555812019337	-16.9300379398332
			26.5671364594305	-16.9300379398332
			26.578460899524	-16.9300379398332
			26.5897853396176	-16.9187134997396
			26.6011097797111	-16.9187134997396
			26.6124342198046	-16.9187134997396
			26.6237586598982	-16.9187134997396
			26.6350830999917	-16.9187134997396
			26.6464075400852	-16.9187134997396
			26.6577319801788	-16.9187134997396
			26.6690564202723	-16.9187134997396
		</Outline2>
		<Outline3 type=matrix rownames=FALSE colnames=FALSE nrow=122 ncol=2 as.numeric=TRUE >
			26.6690564202723	-16.9187134997396
			26.6803808603658	-16.9187134997396
			26.6917053004594	-16.9187134997396
			26.7030297405529	-16.9187134997396
			26.7143541806464	-16.9187134997396
			26.72567862074	-16.9187134997396
			26.7370030608335	-16.9187134997396
			26.748327500927	-16.9187134997396
			26.7596519410206	-16.9187134997396
			26.7709763811141	-16.9187134997396
			26.7823008212076	-16.9187134997396
			26.7936252613012	-16.9187134997396
			26.8049497013947	-16.9187134997396
			26.8162741414882	-16.9187134997396
			26.8275985815818	-16.9187134997396
			26.8389230216753	-16.9187134997396
			26.8502474617688	-16.9187134997396
			26.8615719018624	-16.9187134997396
			26.8728963419559	-16.9187134997396
			26.8842207820494	-16.9187134997396
			26.895545222143	-16.9187134997396
			26.9068696622365	-16.9187134997396
			26.91819410233	-16.9187134997396
			26.9295185424236	-16.9187134997396
			26.9408429825171	-16.9187134997396
			26.9521674226106	-16.9187134997396
			26.9634918627042	-16.9187134997396
			26.9748163027977	-16.9187134997396
			26.9861407428912	-16.9187134997396
			26.9974651829848	-16.9187134997396
			27.0087896230783	-16.9187134997396
			27.0201140631718	-16.9300379398332
			27.0314385032654	-16.9300379398332
			27.0427629433589	-16.9300379398332
			27.0540873834524	-16.9300379398332
			27.065411823546	-16.9300379398332
			27.0767362636395	-16.9300379398332
			27.088060703733	-16.9300379398332
			27.0993851438266	-16.9300379398332
			27.1107095839201	-16.9413623799267
			27.1220340240136	-16.9413623799267
			27.1333584641072	-16.9413623799267
			27.1446829042007	-16.9413623799267
			27.1560073442942	-16.9526868200202
			27.1673317843878	-16.9526868200202
			27.1786562244813	-16.9526868200202
			27.1899806645749	-16.9526868200202
			27.2013051046684	-16.9640112601138
			27.2126295447619	-16.9640112601138
			27.2239539848555	-16.9640112601138
			27.235278424949	-16.9753357002073
			27.2466028650425	-16.9753357002073
			27.2579273051361	-16.9753357002073
			27.2692517452296	-16.9753357002073
			27.2805761853231	-16.9866601403008
			27.2919006254167	-16.9866601403008
			27.2919006254167	-16.9979845803944
			27.3032250655102	-16.9979845803944
			27.3145495056037	-17.0093090204879
			27.3258739456973	-17.0093090204879
			27.3371983857908	-17.0206334605814
			27.3485228258843	-17.031957900675
			27.3598472659779	-17.031957900675
			27.3711717060714	-17.0432823407685
			27.3824961461649	-17.0432823407685
			27.3938205862585	-17.054606780862
			27.405145026352	-17.0659312209556
			27.405145026352	-17.0772556610491
			27.4164694664455	-17.0772556610491
			27.4277939065391	-17.0885801011426
			27.4391183466326	-17.0999045412362
			27.4391183466326	-17.1112289813297
			27.4504427867261	-17.1112289813297
			27.4617672268197	-17.1225534214232
			27.4730916669132	-17.1338778615168
			27.4730916669132	-17.1452023016103
			27.4844161070067	-17.1565267417038
			27.4957405471003	-17.1565267417038
			27.4957405471003	-17.1678511817974
			27.5070649871938	-17.1791756218909
			27.5070649871938	-17.1905000619844
			27.5183894272873	-17.201824502078
			27.5297138673809	-17.2131489421715
			27.5297138673809	-17.224473382265
			27.5410383074744	-17.2357978223586
			27.5410383074744	-17.2471222624521
			27.5410383074744	-17.2584467025456
			27.5523627475679	-17.2697711426392
			27.5523627475679	-17.2810955827327
			27.5636871876615	-17.2924200228262
			27.5636871876615	-17.3037444629198
			27.5636871876615	-17.3150689030133
			27.575011627755	-17.3150689030133
			27.575011627755	-17.3263933431068
			27.5863360678485	-17.3377177832004
			27.5863360678485	-17.3490422232939
			27.5976605079421	-17.3490422232939
			27.5976605079421	-17.3603666633874
			27.6089849480356	-17.371691103481
			27.6203093881291	-17.371691103481
			27.6203093881291	-17.3830155435745
			27.6316338282227	-17.394339983668
			27.6429582683162	-17.4056644237616
			27.6542827084097	-17.4169888638551
			27.6542827084097	-17.4283133039486
			27.6656071485033	-17.4396377440422
			27.6656071485033	-17.4509621841357
			27.6769315885968	-17.4622866242292
			27.6769315885968	-17.4736110643228
			27.6882560286903	-17.4849355044163
			27.6882560286903	-17.4962599445098
			27.6995804687839	-17.5075843846034
			27.6995804687839	-17.5189088246969
			27.7109049088774	-17.5302332647904
			27.7109049088774	-17.541557704884
			27.7109049088774	-17.5528821449775
			27.7222293489709	-17.5642065850711
			27.7222293489709	-17.5755310251646
			27.7222293489709	-17.5868554652581
			27.7222293489709	-17.5981799053517
			27.7335537890645	-17.6095043454452
			27.7335537890645	-17.6208287855387
		</Outline3>
		<Outline4 type=matrix rownames=FALSE colnames=FALSE nrow=121 ncol=2 as.numeric=TRUE >
			27.7335537890645	-17.6208287855387
			27.7335537890645	-17.6321532256323
			27.7335537890645	-17.6434776657258
			27.7335537890645	-17.6548021058193
			27.7335537890645	-17.6661265459129
			27.7335537890645	-17.6774509860064
			27.7335537890645	-17.6887754260999
			27.7335537890645	-17.7000998661935
			27.7335537890645	-17.711424306287
			27.7335537890645	-17.7227487463805
			27.7335537890645	-17.7340731864741
			27.7335537890645	-17.7453976265676
			27.7335537890645	-17.7567220666611
			27.7335537890645	-17.7680465067547
			27.7335537890645	-17.7793709468482
			27.7335537890645	-17.7906953869417
			27.7335537890645	-17.8020198270353
			27.7335537890645	-17.8133442671288
			27.7335537890645	-17.8246687072223
			27.7335537890645	-17.8359931473159
			27.7335537890645	-17.8473175874094
			27.7335537890645	-17.8586420275029
			27.7222293489709	-17.8699664675965
			27.7222293489709	-17.88129090769
			27.7222293489709	-17.8926153477835
			27.7222293489709	-17.9039397878771
			27.7109049088774	-17.9152642279706
			27.7109049088774	-17.9265886680641
			27.7109049088774	-17.9379131081577
			27.7109049088774	-17.9492375482512
			27.6995804687839	-17.9605619883447
			27.6995804687839	-17.9718864284383
			27.6995804687839	-17.9832108685318
			27.6882560286903	-17.9945353086253
			27.6882560286903	-18.0058597487189
			27.6882560286903	-18.0171841888124
			27.6769315885968	-18.0171841888124
			27.6769315885968	-18.0285086289059
			27.6769315885968	-18.0398330689995
			27.6656071485033	-18.051157509093
			27.6656071485033	-18.0624819491865
			27.6542827084097	-18.0738063892801
			27.6542827084097	-18.0851308293736
			27.6542827084097	-18.0964552694671
			27.6429582683162	-18.1077797095607
			27.6429582683162	-18.1191041496542
			27.6316338282227	-18.1304285897477
			27.6316338282227	-18.1417530298413
			27.6203093881291	-18.1530774699348
			27.6089849480356	-18.1644019100283
			27.6089849480356	-18.1757263501219
			27.5976605079421	-18.1870507902154
			27.5976605079421	-18.1983752303089
			27.5863360678485	-18.2096996704025
			27.5863360678485	-18.221024110496
			27.575011627755	-18.2323485505895
			27.575011627755	-18.2436729906831
			27.5636871876615	-18.2549974307766
			27.5523627475679	-18.2663218708702
			27.5410383074744	-18.2776463109637
			27.5297138673809	-18.2889707510572
			27.5183894272873	-18.3002951911508
			27.5070649871938	-18.3116196312443
			27.4957405471003	-18.3229440713378
			27.4844161070067	-18.3229440713378
			27.4730916669132	-18.3342685114314
			27.4730916669132	-18.3455929515249
			27.4617672268197	-18.3569173916184
			27.4504427867261	-18.368241831712
			27.4391183466326	-18.368241831712
			27.4277939065391	-18.3795662718055
			27.4164694664455	-18.390890711899
			27.405145026352	-18.390890711899
			27.3938205862585	-18.390890711899
			27.3824961461649	-18.4022151519926
			27.3711717060714	-18.4022151519926
			27.3598472659779	-18.4022151519926
			27.3485228258843	-18.4135395920861
			27.3371983857908	-18.4135395920861
			27.3258739456973	-18.4135395920861
			27.3145495056037	-18.4135395920861
			27.3032250655102	-18.4248640321796
			27.2919006254167	-18.4248640321796
			27.2805761853231	-18.4248640321796
			27.2692517452296	-18.4248640321796
			27.2579273051361	-18.4361884722732
			27.2466028650425	-18.4361884722732
			27.235278424949	-18.4361884722732
			27.2239539848555	-18.4361884722732
			27.2126295447619	-18.4361884722732
			27.2013051046684	-18.4361884722732
			27.1899806645749	-18.4475129123667
			27.1786562244813	-18.4475129123667
			27.1673317843878	-18.4475129123667
			27.1560073442942	-18.4475129123667
			27.1446829042007	-18.4475129123667
			27.1333584641072	-18.4475129123667
			27.1220340240136	-18.4475129123667
			27.1107095839201	-18.4475129123667
			27.0993851438266	-18.4475129123667
			27.088060703733	-18.4475129123667
			27.0767362636395	-18.4475129123667
			27.065411823546	-18.4475129123667
			27.0540873834524	-18.4475129123667
			27.0427629433589	-18.4475129123667
			27.0314385032654	-18.4475129123667
			27.0201140631718	-18.4588373524602
			27.0087896230783	-18.4588373524602
			26.9974651829848	-18.4588373524602
			26.9861407428912	-18.4588373524602
			26.9748163027977	-18.4701617925538
			26.9634918627042	-18.4701617925538
			26.9521674226106	-18.4701617925538
			26.9408429825171	-18.4701617925538
			26.9295185424236	-18.4814862326473
			26.91819410233	-18.4814862326473
			26.9068696622365	-18.4928106727408
			26.895545222143	-18.4928106727408
			26.8842207820494	-18.4928106727408
			26.8728963419559	-18.5041351128344
			26.8615719018624	-18.5041351128344
		</Outline4>
	</curves.scaled>
	<ruler.points type=matrix rownames=TRUE colnames=FALSE nrow=2 ncol=2 as.numeric=TRUE >
		Ruler point 1	3102	2470
		Ruler point 2	2219	2479
	</ruler.points>
</shapes>

