<shapes type=list>
	<ruler.pixel type=vector names=FALSE length=1 as.numeric=TRUE >545.058712433808</ruler.pixel>
	<ruler.interval type=vector names=FALSE length=1 as.numeric=TRUE >10</ruler.interval>
	<scaling.units type=vector names=FALSE length=1 as.numeric=FALSE >mm</scaling.units>
	<scaling type=vector names=FALSE length=1 as.numeric=TRUE >0.00952283785523343</scaling>
	<landmarks.pixel type=matrix rownames=TRUE colnames=FALSE nrow=4 ncol=2 as.numeric=TRUE >
		Labial	2389	1715
		Posterior	2307	1640
		Lingual	2373	1554
		Anterior	2453	1628
	</landmarks.pixel>
	<landmarks.scaled type=matrix rownames=TRUE colnames=FALSE nrow=4 ncol=2 as.numeric=TRUE >
		Labial	22.7500596361527	-16.3316669217253
		Posterior	21.9691869320235	-15.6174540825828
		Lingual	22.5976942304689	-14.7984900270328
		Anterior	23.3595212588876	-15.50318002832
	</landmarks.scaled>
	<curves.control type=list>
		<Outline1 type=matrix rownames=FALSE colnames=FALSE nrow=17 ncol=2 as.numeric=TRUE >
			2389	1715
			2382	1718
			2376	1721
			2368	1724
			2360	1726
			2351	1727
			2343	1726
			2335	1723
			2330	1719
			2324	1713
			2318	1707
			2314	1701
			2310	1693
			2306	1685
			2305	1681
			2303	1673
			2307	1640
		</Outline1>
		<Outline2 type=matrix rownames=FALSE colnames=FALSE nrow=13 ncol=2 as.numeric=TRUE >
			2307	1640
			2308	1626
			2309	1615
			2311	1603
			2314	1593
			2317	1584
			2322	1576
			2327	1571
			2333	1566
			2341	1562
			2350	1560
			2359	1558
			2373	1554
		</Outline2>
		<Outline3 type=matrix rownames=FALSE colnames=FALSE nrow=19 ncol=2 as.numeric=TRUE >
			2373	1554
			2381	1552
			2389	1551
			2398	1550
			2405	1550
			2412	1550
			2419	1552
			2426	1555
			2431	1559
			2436	1564
			2438	1570
			2439	1578
			2442	1587
			2445	1596
			2447	1602
			2449	1610
			2451	1618
			2453	1624
			2453	1628
		</Outline3>
		<Outline4 type=matrix rownames=FALSE colnames=FALSE nrow=17 ncol=2 as.numeric=TRUE >
			2453	1628
			2453	1637
			2451	1645
			2448	1655
			2445	1667
			2441	1677
			2438	1685
			2432	1697
			2427	1706
			2422	1712
			2414	1717
			2408	1719
			2403	1718
			2398	1716
			2395	1715
			2392	1714
			2389	1715
		</Outline4>
	</curves.control>
	<curves.pixel type=list>
		<Outline1 type=matrix rownames=FALSE colnames=FALSE nrow=143 ncol=2 as.numeric=TRUE >
			2389	1715
			2388	1715
			2388	1716
			2387	1716
			2386	1716
			2385	1717
			2384	1717
			2383	1718
			2382	1718
			2381	1719
			2380	1719
			2379	1719
			2378	1720
			2377	1721
			2376	1721
			2375	1721
			2374	1722
			2373	1722
			2372	1723
			2371	1723
			2370	1723
			2369	1723
			2368	1724
			2367	1724
			2366	1724
			2365	1725
			2364	1725
			2363	1725
			2362	1726
			2361	1726
			2360	1726
			2359	1726
			2358	1726
			2357	1726
			2356	1726
			2355	1726
			2354	1726
			2353	1726
			2352	1726
			2351	1726
			2350	1726
			2349	1726
			2348	1726
			2347	1726
			2346	1726
			2345	1726
			2344	1726
			2343	1726
			2342	1726
			2342	1725
			2341	1725
			2340	1725
			2339	1724
			2338	1724
			2337	1724
			2337	1723
			2336	1723
			2335	1722
			2334	1722
			2333	1721
			2332	1720
			2331	1720
			2330	1719
			2329	1718
			2328	1717
			2327	1716
			2326	1715
			2325	1714
			2324	1713
			2323	1712
			2322	1711
			2321	1710
			2320	1709
			2319	1708
			2318	1707
			2317	1706
			2317	1705
			2316	1704
			2315	1703
			2315	1702
			2314	1701
			2314	1700
			2313	1699
			2313	1698
			2312	1698
			2312	1697
			2312	1696
			2311	1695
			2310	1694
			2310	1693
			2310	1692
			2309	1691
			2309	1690
			2308	1689
			2308	1688
			2307	1687
			2307	1686
			2306	1685
			2306	1684
			2306	1683
			2305	1682
			2305	1681
			2305	1680
			2305	1679
			2304	1678
			2304	1677
			2304	1676
			2304	1675
			2304	1674
			2304	1673
			2304	1672
			2304	1671
			2304	1670
			2304	1669
			2304	1668
			2304	1667
			2305	1666
			2305	1665
			2305	1664
			2305	1663
			2305	1662
			2305	1661
			2305	1660
			2305	1659
			2305	1658
			2305	1657
			2305	1656
			2305	1655
			2305	1654
			2306	1653
			2306	1652
			2306	1651
			2306	1650
			2306	1649
			2306	1648
			2306	1647
			2306	1646
			2306	1645
			2307	1644
			2307	1643
			2307	1642
			2307	1641
			2307	1640
		</Outline1>
		<Outline2 type=matrix rownames=FALSE colnames=FALSE nrow=118 ncol=2 as.numeric=TRUE >
			2307	1640
			2307	1639
			2307	1638
			2307	1637
			2307	1636
			2307	1635
			2307	1634
			2308	1633
			2308	1632
			2308	1631
			2308	1630
			2308	1629
			2308	1628
			2308	1627
			2308	1626
			2308	1625
			2308	1624
			2308	1623
			2308	1622
			2309	1621
			2309	1620
			2309	1619
			2309	1618
			2309	1617
			2309	1616
			2309	1615
			2309	1614
			2309	1613
			2310	1612
			2310	1611
			2310	1610
			2310	1609
			2310	1608
			2311	1607
			2311	1606
			2311	1605
			2311	1604
			2311	1603
			2312	1602
			2312	1601
			2312	1600
			2312	1599
			2313	1598
			2313	1597
			2313	1596
			2313	1595
			2314	1594
			2314	1593
			2314	1592
			2315	1591
			2315	1590
			2316	1589
			2316	1588
			2316	1587
			2317	1586
			2317	1585
			2318	1584
			2318	1583
			2319	1582
			2319	1581
			2320	1580
			2320	1579
			2321	1578
			2322	1577
			2322	1576
			2323	1575
			2324	1574
			2325	1573
			2326	1572
			2327	1571
			2328	1570
			2329	1569
			2330	1568
			2331	1568
			2332	1567
			2333	1566
			2334	1565
			2335	1565
			2336	1565
			2337	1564
			2338	1564
			2339	1563
			2340	1563
			2341	1563
			2342	1562
			2343	1562
			2344	1561
			2345	1561
			2346	1561
			2347	1561
			2348	1561
			2348	1560
			2349	1560
			2350	1560
			2351	1560
			2352	1560
			2352	1559
			2353	1559
			2354	1559
			2355	1559
			2356	1559
			2357	1558
			2358	1558
			2359	1558
			2360	1558
			2361	1557
			2362	1557
			2363	1557
			2364	1556
			2365	1556
			2366	1556
			2367	1556
			2368	1555
			2369	1555
			2370	1555
			2371	1555
			2372	1554
			2373	1554
		</Outline2>
		<Outline3 type=matrix rownames=FALSE colnames=FALSE nrow=132 ncol=2 as.numeric=TRUE >
			2373	1554
			2374	1554
			2375	1553
			2376	1553
			2377	1553
			2378	1553
			2379	1553
			2380	1552
			2381	1552
			2382	1552
			2383	1552
			2384	1552
			2385	1552
			2386	1551
			2387	1551
			2388	1551
			2389	1551
			2390	1551
			2391	1551
			2392	1551
			2393	1551
			2394	1550
			2395	1550
			2396	1550
			2397	1550
			2398	1550
			2399	1550
			2400	1550
			2401	1550
			2402	1550
			2403	1550
			2404	1550
			2405	1550
			2406	1550
			2407	1550
			2408	1550
			2409	1550
			2410	1550
			2411	1550
			2412	1551
			2413	1551
			2414	1551
			2415	1551
			2416	1551
			2417	1551
			2418	1552
			2419	1552
			2420	1552
			2421	1553
			2422	1553
			2423	1554
			2424	1554
			2424	1555
			2425	1555
			2426	1556
			2427	1556
			2428	1557
			2429	1557
			2429	1558
			2430	1558
			2431	1559
			2432	1560
			2433	1561
			2434	1562
			2434	1563
			2435	1564
			2435	1565
			2436	1566
			2437	1566
			2437	1567
			2437	1568
			2438	1569
			2438	1570
			2438	1571
			2438	1572
			2438	1573
			2439	1574
			2439	1575
			2439	1576
			2439	1577
			2440	1578
			2440	1579
			2440	1580
			2440	1581
			2441	1582
			2441	1583
			2441	1584
			2441	1585
			2442	1586
			2442	1587
			2442	1588
			2443	1589
			2443	1590
			2443	1591
			2444	1592
			2444	1593
			2444	1594
			2445	1595
			2445	1596
			2445	1597
			2446	1598
			2446	1599
			2446	1600
			2447	1601
			2447	1602
			2447	1603
			2448	1604
			2448	1605
			2448	1606
			2448	1607
			2449	1608
			2449	1609
			2449	1610
			2449	1611
			2449	1612
			2450	1612
			2450	1613
			2450	1614
			2450	1615
			2450	1616
			2451	1617
			2451	1618
			2451	1619
			2452	1620
			2452	1621
			2452	1622
			2452	1623
			2453	1624
			2453	1625
			2453	1626
			2453	1627
			2453	1628
		</Outline3>
		<Outline4 type=matrix rownames=FALSE colnames=FALSE nrow=121 ncol=2 as.numeric=TRUE >
			2453	1628
			2453	1629
			2453	1630
			2453	1631
			2453	1632
			2453	1633
			2453	1634
			2453	1635
			2453	1636
			2452	1637
			2452	1638
			2452	1639
			2452	1640
			2452	1641
			2452	1642
			2451	1643
			2451	1644
			2451	1645
			2451	1646
			2450	1647
			2450	1648
			2450	1649
			2449	1650
			2449	1651
			2449	1652
			2449	1653
			2448	1654
			2448	1655
			2448	1656
			2448	1657
			2447	1658
			2447	1659
			2447	1660
			2447	1661
			2446	1661
			2446	1662
			2446	1663
			2446	1664
			2445	1665
			2445	1666
			2445	1667
			2445	1668
			2444	1669
			2444	1670
			2443	1671
			2443	1672
			2443	1673
			2442	1674
			2442	1675
			2441	1676
			2441	1677
			2441	1678
			2440	1679
			2440	1680
			2439	1681
			2439	1682
			2439	1683
			2438	1684
			2438	1685
			2437	1686
			2437	1687
			2436	1688
			2436	1689
			2436	1690
			2435	1690
			2435	1691
			2435	1692
			2434	1693
			2433	1694
			2433	1695
			2432	1696
			2432	1697
			2432	1698
			2431	1698
			2431	1699
			2430	1700
			2430	1701
			2429	1702
			2428	1703
			2428	1704
			2427	1705
			2427	1706
			2427	1707
			2426	1707
			2425	1708
			2424	1709
			2423	1710
			2422	1711
			2421	1712
			2420	1713
			2419	1713
			2418	1714
			2417	1715
			2416	1716
			2415	1717
			2414	1717
			2413	1717
			2412	1718
			2411	1718
			2410	1718
			2409	1718
			2408	1718
			2407	1718
			2406	1718
			2405	1718
			2404	1718
			2403	1718
			2402	1718
			2401	1717
			2400	1717
			2399	1716
			2398	1716
			2397	1716
			2396	1715
			2395	1715
			2394	1715
			2393	1715
			2392	1715
			2391	1715
			2390	1715
			2389	1715
		</Outline4>
	</curves.pixel>
	<curves.scaled type=list>
		<Outline1 type=matrix rownames=FALSE colnames=FALSE nrow=143 ncol=2 as.numeric=TRUE >
			22.7500596361527	-16.3316669217253
			22.7405367982974	-16.3316669217253
			22.7405367982974	-16.3411897595806
			22.7310139604422	-16.3411897595806
			22.721491122587	-16.3411897595806
			22.7119682847317	-16.3507125974358
			22.7024454468765	-16.3507125974358
			22.6929226090213	-16.360235435291
			22.683399771166	-16.360235435291
			22.6738769333108	-16.3697582731463
			22.6643540954556	-16.3697582731463
			22.6548312576003	-16.3697582731463
			22.6453084197451	-16.3792811110015
			22.6357855818899	-16.3888039488567
			22.6262627440346	-16.3888039488567
			22.6167399061794	-16.3888039488567
			22.6072170683242	-16.398326786712
			22.5976942304689	-16.398326786712
			22.5881713926137	-16.4078496245672
			22.5786485547585	-16.4078496245672
			22.5691257169032	-16.4078496245672
			22.559602879048	-16.4078496245672
			22.5500800411928	-16.4173724624224
			22.5405572033375	-16.4173724624224
			22.5310343654823	-16.4173724624224
			22.5215115276271	-16.4268953002777
			22.5119886897718	-16.4268953002777
			22.5024658519166	-16.4268953002777
			22.4929430140614	-16.4364181381329
			22.4834201762061	-16.4364181381329
			22.4738973383509	-16.4364181381329
			22.4643745004957	-16.4364181381329
			22.4548516626404	-16.4364181381329
			22.4453288247852	-16.4364181381329
			22.43580598693	-16.4364181381329
			22.4262831490747	-16.4364181381329
			22.4167603112195	-16.4364181381329
			22.4072374733643	-16.4364181381329
			22.397714635509	-16.4364181381329
			22.3881917976538	-16.4364181381329
			22.3786689597986	-16.4364181381329
			22.3691461219433	-16.4364181381329
			22.3596232840881	-16.4364181381329
			22.3501004462329	-16.4364181381329
			22.3405776083776	-16.4364181381329
			22.3310547705224	-16.4364181381329
			22.3215319326672	-16.4364181381329
			22.3120090948119	-16.4364181381329
			22.3024862569567	-16.4364181381329
			22.3024862569567	-16.4268953002777
			22.2929634191015	-16.4268953002777
			22.2834405812462	-16.4268953002777
			22.273917743391	-16.4173724624224
			22.2643949055358	-16.4173724624224
			22.2548720676805	-16.4173724624224
			22.2548720676805	-16.4078496245672
			22.2453492298253	-16.4078496245672
			22.2358263919701	-16.398326786712
			22.2263035541148	-16.398326786712
			22.2167807162596	-16.3888039488567
			22.2072578784044	-16.3792811110015
			22.1977350405491	-16.3792811110015
			22.1882122026939	-16.3697582731463
			22.1786893648387	-16.360235435291
			22.1691665269834	-16.3507125974358
			22.1596436891282	-16.3411897595806
			22.150120851273	-16.3316669217253
			22.1405980134177	-16.3221440838701
			22.1310751755625	-16.3126212460149
			22.1215523377073	-16.3030984081596
			22.112029499852	-16.2935755703044
			22.1025066619968	-16.2840527324492
			22.0929838241416	-16.2745298945939
			22.0834609862863	-16.2650070567387
			22.0739381484311	-16.2554842188835
			22.0644153105759	-16.2459613810282
			22.0644153105759	-16.236438543173
			22.0548924727206	-16.2269157053178
			22.0453696348654	-16.2173928674625
			22.0453696348654	-16.2078700296073
			22.0358467970102	-16.1983471917521
			22.0358467970102	-16.1888243538968
			22.0263239591549	-16.1793015160416
			22.0263239591549	-16.1697786781864
			22.0168011212997	-16.1697786781864
			22.0168011212997	-16.1602558403311
			22.0168011212997	-16.1507330024759
			22.0072782834445	-16.1412101646207
			21.9977554455892	-16.1316873267654
			21.9977554455892	-16.1221644889102
			21.9977554455892	-16.112641651055
			21.988232607734	-16.1031188131997
			21.988232607734	-16.0935959753445
			21.9787097698788	-16.0840731374893
			21.9787097698788	-16.074550299634
			21.9691869320235	-16.0650274617788
			21.9691869320235	-16.0555046239236
			21.9596640941683	-16.0459817860683
			21.9596640941683	-16.0364589482131
			21.9596640941683	-16.0269361103579
			21.9501412563131	-16.0174132725026
			21.9501412563131	-16.0078904346474
			21.9501412563131	-15.9983675967922
			21.9501412563131	-15.9888447589369
			21.9406184184578	-15.9793219210817
			21.9406184184578	-15.9697990832265
			21.9406184184578	-15.9602762453712
			21.9406184184578	-15.950753407516
			21.9406184184578	-15.9412305696608
			21.9406184184578	-15.9317077318055
			21.9406184184578	-15.9221848939503
			21.9406184184578	-15.9126620560951
			21.9406184184578	-15.9031392182398
			21.9406184184578	-15.8936163803846
			21.9406184184578	-15.8840935425294
			21.9406184184578	-15.8745707046741
			21.9501412563131	-15.8650478668189
			21.9501412563131	-15.8555250289637
			21.9501412563131	-15.8460021911084
			21.9501412563131	-15.8364793532532
			21.9501412563131	-15.826956515398
			21.9501412563131	-15.8174336775427
			21.9501412563131	-15.8079108396875
			21.9501412563131	-15.7983880018323
			21.9501412563131	-15.788865163977
			21.9501412563131	-15.7793423261218
			21.9501412563131	-15.7698194882666
			21.9501412563131	-15.7602966504113
			21.9501412563131	-15.7507738125561
			21.9596640941683	-15.7412509747009
			21.9596640941683	-15.7317281368456
			21.9596640941683	-15.7222052989904
			21.9596640941683	-15.7126824611352
			21.9596640941683	-15.7031596232799
			21.9596640941683	-15.6936367854247
			21.9596640941683	-15.6841139475695
			21.9596640941683	-15.6745911097142
			21.9596640941683	-15.665068271859
			21.9691869320235	-15.6555454340038
			21.9691869320235	-15.6460225961485
			21.9691869320235	-15.6364997582933
			21.9691869320235	-15.6269769204381
			21.9691869320235	-15.6174540825828
		</Outline1>
		<Outline2 type=matrix rownames=FALSE colnames=FALSE nrow=118 ncol=2 as.numeric=TRUE >
			21.9691869320235	-15.6174540825828
			21.9691869320235	-15.6079312447276
			21.9691869320235	-15.5984084068724
			21.9691869320235	-15.5888855690171
			21.9691869320235	-15.5793627311619
			21.9691869320235	-15.5698398933067
			21.9691869320235	-15.5603170554514
			21.9787097698788	-15.5507942175962
			21.9787097698788	-15.541271379741
			21.9787097698788	-15.5317485418857
			21.9787097698788	-15.5222257040305
			21.9787097698788	-15.5127028661753
			21.9787097698788	-15.50318002832
			21.9787097698788	-15.4936571904648
			21.9787097698788	-15.4841343526096
			21.9787097698788	-15.4746115147543
			21.9787097698788	-15.4650886768991
			21.9787097698788	-15.4555658390439
			21.9787097698788	-15.4460430011886
			21.988232607734	-15.4365201633334
			21.988232607734	-15.4269973254782
			21.988232607734	-15.4174744876229
			21.988232607734	-15.4079516497677
			21.988232607734	-15.3984288119125
			21.988232607734	-15.3889059740572
			21.988232607734	-15.379383136202
			21.988232607734	-15.3698602983468
			21.988232607734	-15.3603374604915
			21.9977554455892	-15.3508146226363
			21.9977554455892	-15.3412917847811
			21.9977554455892	-15.3317689469258
			21.9977554455892	-15.3222461090706
			21.9977554455892	-15.3127232712154
			22.0072782834445	-15.3032004333601
			22.0072782834445	-15.2936775955049
			22.0072782834445	-15.2841547576497
			22.0072782834445	-15.2746319197944
			22.0072782834445	-15.2651090819392
			22.0168011212997	-15.255586244084
			22.0168011212997	-15.2460634062287
			22.0168011212997	-15.2365405683735
			22.0168011212997	-15.2270177305183
			22.0263239591549	-15.217494892663
			22.0263239591549	-15.2079720548078
			22.0263239591549	-15.1984492169526
			22.0263239591549	-15.1889263790973
			22.0358467970102	-15.1794035412421
			22.0358467970102	-15.1698807033869
			22.0358467970102	-15.1603578655316
			22.0453696348654	-15.1508350276764
			22.0453696348654	-15.1413121898212
			22.0548924727206	-15.1317893519659
			22.0548924727206	-15.1222665141107
			22.0548924727206	-15.1127436762555
			22.0644153105759	-15.1032208384002
			22.0644153105759	-15.093698000545
			22.0739381484311	-15.0841751626898
			22.0739381484311	-15.0746523248345
			22.0834609862863	-15.0651294869793
			22.0834609862863	-15.0556066491241
			22.0929838241416	-15.0460838112688
			22.0929838241416	-15.0365609734136
			22.1025066619968	-15.0270381355584
			22.112029499852	-15.0175152977031
			22.112029499852	-15.0079924598479
			22.1215523377073	-14.9984696219927
			22.1310751755625	-14.9889467841374
			22.1405980134177	-14.9794239462822
			22.150120851273	-14.969901108427
			22.1596436891282	-14.9603782705717
			22.1691665269834	-14.9508554327165
			22.1786893648387	-14.9413325948613
			22.1882122026939	-14.931809757006
			22.1977350405491	-14.931809757006
			22.2072578784044	-14.9222869191508
			22.2167807162596	-14.9127640812956
			22.2263035541148	-14.9032412434403
			22.2358263919701	-14.9032412434403
			22.2453492298253	-14.9032412434403
			22.2548720676805	-14.8937184055851
			22.2643949055358	-14.8937184055851
			22.273917743391	-14.8841955677299
			22.2834405812462	-14.8841955677299
			22.2929634191015	-14.8841955677299
			22.3024862569567	-14.8746727298746
			22.3120090948119	-14.8746727298746
			22.3215319326672	-14.8651498920194
			22.3310547705224	-14.8651498920194
			22.3405776083776	-14.8651498920194
			22.3501004462329	-14.8651498920194
			22.3596232840881	-14.8651498920194
			22.3596232840881	-14.8556270541642
			22.3691461219433	-14.8556270541642
			22.3786689597986	-14.8556270541642
			22.3881917976538	-14.8556270541642
			22.397714635509	-14.8556270541642
			22.397714635509	-14.8461042163089
			22.4072374733643	-14.8461042163089
			22.4167603112195	-14.8461042163089
			22.4262831490747	-14.8461042163089
			22.43580598693	-14.8461042163089
			22.4453288247852	-14.8365813784537
			22.4548516626404	-14.8365813784537
			22.4643745004957	-14.8365813784537
			22.4738973383509	-14.8365813784537
			22.4834201762061	-14.8270585405985
			22.4929430140614	-14.8270585405985
			22.5024658519166	-14.8270585405985
			22.5119886897718	-14.8175357027432
			22.5215115276271	-14.8175357027432
			22.5310343654823	-14.8175357027432
			22.5405572033375	-14.8175357027432
			22.5500800411928	-14.808012864888
			22.559602879048	-14.808012864888
			22.5691257169032	-14.808012864888
			22.5786485547585	-14.808012864888
			22.5881713926137	-14.7984900270328
			22.5976942304689	-14.7984900270328
		</Outline2>
		<Outline3 type=matrix rownames=FALSE colnames=FALSE nrow=132 ncol=2 as.numeric=TRUE >
			22.5976942304689	-14.7984900270328
			22.6072170683242	-14.7984900270328
			22.6167399061794	-14.7889671891775
			22.6262627440346	-14.7889671891775
			22.6357855818899	-14.7889671891775
			22.6453084197451	-14.7889671891775
			22.6548312576003	-14.7889671891775
			22.6643540954556	-14.7794443513223
			22.6738769333108	-14.7794443513223
			22.683399771166	-14.7794443513223
			22.6929226090213	-14.7794443513223
			22.7024454468765	-14.7794443513223
			22.7119682847317	-14.7794443513223
			22.721491122587	-14.7699215134671
			22.7310139604422	-14.7699215134671
			22.7405367982974	-14.7699215134671
			22.7500596361527	-14.7699215134671
			22.7595824740079	-14.7699215134671
			22.7691053118631	-14.7699215134671
			22.7786281497184	-14.7699215134671
			22.7881509875736	-14.7699215134671
			22.7976738254288	-14.7603986756118
			22.8071966632841	-14.7603986756118
			22.8167195011393	-14.7603986756118
			22.8262423389945	-14.7603986756118
			22.8357651768498	-14.7603986756118
			22.845288014705	-14.7603986756118
			22.8548108525602	-14.7603986756118
			22.8643336904155	-14.7603986756118
			22.8738565282707	-14.7603986756118
			22.8833793661259	-14.7603986756118
			22.8929022039812	-14.7603986756118
			22.9024250418364	-14.7603986756118
			22.9119478796916	-14.7603986756118
			22.9214707175469	-14.7603986756118
			22.9309935554021	-14.7603986756118
			22.9405163932573	-14.7603986756118
			22.9500392311126	-14.7603986756118
			22.9595620689678	-14.7603986756118
			22.969084906823	-14.7699215134671
			22.9786077446783	-14.7699215134671
			22.9881305825335	-14.7699215134671
			22.9976534203887	-14.7699215134671
			23.007176258244	-14.7699215134671
			23.0166990960992	-14.7699215134671
			23.0262219339544	-14.7794443513223
			23.0357447718097	-14.7794443513223
			23.0452676096649	-14.7794443513223
			23.0547904475201	-14.7889671891775
			23.0643132853754	-14.7889671891775
			23.0738361232306	-14.7984900270328
			23.0833589610858	-14.7984900270328
			23.0833589610858	-14.808012864888
			23.0928817989411	-14.808012864888
			23.1024046367963	-14.8175357027432
			23.1119274746515	-14.8175357027432
			23.1214503125068	-14.8270585405985
			23.130973150362	-14.8270585405985
			23.130973150362	-14.8365813784537
			23.1404959882172	-14.8365813784537
			23.1500188260725	-14.8461042163089
			23.1595416639277	-14.8556270541642
			23.1690645017829	-14.8651498920194
			23.1785873396382	-14.8746727298746
			23.1785873396382	-14.8841955677299
			23.1881101774934	-14.8937184055851
			23.1881101774934	-14.9032412434403
			23.1976330153486	-14.9127640812956
			23.2071558532039	-14.9127640812956
			23.2071558532039	-14.9222869191508
			23.2071558532039	-14.931809757006
			23.2166786910591	-14.9413325948613
			23.2166786910591	-14.9508554327165
			23.2166786910591	-14.9603782705717
			23.2166786910591	-14.969901108427
			23.2166786910591	-14.9794239462822
			23.2262015289143	-14.9889467841374
			23.2262015289143	-14.9984696219927
			23.2262015289143	-15.0079924598479
			23.2262015289143	-15.0175152977031
			23.2357243667696	-15.0270381355584
			23.2357243667696	-15.0365609734136
			23.2357243667696	-15.0460838112688
			23.2357243667696	-15.0556066491241
			23.2452472046248	-15.0651294869793
			23.2452472046248	-15.0746523248345
			23.2452472046248	-15.0841751626898
			23.2452472046248	-15.093698000545
			23.25477004248	-15.1032208384002
			23.25477004248	-15.1127436762555
			23.25477004248	-15.1222665141107
			23.2642928803353	-15.1317893519659
			23.2642928803353	-15.1413121898212
			23.2642928803353	-15.1508350276764
			23.2738157181905	-15.1603578655316
			23.2738157181905	-15.1698807033869
			23.2738157181905	-15.1794035412421
			23.2833385560457	-15.1889263790973
			23.2833385560457	-15.1984492169526
			23.2833385560457	-15.2079720548078
			23.292861393901	-15.217494892663
			23.292861393901	-15.2270177305183
			23.292861393901	-15.2365405683735
			23.3023842317562	-15.2460634062287
			23.3023842317562	-15.255586244084
			23.3023842317562	-15.2651090819392
			23.3119070696114	-15.2746319197944
			23.3119070696114	-15.2841547576497
			23.3119070696114	-15.2936775955049
			23.3119070696114	-15.3032004333601
			23.3214299074667	-15.3127232712154
			23.3214299074667	-15.3222461090706
			23.3214299074667	-15.3317689469258
			23.3214299074667	-15.3412917847811
			23.3214299074667	-15.3508146226363
			23.3309527453219	-15.3508146226363
			23.3309527453219	-15.3603374604915
			23.3309527453219	-15.3698602983468
			23.3309527453219	-15.379383136202
			23.3309527453219	-15.3889059740572
			23.3404755831771	-15.3984288119125
			23.3404755831771	-15.4079516497677
			23.3404755831771	-15.4174744876229
			23.3499984210324	-15.4269973254782
			23.3499984210324	-15.4365201633334
			23.3499984210324	-15.4460430011886
			23.3499984210324	-15.4555658390439
			23.3595212588876	-15.4650886768991
			23.3595212588876	-15.4746115147543
			23.3595212588876	-15.4841343526096
			23.3595212588876	-15.4936571904648
			23.3595212588876	-15.50318002832
		</Outline3>
		<Outline4 type=matrix rownames=FALSE colnames=FALSE nrow=121 ncol=2 as.numeric=TRUE >
			23.3595212588876	-15.50318002832
			23.3595212588876	-15.5127028661753
			23.3595212588876	-15.5222257040305
			23.3595212588876	-15.5317485418857
			23.3595212588876	-15.541271379741
			23.3595212588876	-15.5507942175962
			23.3595212588876	-15.5603170554514
			23.3595212588876	-15.5698398933067
			23.3595212588876	-15.5793627311619
			23.3499984210324	-15.5888855690171
			23.3499984210324	-15.5984084068724
			23.3499984210324	-15.6079312447276
			23.3499984210324	-15.6174540825828
			23.3499984210324	-15.6269769204381
			23.3499984210324	-15.6364997582933
			23.3404755831771	-15.6460225961485
			23.3404755831771	-15.6555454340038
			23.3404755831771	-15.665068271859
			23.3404755831771	-15.6745911097142
			23.3309527453219	-15.6841139475695
			23.3309527453219	-15.6936367854247
			23.3309527453219	-15.7031596232799
			23.3214299074667	-15.7126824611352
			23.3214299074667	-15.7222052989904
			23.3214299074667	-15.7317281368456
			23.3214299074667	-15.7412509747009
			23.3119070696114	-15.7507738125561
			23.3119070696114	-15.7602966504113
			23.3119070696114	-15.7698194882666
			23.3119070696114	-15.7793423261218
			23.3023842317562	-15.788865163977
			23.3023842317562	-15.7983880018323
			23.3023842317562	-15.8079108396875
			23.3023842317562	-15.8174336775427
			23.292861393901	-15.8174336775427
			23.292861393901	-15.826956515398
			23.292861393901	-15.8364793532532
			23.292861393901	-15.8460021911084
			23.2833385560457	-15.8555250289637
			23.2833385560457	-15.8650478668189
			23.2833385560457	-15.8745707046741
			23.2833385560457	-15.8840935425294
			23.2738157181905	-15.8936163803846
			23.2738157181905	-15.9031392182398
			23.2642928803353	-15.9126620560951
			23.2642928803353	-15.9221848939503
			23.2642928803353	-15.9317077318055
			23.25477004248	-15.9412305696608
			23.25477004248	-15.950753407516
			23.2452472046248	-15.9602762453712
			23.2452472046248	-15.9697990832265
			23.2452472046248	-15.9793219210817
			23.2357243667696	-15.9888447589369
			23.2357243667696	-15.9983675967922
			23.2262015289143	-16.0078904346474
			23.2262015289143	-16.0174132725026
			23.2262015289143	-16.0269361103579
			23.2166786910591	-16.0364589482131
			23.2166786910591	-16.0459817860683
			23.2071558532039	-16.0555046239236
			23.2071558532039	-16.0650274617788
			23.1976330153486	-16.074550299634
			23.1976330153486	-16.0840731374893
			23.1976330153486	-16.0935959753445
			23.1881101774934	-16.0935959753445
			23.1881101774934	-16.1031188131997
			23.1881101774934	-16.112641651055
			23.1785873396382	-16.1221644889102
			23.1690645017829	-16.1316873267654
			23.1690645017829	-16.1412101646207
			23.1595416639277	-16.1507330024759
			23.1595416639277	-16.1602558403311
			23.1595416639277	-16.1697786781864
			23.1500188260725	-16.1697786781864
			23.1500188260725	-16.1793015160416
			23.1404959882172	-16.1888243538968
			23.1404959882172	-16.1983471917521
			23.130973150362	-16.2078700296073
			23.1214503125068	-16.2173928674625
			23.1214503125068	-16.2269157053178
			23.1119274746515	-16.236438543173
			23.1119274746515	-16.2459613810282
			23.1119274746515	-16.2554842188835
			23.1024046367963	-16.2554842188835
			23.0928817989411	-16.2650070567387
			23.0833589610858	-16.2745298945939
			23.0738361232306	-16.2840527324492
			23.0643132853754	-16.2935755703044
			23.0547904475201	-16.3030984081596
			23.0452676096649	-16.3126212460149
			23.0357447718097	-16.3126212460149
			23.0262219339544	-16.3221440838701
			23.0166990960992	-16.3316669217253
			23.007176258244	-16.3411897595806
			22.9976534203887	-16.3507125974358
			22.9881305825335	-16.3507125974358
			22.9786077446783	-16.3507125974358
			22.969084906823	-16.360235435291
			22.9595620689678	-16.360235435291
			22.9500392311126	-16.360235435291
			22.9405163932573	-16.360235435291
			22.9309935554021	-16.360235435291
			22.9214707175469	-16.360235435291
			22.9119478796916	-16.360235435291
			22.9024250418364	-16.360235435291
			22.8929022039812	-16.360235435291
			22.8833793661259	-16.360235435291
			22.8738565282707	-16.360235435291
			22.8643336904155	-16.3507125974358
			22.8548108525602	-16.3507125974358
			22.845288014705	-16.3411897595806
			22.8357651768498	-16.3411897595806
			22.8262423389945	-16.3411897595806
			22.8167195011393	-16.3316669217253
			22.8071966632841	-16.3316669217253
			22.7976738254288	-16.3316669217253
			22.7881509875736	-16.3316669217253
			22.7786281497184	-16.3316669217253
			22.7691053118631	-16.3316669217253
			22.7595824740079	-16.3316669217253
			22.7500596361527	-16.3316669217253
		</Outline4>
	</curves.scaled>
	<ruler.points type=matrix rownames=TRUE colnames=FALSE nrow=2 ncol=2 as.numeric=TRUE >
		Ruler point 1	3058	2623
		Ruler point 2	2008	2638
	</ruler.points>
</shapes>

