<shapes type=list>
	<ruler.pixel type=vector names=FALSE length=1 as.numeric=TRUE >585.054698297518</ruler.pixel>
	<ruler.interval type=vector names=FALSE length=1 as.numeric=TRUE >10</ruler.interval>
	<scaling.units type=vector names=FALSE length=1 as.numeric=FALSE >mm</scaling.units>
	<scaling type=vector names=FALSE length=1 as.numeric=TRUE >0.0170924189295454</scaling>
	<landmarks.pixel type=matrix rownames=TRUE colnames=FALSE nrow=4 ncol=2 as.numeric=TRUE >
		Labial	2589	1965
		Posterior	2426	1939
		Lingual	2493	1785
		Anterior	2659	1814
	</landmarks.pixel>
	<landmarks.scaled type=matrix rownames=TRUE colnames=FALSE nrow=4 ncol=2 as.numeric=TRUE >
		Labial	44.2522726085932	-33.5866031965568
		Posterior	41.4662083230773	-33.1422003043886
		Lingual	42.6114003913568	-30.5099677892386
		Anterior	45.4487419336614	-31.0056479381954
	</landmarks.scaled>
	<curves.control type=list>
		<Outline1 type=matrix rownames=FALSE colnames=FALSE nrow=33 ncol=2 as.numeric=TRUE >
			2589	1965
			2582	1966
			2576	1967
			2572	1968
			2568	1972
			2566	1977
			2566	1985
			2564	1995
			2562	2002
			2559	2008
			2555	2014
			2550	2020
			2544	2026
			2538	2030
			2530	2035
			2523	2039
			2515	2042
			2506	2044
			2496	2042
			2487	2040
			2480	2035
			2471	2030
			2464	2021
			2457	2012
			2453	2004
			2449	1995
			2444	1985
			2438	1976
			2435	1967
			2431	1958
			2428	1950
			2427	1945
			2426	1939
		</Outline1>
		<Outline2 type=matrix rownames=FALSE colnames=FALSE nrow=17 ncol=2 as.numeric=TRUE >
			2426	1939
			2426	1910
			2426	1894
			2427	1883
			2429	1872
			2432	1862
			2436	1851
			2439	1840
			2443	1830
			2447	1820
			2451	1810
			2457	1803
			2463	1797
			2470	1791
			2478	1788
			2484	1785
			2493	1785
		</Outline2>
		<Outline3 type=matrix rownames=FALSE colnames=FALSE nrow=29 ncol=2 as.numeric=TRUE >
			2493	1785
			2500	1784
			2506	1781
			2514	1777
			2521	1772
			2531	1766
			2540	1761
			2548	1758
			2557	1753
			2565	1749
			2575	1746
			2585	1742
			2597	1739
			2606	1738
			2614	1739
			2621	1741
			2628	1745
			2634	1749
			2639	1756
			2643	1764
			2645	1771
			2645	1781
			2645	1786
			2645	1791
			2644	1798
			2646	1803
			2650	1809
			2654	1811
			2659	1814
		</Outline3>
		<Outline4 type=matrix rownames=FALSE colnames=FALSE nrow=25 ncol=2 as.numeric=TRUE >
			2659	1814
			2665	1818
			2670	1823
			2675	1830
			2677	1836
			2679	1846
			2679	1853
			2678	1862
			2676	1869
			2674	1876
			2671	1885
			2669	1894
			2667	1904
			2663	1914
			2659	1922
			2654	1929
			2649	1936
			2643	1943
			2635	1947
			2627	1952
			2619	1955
			2611	1958
			2604	1961
			2596	1963
			2589	1965
		</Outline4>
	</curves.control>
	<curves.pixel type=list>
		<Outline1 type=matrix rownames=FALSE colnames=FALSE nrow=251 ncol=2 as.numeric=TRUE >
			2589	1965
			2588	1965
			2587	1965
			2586	1965
			2585	1966
			2584	1966
			2583	1966
			2582	1966
			2581	1966
			2580	1966
			2579	1966
			2578	1967
			2577	1967
			2576	1967
			2575	1967
			2574	1968
			2573	1968
			2572	1969
			2571	1970
			2570	1970
			2569	1971
			2568	1972
			2568	1973
			2567	1974
			2567	1975
			2567	1976
			2567	1977
			2566	1978
			2566	1979
			2566	1980
			2566	1981
			2566	1982
			2566	1983
			2566	1984
			2566	1985
			2566	1986
			2566	1987
			2565	1988
			2565	1989
			2565	1990
			2565	1991
			2564	1992
			2564	1993
			2564	1994
			2564	1995
			2564	1996
			2563	1997
			2563	1998
			2563	1999
			2563	2000
			2562	2001
			2562	2002
			2562	2003
			2561	2004
			2560	2005
			2560	2006
			2559	2007
			2559	2008
			2558	2009
			2558	2010
			2557	2011
			2557	2012
			2556	2013
			2555	2014
			2554	2015
			2553	2016
			2553	2017
			2552	2017
			2551	2018
			2551	2019
			2550	2019
			2550	2020
			2549	2021
			2548	2021
			2548	2022
			2547	2023
			2546	2024
			2545	2025
			2544	2026
			2543	2027
			2542	2027
			2541	2028
			2540	2028
			2539	2029
			2539	2030
			2538	2030
			2537	2031
			2536	2031
			2535	2032
			2534	2033
			2533	2033
			2532	2034
			2531	2035
			2530	2035
			2529	2036
			2528	2036
			2527	2037
			2526	2037
			2525	2038
			2524	2038
			2523	2039
			2522	2039
			2521	2040
			2520	2040
			2519	2041
			2518	2041
			2517	2041
			2516	2042
			2515	2042
			2514	2042
			2513	2042
			2512	2043
			2511	2043
			2510	2043
			2509	2043
			2508	2043
			2507	2043
			2506	2043
			2505	2043
			2504	2043
			2503	2043
			2502	2043
			2501	2043
			2500	2043
			2499	2042
			2498	2042
			2497	2042
			2496	2042
			2495	2042
			2494	2042
			2493	2041
			2492	2041
			2491	2041
			2491	2040
			2490	2040
			2489	2040
			2488	2040
			2487	2039
			2486	2039
			2486	2038
			2485	2038
			2484	2038
			2483	2037
			2482	2036
			2481	2035
			2480	2035
			2479	2034
			2478	2034
			2477	2033
			2476	2033
			2475	2032
			2474	2031
			2473	2030
			2472	2030
			2471	2029
			2471	2028
			2470	2028
			2469	2027
			2469	2026
			2468	2026
			2467	2025
			2467	2024
			2466	2024
			2466	2023
			2465	2022
			2464	2021
			2463	2020
			2462	2019
			2462	2018
			2461	2017
			2460	2016
			2460	2015
			2459	2014
			2459	2013
			2458	2013
			2457	2012
			2457	2011
			2456	2010
			2456	2009
			2455	2008
			2455	2007
			2454	2007
			2454	2006
			2453	2005
			2453	2004
			2453	2003
			2452	2002
			2452	2001
			2451	2000
			2451	1999
			2450	1998
			2450	1997
			2450	1996
			2449	1995
			2449	1994
			2448	1993
			2448	1992
			2447	1991
			2447	1990
			2446	1989
			2446	1988
			2445	1987
			2445	1986
			2444	1985
			2444	1984
			2443	1983
			2442	1982
			2441	1981
			2441	1980
			2440	1979
			2440	1978
			2440	1977
			2439	1977
			2439	1976
			2438	1975
			2438	1974
			2437	1973
			2437	1972
			2437	1971
			2436	1970
			2436	1969
			2435	1968
			2435	1967
			2434	1966
			2434	1965
			2434	1964
			2433	1963
			2433	1962
			2432	1961
			2432	1960
			2432	1959
			2431	1958
			2431	1957
			2430	1956
			2430	1955
			2430	1954
			2429	1953
			2429	1952
			2428	1951
			2428	1950
			2428	1949
			2428	1948
			2427	1947
			2427	1946
			2427	1945
			2427	1944
			2427	1943
			2426	1942
			2426	1941
			2426	1940
			2426	1939
		</Outline1>
		<Outline2 type=matrix rownames=FALSE colnames=FALSE nrow=179 ncol=2 as.numeric=TRUE >
			2426	1939
			2426	1938
			2426	1937
			2426	1936
			2426	1935
			2426	1934
			2426	1933
			2426	1932
			2426	1931
			2426	1930
			2426	1929
			2426	1928
			2426	1927
			2426	1926
			2426	1925
			2426	1924
			2426	1923
			2426	1922
			2426	1921
			2426	1920
			2426	1919
			2426	1918
			2426	1917
			2426	1916
			2426	1915
			2426	1914
			2426	1913
			2426	1912
			2426	1911
			2426	1910
			2426	1909
			2426	1908
			2426	1907
			2426	1906
			2426	1905
			2426	1904
			2426	1903
			2426	1902
			2426	1901
			2426	1900
			2426	1899
			2426	1898
			2426	1897
			2426	1896
			2426	1895
			2426	1894
			2426	1893
			2426	1892
			2426	1891
			2426	1890
			2426	1889
			2427	1888
			2427	1887
			2427	1886
			2427	1885
			2427	1884
			2427	1883
			2427	1882
			2427	1881
			2428	1880
			2428	1879
			2428	1878
			2428	1877
			2428	1876
			2429	1875
			2429	1874
			2429	1873
			2429	1872
			2429	1871
			2430	1870
			2430	1869
			2430	1868
			2431	1867
			2431	1866
			2431	1865
			2431	1864
			2432	1864
			2432	1863
			2432	1862
			2433	1861
			2433	1860
			2433	1859
			2434	1858
			2434	1857
			2434	1856
			2434	1855
			2435	1854
			2435	1853
			2436	1852
			2436	1851
			2436	1850
			2437	1849
			2437	1848
			2437	1847
			2437	1846
			2438	1845
			2438	1844
			2438	1843
			2439	1842
			2439	1841
			2439	1840
			2440	1839
			2440	1838
			2440	1837
			2441	1836
			2441	1835
			2441	1834
			2442	1833
			2442	1832
			2443	1831
			2443	1830
			2443	1829
			2444	1828
			2444	1827
			2445	1826
			2445	1825
			2446	1824
			2446	1823
			2446	1822
			2447	1821
			2447	1820
			2448	1819
			2448	1818
			2448	1817
			2449	1816
			2449	1815
			2450	1814
			2450	1813
			2450	1812
			2451	1811
			2451	1810
			2452	1809
			2452	1808
			2453	1808
			2454	1807
			2454	1806
			2455	1806
			2455	1805
			2456	1804
			2457	1804
			2457	1803
			2458	1802
			2459	1801
			2460	1800
			2461	1799
			2462	1798
			2463	1797
			2464	1796
			2465	1796
			2465	1795
			2466	1794
			2467	1794
			2468	1793
			2469	1793
			2470	1792
			2471	1791
			2472	1791
			2473	1790
			2474	1790
			2474	1789
			2475	1789
			2476	1789
			2477	1788
			2478	1788
			2479	1788
			2480	1787
			2481	1787
			2482	1786
			2483	1786
			2484	1786
			2485	1786
			2486	1785
			2487	1785
			2488	1785
			2489	1785
			2490	1785
			2491	1785
			2492	1785
			2493	1785
		</Outline2>
		<Outline3 type=matrix rownames=FALSE colnames=FALSE nrow=218 ncol=2 as.numeric=TRUE >
			2493	1785
			2494	1785
			2495	1785
			2496	1785
			2496	1784
			2497	1784
			2498	1784
			2499	1784
			2500	1784
			2500	1783
			2501	1783
			2502	1783
			2503	1782
			2504	1782
			2505	1781
			2506	1781
			2507	1780
			2508	1780
			2509	1779
			2510	1779
			2511	1778
			2512	1778
			2513	1777
			2514	1776
			2515	1776
			2516	1775
			2517	1775
			2518	1774
			2519	1773
			2520	1773
			2521	1772
			2522	1771
			2523	1771
			2524	1770
			2525	1770
			2526	1769
			2527	1768
			2528	1768
			2529	1767
			2530	1767
			2531	1766
			2532	1766
			2533	1765
			2534	1765
			2535	1764
			2536	1763
			2537	1763
			2538	1762
			2539	1761
			2540	1761
			2541	1761
			2542	1760
			2543	1760
			2544	1760
			2545	1759
			2546	1759
			2547	1758
			2548	1757
			2549	1757
			2550	1757
			2551	1756
			2552	1756
			2553	1755
			2554	1754
			2555	1754
			2556	1754
			2557	1753
			2558	1753
			2558	1752
			2559	1752
			2560	1752
			2561	1751
			2562	1751
			2563	1750
			2564	1750
			2565	1749
			2566	1749
			2567	1749
			2568	1748
			2569	1748
			2570	1747
			2571	1747
			2572	1747
			2573	1747
			2574	1746
			2575	1746
			2576	1746
			2577	1745
			2578	1745
			2579	1745
			2580	1744
			2581	1744
			2582	1743
			2583	1743
			2584	1743
			2585	1742
			2586	1742
			2587	1742
			2588	1741
			2589	1741
			2590	1741
			2591	1741
			2592	1740
			2593	1740
			2594	1740
			2595	1739
			2596	1739
			2597	1739
			2598	1739
			2599	1739
			2600	1739
			2601	1739
			2602	1739
			2603	1739
			2604	1739
			2605	1739
			2606	1739
			2607	1739
			2608	1739
			2609	1739
			2610	1739
			2611	1739
			2612	1739
			2613	1739
			2614	1739
			2615	1739
			2616	1740
			2617	1740
			2618	1740
			2619	1741
			2620	1741
			2621	1742
			2622	1742
			2623	1743
			2624	1743
			2625	1744
			2626	1744
			2627	1744
			2627	1745
			2628	1745
			2629	1746
			2630	1746
			2631	1747
			2632	1748
			2633	1749
			2634	1750
			2635	1751
			2636	1752
			2637	1753
			2638	1754
			2638	1755
			2639	1756
			2639	1757
			2640	1757
			2640	1758
			2640	1759
			2641	1760
			2641	1761
			2642	1762
			2642	1763
			2643	1764
			2643	1765
			2643	1766
			2644	1767
			2644	1768
			2644	1769
			2645	1770
			2645	1771
			2645	1772
			2645	1773
			2645	1774
			2645	1775
			2645	1776
			2645	1777
			2645	1778
			2645	1779
			2645	1780
			2645	1781
			2645	1782
			2645	1783
			2645	1784
			2645	1785
			2645	1786
			2645	1787
			2645	1788
			2645	1789
			2645	1790
			2645	1791
			2645	1792
			2645	1793
			2644	1794
			2644	1795
			2644	1796
			2644	1797
			2644	1798
			2644	1799
			2645	1800
			2645	1801
			2646	1802
			2646	1803
			2647	1804
			2647	1805
			2648	1805
			2648	1806
			2649	1807
			2649	1808
			2650	1809
			2651	1809
			2651	1810
			2652	1810
			2653	1810
			2653	1811
			2654	1811
			2655	1812
			2656	1812
			2657	1813
			2658	1813
			2659	1814
		</Outline3>
		<Outline4 type=matrix rownames=FALSE colnames=FALSE nrow=190 ncol=2 as.numeric=TRUE >
			2659	1814
			2660	1814
			2660	1815
			2661	1815
			2662	1816
			2663	1817
			2664	1818
			2665	1819
			2666	1819
			2667	1820
			2668	1821
			2669	1822
			2670	1823
			2671	1824
			2671	1825
			2672	1826
			2673	1827
			2673	1828
			2674	1829
			2674	1830
			2675	1831
			2675	1832
			2676	1833
			2676	1834
			2677	1835
			2677	1836
			2677	1837
			2677	1838
			2678	1839
			2678	1840
			2678	1841
			2678	1842
			2678	1843
			2678	1844
			2678	1845
			2679	1846
			2679	1847
			2679	1848
			2679	1849
			2679	1850
			2679	1851
			2679	1852
			2679	1853
			2679	1854
			2679	1855
			2679	1856
			2678	1857
			2678	1858
			2678	1859
			2678	1860
			2678	1861
			2678	1862
			2677	1863
			2677	1864
			2677	1865
			2677	1866
			2676	1867
			2676	1868
			2676	1869
			2676	1870
			2675	1871
			2675	1872
			2675	1873
			2674	1874
			2674	1875
			2674	1876
			2674	1877
			2673	1878
			2673	1879
			2672	1880
			2672	1881
			2672	1882
			2672	1883
			2671	1884
			2671	1885
			2671	1886
			2671	1887
			2670	1888
			2670	1889
			2670	1890
			2670	1891
			2669	1892
			2669	1893
			2669	1894
			2669	1895
			2669	1896
			2668	1897
			2668	1898
			2668	1899
			2668	1900
			2668	1901
			2667	1902
			2667	1903
			2667	1904
			2667	1905
			2666	1906
			2666	1907
			2665	1908
			2665	1909
			2665	1910
			2664	1911
			2664	1912
			2663	1913
			2663	1914
			2662	1915
			2662	1916
			2661	1917
			2661	1918
			2660	1919
			2660	1920
			2659	1921
			2659	1922
			2658	1923
			2658	1924
			2657	1925
			2656	1926
			2655	1927
			2654	1928
			2654	1929
			2653	1930
			2652	1931
			2652	1932
			2651	1933
			2650	1934
			2650	1935
			2649	1936
			2648	1937
			2647	1938
			2646	1939
			2645	1940
			2644	1941
			2643	1942
			2642	1942
			2641	1943
			2640	1944
			2639	1945
			2638	1945
			2637	1946
			2636	1946
			2635	1947
			2634	1948
			2633	1948
			2632	1949
			2631	1949
			2631	1950
			2630	1950
			2629	1950
			2629	1951
			2628	1951
			2627	1951
			2626	1952
			2625	1952
			2624	1953
			2623	1953
			2622	1954
			2621	1954
			2620	1955
			2619	1955
			2618	1955
			2617	1956
			2616	1956
			2615	1957
			2614	1957
			2613	1957
			2612	1958
			2611	1958
			2610	1958
			2609	1959
			2608	1959
			2608	1960
			2607	1960
			2606	1960
			2605	1961
			2604	1961
			2603	1961
			2602	1961
			2601	1962
			2600	1962
			2599	1962
			2598	1962
			2597	1963
			2596	1963
			2595	1963
			2594	1964
			2593	1964
			2592	1964
			2591	1964
			2591	1965
			2590	1965
			2589	1965
		</Outline4>
	</curves.pixel>
	<curves.scaled type=list>
		<Outline1 type=matrix rownames=FALSE colnames=FALSE nrow=251 ncol=2 as.numeric=TRUE >
			44.2522726085932	-33.5866031965568
			44.2351801896636	-33.5866031965568
			44.2180877707341	-33.5866031965568
			44.2009953518045	-33.5866031965568
			44.183902932875	-33.6036956154864
			44.1668105139454	-33.6036956154864
			44.1497180950159	-33.6036956154864
			44.1326256760863	-33.6036956154864
			44.1155332571568	-33.6036956154864
			44.0984408382273	-33.6036956154864
			44.0813484192977	-33.6036956154864
			44.0642560003682	-33.6207880344159
			44.0471635814386	-33.6207880344159
			44.0300711625091	-33.6207880344159
			44.0129787435795	-33.6207880344159
			43.99588632465	-33.6378804533454
			43.9787939057204	-33.6378804533454
			43.9617014867909	-33.654972872275
			43.9446090678614	-33.6720652912045
			43.9275166489318	-33.6720652912045
			43.9104242300023	-33.6891577101341
			43.8933318110727	-33.7062501290636
			43.8933318110727	-33.7233425479932
			43.8762393921432	-33.7404349669227
			43.8762393921432	-33.7575273858523
			43.8762393921432	-33.7746198047818
			43.8762393921432	-33.7917122237114
			43.8591469732136	-33.8088046426409
			43.8591469732136	-33.8258970615704
			43.8591469732136	-33.8429894805
			43.8591469732136	-33.8600818994295
			43.8591469732136	-33.8771743183591
			43.8591469732136	-33.8942667372886
			43.8591469732136	-33.9113591562182
			43.8591469732136	-33.9284515751477
			43.8591469732136	-33.9455439940773
			43.8591469732136	-33.9626364130068
			43.8420545542841	-33.9797288319364
			43.8420545542841	-33.9968212508659
			43.8420545542841	-34.0139136697954
			43.8420545542841	-34.031006088725
			43.8249621353545	-34.0480985076545
			43.8249621353545	-34.0651909265841
			43.8249621353545	-34.0822833455136
			43.8249621353545	-34.0993757644432
			43.8249621353545	-34.1164681833727
			43.807869716425	-34.1335606023023
			43.807869716425	-34.1506530212318
			43.807869716425	-34.1677454401614
			43.807869716425	-34.1848378590909
			43.7907772974954	-34.2019302780204
			43.7907772974954	-34.21902269695
			43.7907772974954	-34.2361151158795
			43.7736848785659	-34.2532075348091
			43.7565924596364	-34.2702999537386
			43.7565924596364	-34.2873923726682
			43.7395000407068	-34.3044847915977
			43.7395000407068	-34.3215772105273
			43.7224076217773	-34.3386696294568
			43.7224076217773	-34.3557620483864
			43.7053152028477	-34.3728544673159
			43.7053152028477	-34.3899468862454
			43.6882227839182	-34.407039305175
			43.6711303649886	-34.4241317241045
			43.6540379460591	-34.4412241430341
			43.6369455271295	-34.4583165619636
			43.6369455271295	-34.4754089808932
			43.6198531082	-34.4754089808932
			43.6027606892704	-34.4925013998227
			43.6027606892704	-34.5095938187523
			43.5856682703409	-34.5095938187523
			43.5856682703409	-34.5266862376818
			43.5685758514114	-34.5437786566114
			43.5514834324818	-34.5437786566114
			43.5514834324818	-34.5608710755409
			43.5343910135523	-34.5779634944704
			43.5172985946227	-34.5950559134
			43.5002061756932	-34.6121483323295
			43.4831137567636	-34.6292407512591
			43.4660213378341	-34.6463331701886
			43.4489289189045	-34.6463331701886
			43.431836499975	-34.6634255891182
			43.4147440810454	-34.6634255891182
			43.3976516621159	-34.6805180080477
			43.3976516621159	-34.6976104269773
			43.3805592431863	-34.6976104269773
			43.3634668242568	-34.7147028459068
			43.3463744053273	-34.7147028459068
			43.3292819863977	-34.7317952648364
			43.3121895674682	-34.7488876837659
			43.2950971485386	-34.7488876837659
			43.2780047296091	-34.7659801026954
			43.2609123106795	-34.783072521625
			43.24381989175	-34.783072521625
			43.2267274728204	-34.8001649405545
			43.2096350538909	-34.8001649405545
			43.1925426349613	-34.8172573594841
			43.1754502160318	-34.8172573594841
			43.1583577971023	-34.8343497784136
			43.1412653781727	-34.8343497784136
			43.1241729592432	-34.8514421973432
			43.1070805403136	-34.8514421973432
			43.0899881213841	-34.8685346162727
			43.0728957024545	-34.8685346162727
			43.055803283525	-34.8856270352023
			43.0387108645954	-34.8856270352023
			43.0216184456659	-34.8856270352023
			43.0045260267364	-34.9027194541318
			42.9874336078068	-34.9027194541318
			42.9703411888773	-34.9027194541318
			42.9532487699477	-34.9027194541318
			42.9361563510182	-34.9198118730614
			42.9190639320886	-34.9198118730614
			42.9019715131591	-34.9198118730614
			42.8848790942295	-34.9198118730614
			42.8677866753	-34.9198118730614
			42.8506942563704	-34.9198118730614
			42.8336018374409	-34.9198118730614
			42.8165094185114	-34.9198118730614
			42.7994169995818	-34.9198118730614
			42.7823245806523	-34.9198118730614
			42.7652321617227	-34.9198118730614
			42.7481397427932	-34.9198118730614
			42.7310473238636	-34.9198118730614
			42.7139549049341	-34.9027194541318
			42.6968624860045	-34.9027194541318
			42.679770067075	-34.9027194541318
			42.6626776481454	-34.9027194541318
			42.6455852292159	-34.9027194541318
			42.6284928102864	-34.9027194541318
			42.6114003913568	-34.8856270352023
			42.5943079724273	-34.8856270352023
			42.5772155534977	-34.8856270352023
			42.5772155534977	-34.8685346162727
			42.5601231345682	-34.8685346162727
			42.5430307156386	-34.8685346162727
			42.5259382967091	-34.8685346162727
			42.5088458777795	-34.8514421973432
			42.49175345885	-34.8514421973432
			42.49175345885	-34.8343497784136
			42.4746610399204	-34.8343497784136
			42.4575686209909	-34.8343497784136
			42.4404762020613	-34.8172573594841
			42.4233837831318	-34.8001649405545
			42.4062913642023	-34.783072521625
			42.3891989452727	-34.783072521625
			42.3721065263432	-34.7659801026954
			42.3550141074136	-34.7659801026954
			42.3379216884841	-34.7488876837659
			42.3208292695545	-34.7488876837659
			42.303736850625	-34.7317952648364
			42.2866444316954	-34.7147028459068
			42.2695520127659	-34.6976104269773
			42.2524595938363	-34.6976104269773
			42.2353671749068	-34.6805180080477
			42.2353671749068	-34.6634255891182
			42.2182747559773	-34.6634255891182
			42.2011823370477	-34.6463331701886
			42.2011823370477	-34.6292407512591
			42.1840899181182	-34.6292407512591
			42.1669974991886	-34.6121483323295
			42.1669974991886	-34.5950559134
			42.1499050802591	-34.5950559134
			42.1499050802591	-34.5779634944704
			42.1328126613295	-34.5608710755409
			42.1157202424	-34.5437786566114
			42.0986278234704	-34.5266862376818
			42.0815354045409	-34.5095938187523
			42.0815354045409	-34.4925013998227
			42.0644429856114	-34.4754089808932
			42.0473505666818	-34.4583165619636
			42.0473505666818	-34.4412241430341
			42.0302581477523	-34.4241317241045
			42.0302581477523	-34.407039305175
			42.0131657288227	-34.407039305175
			41.9960733098932	-34.3899468862454
			41.9960733098932	-34.3728544673159
			41.9789808909636	-34.3557620483864
			41.9789808909636	-34.3386696294568
			41.9618884720341	-34.3215772105273
			41.9618884720341	-34.3044847915977
			41.9447960531045	-34.3044847915977
			41.9447960531045	-34.2873923726682
			41.927703634175	-34.2702999537386
			41.927703634175	-34.2532075348091
			41.927703634175	-34.2361151158795
			41.9106112152454	-34.21902269695
			41.9106112152454	-34.2019302780204
			41.8935187963159	-34.1848378590909
			41.8935187963159	-34.1677454401614
			41.8764263773864	-34.1506530212318
			41.8764263773864	-34.1335606023023
			41.8764263773864	-34.1164681833727
			41.8593339584568	-34.0993757644432
			41.8593339584568	-34.0822833455136
			41.8422415395273	-34.0651909265841
			41.8422415395273	-34.0480985076545
			41.8251491205977	-34.031006088725
			41.8251491205977	-34.0139136697954
			41.8080567016682	-33.9968212508659
			41.8080567016682	-33.9797288319364
			41.7909642827386	-33.9626364130068
			41.7909642827386	-33.9455439940773
			41.7738718638091	-33.9284515751477
			41.7738718638091	-33.9113591562182
			41.7567794448795	-33.8942667372886
			41.73968702595	-33.8771743183591
			41.7225946070204	-33.8600818994295
			41.7225946070204	-33.8429894805
			41.7055021880909	-33.8258970615704
			41.7055021880909	-33.8088046426409
			41.7055021880909	-33.7917122237114
			41.6884097691614	-33.7917122237114
			41.6884097691614	-33.7746198047818
			41.6713173502318	-33.7575273858523
			41.6713173502318	-33.7404349669227
			41.6542249313023	-33.7233425479932
			41.6542249313023	-33.7062501290636
			41.6542249313023	-33.6891577101341
			41.6371325123727	-33.6720652912045
			41.6371325123727	-33.654972872275
			41.6200400934432	-33.6378804533454
			41.6200400934432	-33.6207880344159
			41.6029476745136	-33.6036956154864
			41.6029476745136	-33.5866031965568
			41.6029476745136	-33.5695107776273
			41.5858552555841	-33.5524183586977
			41.5858552555841	-33.5353259397682
			41.5687628366545	-33.5182335208386
			41.5687628366545	-33.5011411019091
			41.5687628366545	-33.4840486829795
			41.551670417725	-33.46695626405
			41.551670417725	-33.4498638451204
			41.5345779987954	-33.4327714261909
			41.5345779987954	-33.4156790072614
			41.5345779987954	-33.3985865883318
			41.5174855798659	-33.3814941694023
			41.5174855798659	-33.3644017504727
			41.5003931609363	-33.3473093315432
			41.5003931609363	-33.3302169126136
			41.5003931609363	-33.3131244936841
			41.5003931609363	-33.2960320747545
			41.4833007420068	-33.278939655825
			41.4833007420068	-33.2618472368954
			41.4833007420068	-33.2447548179659
			41.4833007420068	-33.2276623990364
			41.4833007420068	-33.2105699801068
			41.4662083230773	-33.1934775611773
			41.4662083230773	-33.1763851422477
			41.4662083230773	-33.1592927233182
			41.4662083230773	-33.1422003043886
		</Outline1>
		<Outline2 type=matrix rownames=FALSE colnames=FALSE nrow=179 ncol=2 as.numeric=TRUE >
			41.4662083230773	-33.1422003043886
			41.4662083230773	-33.1251078854591
			41.4662083230773	-33.1080154665295
			41.4662083230773	-33.0909230476
			41.4662083230773	-33.0738306286704
			41.4662083230773	-33.0567382097409
			41.4662083230773	-33.0396457908114
			41.4662083230773	-33.0225533718818
			41.4662083230773	-33.0054609529523
			41.4662083230773	-32.9883685340227
			41.4662083230773	-32.9712761150932
			41.4662083230773	-32.9541836961636
			41.4662083230773	-32.9370912772341
			41.4662083230773	-32.9199988583045
			41.4662083230773	-32.902906439375
			41.4662083230773	-32.8858140204454
			41.4662083230773	-32.8687216015159
			41.4662083230773	-32.8516291825864
			41.4662083230773	-32.8345367636568
			41.4662083230773	-32.8174443447273
			41.4662083230773	-32.8003519257977
			41.4662083230773	-32.7832595068682
			41.4662083230773	-32.7661670879386
			41.4662083230773	-32.7490746690091
			41.4662083230773	-32.7319822500795
			41.4662083230773	-32.71488983115
			41.4662083230773	-32.6977974122204
			41.4662083230773	-32.6807049932909
			41.4662083230773	-32.6636125743614
			41.4662083230773	-32.6465201554318
			41.4662083230773	-32.6294277365023
			41.4662083230773	-32.6123353175727
			41.4662083230773	-32.5952428986432
			41.4662083230773	-32.5781504797136
			41.4662083230773	-32.5610580607841
			41.4662083230773	-32.5439656418545
			41.4662083230773	-32.526873222925
			41.4662083230773	-32.5097808039954
			41.4662083230773	-32.4926883850659
			41.4662083230773	-32.4755959661364
			41.4662083230773	-32.4585035472068
			41.4662083230773	-32.4414111282773
			41.4662083230773	-32.4243187093477
			41.4662083230773	-32.4072262904182
			41.4662083230773	-32.3901338714886
			41.4662083230773	-32.3730414525591
			41.4662083230773	-32.3559490336295
			41.4662083230773	-32.3388566147
			41.4662083230773	-32.3217641957704
			41.4662083230773	-32.3046717768409
			41.4662083230773	-32.2875793579114
			41.4833007420068	-32.2704869389818
			41.4833007420068	-32.2533945200523
			41.4833007420068	-32.2363021011227
			41.4833007420068	-32.2192096821932
			41.4833007420068	-32.2021172632636
			41.4833007420068	-32.1850248443341
			41.4833007420068	-32.1679324254045
			41.4833007420068	-32.150840006475
			41.5003931609363	-32.1337475875454
			41.5003931609363	-32.1166551686159
			41.5003931609363	-32.0995627496864
			41.5003931609363	-32.0824703307568
			41.5003931609363	-32.0653779118273
			41.5174855798659	-32.0482854928977
			41.5174855798659	-32.0311930739682
			41.5174855798659	-32.0141006550386
			41.5174855798659	-31.9970082361091
			41.5174855798659	-31.9799158171795
			41.5345779987954	-31.96282339825
			41.5345779987954	-31.9457309793204
			41.5345779987954	-31.9286385603909
			41.551670417725	-31.9115461414614
			41.551670417725	-31.8944537225318
			41.551670417725	-31.8773613036023
			41.551670417725	-31.8602688846727
			41.5687628366545	-31.8602688846727
			41.5687628366545	-31.8431764657432
			41.5687628366545	-31.8260840468136
			41.5858552555841	-31.8089916278841
			41.5858552555841	-31.7918992089545
			41.5858552555841	-31.774806790025
			41.6029476745136	-31.7577143710954
			41.6029476745136	-31.7406219521659
			41.6029476745136	-31.7235295332364
			41.6029476745136	-31.7064371143068
			41.6200400934432	-31.6893446953773
			41.6200400934432	-31.6722522764477
			41.6371325123727	-31.6551598575182
			41.6371325123727	-31.6380674385886
			41.6371325123727	-31.6209750196591
			41.6542249313023	-31.6038826007295
			41.6542249313023	-31.5867901818
			41.6542249313023	-31.5696977628704
			41.6542249313023	-31.5526053439409
			41.6713173502318	-31.5355129250114
			41.6713173502318	-31.5184205060818
			41.6713173502318	-31.5013280871523
			41.6884097691614	-31.4842356682227
			41.6884097691614	-31.4671432492932
			41.6884097691614	-31.4500508303636
			41.7055021880909	-31.4329584114341
			41.7055021880909	-31.4158659925045
			41.7055021880909	-31.398773573575
			41.7225946070204	-31.3816811546454
			41.7225946070204	-31.3645887357159
			41.7225946070204	-31.3474963167864
			41.73968702595	-31.3304038978568
			41.73968702595	-31.3133114789273
			41.7567794448795	-31.2962190599977
			41.7567794448795	-31.2791266410682
			41.7567794448795	-31.2620342221386
			41.7738718638091	-31.2449418032091
			41.7738718638091	-31.2278493842795
			41.7909642827386	-31.21075696535
			41.7909642827386	-31.1936645464204
			41.8080567016682	-31.1765721274909
			41.8080567016682	-31.1594797085614
			41.8080567016682	-31.1423872896318
			41.8251491205977	-31.1252948707023
			41.8251491205977	-31.1082024517727
			41.8422415395273	-31.0911100328432
			41.8422415395273	-31.0740176139136
			41.8422415395273	-31.0569251949841
			41.8593339584568	-31.0398327760545
			41.8593339584568	-31.022740357125
			41.8764263773864	-31.0056479381954
			41.8764263773864	-30.9885555192659
			41.8764263773864	-30.9714631003364
			41.8935187963159	-30.9543706814068
			41.8935187963159	-30.9372782624773
			41.9106112152454	-30.9201858435477
			41.9106112152454	-30.9030934246182
			41.927703634175	-30.9030934246182
			41.9447960531045	-30.8860010056886
			41.9447960531045	-30.8689085867591
			41.9618884720341	-30.8689085867591
			41.9618884720341	-30.8518161678295
			41.9789808909636	-30.8347237489
			41.9960733098932	-30.8347237489
			41.9960733098932	-30.8176313299704
			42.0131657288227	-30.8005389110409
			42.0302581477523	-30.7834464921114
			42.0473505666818	-30.7663540731818
			42.0644429856114	-30.7492616542523
			42.0815354045409	-30.7321692353227
			42.0986278234704	-30.7150768163932
			42.1157202424	-30.6979843974636
			42.1328126613295	-30.6979843974636
			42.1328126613295	-30.6808919785341
			42.1499050802591	-30.6637995596045
			42.1669974991886	-30.6637995596045
			42.1840899181182	-30.646707140675
			42.2011823370477	-30.646707140675
			42.2182747559773	-30.6296147217454
			42.2353671749068	-30.6125223028159
			42.2524595938363	-30.6125223028159
			42.2695520127659	-30.5954298838864
			42.2866444316954	-30.5954298838864
			42.2866444316954	-30.5783374649568
			42.303736850625	-30.5783374649568
			42.3208292695545	-30.5783374649568
			42.3379216884841	-30.5612450460273
			42.3550141074136	-30.5612450460273
			42.3721065263432	-30.5612450460273
			42.3891989452727	-30.5441526270977
			42.4062913642023	-30.5441526270977
			42.4233837831318	-30.5270602081682
			42.4404762020613	-30.5270602081682
			42.4575686209909	-30.5270602081682
			42.4746610399204	-30.5270602081682
			42.49175345885	-30.5099677892386
			42.5088458777795	-30.5099677892386
			42.5259382967091	-30.5099677892386
			42.5430307156386	-30.5099677892386
			42.5601231345682	-30.5099677892386
			42.5772155534977	-30.5099677892386
			42.5943079724273	-30.5099677892386
			42.6114003913568	-30.5099677892386
		</Outline2>
		<Outline3 type=matrix rownames=FALSE colnames=FALSE nrow=218 ncol=2 as.numeric=TRUE >
			42.6114003913568	-30.5099677892386
			42.6284928102864	-30.5099677892386
			42.6455852292159	-30.5099677892386
			42.6626776481454	-30.5099677892386
			42.6626776481454	-30.4928753703091
			42.679770067075	-30.4928753703091
			42.6968624860045	-30.4928753703091
			42.7139549049341	-30.4928753703091
			42.7310473238636	-30.4928753703091
			42.7310473238636	-30.4757829513795
			42.7481397427932	-30.4757829513795
			42.7652321617227	-30.4757829513795
			42.7823245806523	-30.45869053245
			42.7994169995818	-30.45869053245
			42.8165094185114	-30.4415981135204
			42.8336018374409	-30.4415981135204
			42.8506942563704	-30.4245056945909
			42.8677866753	-30.4245056945909
			42.8848790942295	-30.4074132756614
			42.9019715131591	-30.4074132756614
			42.9190639320886	-30.3903208567318
			42.9361563510182	-30.3903208567318
			42.9532487699477	-30.3732284378023
			42.9703411888773	-30.3561360188727
			42.9874336078068	-30.3561360188727
			43.0045260267364	-30.3390435999432
			43.0216184456659	-30.3390435999432
			43.0387108645954	-30.3219511810136
			43.055803283525	-30.3048587620841
			43.0728957024545	-30.3048587620841
			43.0899881213841	-30.2877663431545
			43.1070805403136	-30.270673924225
			43.1241729592432	-30.270673924225
			43.1412653781727	-30.2535815052954
			43.1583577971023	-30.2535815052954
			43.1754502160318	-30.2364890863659
			43.1925426349613	-30.2193966674364
			43.2096350538909	-30.2193966674364
			43.2267274728204	-30.2023042485068
			43.24381989175	-30.2023042485068
			43.2609123106795	-30.1852118295773
			43.2780047296091	-30.1852118295773
			43.2950971485386	-30.1681194106477
			43.3121895674682	-30.1681194106477
			43.3292819863977	-30.1510269917182
			43.3463744053273	-30.1339345727886
			43.3634668242568	-30.1339345727886
			43.3805592431863	-30.1168421538591
			43.3976516621159	-30.0997497349295
			43.4147440810454	-30.0997497349295
			43.431836499975	-30.0997497349295
			43.4489289189045	-30.082657316
			43.4660213378341	-30.082657316
			43.4831137567636	-30.082657316
			43.5002061756932	-30.0655648970704
			43.5172985946227	-30.0655648970704
			43.5343910135523	-30.0484724781409
			43.5514834324818	-30.0313800592114
			43.5685758514114	-30.0313800592114
			43.5856682703409	-30.0313800592114
			43.6027606892704	-30.0142876402818
			43.6198531082	-30.0142876402818
			43.6369455271295	-29.9971952213523
			43.6540379460591	-29.9801028024227
			43.6711303649886	-29.9801028024227
			43.6882227839182	-29.9801028024227
			43.7053152028477	-29.9630103834932
			43.7224076217773	-29.9630103834932
			43.7224076217773	-29.9459179645636
			43.7395000407068	-29.9459179645636
			43.7565924596364	-29.9459179645636
			43.7736848785659	-29.9288255456341
			43.7907772974954	-29.9288255456341
			43.807869716425	-29.9117331267045
			43.8249621353545	-29.9117331267045
			43.8420545542841	-29.894640707775
			43.8591469732136	-29.894640707775
			43.8762393921432	-29.894640707775
			43.8933318110727	-29.8775482888454
			43.9104242300023	-29.8775482888454
			43.9275166489318	-29.8604558699159
			43.9446090678614	-29.8604558699159
			43.9617014867909	-29.8604558699159
			43.9787939057204	-29.8604558699159
			43.99588632465	-29.8433634509864
			44.0129787435795	-29.8433634509864
			44.0300711625091	-29.8433634509864
			44.0471635814386	-29.8262710320568
			44.0642560003682	-29.8262710320568
			44.0813484192977	-29.8262710320568
			44.0984408382273	-29.8091786131273
			44.1155332571568	-29.8091786131273
			44.1326256760863	-29.7920861941977
			44.1497180950159	-29.7920861941977
			44.1668105139454	-29.7920861941977
			44.183902932875	-29.7749937752682
			44.2009953518045	-29.7749937752682
			44.2180877707341	-29.7749937752682
			44.2351801896636	-29.7579013563386
			44.2522726085932	-29.7579013563386
			44.2693650275227	-29.7579013563386
			44.2864574464523	-29.7579013563386
			44.3035498653818	-29.7408089374091
			44.3206422843113	-29.7408089374091
			44.3377347032409	-29.7408089374091
			44.3548271221704	-29.7237165184795
			44.3719195411	-29.7237165184795
			44.3890119600295	-29.7237165184795
			44.4061043789591	-29.7237165184795
			44.4231967978886	-29.7237165184795
			44.4402892168182	-29.7237165184795
			44.4573816357477	-29.7237165184795
			44.4744740546773	-29.7237165184795
			44.4915664736068	-29.7237165184795
			44.5086588925364	-29.7237165184795
			44.5257513114659	-29.7237165184795
			44.5428437303954	-29.7237165184795
			44.559936149325	-29.7237165184795
			44.5770285682545	-29.7237165184795
			44.5941209871841	-29.7237165184795
			44.6112134061136	-29.7237165184795
			44.6283058250432	-29.7237165184795
			44.6453982439727	-29.7237165184795
			44.6624906629023	-29.7237165184795
			44.6795830818318	-29.7237165184795
			44.6966755007614	-29.7237165184795
			44.7137679196909	-29.7408089374091
			44.7308603386204	-29.7408089374091
			44.74795275755	-29.7408089374091
			44.7650451764795	-29.7579013563386
			44.7821375954091	-29.7579013563386
			44.7992300143386	-29.7749937752682
			44.8163224332682	-29.7749937752682
			44.8334148521977	-29.7920861941977
			44.8505072711273	-29.7920861941977
			44.8675996900568	-29.8091786131273
			44.8846921089863	-29.8091786131273
			44.9017845279159	-29.8091786131273
			44.9017845279159	-29.8262710320568
			44.9188769468454	-29.8262710320568
			44.935969365775	-29.8433634509864
			44.9530617847045	-29.8433634509864
			44.9701542036341	-29.8604558699159
			44.9872466225636	-29.8775482888454
			45.0043390414932	-29.894640707775
			45.0214314604227	-29.9117331267045
			45.0385238793523	-29.9288255456341
			45.0556162982818	-29.9459179645636
			45.0727087172113	-29.9630103834932
			45.0898011361409	-29.9801028024227
			45.0898011361409	-29.9971952213523
			45.1068935550704	-30.0142876402818
			45.1068935550704	-30.0313800592114
			45.123985974	-30.0313800592114
			45.123985974	-30.0484724781409
			45.123985974	-30.0655648970704
			45.1410783929295	-30.082657316
			45.1410783929295	-30.0997497349295
			45.1581708118591	-30.1168421538591
			45.1581708118591	-30.1339345727886
			45.1752632307886	-30.1510269917182
			45.1752632307886	-30.1681194106477
			45.1752632307886	-30.1852118295773
			45.1923556497182	-30.2023042485068
			45.1923556497182	-30.2193966674364
			45.1923556497182	-30.2364890863659
			45.2094480686477	-30.2535815052954
			45.2094480686477	-30.270673924225
			45.2094480686477	-30.2877663431545
			45.2094480686477	-30.3048587620841
			45.2094480686477	-30.3219511810136
			45.2094480686477	-30.3390435999432
			45.2094480686477	-30.3561360188727
			45.2094480686477	-30.3732284378023
			45.2094480686477	-30.3903208567318
			45.2094480686477	-30.4074132756614
			45.2094480686477	-30.4245056945909
			45.2094480686477	-30.4415981135204
			45.2094480686477	-30.45869053245
			45.2094480686477	-30.4757829513795
			45.2094480686477	-30.4928753703091
			45.2094480686477	-30.5099677892386
			45.2094480686477	-30.5270602081682
			45.2094480686477	-30.5441526270977
			45.2094480686477	-30.5612450460273
			45.2094480686477	-30.5783374649568
			45.2094480686477	-30.5954298838864
			45.2094480686477	-30.6125223028159
			45.2094480686477	-30.6296147217454
			45.2094480686477	-30.646707140675
			45.1923556497182	-30.6637995596045
			45.1923556497182	-30.6808919785341
			45.1923556497182	-30.6979843974636
			45.1923556497182	-30.7150768163932
			45.1923556497182	-30.7321692353227
			45.1923556497182	-30.7492616542523
			45.2094480686477	-30.7663540731818
			45.2094480686477	-30.7834464921114
			45.2265404875773	-30.8005389110409
			45.2265404875773	-30.8176313299704
			45.2436329065068	-30.8347237489
			45.2436329065068	-30.8518161678295
			45.2607253254363	-30.8518161678295
			45.2607253254363	-30.8689085867591
			45.2778177443659	-30.8860010056886
			45.2778177443659	-30.9030934246182
			45.2949101632954	-30.9201858435477
			45.312002582225	-30.9201858435477
			45.312002582225	-30.9372782624773
			45.3290950011545	-30.9372782624773
			45.3461874200841	-30.9372782624773
			45.3461874200841	-30.9543706814068
			45.3632798390136	-30.9543706814068
			45.3803722579432	-30.9714631003364
			45.3974646768727	-30.9714631003364
			45.4145570958023	-30.9885555192659
			45.4316495147318	-30.9885555192659
			45.4487419336614	-31.0056479381954
		</Outline3>
		<Outline4 type=matrix rownames=FALSE colnames=FALSE nrow=190 ncol=2 as.numeric=TRUE >
			45.4487419336614	-31.0056479381954
			45.4658343525909	-31.0056479381954
			45.4658343525909	-31.022740357125
			45.4829267715204	-31.022740357125
			45.50001919045	-31.0398327760545
			45.5171116093795	-31.0569251949841
			45.5342040283091	-31.0740176139136
			45.5512964472386	-31.0911100328432
			45.5683888661682	-31.0911100328432
			45.5854812850977	-31.1082024517727
			45.6025737040273	-31.1252948707023
			45.6196661229568	-31.1423872896318
			45.6367585418864	-31.1594797085614
			45.6538509608159	-31.1765721274909
			45.6538509608159	-31.1936645464204
			45.6709433797454	-31.21075696535
			45.688035798675	-31.2278493842795
			45.688035798675	-31.2449418032091
			45.7051282176045	-31.2620342221386
			45.7051282176045	-31.2791266410682
			45.7222206365341	-31.2962190599977
			45.7222206365341	-31.3133114789273
			45.7393130554636	-31.3304038978568
			45.7393130554636	-31.3474963167864
			45.7564054743932	-31.3645887357159
			45.7564054743932	-31.3816811546454
			45.7564054743932	-31.398773573575
			45.7564054743932	-31.4158659925045
			45.7734978933227	-31.4329584114341
			45.7734978933227	-31.4500508303636
			45.7734978933227	-31.4671432492932
			45.7734978933227	-31.4842356682227
			45.7734978933227	-31.5013280871523
			45.7734978933227	-31.5184205060818
			45.7734978933227	-31.5355129250114
			45.7905903122523	-31.5526053439409
			45.7905903122523	-31.5696977628704
			45.7905903122523	-31.5867901818
			45.7905903122523	-31.6038826007295
			45.7905903122523	-31.6209750196591
			45.7905903122523	-31.6380674385886
			45.7905903122523	-31.6551598575182
			45.7905903122523	-31.6722522764477
			45.7905903122523	-31.6893446953773
			45.7905903122523	-31.7064371143068
			45.7905903122523	-31.7235295332364
			45.7734978933227	-31.7406219521659
			45.7734978933227	-31.7577143710954
			45.7734978933227	-31.774806790025
			45.7734978933227	-31.7918992089545
			45.7734978933227	-31.8089916278841
			45.7734978933227	-31.8260840468136
			45.7564054743932	-31.8431764657432
			45.7564054743932	-31.8602688846727
			45.7564054743932	-31.8773613036023
			45.7564054743932	-31.8944537225318
			45.7393130554636	-31.9115461414614
			45.7393130554636	-31.9286385603909
			45.7393130554636	-31.9457309793204
			45.7393130554636	-31.96282339825
			45.7222206365341	-31.9799158171795
			45.7222206365341	-31.9970082361091
			45.7222206365341	-32.0141006550386
			45.7051282176045	-32.0311930739682
			45.7051282176045	-32.0482854928977
			45.7051282176045	-32.0653779118273
			45.7051282176045	-32.0824703307568
			45.688035798675	-32.0995627496864
			45.688035798675	-32.1166551686159
			45.6709433797454	-32.1337475875454
			45.6709433797454	-32.150840006475
			45.6709433797454	-32.1679324254045
			45.6709433797454	-32.1850248443341
			45.6538509608159	-32.2021172632636
			45.6538509608159	-32.2192096821932
			45.6538509608159	-32.2363021011227
			45.6538509608159	-32.2533945200523
			45.6367585418864	-32.2704869389818
			45.6367585418864	-32.2875793579114
			45.6367585418864	-32.3046717768409
			45.6367585418864	-32.3217641957704
			45.6196661229568	-32.3388566147
			45.6196661229568	-32.3559490336295
			45.6196661229568	-32.3730414525591
			45.6196661229568	-32.3901338714886
			45.6196661229568	-32.4072262904182
			45.6025737040273	-32.4243187093477
			45.6025737040273	-32.4414111282773
			45.6025737040273	-32.4585035472068
			45.6025737040273	-32.4755959661364
			45.6025737040273	-32.4926883850659
			45.5854812850977	-32.5097808039954
			45.5854812850977	-32.526873222925
			45.5854812850977	-32.5439656418545
			45.5854812850977	-32.5610580607841
			45.5683888661682	-32.5781504797136
			45.5683888661682	-32.5952428986432
			45.5512964472386	-32.6123353175727
			45.5512964472386	-32.6294277365023
			45.5512964472386	-32.6465201554318
			45.5342040283091	-32.6636125743614
			45.5342040283091	-32.6807049932909
			45.5171116093795	-32.6977974122204
			45.5171116093795	-32.71488983115
			45.50001919045	-32.7319822500795
			45.50001919045	-32.7490746690091
			45.4829267715204	-32.7661670879386
			45.4829267715204	-32.7832595068682
			45.4658343525909	-32.8003519257977
			45.4658343525909	-32.8174443447273
			45.4487419336614	-32.8345367636568
			45.4487419336614	-32.8516291825864
			45.4316495147318	-32.8687216015159
			45.4316495147318	-32.8858140204454
			45.4145570958023	-32.902906439375
			45.3974646768727	-32.9199988583045
			45.3803722579432	-32.9370912772341
			45.3632798390136	-32.9541836961636
			45.3632798390136	-32.9712761150932
			45.3461874200841	-32.9883685340227
			45.3290950011545	-33.0054609529523
			45.3290950011545	-33.0225533718818
			45.312002582225	-33.0396457908114
			45.2949101632954	-33.0567382097409
			45.2949101632954	-33.0738306286704
			45.2778177443659	-33.0909230476
			45.2607253254363	-33.1080154665295
			45.2436329065068	-33.1251078854591
			45.2265404875773	-33.1422003043886
			45.2094480686477	-33.1592927233182
			45.1923556497182	-33.1763851422477
			45.1752632307886	-33.1934775611773
			45.1581708118591	-33.1934775611773
			45.1410783929295	-33.2105699801068
			45.123985974	-33.2276623990364
			45.1068935550704	-33.2447548179659
			45.0898011361409	-33.2447548179659
			45.0727087172113	-33.2618472368954
			45.0556162982818	-33.2618472368954
			45.0385238793523	-33.278939655825
			45.0214314604227	-33.2960320747545
			45.0043390414932	-33.2960320747545
			44.9872466225636	-33.3131244936841
			44.9701542036341	-33.3131244936841
			44.9701542036341	-33.3302169126136
			44.9530617847045	-33.3302169126136
			44.935969365775	-33.3302169126136
			44.935969365775	-33.3473093315432
			44.9188769468454	-33.3473093315432
			44.9017845279159	-33.3473093315432
			44.8846921089863	-33.3644017504727
			44.8675996900568	-33.3644017504727
			44.8505072711273	-33.3814941694023
			44.8334148521977	-33.3814941694023
			44.8163224332682	-33.3985865883318
			44.7992300143386	-33.3985865883318
			44.7821375954091	-33.4156790072614
			44.7650451764795	-33.4156790072614
			44.74795275755	-33.4156790072614
			44.7308603386204	-33.4327714261909
			44.7137679196909	-33.4327714261909
			44.6966755007614	-33.4498638451204
			44.6795830818318	-33.4498638451204
			44.6624906629023	-33.4498638451204
			44.6453982439727	-33.46695626405
			44.6283058250432	-33.46695626405
			44.6112134061136	-33.46695626405
			44.5941209871841	-33.4840486829795
			44.5770285682545	-33.4840486829795
			44.5770285682545	-33.5011411019091
			44.559936149325	-33.5011411019091
			44.5428437303954	-33.5011411019091
			44.5257513114659	-33.5182335208386
			44.5086588925364	-33.5182335208386
			44.4915664736068	-33.5182335208386
			44.4744740546773	-33.5182335208386
			44.4573816357477	-33.5353259397682
			44.4402892168182	-33.5353259397682
			44.4231967978886	-33.5353259397682
			44.4061043789591	-33.5353259397682
			44.3890119600295	-33.5524183586977
			44.3719195411	-33.5524183586977
			44.3548271221704	-33.5524183586977
			44.3377347032409	-33.5695107776273
			44.3206422843113	-33.5695107776273
			44.3035498653818	-33.5695107776273
			44.2864574464523	-33.5695107776273
			44.2864574464523	-33.5866031965568
			44.2693650275227	-33.5866031965568
			44.2522726085932	-33.5866031965568
		</Outline4>
	</curves.scaled>
	<ruler.points type=matrix rownames=TRUE colnames=FALSE nrow=2 ncol=2 as.numeric=TRUE >
		Ruler point 1	3362	2462
		Ruler point 2	2777	2470
	</ruler.points>
</shapes>

