<shapes type=list>
	<ruler.pixel type=vector names=FALSE length=1 as.numeric=TRUE >1303.0061396632</ruler.pixel>
	<ruler.interval type=vector names=FALSE length=1 as.numeric=TRUE >10</ruler.interval>
	<scaling.units type=vector names=FALSE length=1 as.numeric=FALSE >mm</scaling.units>
	<scaling type=vector names=FALSE length=1 as.numeric=TRUE >0.00767456092155082</scaling>
	<landmarks.pixel type=matrix rownames=TRUE colnames=FALSE nrow=4 ncol=2 as.numeric=TRUE >
		Labial	2428	1554
		Posterior	2351	1519
		Lingual	2392	1444
		Anterior	2473	1479
	</landmarks.pixel>
	<landmarks.scaled type=matrix rownames=TRUE colnames=FALSE nrow=4 ncol=2 as.numeric=TRUE >
		Labial	18.6338339175254	-11.92626767209
		Posterior	18.042892726566	-11.6576580398357
		Lingual	18.3575497243496	-11.0820659707194
		Anterior	18.9791891589952	-11.3506756029737
	</landmarks.scaled>
	<curves.control type=list>
		<Outline1 type=matrix rownames=FALSE colnames=FALSE nrow=15 ncol=2 as.numeric=TRUE >
			2428	1554
			2423	1557
			2417	1560
			2412	1564
			2407	1568
			2402	1572
			2396	1575
			2390	1577
			2383	1577
			2377	1576
			2370	1572
			2364	1568
			2360	1563
			2356	1557
			2351	1519
		</Outline1>
		<Outline2 type=matrix rownames=FALSE colnames=FALSE nrow=13 ncol=2 as.numeric=TRUE >
			2351	1519
			2348	1508
			2346	1499
			2345	1490
			2346	1482
			2348	1473
			2352	1465
			2356	1457
			2362	1451
			2369	1447
			2375	1445
			2383	1443
			2392	1444
		</Outline2>
		<Outline3 type=matrix rownames=FALSE colnames=FALSE nrow=11 ncol=2 as.numeric=TRUE >
			2392	1444
			2403	1444
			2414	1444
			2424	1444
			2434	1446
			2442	1449
			2450	1453
			2457	1458
			2462	1463
			2468	1469
			2473	1479
		</Outline3>
		<Outline4 type=matrix rownames=FALSE colnames=FALSE nrow=13 ncol=2 as.numeric=TRUE >
			2473	1479
			2476	1489
			2477	1497
			2477	1504
			2475	1513
			2472	1520
			2469	1526
			2465	1532
			2459	1538
			2451	1543
			2444	1547
			2437	1549
			2428	1554
		</Outline4>
	</curves.control>
	<curves.pixel type=list>
		<Outline1 type=matrix rownames=FALSE colnames=FALSE nrow=119 ncol=2 as.numeric=TRUE >
			2428	1554
			2427	1554
			2427	1555
			2426	1555
			2425	1556
			2424	1556
			2423	1557
			2422	1557
			2421	1558
			2420	1558
			2420	1559
			2419	1559
			2418	1559
			2417	1560
			2416	1561
			2415	1562
			2414	1562
			2413	1563
			2413	1564
			2412	1564
			2411	1565
			2410	1565
			2409	1566
			2409	1567
			2408	1567
			2407	1568
			2406	1569
			2405	1569
			2404	1570
			2404	1571
			2403	1571
			2402	1572
			2401	1572
			2400	1573
			2399	1573
			2398	1574
			2397	1574
			2396	1575
			2395	1575
			2394	1576
			2393	1576
			2392	1576
			2391	1576
			2390	1576
			2389	1577
			2388	1577
			2387	1577
			2386	1577
			2385	1577
			2384	1577
			2383	1577
			2382	1577
			2381	1576
			2380	1576
			2379	1576
			2378	1576
			2377	1575
			2376	1575
			2375	1574
			2374	1574
			2373	1574
			2372	1573
			2371	1572
			2370	1572
			2369	1571
			2368	1571
			2367	1570
			2366	1569
			2365	1568
			2364	1567
			2363	1567
			2363	1566
			2362	1565
			2361	1564
			2360	1563
			2360	1562
			2359	1561
			2359	1560
			2358	1559
			2358	1558
			2358	1557
			2357	1556
			2357	1555
			2357	1554
			2357	1553
			2356	1552
			2356	1551
			2356	1550
			2356	1549
			2355	1548
			2355	1547
			2355	1546
			2355	1545
			2355	1544
			2355	1543
			2354	1542
			2354	1541
			2354	1540
			2354	1539
			2354	1538
			2354	1537
			2353	1536
			2353	1535
			2353	1534
			2353	1533
			2353	1532
			2353	1531
			2352	1530
			2352	1529
			2352	1528
			2352	1527
			2352	1526
			2352	1525
			2352	1524
			2352	1523
			2351	1522
			2351	1521
			2351	1520
			2351	1519
		</Outline1>
		<Outline2 type=matrix rownames=FALSE colnames=FALSE nrow=103 ncol=2 as.numeric=TRUE >
			2351	1519
			2351	1518
			2350	1517
			2350	1516
			2350	1515
			2350	1514
			2349	1513
			2349	1512
			2349	1511
			2349	1510
			2348	1509
			2348	1508
			2348	1507
			2348	1506
			2347	1505
			2347	1504
			2347	1503
			2347	1502
			2346	1501
			2346	1500
			2346	1499
			2346	1498
			2346	1497
			2346	1496
			2346	1495
			2346	1494
			2346	1493
			2346	1492
			2346	1491
			2346	1490
			2346	1489
			2346	1488
			2346	1487
			2346	1486
			2346	1485
			2346	1484
			2346	1483
			2346	1482
			2346	1481
			2347	1480
			2347	1479
			2347	1478
			2347	1477
			2348	1476
			2348	1475
			2348	1474
			2349	1473
			2349	1472
			2349	1471
			2350	1470
			2350	1469
			2350	1468
			2351	1467
			2351	1466
			2352	1466
			2352	1465
			2353	1464
			2353	1463
			2353	1462
			2354	1461
			2355	1460
			2355	1459
			2356	1458
			2357	1457
			2357	1456
			2358	1455
			2359	1455
			2359	1454
			2360	1453
			2361	1452
			2362	1451
			2363	1451
			2363	1450
			2364	1450
			2365	1449
			2366	1449
			2367	1448
			2368	1448
			2369	1448
			2369	1447
			2370	1447
			2371	1446
			2372	1446
			2373	1446
			2374	1445
			2375	1445
			2376	1445
			2377	1445
			2378	1444
			2379	1444
			2380	1444
			2381	1444
			2382	1444
			2383	1444
			2384	1444
			2385	1444
			2386	1444
			2387	1444
			2388	1444
			2389	1444
			2390	1444
			2391	1444
			2392	1444
		</Outline2>
		<Outline3 type=matrix rownames=FALSE colnames=FALSE nrow=89 ncol=2 as.numeric=TRUE >
			2392	1444
			2393	1444
			2394	1444
			2395	1444
			2396	1444
			2397	1444
			2398	1444
			2399	1444
			2400	1444
			2401	1444
			2402	1444
			2403	1444
			2404	1444
			2405	1444
			2406	1444
			2407	1444
			2408	1444
			2409	1444
			2410	1444
			2411	1444
			2412	1444
			2413	1444
			2414	1444
			2415	1444
			2416	1444
			2417	1444
			2418	1444
			2419	1444
			2420	1444
			2421	1444
			2422	1444
			2423	1444
			2424	1445
			2425	1445
			2426	1445
			2427	1445
			2428	1445
			2429	1445
			2430	1445
			2431	1445
			2432	1446
			2433	1446
			2434	1446
			2435	1446
			2436	1447
			2437	1447
			2438	1448
			2439	1448
			2440	1448
			2441	1449
			2442	1449
			2443	1449
			2443	1450
			2444	1450
			2445	1451
			2446	1451
			2447	1452
			2448	1452
			2449	1452
			2450	1453
			2451	1453
			2451	1454
			2452	1455
			2453	1455
			2454	1456
			2455	1457
			2456	1458
			2457	1459
			2458	1459
			2459	1460
			2460	1461
			2461	1462
			2462	1463
			2463	1464
			2464	1465
			2465	1466
			2466	1467
			2467	1468
			2467	1469
			2468	1470
			2469	1471
			2469	1472
			2470	1473
			2470	1474
			2471	1475
			2472	1476
			2472	1477
			2473	1478
			2473	1479
		</Outline3>
		<Outline4 type=matrix rownames=FALSE colnames=FALSE nrow=92 ncol=2 as.numeric=TRUE >
			2473	1479
			2473	1480
			2474	1481
			2474	1482
			2474	1483
			2474	1484
			2475	1485
			2475	1486
			2475	1487
			2475	1488
			2476	1489
			2476	1490
			2476	1491
			2476	1492
			2476	1493
			2477	1494
			2477	1495
			2477	1496
			2477	1497
			2477	1498
			2477	1499
			2477	1500
			2477	1501
			2477	1502
			2477	1503
			2477	1504
			2476	1505
			2476	1506
			2476	1507
			2476	1508
			2476	1509
			2476	1510
			2475	1511
			2475	1512
			2475	1513
			2474	1514
			2474	1515
			2474	1516
			2473	1517
			2473	1518
			2472	1519
			2472	1520
			2471	1521
			2471	1522
			2470	1523
			2470	1524
			2470	1525
			2469	1526
			2469	1527
			2468	1528
			2467	1529
			2466	1530
			2465	1531
			2464	1532
			2464	1533
			2463	1534
			2462	1534
			2462	1535
			2461	1536
			2460	1537
			2459	1538
			2458	1539
			2457	1540
			2456	1540
			2455	1541
			2454	1541
			2453	1542
			2452	1543
			2451	1543
			2450	1544
			2449	1544
			2448	1545
			2447	1545
			2446	1546
			2445	1546
			2444	1547
			2443	1547
			2442	1548
			2441	1548
			2440	1548
			2439	1549
			2438	1549
			2437	1549
			2436	1550
			2435	1550
			2434	1551
			2433	1551
			2432	1552
			2431	1552
			2430	1553
			2429	1554
			2428	1554
		</Outline4>
	</curves.pixel>
	<curves.scaled type=list>
		<Outline1 type=matrix rownames=FALSE colnames=FALSE nrow=119 ncol=2 as.numeric=TRUE >
			18.6338339175254	-11.92626767209
			18.6261593566038	-11.92626767209
			18.6261593566038	-11.9339422330115
			18.6184847956823	-11.9339422330115
			18.6108102347607	-11.9416167939331
			18.6031356738392	-11.9416167939331
			18.5954611129176	-11.9492913548546
			18.5877865519961	-11.9492913548546
			18.5801119910745	-11.9569659157762
			18.572437430153	-11.9569659157762
			18.572437430153	-11.9646404766977
			18.5647628692314	-11.9646404766977
			18.5570883083099	-11.9646404766977
			18.5494137473883	-11.9723150376193
			18.5417391864668	-11.9799895985408
			18.5340646255452	-11.9876641594624
			18.5263900646237	-11.9876641594624
			18.5187155037021	-11.9953387203839
			18.5187155037021	-12.0030132813055
			18.5110409427806	-12.0030132813055
			18.503366381859	-12.010687842227
			18.4956918209375	-12.010687842227
			18.4880172600159	-12.0183624031486
			18.4880172600159	-12.0260369640701
			18.4803426990944	-12.0260369640701
			18.4726681381728	-12.0337115249917
			18.4649935772513	-12.0413860859132
			18.4573190163297	-12.0413860859132
			18.4496444554082	-12.0490606468348
			18.4496444554082	-12.0567352077563
			18.4419698944866	-12.0567352077563
			18.4342953335651	-12.0644097686779
			18.4266207726435	-12.0644097686779
			18.418946211722	-12.0720843295994
			18.4112716508004	-12.0720843295994
			18.4035970898789	-12.079758890521
			18.3959225289573	-12.079758890521
			18.3882479680358	-12.0874334514425
			18.3805734071142	-12.0874334514425
			18.3728988461927	-12.0951080123641
			18.3652242852711	-12.0951080123641
			18.3575497243496	-12.0951080123641
			18.349875163428	-12.0951080123641
			18.3422006025065	-12.0951080123641
			18.3345260415849	-12.1027825732856
			18.3268514806634	-12.1027825732856
			18.3191769197418	-12.1027825732856
			18.3115023588203	-12.1027825732856
			18.3038277978987	-12.1027825732856
			18.2961532369772	-12.1027825732856
			18.2884786760556	-12.1027825732856
			18.2808041151341	-12.1027825732856
			18.2731295542125	-12.0951080123641
			18.265454993291	-12.0951080123641
			18.2577804323694	-12.0951080123641
			18.2501058714479	-12.0951080123641
			18.2424313105263	-12.0874334514425
			18.2347567496047	-12.0874334514425
			18.2270821886832	-12.079758890521
			18.2194076277616	-12.079758890521
			18.2117330668401	-12.079758890521
			18.2040585059185	-12.0720843295994
			18.196383944997	-12.0644097686779
			18.1887093840754	-12.0644097686779
			18.1810348231539	-12.0567352077563
			18.1733602622323	-12.0567352077563
			18.1656857013108	-12.0490606468348
			18.1580111403892	-12.0413860859132
			18.1503365794677	-12.0337115249917
			18.1426620185461	-12.0260369640701
			18.1349874576246	-12.0260369640701
			18.1349874576246	-12.0183624031486
			18.127312896703	-12.010687842227
			18.1196383357815	-12.0030132813055
			18.1119637748599	-11.9953387203839
			18.1119637748599	-11.9876641594624
			18.1042892139384	-11.9799895985408
			18.1042892139384	-11.9723150376193
			18.0966146530168	-11.9646404766977
			18.0966146530168	-11.9569659157762
			18.0966146530168	-11.9492913548546
			18.0889400920953	-11.9416167939331
			18.0889400920953	-11.9339422330115
			18.0889400920953	-11.92626767209
			18.0889400920953	-11.9185931111684
			18.0812655311737	-11.9109185502469
			18.0812655311737	-11.9032439893253
			18.0812655311737	-11.8955694284038
			18.0812655311737	-11.8878948674822
			18.0735909702522	-11.8802203065607
			18.0735909702522	-11.8725457456391
			18.0735909702522	-11.8648711847176
			18.0735909702522	-11.857196623796
			18.0735909702522	-11.8495220628745
			18.0735909702522	-11.8418475019529
			18.0659164093306	-11.8341729410314
			18.0659164093306	-11.8264983801098
			18.0659164093306	-11.8188238191883
			18.0659164093306	-11.8111492582667
			18.0659164093306	-11.8034746973452
			18.0659164093306	-11.7958001364236
			18.0582418484091	-11.7881255755021
			18.0582418484091	-11.7804510145805
			18.0582418484091	-11.772776453659
			18.0582418484091	-11.7651018927374
			18.0582418484091	-11.7574273318159
			18.0582418484091	-11.7497527708943
			18.0505672874875	-11.7420782099728
			18.0505672874875	-11.7344036490512
			18.0505672874875	-11.7267290881297
			18.0505672874875	-11.7190545272081
			18.0505672874875	-11.7113799662866
			18.0505672874875	-11.703705405365
			18.0505672874875	-11.6960308444434
			18.0505672874875	-11.6883562835219
			18.042892726566	-11.6806817226003
			18.042892726566	-11.6730071616788
			18.042892726566	-11.6653326007572
			18.042892726566	-11.6576580398357
		</Outline1>
		<Outline2 type=matrix rownames=FALSE colnames=FALSE nrow=103 ncol=2 as.numeric=TRUE >
			18.042892726566	-11.6576580398357
			18.042892726566	-11.6499834789141
			18.0352181656444	-11.6423089179926
			18.0352181656444	-11.634634357071
			18.0352181656444	-11.6269597961495
			18.0352181656444	-11.6192852352279
			18.0275436047229	-11.6116106743064
			18.0275436047229	-11.6039361133848
			18.0275436047229	-11.5962615524633
			18.0275436047229	-11.5885869915417
			18.0198690438013	-11.5809124306202
			18.0198690438013	-11.5732378696986
			18.0198690438013	-11.5655633087771
			18.0198690438013	-11.5578887478555
			18.0121944828798	-11.550214186934
			18.0121944828798	-11.5425396260124
			18.0121944828798	-11.5348650650909
			18.0121944828798	-11.5271905041693
			18.0045199219582	-11.5195159432478
			18.0045199219582	-11.5118413823262
			18.0045199219582	-11.5041668214047
			18.0045199219582	-11.4964922604831
			18.0045199219582	-11.4888176995616
			18.0045199219582	-11.48114313864
			18.0045199219582	-11.4734685777185
			18.0045199219582	-11.4657940167969
			18.0045199219582	-11.4581194558754
			18.0045199219582	-11.4504448949538
			18.0045199219582	-11.4427703340323
			18.0045199219582	-11.4350957731107
			18.0045199219582	-11.4274212121892
			18.0045199219582	-11.4197466512676
			18.0045199219582	-11.4120720903461
			18.0045199219582	-11.4043975294245
			18.0045199219582	-11.396722968503
			18.0045199219582	-11.3890484075814
			18.0045199219582	-11.3813738466599
			18.0045199219582	-11.3736992857383
			18.0045199219582	-11.3660247248168
			18.0121944828798	-11.3583501638952
			18.0121944828798	-11.3506756029737
			18.0121944828798	-11.3430010420521
			18.0121944828798	-11.3353264811306
			18.0198690438013	-11.327651920209
			18.0198690438013	-11.3199773592875
			18.0198690438013	-11.3123027983659
			18.0275436047229	-11.3046282374444
			18.0275436047229	-11.2969536765228
			18.0275436047229	-11.2892791156013
			18.0352181656444	-11.2816045546797
			18.0352181656444	-11.2739299937582
			18.0352181656444	-11.2662554328366
			18.042892726566	-11.2585808719151
			18.042892726566	-11.2509063109935
			18.0505672874875	-11.2509063109935
			18.0505672874875	-11.243231750072
			18.0582418484091	-11.2355571891504
			18.0582418484091	-11.2278826282288
			18.0582418484091	-11.2202080673073
			18.0659164093306	-11.2125335063857
			18.0735909702522	-11.2048589454642
			18.0735909702522	-11.1971843845426
			18.0812655311737	-11.1895098236211
			18.0889400920953	-11.1818352626995
			18.0889400920953	-11.174160701778
			18.0966146530168	-11.1664861408564
			18.1042892139384	-11.1664861408564
			18.1042892139384	-11.1588115799349
			18.1119637748599	-11.1511370190133
			18.1196383357815	-11.1434624580918
			18.127312896703	-11.1357878971702
			18.1349874576246	-11.1357878971702
			18.1349874576246	-11.1281133362487
			18.1426620185461	-11.1281133362487
			18.1503365794677	-11.1204387753271
			18.1580111403892	-11.1204387753271
			18.1656857013108	-11.1127642144056
			18.1733602622323	-11.1127642144056
			18.1810348231539	-11.1127642144056
			18.1810348231539	-11.105089653484
			18.1887093840754	-11.105089653484
			18.196383944997	-11.0974150925625
			18.2040585059185	-11.0974150925625
			18.2117330668401	-11.0974150925625
			18.2194076277616	-11.0897405316409
			18.2270821886832	-11.0897405316409
			18.2347567496047	-11.0897405316409
			18.2424313105263	-11.0897405316409
			18.2501058714479	-11.0820659707194
			18.2577804323694	-11.0820659707194
			18.265454993291	-11.0820659707194
			18.2731295542125	-11.0820659707194
			18.2808041151341	-11.0820659707194
			18.2884786760556	-11.0820659707194
			18.2961532369772	-11.0820659707194
			18.3038277978987	-11.0820659707194
			18.3115023588203	-11.0820659707194
			18.3191769197418	-11.0820659707194
			18.3268514806634	-11.0820659707194
			18.3345260415849	-11.0820659707194
			18.3422006025065	-11.0820659707194
			18.349875163428	-11.0820659707194
			18.3575497243496	-11.0820659707194
		</Outline2>
		<Outline3 type=matrix rownames=FALSE colnames=FALSE nrow=89 ncol=2 as.numeric=TRUE >
			18.3575497243496	-11.0820659707194
			18.3652242852711	-11.0820659707194
			18.3728988461927	-11.0820659707194
			18.3805734071142	-11.0820659707194
			18.3882479680358	-11.0820659707194
			18.3959225289573	-11.0820659707194
			18.4035970898789	-11.0820659707194
			18.4112716508004	-11.0820659707194
			18.418946211722	-11.0820659707194
			18.4266207726435	-11.0820659707194
			18.4342953335651	-11.0820659707194
			18.4419698944866	-11.0820659707194
			18.4496444554082	-11.0820659707194
			18.4573190163297	-11.0820659707194
			18.4649935772513	-11.0820659707194
			18.4726681381728	-11.0820659707194
			18.4803426990944	-11.0820659707194
			18.4880172600159	-11.0820659707194
			18.4956918209375	-11.0820659707194
			18.503366381859	-11.0820659707194
			18.5110409427806	-11.0820659707194
			18.5187155037021	-11.0820659707194
			18.5263900646237	-11.0820659707194
			18.5340646255452	-11.0820659707194
			18.5417391864668	-11.0820659707194
			18.5494137473883	-11.0820659707194
			18.5570883083099	-11.0820659707194
			18.5647628692314	-11.0820659707194
			18.572437430153	-11.0820659707194
			18.5801119910745	-11.0820659707194
			18.5877865519961	-11.0820659707194
			18.5954611129176	-11.0820659707194
			18.6031356738392	-11.0897405316409
			18.6108102347607	-11.0897405316409
			18.6184847956823	-11.0897405316409
			18.6261593566038	-11.0897405316409
			18.6338339175254	-11.0897405316409
			18.6415084784469	-11.0897405316409
			18.6491830393685	-11.0897405316409
			18.65685760029	-11.0897405316409
			18.6645321612116	-11.0974150925625
			18.6722067221331	-11.0974150925625
			18.6798812830547	-11.0974150925625
			18.6875558439762	-11.0974150925625
			18.6952304048978	-11.105089653484
			18.7029049658193	-11.105089653484
			18.7105795267409	-11.1127642144056
			18.7182540876624	-11.1127642144056
			18.725928648584	-11.1127642144056
			18.7336032095055	-11.1204387753271
			18.7412777704271	-11.1204387753271
			18.7489523313487	-11.1204387753271
			18.7489523313487	-11.1281133362487
			18.7566268922702	-11.1281133362487
			18.7643014531918	-11.1357878971702
			18.7719760141133	-11.1357878971702
			18.7796505750349	-11.1434624580918
			18.7873251359564	-11.1434624580918
			18.794999696878	-11.1434624580918
			18.8026742577995	-11.1511370190133
			18.8103488187211	-11.1511370190133
			18.8103488187211	-11.1588115799349
			18.8180233796426	-11.1664861408564
			18.8256979405642	-11.1664861408564
			18.8333725014857	-11.174160701778
			18.8410470624073	-11.1818352626995
			18.8487216233288	-11.1895098236211
			18.8563961842504	-11.1971843845426
			18.8640707451719	-11.1971843845426
			18.8717453060935	-11.2048589454642
			18.879419867015	-11.2125335063857
			18.8870944279366	-11.2202080673073
			18.8947689888581	-11.2278826282288
			18.9024435497797	-11.2355571891504
			18.9101181107012	-11.243231750072
			18.9177926716228	-11.2509063109935
			18.9254672325443	-11.2585808719151
			18.9331417934659	-11.2662554328366
			18.9331417934659	-11.2739299937582
			18.9408163543874	-11.2816045546797
			18.948490915309	-11.2892791156013
			18.948490915309	-11.2969536765228
			18.9561654762305	-11.3046282374444
			18.9561654762305	-11.3123027983659
			18.9638400371521	-11.3199773592875
			18.9715145980736	-11.327651920209
			18.9715145980736	-11.3353264811306
			18.9791891589952	-11.3430010420521
			18.9791891589952	-11.3506756029737
		</Outline3>
		<Outline4 type=matrix rownames=FALSE colnames=FALSE nrow=92 ncol=2 as.numeric=TRUE >
			18.9791891589952	-11.3506756029737
			18.9791891589952	-11.3583501638952
			18.9868637199167	-11.3660247248168
			18.9868637199167	-11.3736992857383
			18.9868637199167	-11.3813738466599
			18.9868637199167	-11.3890484075814
			18.9945382808383	-11.396722968503
			18.9945382808383	-11.4043975294245
			18.9945382808383	-11.4120720903461
			18.9945382808383	-11.4197466512676
			19.0022128417598	-11.4274212121892
			19.0022128417598	-11.4350957731107
			19.0022128417598	-11.4427703340323
			19.0022128417598	-11.4504448949538
			19.0022128417598	-11.4581194558754
			19.0098874026814	-11.4657940167969
			19.0098874026814	-11.4734685777185
			19.0098874026814	-11.48114313864
			19.0098874026814	-11.4888176995616
			19.0098874026814	-11.4964922604831
			19.0098874026814	-11.5041668214047
			19.0098874026814	-11.5118413823262
			19.0098874026814	-11.5195159432478
			19.0098874026814	-11.5271905041693
			19.0098874026814	-11.5348650650909
			19.0098874026814	-11.5425396260124
			19.0022128417598	-11.550214186934
			19.0022128417598	-11.5578887478555
			19.0022128417598	-11.5655633087771
			19.0022128417598	-11.5732378696986
			19.0022128417598	-11.5809124306202
			19.0022128417598	-11.5885869915417
			18.9945382808383	-11.5962615524633
			18.9945382808383	-11.6039361133848
			18.9945382808383	-11.6116106743064
			18.9868637199167	-11.6192852352279
			18.9868637199167	-11.6269597961495
			18.9868637199167	-11.634634357071
			18.9791891589952	-11.6423089179926
			18.9791891589952	-11.6499834789141
			18.9715145980736	-11.6576580398357
			18.9715145980736	-11.6653326007572
			18.9638400371521	-11.6730071616788
			18.9638400371521	-11.6806817226003
			18.9561654762305	-11.6883562835219
			18.9561654762305	-11.6960308444434
			18.9561654762305	-11.703705405365
			18.948490915309	-11.7113799662866
			18.948490915309	-11.7190545272081
			18.9408163543874	-11.7267290881297
			18.9331417934659	-11.7344036490512
			18.9254672325443	-11.7420782099728
			18.9177926716228	-11.7497527708943
			18.9101181107012	-11.7574273318159
			18.9101181107012	-11.7651018927374
			18.9024435497797	-11.772776453659
			18.8947689888581	-11.772776453659
			18.8947689888581	-11.7804510145805
			18.8870944279366	-11.7881255755021
			18.879419867015	-11.7958001364236
			18.8717453060935	-11.8034746973452
			18.8640707451719	-11.8111492582667
			18.8563961842504	-11.8188238191883
			18.8487216233288	-11.8188238191883
			18.8410470624073	-11.8264983801098
			18.8333725014857	-11.8264983801098
			18.8256979405642	-11.8341729410314
			18.8180233796426	-11.8418475019529
			18.8103488187211	-11.8418475019529
			18.8026742577995	-11.8495220628745
			18.794999696878	-11.8495220628745
			18.7873251359564	-11.857196623796
			18.7796505750349	-11.857196623796
			18.7719760141133	-11.8648711847176
			18.7643014531918	-11.8648711847176
			18.7566268922702	-11.8725457456391
			18.7489523313487	-11.8725457456391
			18.7412777704271	-11.8802203065607
			18.7336032095055	-11.8802203065607
			18.725928648584	-11.8802203065607
			18.7182540876624	-11.8878948674822
			18.7105795267409	-11.8878948674822
			18.7029049658193	-11.8878948674822
			18.6952304048978	-11.8955694284038
			18.6875558439762	-11.8955694284038
			18.6798812830547	-11.9032439893253
			18.6722067221331	-11.9032439893253
			18.6645321612116	-11.9109185502469
			18.65685760029	-11.9109185502469
			18.6491830393685	-11.9185931111684
			18.6415084784469	-11.92626767209
			18.6338339175254	-11.92626767209
		</Outline4>
	</curves.scaled>
	<ruler.points type=matrix rownames=TRUE colnames=FALSE nrow=2 ncol=2 as.numeric=TRUE >
		Ruler point 1	3016	2600
		Ruler point 2	1713	2596
	</ruler.points>
</shapes>

