<shapes type=list>
	<ruler.pixel type=vector names=FALSE length=1 as.numeric=TRUE >589.102707513724</ruler.pixel>
	<ruler.interval type=vector names=FALSE length=1 as.numeric=TRUE >10</ruler.interval>
	<scaling.units type=vector names=FALSE length=1 as.numeric=FALSE >mm</scaling.units>
	<scaling type=vector names=FALSE length=1 as.numeric=TRUE >0.0169749686641307</scaling>
	<landmarks.pixel type=matrix rownames=TRUE colnames=FALSE nrow=4 ncol=2 as.numeric=TRUE >
		Labial	2550	1722
		Posterior	2448	1661
		Lingual	2520	1571
		Anterior	2623	1627
	</landmarks.pixel>
	<landmarks.scaled type=matrix rownames=TRUE colnames=FALSE nrow=4 ncol=2 as.numeric=TRUE >
		Labial	43.2861700935332	-29.230896039633
		Posterior	41.5547232897919	-28.1954229511211
		Lingual	42.7769210336093	-26.6676757713493
		Anterior	44.5253428060148	-27.6182740165406
	</landmarks.scaled>
	<curves.control type=list>
		<Outline1 type=matrix rownames=FALSE colnames=FALSE nrow=15 ncol=2 as.numeric=TRUE >
			2550	1722
			2543	1727
			2534	1732
			2526	1738
			2517	1743
			2507	1747
			2498	1749
			2489	1749
			2479	1746
			2471	1742
			2464	1737
			2456	1728
			2453	1718
			2451	1706
			2448	1661
		</Outline1>
		<Outline2 type=matrix rownames=FALSE colnames=FALSE nrow=15 ncol=2 as.numeric=TRUE >
			2448	1661
			2446	1647
			2446	1632
			2447	1621
			2449	1609
			2452	1599
			2459	1588
			2465	1580
			2471	1574
			2480	1569
			2489	1567
			2500	1567
			2507	1569
			2513	1570
			2520	1571
		</Outline2>
		<Outline3 type=matrix rownames=FALSE colnames=FALSE nrow=15 ncol=2 as.numeric=TRUE >
			2520	1571
			2531	1572
			2541	1573
			2551	1573
			2561	1572
			2569	1571
			2577	1572
			2587	1574
			2593	1578
			2601	1584
			2606	1592
			2613	1602
			2616	1607
			2621	1616
			2623	1627
		</Outline3>
		<Outline4 type=matrix rownames=FALSE colnames=FALSE nrow=15 ncol=2 as.numeric=TRUE >
			2623	1627
			2626	1640
			2625	1656
			2623	1667
			2618	1679
			2612	1689
			2605	1697
			2598	1703
			2590	1708
			2580	1711
			2573	1711
			2565	1712
			2560	1714
			2555	1718
			2550	1722
		</Outline4>
	</curves.control>
	<curves.pixel type=list>
		<Outline1 type=matrix rownames=FALSE colnames=FALSE nrow=170 ncol=2 as.numeric=TRUE >
			2550	1722
			2549	1722
			2549	1723
			2548	1723
			2548	1724
			2547	1724
			2546	1725
			2545	1726
			2544	1726
			2543	1727
			2542	1727
			2542	1728
			2541	1728
			2540	1728
			2539	1729
			2538	1729
			2538	1730
			2537	1730
			2536	1731
			2535	1731
			2534	1732
			2533	1733
			2532	1734
			2531	1734
			2530	1735
			2529	1736
			2528	1736
			2527	1737
			2526	1738
			2525	1738
			2524	1739
			2523	1739
			2522	1740
			2521	1741
			2520	1741
			2519	1742
			2518	1742
			2517	1743
			2516	1743
			2515	1744
			2514	1744
			2513	1745
			2512	1745
			2511	1745
			2510	1746
			2509	1746
			2508	1746
			2507	1747
			2506	1747
			2505	1747
			2504	1747
			2503	1748
			2502	1748
			2501	1748
			2500	1748
			2499	1749
			2498	1749
			2497	1749
			2496	1749
			2495	1749
			2494	1749
			2493	1749
			2492	1749
			2491	1749
			2490	1748
			2489	1748
			2488	1748
			2487	1748
			2486	1748
			2485	1747
			2484	1747
			2483	1747
			2482	1747
			2481	1746
			2480	1746
			2479	1746
			2478	1745
			2477	1745
			2476	1745
			2475	1744
			2474	1743
			2473	1743
			2472	1742
			2471	1742
			2470	1741
			2469	1741
			2468	1740
			2467	1739
			2466	1738
			2465	1737
			2464	1737
			2463	1736
			2463	1735
			2462	1735
			2461	1734
			2461	1733
			2460	1732
			2459	1731
			2459	1730
			2458	1730
			2458	1729
			2457	1728
			2457	1727
			2456	1726
			2456	1725
			2456	1724
			2455	1724
			2455	1723
			2454	1722
			2454	1721
			2454	1720
			2453	1719
			2453	1718
			2453	1717
			2453	1716
			2453	1715
			2452	1714
			2452	1713
			2452	1712
			2452	1711
			2452	1710
			2452	1709
			2452	1708
			2452	1707
			2452	1706
			2451	1705
			2451	1704
			2451	1703
			2451	1702
			2451	1701
			2451	1700
			2451	1699
			2451	1698
			2451	1697
			2451	1696
			2451	1695
			2450	1694
			2450	1693
			2450	1692
			2450	1691
			2450	1690
			2450	1689
			2450	1688
			2450	1687
			2450	1686
			2450	1685
			2450	1684
			2450	1683
			2449	1682
			2449	1681
			2449	1680
			2449	1679
			2449	1678
			2449	1677
			2449	1676
			2449	1675
			2449	1674
			2449	1673
			2449	1672
			2449	1671
			2449	1670
			2449	1669
			2448	1668
			2448	1667
			2448	1666
			2448	1665
			2448	1664
			2448	1663
			2448	1662
			2448	1661
		</Outline1>
		<Outline2 type=matrix rownames=FALSE colnames=FALSE nrow=140 ncol=2 as.numeric=TRUE >
			2448	1661
			2448	1660
			2448	1659
			2448	1658
			2447	1657
			2447	1656
			2447	1655
			2447	1654
			2447	1653
			2447	1652
			2447	1651
			2447	1650
			2447	1649
			2447	1648
			2446	1647
			2446	1646
			2446	1645
			2446	1644
			2446	1643
			2446	1642
			2446	1641
			2446	1640
			2446	1639
			2446	1638
			2446	1637
			2446	1636
			2446	1635
			2446	1634
			2446	1633
			2446	1632
			2446	1631
			2446	1630
			2446	1629
			2446	1628
			2447	1627
			2447	1626
			2447	1625
			2447	1624
			2447	1623
			2447	1622
			2447	1621
			2447	1620
			2447	1619
			2448	1618
			2448	1617
			2448	1616
			2448	1615
			2448	1614
			2448	1613
			2448	1612
			2449	1611
			2449	1610
			2449	1609
			2449	1608
			2450	1607
			2450	1606
			2450	1605
			2451	1604
			2451	1603
			2451	1602
			2452	1601
			2452	1600
			2453	1600
			2453	1599
			2453	1598
			2454	1597
			2454	1596
			2455	1595
			2455	1594
			2456	1593
			2456	1592
			2457	1591
			2458	1590
			2458	1589
			2459	1588
			2460	1587
			2461	1586
			2461	1585
			2462	1584
			2463	1583
			2463	1582
			2464	1582
			2465	1581
			2465	1580
			2466	1580
			2466	1579
			2467	1578
			2468	1577
			2469	1576
			2470	1575
			2471	1574
			2472	1573
			2473	1573
			2474	1572
			2475	1572
			2476	1571
			2477	1571
			2478	1571
			2479	1570
			2480	1570
			2481	1569
			2482	1569
			2483	1569
			2484	1568
			2485	1568
			2486	1568
			2487	1567
			2488	1567
			2489	1567
			2490	1567
			2491	1567
			2492	1567
			2493	1567
			2494	1567
			2495	1567
			2496	1567
			2497	1567
			2498	1567
			2499	1567
			2500	1568
			2501	1568
			2502	1568
			2503	1568
			2504	1568
			2505	1568
			2506	1569
			2507	1569
			2508	1569
			2509	1569
			2510	1569
			2511	1570
			2512	1570
			2513	1570
			2514	1570
			2515	1570
			2516	1570
			2517	1571
			2518	1571
			2519	1571
			2520	1571
		</Outline2>
		<Outline3 type=matrix rownames=FALSE colnames=FALSE nrow=127 ncol=2 as.numeric=TRUE >
			2520	1571
			2521	1571
			2522	1571
			2523	1571
			2524	1571
			2525	1571
			2525	1572
			2526	1572
			2527	1572
			2528	1572
			2529	1572
			2530	1572
			2531	1572
			2532	1572
			2533	1572
			2534	1572
			2535	1572
			2536	1573
			2537	1573
			2538	1573
			2539	1573
			2540	1573
			2541	1573
			2542	1573
			2543	1573
			2544	1573
			2545	1573
			2546	1573
			2547	1573
			2548	1573
			2549	1573
			2550	1573
			2551	1573
			2552	1573
			2553	1573
			2554	1573
			2555	1573
			2556	1572
			2557	1572
			2558	1572
			2559	1572
			2560	1572
			2561	1572
			2562	1572
			2563	1572
			2564	1572
			2565	1572
			2566	1572
			2567	1572
			2568	1572
			2569	1572
			2570	1572
			2571	1572
			2572	1572
			2573	1572
			2574	1572
			2575	1572
			2576	1572
			2577	1572
			2578	1572
			2579	1572
			2580	1573
			2581	1573
			2582	1573
			2583	1574
			2584	1574
			2585	1574
			2586	1575
			2587	1575
			2588	1575
			2589	1576
			2590	1576
			2591	1577
			2592	1577
			2593	1578
			2594	1579
			2595	1580
			2596	1581
			2597	1582
			2598	1582
			2599	1583
			2600	1584
			2601	1585
			2602	1586
			2603	1587
			2604	1588
			2604	1589
			2605	1590
			2605	1591
			2606	1592
			2607	1593
			2607	1594
			2608	1595
			2609	1596
			2609	1597
			2610	1597
			2610	1598
			2611	1599
			2611	1600
			2612	1601
			2613	1602
			2614	1603
			2614	1604
			2615	1605
			2615	1606
			2616	1607
			2617	1608
			2617	1609
			2618	1610
			2618	1611
			2618	1612
			2619	1612
			2619	1613
			2619	1614
			2620	1615
			2620	1616
			2620	1617
			2621	1618
			2621	1619
			2621	1620
			2622	1621
			2622	1622
			2622	1623
			2622	1624
			2623	1625
			2623	1626
			2623	1627
		</Outline3>
		<Outline4 type=matrix rownames=FALSE colnames=FALSE nrow=130 ncol=2 as.numeric=TRUE >
			2623	1627
			2623	1628
			2623	1629
			2624	1630
			2624	1631
			2624	1632
			2624	1633
			2624	1634
			2624	1635
			2625	1636
			2625	1637
			2625	1638
			2625	1639
			2625	1640
			2625	1641
			2625	1642
			2625	1643
			2625	1644
			2625	1645
			2625	1646
			2625	1647
			2625	1648
			2625	1649
			2625	1650
			2625	1651
			2625	1652
			2625	1653
			2625	1654
			2625	1655
			2625	1656
			2625	1657
			2625	1658
			2624	1659
			2624	1660
			2624	1661
			2624	1662
			2623	1663
			2623	1664
			2623	1665
			2623	1666
			2622	1667
			2622	1668
			2622	1669
			2621	1670
			2621	1671
			2621	1672
			2620	1673
			2620	1674
			2620	1675
			2619	1675
			2619	1676
			2619	1677
			2619	1678
			2618	1678
			2618	1679
			2617	1680
			2617	1681
			2616	1682
			2615	1683
			2615	1684
			2614	1685
			2614	1686
			2613	1687
			2612	1688
			2611	1689
			2610	1690
			2610	1691
			2609	1692
			2609	1693
			2608	1693
			2607	1694
			2607	1695
			2606	1696
			2605	1697
			2604	1698
			2603	1699
			2602	1700
			2601	1700
			2600	1701
			2599	1702
			2598	1703
			2597	1704
			2596	1704
			2595	1705
			2594	1706
			2593	1706
			2592	1707
			2591	1707
			2590	1708
			2589	1708
			2588	1709
			2587	1709
			2586	1709
			2585	1709
			2584	1710
			2583	1710
			2582	1710
			2581	1710
			2580	1710
			2579	1711
			2578	1711
			2577	1711
			2576	1711
			2575	1711
			2574	1711
			2573	1711
			2572	1711
			2571	1711
			2570	1711
			2569	1712
			2568	1712
			2567	1712
			2566	1712
			2565	1713
			2564	1713
			2563	1713
			2562	1713
			2561	1714
			2560	1714
			2559	1715
			2558	1715
			2557	1716
			2557	1717
			2556	1717
			2555	1718
			2554	1719
			2553	1719
			2552	1720
			2551	1721
			2550	1722
		</Outline4>
	</curves.pixel>
	<curves.scaled type=list>
		<Outline1 type=matrix rownames=FALSE colnames=FALSE nrow=170 ncol=2 as.numeric=TRUE >
			43.2861700935332	-29.230896039633
			43.2691951248691	-29.230896039633
			43.2691951248691	-29.2478710082972
			43.252220156205	-29.2478710082972
			43.252220156205	-29.2648459769613
			43.2352451875408	-29.2648459769613
			43.2182702188767	-29.2818209456254
			43.2012952502126	-29.2987959142895
			43.1843202815484	-29.2987959142895
			43.1673453128843	-29.3157708829537
			43.1503703442202	-29.3157708829537
			43.1503703442202	-29.3327458516178
			43.133395375556	-29.3327458516178
			43.1164204068919	-29.3327458516178
			43.0994454382278	-29.3497208202819
			43.0824704695637	-29.3497208202819
			43.0824704695637	-29.3666957889461
			43.0654955008995	-29.3666957889461
			43.0485205322354	-29.3836707576102
			43.0315455635713	-29.3836707576102
			43.0145705949071	-29.4006457262743
			42.997595626243	-29.4176206949385
			42.9806206575789	-29.4345956636026
			42.9636456889147	-29.4345956636026
			42.9466707202506	-29.4515706322667
			42.9296957515865	-29.4685456009309
			42.9127207829223	-29.4685456009309
			42.8957458142582	-29.485520569595
			42.8787708455941	-29.5024955382591
			42.86179587693	-29.5024955382591
			42.8448209082658	-29.5194705069232
			42.8278459396017	-29.5194705069232
			42.8108709709376	-29.5364454755874
			42.7938960022734	-29.5534204442515
			42.7769210336093	-29.5534204442515
			42.7599460649452	-29.5703954129156
			42.742971096281	-29.5703954129156
			42.7259961276169	-29.5873703815798
			42.7090211589528	-29.5873703815798
			42.6920461902887	-29.6043453502439
			42.6750712216245	-29.6043453502439
			42.6580962529604	-29.621320318908
			42.6411212842963	-29.621320318908
			42.6241463156321	-29.621320318908
			42.607171346968	-29.6382952875722
			42.5901963783039	-29.6382952875722
			42.5732214096397	-29.6382952875722
			42.5562464409756	-29.6552702562363
			42.5392714723115	-29.6552702562363
			42.5222965036473	-29.6552702562363
			42.5053215349832	-29.6552702562363
			42.4883465663191	-29.6722452249004
			42.471371597655	-29.6722452249004
			42.4543966289908	-29.6722452249004
			42.4374216603267	-29.6722452249004
			42.4204466916626	-29.6892201935646
			42.4034717229984	-29.6892201935646
			42.3864967543343	-29.6892201935646
			42.3695217856702	-29.6892201935646
			42.352546817006	-29.6892201935646
			42.3355718483419	-29.6892201935646
			42.3185968796778	-29.6892201935646
			42.3016219110136	-29.6892201935646
			42.2846469423495	-29.6892201935646
			42.2676719736854	-29.6722452249004
			42.2506970050213	-29.6722452249004
			42.2337220363571	-29.6722452249004
			42.216747067693	-29.6722452249004
			42.1997720990289	-29.6722452249004
			42.1827971303647	-29.6552702562363
			42.1658221617006	-29.6552702562363
			42.1488471930365	-29.6552702562363
			42.1318722243723	-29.6552702562363
			42.1148972557082	-29.6382952875722
			42.0979222870441	-29.6382952875722
			42.0809473183799	-29.6382952875722
			42.0639723497158	-29.621320318908
			42.0469973810517	-29.621320318908
			42.0300224123876	-29.621320318908
			42.0130474437234	-29.6043453502439
			41.9960724750593	-29.5873703815798
			41.9790975063952	-29.5873703815798
			41.962122537731	-29.5703954129156
			41.9451475690669	-29.5703954129156
			41.9281726004028	-29.5534204442515
			41.9111976317386	-29.5534204442515
			41.8942226630745	-29.5364454755874
			41.8772476944104	-29.5194705069232
			41.8602727257462	-29.5024955382591
			41.8432977570821	-29.485520569595
			41.826322788418	-29.485520569595
			41.8093478197539	-29.4685456009309
			41.8093478197539	-29.4515706322667
			41.7923728510897	-29.4515706322667
			41.7753978824256	-29.4345956636026
			41.7753978824256	-29.4176206949385
			41.7584229137615	-29.4006457262743
			41.7414479450973	-29.3836707576102
			41.7414479450973	-29.3666957889461
			41.7244729764332	-29.3666957889461
			41.7244729764332	-29.3497208202819
			41.7074980077691	-29.3327458516178
			41.7074980077691	-29.3157708829537
			41.6905230391049	-29.2987959142895
			41.6905230391049	-29.2818209456254
			41.6905230391049	-29.2648459769613
			41.6735480704408	-29.2648459769613
			41.6735480704408	-29.2478710082972
			41.6565731017767	-29.230896039633
			41.6565731017767	-29.2139210709689
			41.6565731017767	-29.1969461023048
			41.6395981331125	-29.1799711336406
			41.6395981331125	-29.1629961649765
			41.6395981331125	-29.1460211963124
			41.6395981331125	-29.1290462276482
			41.6395981331125	-29.1120712589841
			41.6226231644484	-29.09509629032
			41.6226231644484	-29.0781213216558
			41.6226231644484	-29.0611463529917
			41.6226231644484	-29.0441713843276
			41.6226231644484	-29.0271964156635
			41.6226231644484	-29.0102214469993
			41.6226231644484	-28.9932464783352
			41.6226231644484	-28.9762715096711
			41.6226231644484	-28.9592965410069
			41.6056481957843	-28.9423215723428
			41.6056481957843	-28.9253466036787
			41.6056481957843	-28.9083716350145
			41.6056481957843	-28.8913966663504
			41.6056481957843	-28.8744216976863
			41.6056481957843	-28.8574467290222
			41.6056481957843	-28.840471760358
			41.6056481957843	-28.8234967916939
			41.6056481957843	-28.8065218230298
			41.6056481957843	-28.7895468543656
			41.6056481957843	-28.7725718857015
			41.5886732271202	-28.7555969170374
			41.5886732271202	-28.7386219483732
			41.5886732271202	-28.7216469797091
			41.5886732271202	-28.704672011045
			41.5886732271202	-28.6876970423808
			41.5886732271202	-28.6707220737167
			41.5886732271202	-28.6537471050526
			41.5886732271202	-28.6367721363885
			41.5886732271202	-28.6197971677243
			41.5886732271202	-28.6028221990602
			41.5886732271202	-28.5858472303961
			41.5886732271202	-28.5688722617319
			41.571698258456	-28.5518972930678
			41.571698258456	-28.5349223244037
			41.571698258456	-28.5179473557395
			41.571698258456	-28.5009723870754
			41.571698258456	-28.4839974184113
			41.571698258456	-28.4670224497471
			41.571698258456	-28.450047481083
			41.571698258456	-28.4330725124189
			41.571698258456	-28.4160975437548
			41.571698258456	-28.3991225750906
			41.571698258456	-28.3821476064265
			41.571698258456	-28.3651726377624
			41.571698258456	-28.3481976690982
			41.571698258456	-28.3312227004341
			41.5547232897919	-28.31424773177
			41.5547232897919	-28.2972727631058
			41.5547232897919	-28.2802977944417
			41.5547232897919	-28.2633228257776
			41.5547232897919	-28.2463478571134
			41.5547232897919	-28.2293728884493
			41.5547232897919	-28.2123979197852
			41.5547232897919	-28.1954229511211
		</Outline1>
		<Outline2 type=matrix rownames=FALSE colnames=FALSE nrow=140 ncol=2 as.numeric=TRUE >
			41.5547232897919	-28.1954229511211
			41.5547232897919	-28.1784479824569
			41.5547232897919	-28.1614730137928
			41.5547232897919	-28.1444980451287
			41.5377483211278	-28.1275230764645
			41.5377483211278	-28.1105481078004
			41.5377483211278	-28.0935731391363
			41.5377483211278	-28.0765981704721
			41.5377483211278	-28.059623201808
			41.5377483211278	-28.0426482331439
			41.5377483211278	-28.0256732644797
			41.5377483211278	-28.0086982958156
			41.5377483211278	-27.9917233271515
			41.5377483211278	-27.9747483584874
			41.5207733524636	-27.9577733898232
			41.5207733524636	-27.9407984211591
			41.5207733524636	-27.923823452495
			41.5207733524636	-27.9068484838308
			41.5207733524636	-27.8898735151667
			41.5207733524636	-27.8728985465026
			41.5207733524636	-27.8559235778384
			41.5207733524636	-27.8389486091743
			41.5207733524636	-27.8219736405102
			41.5207733524636	-27.8049986718461
			41.5207733524636	-27.7880237031819
			41.5207733524636	-27.7710487345178
			41.5207733524636	-27.7540737658537
			41.5207733524636	-27.7370987971895
			41.5207733524636	-27.7201238285254
			41.5207733524636	-27.7031488598613
			41.5207733524636	-27.6861738911971
			41.5207733524636	-27.669198922533
			41.5207733524636	-27.6522239538689
			41.5207733524636	-27.6352489852047
			41.5377483211278	-27.6182740165406
			41.5377483211278	-27.6012990478765
			41.5377483211278	-27.5843240792124
			41.5377483211278	-27.5673491105482
			41.5377483211278	-27.5503741418841
			41.5377483211278	-27.53339917322
			41.5377483211278	-27.5164242045558
			41.5377483211278	-27.4994492358917
			41.5377483211278	-27.4824742672276
			41.5547232897919	-27.4654992985634
			41.5547232897919	-27.4485243298993
			41.5547232897919	-27.4315493612352
			41.5547232897919	-27.414574392571
			41.5547232897919	-27.3975994239069
			41.5547232897919	-27.3806244552428
			41.5547232897919	-27.3636494865787
			41.571698258456	-27.3466745179145
			41.571698258456	-27.3296995492504
			41.571698258456	-27.3127245805863
			41.571698258456	-27.2957496119221
			41.5886732271202	-27.278774643258
			41.5886732271202	-27.2617996745939
			41.5886732271202	-27.2448247059297
			41.6056481957843	-27.2278497372656
			41.6056481957843	-27.2108747686015
			41.6056481957843	-27.1938997999373
			41.6226231644484	-27.1769248312732
			41.6226231644484	-27.1599498626091
			41.6395981331125	-27.1599498626091
			41.6395981331125	-27.142974893945
			41.6395981331125	-27.1259999252808
			41.6565731017767	-27.1090249566167
			41.6565731017767	-27.0920499879526
			41.6735480704408	-27.0750750192884
			41.6735480704408	-27.0581000506243
			41.6905230391049	-27.0411250819602
			41.6905230391049	-27.024150113296
			41.7074980077691	-27.0071751446319
			41.7244729764332	-26.9902001759678
			41.7244729764332	-26.9732252073036
			41.7414479450973	-26.9562502386395
			41.7584229137615	-26.9392752699754
			41.7753978824256	-26.9223003013113
			41.7753978824256	-26.9053253326471
			41.7923728510897	-26.888350363983
			41.8093478197539	-26.8713753953189
			41.8093478197539	-26.8544004266547
			41.826322788418	-26.8544004266547
			41.8432977570821	-26.8374254579906
			41.8432977570821	-26.8204504893265
			41.8602727257462	-26.8204504893265
			41.8602727257462	-26.8034755206623
			41.8772476944104	-26.7865005519982
			41.8942226630745	-26.7695255833341
			41.9111976317386	-26.7525506146699
			41.9281726004028	-26.7355756460058
			41.9451475690669	-26.7186006773417
			41.962122537731	-26.7016257086776
			41.9790975063952	-26.7016257086776
			41.9960724750593	-26.6846507400134
			42.0130474437234	-26.6846507400134
			42.0300224123876	-26.6676757713493
			42.0469973810517	-26.6676757713493
			42.0639723497158	-26.6676757713493
			42.0809473183799	-26.6507008026852
			42.0979222870441	-26.6507008026852
			42.1148972557082	-26.633725834021
			42.1318722243723	-26.633725834021
			42.1488471930365	-26.633725834021
			42.1658221617006	-26.6167508653569
			42.1827971303647	-26.6167508653569
			42.1997720990289	-26.6167508653569
			42.216747067693	-26.5997758966928
			42.2337220363571	-26.5997758966928
			42.2506970050213	-26.5997758966928
			42.2676719736854	-26.5997758966928
			42.2846469423495	-26.5997758966928
			42.3016219110136	-26.5997758966928
			42.3185968796778	-26.5997758966928
			42.3355718483419	-26.5997758966928
			42.352546817006	-26.5997758966928
			42.3695217856702	-26.5997758966928
			42.3864967543343	-26.5997758966928
			42.4034717229984	-26.5997758966928
			42.4204466916626	-26.5997758966928
			42.4374216603267	-26.6167508653569
			42.4543966289908	-26.6167508653569
			42.471371597655	-26.6167508653569
			42.4883465663191	-26.6167508653569
			42.5053215349832	-26.6167508653569
			42.5222965036473	-26.6167508653569
			42.5392714723115	-26.633725834021
			42.5562464409756	-26.633725834021
			42.5732214096397	-26.633725834021
			42.5901963783039	-26.633725834021
			42.607171346968	-26.633725834021
			42.6241463156321	-26.6507008026852
			42.6411212842963	-26.6507008026852
			42.6580962529604	-26.6507008026852
			42.6750712216245	-26.6507008026852
			42.6920461902887	-26.6507008026852
			42.7090211589528	-26.6507008026852
			42.7259961276169	-26.6676757713493
			42.742971096281	-26.6676757713493
			42.7599460649452	-26.6676757713493
			42.7769210336093	-26.6676757713493
		</Outline2>
		<Outline3 type=matrix rownames=FALSE colnames=FALSE nrow=127 ncol=2 as.numeric=TRUE >
			42.7769210336093	-26.6676757713493
			42.7938960022734	-26.6676757713493
			42.8108709709376	-26.6676757713493
			42.8278459396017	-26.6676757713493
			42.8448209082658	-26.6676757713493
			42.86179587693	-26.6676757713493
			42.86179587693	-26.6846507400134
			42.8787708455941	-26.6846507400134
			42.8957458142582	-26.6846507400134
			42.9127207829223	-26.6846507400134
			42.9296957515865	-26.6846507400134
			42.9466707202506	-26.6846507400134
			42.9636456889147	-26.6846507400134
			42.9806206575789	-26.6846507400134
			42.997595626243	-26.6846507400134
			43.0145705949071	-26.6846507400134
			43.0315455635713	-26.6846507400134
			43.0485205322354	-26.7016257086776
			43.0654955008995	-26.7016257086776
			43.0824704695637	-26.7016257086776
			43.0994454382278	-26.7016257086776
			43.1164204068919	-26.7016257086776
			43.133395375556	-26.7016257086776
			43.1503703442202	-26.7016257086776
			43.1673453128843	-26.7016257086776
			43.1843202815484	-26.7016257086776
			43.2012952502126	-26.7016257086776
			43.2182702188767	-26.7016257086776
			43.2352451875408	-26.7016257086776
			43.252220156205	-26.7016257086776
			43.2691951248691	-26.7016257086776
			43.2861700935332	-26.7016257086776
			43.3031450621974	-26.7016257086776
			43.3201200308615	-26.7016257086776
			43.3370949995256	-26.7016257086776
			43.3540699681897	-26.7016257086776
			43.3710449368539	-26.7016257086776
			43.388019905518	-26.6846507400134
			43.4049948741821	-26.6846507400134
			43.4219698428463	-26.6846507400134
			43.4389448115104	-26.6846507400134
			43.4559197801745	-26.6846507400134
			43.4728947488387	-26.6846507400134
			43.4898697175028	-26.6846507400134
			43.5068446861669	-26.6846507400134
			43.5238196548311	-26.6846507400134
			43.5407946234952	-26.6846507400134
			43.5577695921593	-26.6846507400134
			43.5747445608234	-26.6846507400134
			43.5917195294876	-26.6846507400134
			43.6086944981517	-26.6846507400134
			43.6256694668158	-26.6846507400134
			43.64264443548	-26.6846507400134
			43.6596194041441	-26.6846507400134
			43.6765943728082	-26.6846507400134
			43.6935693414724	-26.6846507400134
			43.7105443101365	-26.6846507400134
			43.7275192788006	-26.6846507400134
			43.7444942474648	-26.6846507400134
			43.7614692161289	-26.6846507400134
			43.778444184793	-26.6846507400134
			43.7954191534571	-26.7016257086776
			43.8123941221213	-26.7016257086776
			43.8293690907854	-26.7016257086776
			43.8463440594495	-26.7186006773417
			43.8633190281137	-26.7186006773417
			43.8802939967778	-26.7186006773417
			43.8972689654419	-26.7355756460058
			43.9142439341061	-26.7355756460058
			43.9312189027702	-26.7355756460058
			43.9481938714343	-26.7525506146699
			43.9651688400985	-26.7525506146699
			43.9821438087626	-26.7695255833341
			43.9991187774267	-26.7695255833341
			44.0160937460908	-26.7865005519982
			44.033068714755	-26.8034755206623
			44.0500436834191	-26.8204504893265
			44.0670186520832	-26.8374254579906
			44.0839936207474	-26.8544004266547
			44.1009685894115	-26.8544004266547
			44.1179435580756	-26.8713753953189
			44.1349185267398	-26.888350363983
			44.1518934954039	-26.9053253326471
			44.168868464068	-26.9223003013113
			44.1858434327322	-26.9392752699754
			44.2028184013963	-26.9562502386395
			44.2028184013963	-26.9732252073036
			44.2197933700604	-26.9902001759678
			44.2197933700604	-27.0071751446319
			44.2367683387245	-27.024150113296
			44.2537433073887	-27.0411250819602
			44.2537433073887	-27.0581000506243
			44.2707182760528	-27.0750750192884
			44.2876932447169	-27.0920499879526
			44.2876932447169	-27.1090249566167
			44.3046682133811	-27.1090249566167
			44.3046682133811	-27.1259999252808
			44.3216431820452	-27.142974893945
			44.3216431820452	-27.1599498626091
			44.3386181507093	-27.1769248312732
			44.3555931193735	-27.1938997999373
			44.3725680880376	-27.2108747686015
			44.3725680880376	-27.2278497372656
			44.3895430567017	-27.2448247059297
			44.3895430567017	-27.2617996745939
			44.4065180253659	-27.278774643258
			44.42349299403	-27.2957496119221
			44.42349299403	-27.3127245805863
			44.4404679626941	-27.3296995492504
			44.4404679626941	-27.3466745179145
			44.4404679626941	-27.3636494865787
			44.4574429313582	-27.3636494865787
			44.4574429313582	-27.3806244552428
			44.4574429313582	-27.3975994239069
			44.4744179000224	-27.414574392571
			44.4744179000224	-27.4315493612352
			44.4744179000224	-27.4485243298993
			44.4913928686865	-27.4654992985634
			44.4913928686865	-27.4824742672276
			44.4913928686865	-27.4994492358917
			44.5083678373506	-27.5164242045558
			44.5083678373506	-27.53339917322
			44.5083678373506	-27.5503741418841
			44.5083678373506	-27.5673491105482
			44.5253428060148	-27.5843240792124
			44.5253428060148	-27.6012990478765
			44.5253428060148	-27.6182740165406
		</Outline3>
		<Outline4 type=matrix rownames=FALSE colnames=FALSE nrow=130 ncol=2 as.numeric=TRUE >
			44.5253428060148	-27.6182740165406
			44.5253428060148	-27.6352489852047
			44.5253428060148	-27.6522239538689
			44.5423177746789	-27.669198922533
			44.5423177746789	-27.6861738911971
			44.5423177746789	-27.7031488598613
			44.5423177746789	-27.7201238285254
			44.5423177746789	-27.7370987971895
			44.5423177746789	-27.7540737658537
			44.559292743343	-27.7710487345178
			44.559292743343	-27.7880237031819
			44.559292743343	-27.8049986718461
			44.559292743343	-27.8219736405102
			44.559292743343	-27.8389486091743
			44.559292743343	-27.8559235778384
			44.559292743343	-27.8728985465026
			44.559292743343	-27.8898735151667
			44.559292743343	-27.9068484838308
			44.559292743343	-27.923823452495
			44.559292743343	-27.9407984211591
			44.559292743343	-27.9577733898232
			44.559292743343	-27.9747483584874
			44.559292743343	-27.9917233271515
			44.559292743343	-28.0086982958156
			44.559292743343	-28.0256732644797
			44.559292743343	-28.0426482331439
			44.559292743343	-28.059623201808
			44.559292743343	-28.0765981704721
			44.559292743343	-28.0935731391363
			44.559292743343	-28.1105481078004
			44.559292743343	-28.1275230764645
			44.559292743343	-28.1444980451287
			44.5423177746789	-28.1614730137928
			44.5423177746789	-28.1784479824569
			44.5423177746789	-28.1954229511211
			44.5423177746789	-28.2123979197852
			44.5253428060148	-28.2293728884493
			44.5253428060148	-28.2463478571134
			44.5253428060148	-28.2633228257776
			44.5253428060148	-28.2802977944417
			44.5083678373506	-28.2972727631058
			44.5083678373506	-28.31424773177
			44.5083678373506	-28.3312227004341
			44.4913928686865	-28.3481976690982
			44.4913928686865	-28.3651726377624
			44.4913928686865	-28.3821476064265
			44.4744179000224	-28.3991225750906
			44.4744179000224	-28.4160975437548
			44.4744179000224	-28.4330725124189
			44.4574429313582	-28.4330725124189
			44.4574429313582	-28.450047481083
			44.4574429313582	-28.4670224497471
			44.4574429313582	-28.4839974184113
			44.4404679626941	-28.4839974184113
			44.4404679626941	-28.5009723870754
			44.42349299403	-28.5179473557395
			44.42349299403	-28.5349223244037
			44.4065180253659	-28.5518972930678
			44.3895430567017	-28.5688722617319
			44.3895430567017	-28.5858472303961
			44.3725680880376	-28.6028221990602
			44.3725680880376	-28.6197971677243
			44.3555931193735	-28.6367721363885
			44.3386181507093	-28.6537471050526
			44.3216431820452	-28.6707220737167
			44.3046682133811	-28.6876970423808
			44.3046682133811	-28.704672011045
			44.2876932447169	-28.7216469797091
			44.2876932447169	-28.7386219483732
			44.2707182760528	-28.7386219483732
			44.2537433073887	-28.7555969170374
			44.2537433073887	-28.7725718857015
			44.2367683387245	-28.7895468543656
			44.2197933700604	-28.8065218230298
			44.2028184013963	-28.8234967916939
			44.1858434327322	-28.840471760358
			44.168868464068	-28.8574467290222
			44.1518934954039	-28.8574467290222
			44.1349185267398	-28.8744216976863
			44.1179435580756	-28.8913966663504
			44.1009685894115	-28.9083716350145
			44.0839936207474	-28.9253466036787
			44.0670186520832	-28.9253466036787
			44.0500436834191	-28.9423215723428
			44.033068714755	-28.9592965410069
			44.0160937460908	-28.9592965410069
			43.9991187774267	-28.9762715096711
			43.9821438087626	-28.9762715096711
			43.9651688400985	-28.9932464783352
			43.9481938714343	-28.9932464783352
			43.9312189027702	-29.0102214469993
			43.9142439341061	-29.0102214469993
			43.8972689654419	-29.0102214469993
			43.8802939967778	-29.0102214469993
			43.8633190281137	-29.0271964156635
			43.8463440594495	-29.0271964156635
			43.8293690907854	-29.0271964156635
			43.8123941221213	-29.0271964156635
			43.7954191534571	-29.0271964156635
			43.778444184793	-29.0441713843276
			43.7614692161289	-29.0441713843276
			43.7444942474648	-29.0441713843276
			43.7275192788006	-29.0441713843276
			43.7105443101365	-29.0441713843276
			43.6935693414724	-29.0441713843276
			43.6765943728082	-29.0441713843276
			43.6596194041441	-29.0441713843276
			43.64264443548	-29.0441713843276
			43.6256694668158	-29.0441713843276
			43.6086944981517	-29.0611463529917
			43.5917195294876	-29.0611463529917
			43.5747445608234	-29.0611463529917
			43.5577695921593	-29.0611463529917
			43.5407946234952	-29.0781213216558
			43.5238196548311	-29.0781213216558
			43.5068446861669	-29.0781213216558
			43.4898697175028	-29.0781213216558
			43.4728947488387	-29.09509629032
			43.4559197801745	-29.09509629032
			43.4389448115104	-29.1120712589841
			43.4219698428463	-29.1120712589841
			43.4049948741821	-29.1290462276482
			43.4049948741821	-29.1460211963124
			43.388019905518	-29.1460211963124
			43.3710449368539	-29.1629961649765
			43.3540699681897	-29.1799711336406
			43.3370949995256	-29.1799711336406
			43.3201200308615	-29.1969461023048
			43.3031450621974	-29.2139210709689
			43.2861700935332	-29.230896039633
		</Outline4>
	</curves.scaled>
	<ruler.points type=matrix rownames=TRUE colnames=FALSE nrow=2 ncol=2 as.numeric=TRUE >
		Ruler point 1	2828	2512
		Ruler point 2	2239	2523
	</ruler.points>
</shapes>

