<shapes type=list>
	<ruler.pixel type=vector names=FALSE length=1 as.numeric=TRUE >1066.05675271066</ruler.pixel>
	<ruler.interval type=vector names=FALSE length=1 as.numeric=TRUE >10</ruler.interval>
	<scaling.units type=vector names=FALSE length=1 as.numeric=FALSE >mm</scaling.units>
	<scaling type=vector names=FALSE length=1 as.numeric=TRUE >0.00938036363877721</scaling>
	<landmarks.pixel type=matrix rownames=TRUE colnames=FALSE nrow=4 ncol=2 as.numeric=TRUE >
		Labial	2339	1096
		Posterior	2281	1049
		Lingual	2343	1003
		Anterior	2402	1055
	</landmarks.pixel>
	<landmarks.scaled type=matrix rownames=TRUE colnames=FALSE nrow=4 ncol=2 as.numeric=TRUE >
		Labial	21.9406705510999	-10.2808785480998
		Posterior	21.3966094600508	-9.8400014570773
		Lingual	21.978192005655	-9.40850472969355
		Anterior	22.5316334603429	-9.89628363890996
	</landmarks.scaled>
	<curves.control type=list>
		<Outline1 type=matrix rownames=FALSE colnames=FALSE nrow=13 ncol=2 as.numeric=TRUE >
			2339	1096
			2333	1101
			2327	1106
			2321	1109
			2312	1110
			2305	1109
			2299	1108
			2294	1105
			2289	1101
			2284	1097
			2280	1092
			2277	1087
			2281	1049
		</Outline1>
		<Outline2 type=matrix rownames=FALSE colnames=FALSE nrow=15 ncol=2 as.numeric=TRUE >
			2281	1049
			2284	1040
			2288	1032
			2291	1025
			2295	1018
			2299	1012
			2302	1008
			2306	1005
			2310	1003
			2315	1001
			2320	1000
			2325	1000
			2331	1001
			2337	1002
			2343	1003
		</Outline2>
		<Outline3 type=matrix rownames=FALSE colnames=FALSE nrow=15 ncol=2 as.numeric=TRUE >
			2343	1003
			2349	1004
			2356	1005
			2364	1005
			2372	1006
			2379	1009
			2386	1012
			2392	1016
			2395	1021
			2399	1027
			2401	1034
			2402	1039
			2402	1044
			2401	1051
			2402	1055
		</Outline3>
		<Outline4 type=matrix rownames=FALSE colnames=FALSE nrow=21 ncol=2 as.numeric=TRUE >
			2402	1055
			2402	1060
			2402	1065
			2400	1070
			2396	1072
			2391	1072
			2389	1075
			2389	1080
			2387	1085
			2384	1089
			2381	1092
			2377	1094
			2372	1095
			2367	1094
			2362	1093
			2359	1091
			2355	1091
			2350	1091
			2345	1091
			2342	1093
			2339	1096
		</Outline4>
	</curves.control>
	<curves.pixel type=list>
		<Outline1 type=matrix rownames=FALSE colnames=FALSE nrow=106 ncol=2 as.numeric=TRUE >
			2339	1096
			2338	1097
			2337	1098
			2336	1099
			2335	1100
			2334	1100
			2333	1101
			2332	1102
			2331	1102
			2331	1103
			2330	1104
			2329	1104
			2328	1105
			2327	1106
			2326	1107
			2325	1107
			2324	1107
			2323	1108
			2322	1108
			2321	1108
			2320	1109
			2319	1109
			2318	1109
			2317	1109
			2316	1109
			2315	1110
			2314	1110
			2313	1110
			2312	1110
			2311	1110
			2310	1110
			2309	1110
			2308	1109
			2307	1109
			2306	1109
			2305	1109
			2304	1109
			2303	1109
			2302	1108
			2301	1108
			2300	1108
			2299	1108
			2298	1107
			2297	1107
			2296	1106
			2295	1105
			2294	1105
			2293	1104
			2292	1103
			2291	1103
			2290	1102
			2289	1101
			2288	1100
			2287	1100
			2286	1099
			2285	1098
			2285	1097
			2284	1096
			2283	1095
			2282	1094
			2281	1094
			2280	1093
			2280	1092
			2279	1091
			2279	1090
			2279	1089
			2279	1088
			2279	1087
			2279	1086
			2279	1085
			2279	1084
			2279	1083
			2279	1082
			2279	1081
			2279	1080
			2279	1079
			2279	1078
			2279	1077
			2279	1076
			2279	1075
			2279	1074
			2279	1073
			2279	1072
			2279	1071
			2279	1070
			2279	1069
			2279	1068
			2279	1067
			2279	1066
			2280	1065
			2280	1064
			2280	1063
			2280	1062
			2280	1061
			2280	1060
			2280	1059
			2280	1058
			2280	1057
			2280	1056
			2280	1055
			2280	1054
			2281	1053
			2281	1052
			2281	1051
			2281	1050
			2281	1049
		</Outline1>
		<Outline2 type=matrix rownames=FALSE colnames=FALSE nrow=85 ncol=2 as.numeric=TRUE >
			2281	1049
			2281	1048
			2282	1047
			2282	1046
			2282	1045
			2283	1044
			2283	1043
			2284	1042
			2284	1041
			2284	1040
			2285	1039
			2285	1038
			2286	1037
			2286	1036
			2286	1035
			2287	1034
			2287	1033
			2288	1032
			2289	1031
			2289	1030
			2289	1029
			2290	1028
			2290	1027
			2291	1026
			2291	1025
			2292	1024
			2292	1023
			2293	1022
			2293	1021
			2294	1020
			2294	1019
			2295	1019
			2295	1018
			2296	1017
			2296	1016
			2297	1015
			2298	1014
			2298	1013
			2299	1012
			2300	1011
			2301	1010
			2302	1009
			2302	1008
			2303	1007
			2304	1007
			2305	1006
			2306	1005
			2307	1005
			2308	1004
			2309	1004
			2310	1003
			2311	1003
			2312	1002
			2313	1002
			2314	1002
			2315	1001
			2316	1001
			2317	1001
			2318	1000
			2319	1000
			2320	1000
			2321	1000
			2322	1000
			2323	1000
			2324	1000
			2325	1000
			2326	1000
			2327	1000
			2328	1000
			2328	1001
			2329	1001
			2330	1001
			2331	1001
			2332	1001
			2333	1001
			2334	1001
			2335	1002
			2336	1002
			2337	1002
			2338	1002
			2339	1002
			2340	1003
			2341	1003
			2342	1003
			2343	1003
		</Outline2>
		<Outline3 type=matrix rownames=FALSE colnames=FALSE nrow=91 ncol=2 as.numeric=TRUE >
			2343	1003
			2344	1003
			2345	1003
			2346	1003
			2347	1004
			2348	1004
			2349	1004
			2350	1004
			2351	1004
			2352	1004
			2353	1005
			2354	1005
			2355	1005
			2356	1005
			2357	1005
			2358	1005
			2359	1005
			2360	1005
			2361	1005
			2362	1005
			2363	1005
			2364	1005
			2365	1005
			2366	1005
			2367	1005
			2367	1006
			2368	1006
			2369	1006
			2370	1006
			2371	1006
			2372	1006
			2373	1006
			2373	1007
			2374	1007
			2375	1007
			2376	1008
			2377	1008
			2378	1009
			2379	1009
			2380	1009
			2381	1010
			2382	1010
			2383	1011
			2384	1011
			2385	1012
			2386	1012
			2387	1013
			2388	1014
			2389	1014
			2390	1015
			2391	1016
			2392	1017
			2393	1018
			2394	1019
			2395	1020
			2395	1021
			2396	1022
			2396	1023
			2397	1024
			2397	1025
			2398	1026
			2398	1027
			2399	1028
			2399	1029
			2399	1030
			2400	1030
			2400	1031
			2400	1032
			2401	1033
			2401	1034
			2401	1035
			2401	1036
			2402	1037
			2402	1038
			2402	1039
			2402	1040
			2402	1041
			2402	1042
			2402	1043
			2402	1044
			2402	1045
			2402	1046
			2402	1047
			2402	1048
			2402	1049
			2402	1050
			2402	1051
			2402	1052
			2402	1053
			2402	1054
			2402	1055
		</Outline3>
		<Outline4 type=matrix rownames=FALSE colnames=FALSE nrow=89 ncol=2 as.numeric=TRUE >
			2402	1055
			2402	1056
			2402	1057
			2402	1058
			2402	1059
			2402	1060
			2402	1061
			2402	1062
			2402	1063
			2402	1064
			2402	1065
			2402	1066
			2401	1067
			2400	1068
			2400	1069
			2399	1070
			2398	1071
			2397	1072
			2396	1072
			2395	1072
			2394	1072
			2393	1072
			2392	1073
			2391	1073
			2390	1073
			2390	1074
			2389	1075
			2389	1076
			2389	1077
			2389	1078
			2389	1079
			2389	1080
			2388	1081
			2388	1082
			2388	1083
			2387	1084
			2387	1085
			2386	1086
			2386	1087
			2385	1087
			2385	1088
			2384	1089
			2383	1089
			2383	1090
			2382	1091
			2381	1092
			2380	1092
			2379	1093
			2378	1093
			2377	1094
			2376	1094
			2375	1094
			2374	1095
			2373	1095
			2372	1095
			2371	1095
			2370	1095
			2369	1094
			2368	1094
			2367	1094
			2366	1094
			2365	1094
			2364	1093
			2363	1093
			2362	1093
			2361	1093
			2360	1092
			2359	1092
			2358	1091
			2357	1091
			2356	1091
			2355	1091
			2354	1091
			2353	1091
			2352	1091
			2351	1091
			2350	1091
			2349	1091
			2348	1091
			2347	1091
			2346	1091
			2345	1091
			2344	1091
			2344	1092
			2343	1092
			2342	1093
			2341	1094
			2340	1095
			2339	1096
		</Outline4>
	</curves.pixel>
	<curves.scaled type=list>
		<Outline1 type=matrix rownames=FALSE colnames=FALSE nrow=106 ncol=2 as.numeric=TRUE >
			21.9406705510999	-10.2808785480998
			21.9312901874611	-10.2902589117386
			21.9219098238224	-10.2996392753774
			21.9125294601836	-10.3090196390162
			21.9031490965448	-10.3184000026549
			21.893768732906	-10.3184000026549
			21.8843883692672	-10.3277803662937
			21.8750080056285	-10.3371607299325
			21.8656276419897	-10.3371607299325
			21.8656276419897	-10.3465410935713
			21.8562472783509	-10.35592145721
			21.8468669147121	-10.35592145721
			21.8374865510734	-10.3653018208488
			21.8281061874346	-10.3746821844876
			21.8187258237958	-10.3840625481264
			21.809345460157	-10.3840625481264
			21.7999650965182	-10.3840625481264
			21.7905847328795	-10.3934429117652
			21.7812043692407	-10.3934429117652
			21.7718240056019	-10.3934429117652
			21.7624436419631	-10.4028232754039
			21.7530632783244	-10.4028232754039
			21.7436829146856	-10.4028232754039
			21.7343025510468	-10.4028232754039
			21.724922187408	-10.4028232754039
			21.7155418237693	-10.4122036390427
			21.7061614601305	-10.4122036390427
			21.6967810964917	-10.4122036390427
			21.6874007328529	-10.4122036390427
			21.6780203692141	-10.4122036390427
			21.6686400055754	-10.4122036390427
			21.6592596419366	-10.4122036390427
			21.6498792782978	-10.4028232754039
			21.640498914659	-10.4028232754039
			21.6311185510203	-10.4028232754039
			21.6217381873815	-10.4028232754039
			21.6123578237427	-10.4028232754039
			21.6029774601039	-10.4028232754039
			21.5935970964651	-10.3934429117652
			21.5842167328264	-10.3934429117652
			21.5748363691876	-10.3934429117652
			21.5654560055488	-10.3934429117652
			21.55607564191	-10.3840625481264
			21.5466952782713	-10.3840625481264
			21.5373149146325	-10.3746821844876
			21.5279345509937	-10.3653018208488
			21.5185541873549	-10.3653018208488
			21.5091738237162	-10.35592145721
			21.4997934600774	-10.3465410935713
			21.4904130964386	-10.3465410935713
			21.4810327327998	-10.3371607299325
			21.471652369161	-10.3277803662937
			21.4622720055223	-10.3184000026549
			21.4528916418835	-10.3184000026549
			21.4435112782447	-10.3090196390162
			21.4341309146059	-10.2996392753774
			21.4341309146059	-10.2902589117386
			21.4247505509672	-10.2808785480998
			21.4153701873284	-10.2714981844611
			21.4059898236896	-10.2621178208223
			21.3966094600508	-10.2621178208223
			21.387229096412	-10.2527374571835
			21.387229096412	-10.2433570935447
			21.3778487327733	-10.2339767299059
			21.3778487327733	-10.2245963662672
			21.3778487327733	-10.2152160026284
			21.3778487327733	-10.2058356389896
			21.3778487327733	-10.1964552753508
			21.3778487327733	-10.1870749117121
			21.3778487327733	-10.1776945480733
			21.3778487327733	-10.1683141844345
			21.3778487327733	-10.1589338207957
			21.3778487327733	-10.1495534571569
			21.3778487327733	-10.1401730935182
			21.3778487327733	-10.1307927298794
			21.3778487327733	-10.1214123662406
			21.3778487327733	-10.1120320026018
			21.3778487327733	-10.1026516389631
			21.3778487327733	-10.0932712753243
			21.3778487327733	-10.0838909116855
			21.3778487327733	-10.0745105480467
			21.3778487327733	-10.065130184408
			21.3778487327733	-10.0557498207692
			21.3778487327733	-10.0463694571304
			21.3778487327733	-10.0369890934916
			21.3778487327733	-10.0276087298528
			21.3778487327733	-10.0182283662141
			21.3778487327733	-10.0088480025753
			21.3778487327733	-9.99946763893651
			21.387229096412	-9.99008727529773
			21.387229096412	-9.98070691165896
			21.387229096412	-9.97132654802018
			21.387229096412	-9.9619461843814
			21.387229096412	-9.95256582074262
			21.387229096412	-9.94318545710385
			21.387229096412	-9.93380509346507
			21.387229096412	-9.92442472982629
			21.387229096412	-9.91504436618752
			21.387229096412	-9.90566400254874
			21.387229096412	-9.89628363890996
			21.387229096412	-9.88690327527118
			21.3966094600508	-9.87752291163241
			21.3966094600508	-9.86814254799363
			21.3966094600508	-9.85876218435485
			21.3966094600508	-9.84938182071608
			21.3966094600508	-9.8400014570773
		</Outline1>
		<Outline2 type=matrix rownames=FALSE colnames=FALSE nrow=85 ncol=2 as.numeric=TRUE >
			21.3966094600508	-9.8400014570773
			21.3966094600508	-9.83062109343852
			21.4059898236896	-9.82124072979974
			21.4059898236896	-9.81186036616097
			21.4059898236896	-9.80248000252219
			21.4153701873284	-9.79309963888341
			21.4153701873284	-9.78371927524463
			21.4247505509672	-9.77433891160586
			21.4247505509672	-9.76495854796708
			21.4247505509672	-9.7555781843283
			21.4341309146059	-9.74619782068953
			21.4341309146059	-9.73681745705075
			21.4435112782447	-9.72743709341197
			21.4435112782447	-9.71805672977319
			21.4435112782447	-9.70867636613442
			21.4528916418835	-9.69929600249564
			21.4528916418835	-9.68991563885686
			21.4622720055223	-9.68053527521809
			21.471652369161	-9.67115491157931
			21.471652369161	-9.66177454794053
			21.471652369161	-9.65239418430175
			21.4810327327998	-9.64301382066298
			21.4810327327998	-9.6336334570242
			21.4904130964386	-9.62425309338542
			21.4904130964386	-9.61487272974665
			21.4997934600774	-9.60549236610787
			21.4997934600774	-9.59611200246909
			21.5091738237162	-9.58673163883031
			21.5091738237162	-9.57735127519154
			21.5185541873549	-9.56797091155276
			21.5185541873549	-9.55859054791398
			21.5279345509937	-9.55859054791398
			21.5279345509937	-9.5492101842752
			21.5373149146325	-9.53982982063643
			21.5373149146325	-9.53044945699765
			21.5466952782713	-9.52106909335887
			21.55607564191	-9.5116887297201
			21.55607564191	-9.50230836608132
			21.5654560055488	-9.49292800244254
			21.5748363691876	-9.48354763880376
			21.5842167328264	-9.47416727516499
			21.5935970964651	-9.46478691152621
			21.5935970964651	-9.45540654788743
			21.6029774601039	-9.44602618424866
			21.6123578237427	-9.44602618424866
			21.6217381873815	-9.43664582060988
			21.6311185510203	-9.4272654569711
			21.640498914659	-9.4272654569711
			21.6498792782978	-9.41788509333232
			21.6592596419366	-9.41788509333232
			21.6686400055754	-9.40850472969355
			21.6780203692141	-9.40850472969355
			21.6874007328529	-9.39912436605477
			21.6967810964917	-9.39912436605477
			21.7061614601305	-9.39912436605477
			21.7155418237693	-9.38974400241599
			21.724922187408	-9.38974400241599
			21.7343025510468	-9.38974400241599
			21.7436829146856	-9.38036363877722
			21.7530632783244	-9.38036363877722
			21.7624436419631	-9.38036363877722
			21.7718240056019	-9.38036363877722
			21.7812043692407	-9.38036363877722
			21.7905847328795	-9.38036363877722
			21.7999650965182	-9.38036363877722
			21.809345460157	-9.38036363877722
			21.8187258237958	-9.38036363877722
			21.8281061874346	-9.38036363877722
			21.8374865510734	-9.38036363877722
			21.8374865510734	-9.38974400241599
			21.8468669147121	-9.38974400241599
			21.8562472783509	-9.38974400241599
			21.8656276419897	-9.38974400241599
			21.8750080056285	-9.38974400241599
			21.8843883692672	-9.38974400241599
			21.893768732906	-9.38974400241599
			21.9031490965448	-9.39912436605477
			21.9125294601836	-9.39912436605477
			21.9219098238224	-9.39912436605477
			21.9312901874611	-9.39912436605477
			21.9406705510999	-9.39912436605477
			21.9500509147387	-9.40850472969355
			21.9594312783775	-9.40850472969355
			21.9688116420162	-9.40850472969355
			21.978192005655	-9.40850472969355
		</Outline2>
		<Outline3 type=matrix rownames=FALSE colnames=FALSE nrow=91 ncol=2 as.numeric=TRUE >
			21.978192005655	-9.40850472969355
			21.9875723692938	-9.40850472969355
			21.9969527329326	-9.40850472969355
			22.0063330965713	-9.40850472969355
			22.0157134602101	-9.41788509333232
			22.0250938238489	-9.41788509333232
			22.0344741874877	-9.41788509333232
			22.0438545511265	-9.41788509333232
			22.0532349147652	-9.41788509333232
			22.062615278404	-9.41788509333232
			22.0719956420428	-9.4272654569711
			22.0813760056816	-9.4272654569711
			22.0907563693203	-9.4272654569711
			22.1001367329591	-9.4272654569711
			22.1095170965979	-9.4272654569711
			22.1188974602367	-9.4272654569711
			22.1282778238755	-9.4272654569711
			22.1376581875142	-9.4272654569711
			22.147038551153	-9.4272654569711
			22.1564189147918	-9.4272654569711
			22.1657992784306	-9.4272654569711
			22.1751796420693	-9.4272654569711
			22.1845600057081	-9.4272654569711
			22.1939403693469	-9.4272654569711
			22.2033207329857	-9.4272654569711
			22.2033207329857	-9.43664582060988
			22.2127010966244	-9.43664582060988
			22.2220814602632	-9.43664582060988
			22.231461823902	-9.43664582060988
			22.2408421875408	-9.43664582060988
			22.2502225511796	-9.43664582060988
			22.2596029148183	-9.43664582060988
			22.2596029148183	-9.44602618424866
			22.2689832784571	-9.44602618424866
			22.2783636420959	-9.44602618424866
			22.2877440057347	-9.45540654788743
			22.2971243693734	-9.45540654788743
			22.3065047330122	-9.46478691152621
			22.315885096651	-9.46478691152621
			22.3252654602898	-9.46478691152621
			22.3346458239285	-9.47416727516499
			22.3440261875673	-9.47416727516499
			22.3534065512061	-9.48354763880376
			22.3627869148449	-9.48354763880376
			22.3721672784837	-9.49292800244254
			22.3815476421224	-9.49292800244254
			22.3909280057612	-9.50230836608132
			22.4003083694	-9.5116887297201
			22.4096887330388	-9.5116887297201
			22.4190690966775	-9.52106909335887
			22.4284494603163	-9.53044945699765
			22.4378298239551	-9.53982982063643
			22.4472101875939	-9.5492101842752
			22.4565905512327	-9.55859054791398
			22.4659709148714	-9.56797091155276
			22.4659709148714	-9.57735127519154
			22.4753512785102	-9.58673163883031
			22.4753512785102	-9.59611200246909
			22.484731642149	-9.60549236610787
			22.484731642149	-9.61487272974665
			22.4941120057878	-9.62425309338542
			22.4941120057878	-9.6336334570242
			22.5034923694265	-9.64301382066298
			22.5034923694265	-9.65239418430175
			22.5034923694265	-9.66177454794053
			22.5128727330653	-9.66177454794053
			22.5128727330653	-9.67115491157931
			22.5128727330653	-9.68053527521809
			22.5222530967041	-9.68991563885686
			22.5222530967041	-9.69929600249564
			22.5222530967041	-9.70867636613442
			22.5222530967041	-9.71805672977319
			22.5316334603429	-9.72743709341197
			22.5316334603429	-9.73681745705075
			22.5316334603429	-9.74619782068953
			22.5316334603429	-9.7555781843283
			22.5316334603429	-9.76495854796708
			22.5316334603429	-9.77433891160586
			22.5316334603429	-9.78371927524463
			22.5316334603429	-9.79309963888341
			22.5316334603429	-9.80248000252219
			22.5316334603429	-9.81186036616097
			22.5316334603429	-9.82124072979974
			22.5316334603429	-9.83062109343852
			22.5316334603429	-9.8400014570773
			22.5316334603429	-9.84938182071608
			22.5316334603429	-9.85876218435485
			22.5316334603429	-9.86814254799363
			22.5316334603429	-9.87752291163241
			22.5316334603429	-9.88690327527118
			22.5316334603429	-9.89628363890996
		</Outline3>
		<Outline4 type=matrix rownames=FALSE colnames=FALSE nrow=89 ncol=2 as.numeric=TRUE >
			22.5316334603429	-9.89628363890996
			22.5316334603429	-9.90566400254874
			22.5316334603429	-9.91504436618752
			22.5316334603429	-9.92442472982629
			22.5316334603429	-9.93380509346507
			22.5316334603429	-9.94318545710385
			22.5316334603429	-9.95256582074262
			22.5316334603429	-9.9619461843814
			22.5316334603429	-9.97132654802018
			22.5316334603429	-9.98070691165896
			22.5316334603429	-9.99008727529773
			22.5316334603429	-9.99946763893651
			22.5222530967041	-10.0088480025753
			22.5128727330653	-10.0182283662141
			22.5128727330653	-10.0276087298528
			22.5034923694265	-10.0369890934916
			22.4941120057878	-10.0463694571304
			22.484731642149	-10.0557498207692
			22.4753512785102	-10.0557498207692
			22.4659709148714	-10.0557498207692
			22.4565905512327	-10.0557498207692
			22.4472101875939	-10.0557498207692
			22.4378298239551	-10.065130184408
			22.4284494603163	-10.065130184408
			22.4190690966775	-10.065130184408
			22.4190690966775	-10.0745105480467
			22.4096887330388	-10.0838909116855
			22.4096887330388	-10.0932712753243
			22.4096887330388	-10.1026516389631
			22.4096887330388	-10.1120320026018
			22.4096887330388	-10.1214123662406
			22.4096887330388	-10.1307927298794
			22.4003083694	-10.1401730935182
			22.4003083694	-10.1495534571569
			22.4003083694	-10.1589338207957
			22.3909280057612	-10.1683141844345
			22.3909280057612	-10.1776945480733
			22.3815476421224	-10.1870749117121
			22.3815476421224	-10.1964552753508
			22.3721672784837	-10.1964552753508
			22.3721672784837	-10.2058356389896
			22.3627869148449	-10.2152160026284
			22.3534065512061	-10.2152160026284
			22.3534065512061	-10.2245963662672
			22.3440261875673	-10.2339767299059
			22.3346458239285	-10.2433570935447
			22.3252654602898	-10.2433570935447
			22.315885096651	-10.2527374571835
			22.3065047330122	-10.2527374571835
			22.2971243693734	-10.2621178208223
			22.2877440057347	-10.2621178208223
			22.2783636420959	-10.2621178208223
			22.2689832784571	-10.2714981844611
			22.2596029148183	-10.2714981844611
			22.2502225511796	-10.2714981844611
			22.2408421875408	-10.2714981844611
			22.231461823902	-10.2714981844611
			22.2220814602632	-10.2621178208223
			22.2127010966244	-10.2621178208223
			22.2033207329857	-10.2621178208223
			22.1939403693469	-10.2621178208223
			22.1845600057081	-10.2621178208223
			22.1751796420693	-10.2527374571835
			22.1657992784306	-10.2527374571835
			22.1564189147918	-10.2527374571835
			22.147038551153	-10.2527374571835
			22.1376581875142	-10.2433570935447
			22.1282778238755	-10.2433570935447
			22.1188974602367	-10.2339767299059
			22.1095170965979	-10.2339767299059
			22.1001367329591	-10.2339767299059
			22.0907563693203	-10.2339767299059
			22.0813760056816	-10.2339767299059
			22.0719956420428	-10.2339767299059
			22.062615278404	-10.2339767299059
			22.0532349147652	-10.2339767299059
			22.0438545511265	-10.2339767299059
			22.0344741874877	-10.2339767299059
			22.0250938238489	-10.2339767299059
			22.0157134602101	-10.2339767299059
			22.0063330965713	-10.2339767299059
			21.9969527329326	-10.2339767299059
			21.9875723692938	-10.2339767299059
			21.9875723692938	-10.2433570935447
			21.978192005655	-10.2433570935447
			21.9688116420162	-10.2527374571835
			21.9594312783775	-10.2621178208223
			21.9500509147387	-10.2714981844611
			21.9406705510999	-10.2808785480998
		</Outline4>
	</curves.scaled>
	<ruler.points type=matrix rownames=TRUE colnames=FALSE nrow=2 ncol=2 as.numeric=TRUE >
		Ruler point 1	2212	2222
		Ruler point 2	1146	2211
	</ruler.points>
</shapes>

