<shapes type=list>
	<ruler.pixel type=vector names=FALSE length=1 as.numeric=TRUE >1049.03860748783</ruler.pixel>
	<ruler.interval type=vector names=FALSE length=1 as.numeric=TRUE >10</ruler.interval>
	<scaling.units type=vector names=FALSE length=1 as.numeric=FALSE >mm</scaling.units>
	<scaling type=vector names=FALSE length=1 as.numeric=TRUE >0.00953253762885561</scaling>
	<landmarks.pixel type=matrix rownames=TRUE colnames=FALSE nrow=4 ncol=2 as.numeric=TRUE >
		Labial	2403	2029
		Posterior	2312	1993
		Lingual	2349	1900
		Anterior	2443	1939
	</landmarks.pixel>
	<landmarks.scaled type=matrix rownames=TRUE colnames=FALSE nrow=4 ncol=2 as.numeric=TRUE >
		Labial	22.90668792214	-19.341518848948
		Posterior	22.0392269979142	-18.9983474943092
		Lingual	22.3919308901818	-18.1118214948257
		Anterior	23.2879894272942	-18.483590462351
	</landmarks.scaled>
	<curves.control type=list>
		<Outline1 type=matrix rownames=FALSE colnames=FALSE nrow=19 ncol=2 as.numeric=TRUE >
			2403	2029
			2397	2033
			2390	2037
			2383	2040
			2376	2044
			2369	2046
			2363	2048
			2356	2048
			2349	2047
			2339	2045
			2333	2041
			2328	2036
			2325	2029
			2322	2022
			2319	2016
			2316	2008
			2314	2002
			2313	1997
			2312	1993
		</Outline1>
		<Outline2 type=matrix rownames=FALSE colnames=FALSE nrow=19 ncol=2 as.numeric=TRUE >
			2312	1993
			2311	1985
			2309	1976
			2308	1971
			2307	1965
			2306	1958
			2306	1950
			2307	1943
			2308	1936
			2309	1931
			2313	1926
			2316	1922
			2320	1918
			2323	1914
			2326	1910
			2330	1907
			2335	1904
			2341	1901
			2349	1900
		</Outline2>
		<Outline3 type=matrix rownames=FALSE colnames=FALSE nrow=19 ncol=2 as.numeric=TRUE >
			2349	1900
			2356	1899
			2364	1900
			2371	1901
			2377	1902
			2382	1902
			2389	1903
			2395	1904
			2400	1905
			2406	1906
			2413	1910
			2419	1915
			2424	1919
			2428	1922
			2432	1925
			2436	1928
			2438	1930
			2441	1934
			2443	1939
		</Outline3>
		<Outline4 type=matrix rownames=FALSE colnames=FALSE nrow=19 ncol=2 as.numeric=TRUE >
			2443	1939
			2445	1946
			2446	1951
			2447	1958
			2447	1964
			2447	1970
			2447	1976
			2446	1982
			2443	1988
			2440	1994
			2436	1998
			2432	2001
			2428	2004
			2424	2007
			2420	2009
			2415	2013
			2412	2017
			2409	2024
			2403	2029
		</Outline4>
	</curves.control>
	<curves.pixel type=list>
		<Outline1 type=matrix rownames=FALSE colnames=FALSE nrow=126 ncol=2 as.numeric=TRUE >
			2403	2029
			2402	2030
			2401	2030
			2400	2031
			2399	2032
			2398	2032
			2397	2033
			2396	2034
			2395	2034
			2394	2035
			2393	2035
			2392	2036
			2391	2036
			2391	2037
			2390	2037
			2389	2037
			2388	2038
			2387	2038
			2386	2039
			2385	2039
			2384	2040
			2383	2040
			2382	2041
			2381	2041
			2380	2042
			2379	2042
			2378	2043
			2377	2044
			2376	2044
			2375	2044
			2374	2045
			2373	2045
			2372	2045
			2371	2046
			2370	2046
			2369	2046
			2368	2046
			2367	2047
			2366	2047
			2365	2047
			2364	2048
			2363	2048
			2362	2048
			2361	2048
			2360	2048
			2359	2048
			2358	2048
			2357	2048
			2356	2048
			2355	2048
			2354	2048
			2353	2048
			2352	2047
			2351	2047
			2350	2047
			2349	2047
			2348	2047
			2347	2046
			2346	2046
			2345	2046
			2344	2046
			2343	2046
			2343	2045
			2342	2045
			2341	2045
			2340	2045
			2340	2044
			2339	2044
			2338	2044
			2337	2043
			2336	2043
			2335	2042
			2334	2041
			2333	2041
			2332	2040
			2331	2039
			2330	2038
			2329	2037
			2329	2036
			2328	2035
			2327	2034
			2327	2033
			2326	2032
			2326	2031
			2326	2030
			2325	2030
			2325	2029
			2325	2028
			2324	2028
			2324	2027
			2324	2026
			2323	2025
			2323	2024
			2322	2023
			2322	2022
			2321	2021
			2321	2020
			2321	2019
			2320	2019
			2320	2018
			2320	2017
			2319	2016
			2318	2015
			2318	2014
			2318	2013
			2318	2012
			2317	2012
			2317	2011
			2317	2010
			2316	2009
			2316	2008
			2316	2007
			2315	2006
			2315	2005
			2315	2004
			2314	2003
			2314	2002
			2314	2001
			2314	2000
			2313	1999
			2313	1998
			2313	1997
			2313	1996
			2312	1995
			2312	1994
			2312	1993
		</Outline1>
		<Outline2 type=matrix rownames=FALSE colnames=FALSE nrow=110 ncol=2 as.numeric=TRUE >
			2312	1993
			2312	1992
			2312	1991
			2312	1990
			2312	1989
			2311	1989
			2311	1988
			2311	1987
			2311	1986
			2311	1985
			2311	1984
			2310	1983
			2310	1982
			2310	1981
			2310	1980
			2310	1979
			2309	1978
			2309	1977
			2309	1976
			2309	1975
			2309	1974
			2308	1973
			2308	1972
			2308	1971
			2308	1970
			2308	1969
			2308	1968
			2307	1968
			2307	1967
			2307	1966
			2307	1965
			2307	1964
			2307	1963
			2307	1962
			2307	1961
			2306	1960
			2306	1959
			2306	1958
			2306	1957
			2306	1956
			2306	1955
			2306	1954
			2306	1953
			2306	1952
			2306	1951
			2306	1950
			2306	1949
			2306	1948
			2306	1947
			2307	1946
			2307	1945
			2307	1944
			2307	1943
			2307	1942
			2307	1941
			2307	1940
			2308	1939
			2308	1938
			2308	1937
			2308	1936
			2308	1935
			2309	1934
			2309	1933
			2309	1932
			2310	1931
			2310	1930
			2311	1929
			2312	1928
			2312	1927
			2313	1926
			2314	1925
			2314	1924
			2315	1924
			2316	1923
			2316	1922
			2317	1921
			2318	1920
			2319	1919
			2320	1918
			2321	1917
			2321	1916
			2322	1915
			2323	1914
			2324	1913
			2324	1912
			2325	1911
			2326	1910
			2327	1909
			2328	1908
			2329	1908
			2330	1907
			2331	1906
			2332	1906
			2333	1905
			2334	1905
			2335	1904
			2336	1903
			2337	1903
			2338	1903
			2339	1902
			2340	1902
			2341	1902
			2342	1901
			2343	1901
			2344	1901
			2345	1901
			2346	1900
			2347	1900
			2348	1900
			2349	1900
		</Outline2>
		<Outline3 type=matrix rownames=FALSE colnames=FALSE nrow=103 ncol=2 as.numeric=TRUE >
			2349	1900
			2350	1900
			2351	1900
			2352	1900
			2353	1900
			2354	1900
			2355	1900
			2356	1900
			2357	1900
			2358	1900
			2359	1900
			2360	1900
			2361	1900
			2362	1900
			2363	1900
			2364	1900
			2365	1900
			2366	1900
			2367	1900
			2368	1901
			2369	1901
			2370	1901
			2371	1901
			2372	1901
			2373	1901
			2374	1901
			2375	1902
			2376	1902
			2377	1902
			2378	1902
			2379	1902
			2380	1902
			2381	1902
			2382	1902
			2383	1902
			2384	1902
			2385	1902
			2385	1903
			2386	1903
			2387	1903
			2388	1903
			2389	1903
			2390	1903
			2391	1903
			2392	1903
			2393	1904
			2394	1904
			2395	1904
			2396	1904
			2397	1904
			2398	1905
			2399	1905
			2400	1905
			2401	1905
			2402	1906
			2403	1906
			2404	1906
			2405	1906
			2406	1907
			2407	1907
			2408	1908
			2409	1908
			2410	1908
			2411	1909
			2412	1909
			2413	1910
			2414	1911
			2415	1911
			2415	1912
			2416	1913
			2417	1913
			2418	1914
			2419	1915
			2420	1916
			2421	1916
			2422	1917
			2422	1918
			2423	1918
			2424	1919
			2425	1920
			2426	1921
			2427	1921
			2428	1922
			2429	1923
			2430	1923
			2430	1924
			2431	1924
			2432	1925
			2433	1926
			2434	1927
			2435	1928
			2436	1929
			2437	1929
			2438	1930
			2439	1931
			2440	1932
			2440	1933
			2441	1934
			2441	1935
			2442	1936
			2442	1937
			2443	1938
			2443	1939
		</Outline3>
		<Outline4 type=matrix rownames=FALSE colnames=FALSE nrow=103 ncol=2 as.numeric=TRUE >
			2443	1939
			2443	1940
			2444	1941
			2444	1942
			2444	1943
			2444	1944
			2445	1945
			2445	1946
			2445	1947
			2445	1948
			2446	1949
			2446	1950
			2446	1951
			2446	1952
			2446	1953
			2446	1954
			2447	1955
			2447	1956
			2447	1957
			2447	1958
			2447	1959
			2447	1960
			2447	1961
			2447	1962
			2447	1963
			2447	1964
			2447	1965
			2447	1966
			2447	1967
			2447	1968
			2447	1969
			2447	1970
			2447	1971
			2447	1972
			2447	1973
			2447	1974
			2447	1975
			2447	1976
			2447	1977
			2447	1978
			2446	1979
			2446	1980
			2446	1981
			2445	1982
			2445	1983
			2445	1984
			2444	1985
			2444	1986
			2444	1987
			2443	1987
			2443	1988
			2442	1989
			2442	1990
			2441	1991
			2441	1992
			2440	1992
			2440	1993
			2439	1994
			2439	1995
			2438	1995
			2438	1996
			2437	1997
			2436	1998
			2435	1999
			2434	2000
			2433	2000
			2432	2001
			2431	2002
			2430	2003
			2429	2003
			2428	2004
			2427	2004
			2427	2005
			2426	2006
			2425	2006
			2424	2007
			2423	2007
			2422	2008
			2421	2008
			2421	2009
			2420	2009
			2419	2010
			2418	2011
			2417	2012
			2416	2013
			2415	2014
			2414	2014
			2413	2015
			2413	2016
			2412	2017
			2412	2018
			2411	2019
			2411	2020
			2410	2021
			2409	2022
			2409	2023
			2408	2024
			2407	2025
			2406	2026
			2406	2027
			2405	2028
			2404	2028
			2403	2029
		</Outline4>
	</curves.pixel>
	<curves.scaled type=list>
		<Outline1 type=matrix rownames=FALSE colnames=FALSE nrow=126 ncol=2 as.numeric=TRUE >
			22.90668792214	-19.341518848948
			22.8971553845112	-19.3510513865769
			22.8876228468823	-19.3510513865769
			22.8780903092535	-19.3605839242057
			22.8685577716246	-19.3701164618346
			22.8590252339957	-19.3701164618346
			22.8494926963669	-19.3796489994634
			22.839960158738	-19.3891815370923
			22.8304276211092	-19.3891815370923
			22.8208950834803	-19.3987140747212
			22.8113625458515	-19.3987140747212
			22.8018300082226	-19.40824661235
			22.7922974705938	-19.40824661235
			22.7922974705938	-19.4177791499789
			22.7827649329649	-19.4177791499789
			22.773232395336	-19.4177791499789
			22.7636998577072	-19.4273116876077
			22.7541673200783	-19.4273116876077
			22.7446347824495	-19.4368442252366
			22.7351022448206	-19.4368442252366
			22.7255697071918	-19.4463767628654
			22.7160371695629	-19.4463767628654
			22.7065046319341	-19.4559093004943
			22.6969720943052	-19.4559093004943
			22.6874395566763	-19.4654418381231
			22.6779070190475	-19.4654418381231
			22.6683744814186	-19.474974375752
			22.6588419437898	-19.4845069133809
			22.6493094061609	-19.4845069133809
			22.6397768685321	-19.4845069133809
			22.6302443309032	-19.4940394510097
			22.6207117932744	-19.4940394510097
			22.6111792556455	-19.4940394510097
			22.6016467180166	-19.5035719886386
			22.5921141803878	-19.5035719886386
			22.5825816427589	-19.5035719886386
			22.5730491051301	-19.5035719886386
			22.5635165675012	-19.5131045262674
			22.5539840298724	-19.5131045262674
			22.5444514922435	-19.5131045262674
			22.5349189546146	-19.5226370638963
			22.5253864169858	-19.5226370638963
			22.5158538793569	-19.5226370638963
			22.5063213417281	-19.5226370638963
			22.4967888040992	-19.5226370638963
			22.4872562664704	-19.5226370638963
			22.4777237288415	-19.5226370638963
			22.4681911912127	-19.5226370638963
			22.4586586535838	-19.5226370638963
			22.449126115955	-19.5226370638963
			22.4395935783261	-19.5226370638963
			22.4300610406972	-19.5226370638963
			22.4205285030684	-19.5131045262674
			22.4109959654395	-19.5131045262674
			22.4014634278107	-19.5131045262674
			22.3919308901818	-19.5131045262674
			22.382398352553	-19.5131045262674
			22.3728658149241	-19.5035719886386
			22.3633332772953	-19.5035719886386
			22.3538007396664	-19.5035719886386
			22.3442682020375	-19.5035719886386
			22.3347356644087	-19.5035719886386
			22.3347356644087	-19.4940394510097
			22.3252031267798	-19.4940394510097
			22.315670589151	-19.4940394510097
			22.3061380515221	-19.4940394510097
			22.3061380515221	-19.4845069133809
			22.2966055138933	-19.4845069133809
			22.2870729762644	-19.4845069133809
			22.2775404386356	-19.474974375752
			22.2680079010067	-19.474974375752
			22.2584753633778	-19.4654418381231
			22.248942825749	-19.4559093004943
			22.2394102881201	-19.4559093004943
			22.2298777504913	-19.4463767628654
			22.2203452128624	-19.4368442252366
			22.2108126752336	-19.4273116876077
			22.2012801376047	-19.4177791499789
			22.2012801376047	-19.40824661235
			22.1917475999758	-19.3987140747212
			22.182215062347	-19.3891815370923
			22.182215062347	-19.3796489994634
			22.1726825247181	-19.3701164618346
			22.1726825247181	-19.3605839242057
			22.1726825247181	-19.3510513865769
			22.1631499870893	-19.3510513865769
			22.1631499870893	-19.341518848948
			22.1631499870893	-19.3319863113192
			22.1536174494604	-19.3319863113192
			22.1536174494604	-19.3224537736903
			22.1536174494604	-19.3129212360615
			22.1440849118316	-19.3033886984326
			22.1440849118316	-19.2938561608037
			22.1345523742027	-19.2843236231749
			22.1345523742027	-19.274791085546
			22.1250198365739	-19.2652585479172
			22.1250198365739	-19.2557260102883
			22.1250198365739	-19.2461934726595
			22.115487298945	-19.2461934726595
			22.115487298945	-19.2366609350306
			22.115487298945	-19.2271283974018
			22.1059547613161	-19.2175958597729
			22.0964222236873	-19.208063322144
			22.0964222236873	-19.1985307845152
			22.0964222236873	-19.1889982468863
			22.0964222236873	-19.1794657092575
			22.0868896860584	-19.1794657092575
			22.0868896860584	-19.1699331716286
			22.0868896860584	-19.1604006339998
			22.0773571484296	-19.1508680963709
			22.0773571484296	-19.1413355587421
			22.0773571484296	-19.1318030211132
			22.0678246108007	-19.1222704834843
			22.0678246108007	-19.1127379458555
			22.0678246108007	-19.1032054082266
			22.0582920731719	-19.0936728705978
			22.0582920731719	-19.0841403329689
			22.0582920731719	-19.0746077953401
			22.0582920731719	-19.0650752577112
			22.048759535543	-19.0555427200824
			22.048759535543	-19.0460101824535
			22.048759535543	-19.0364776448246
			22.048759535543	-19.0269451071958
			22.0392269979142	-19.0174125695669
			22.0392269979142	-19.0078800319381
			22.0392269979142	-18.9983474943092
		</Outline1>
		<Outline2 type=matrix rownames=FALSE colnames=FALSE nrow=110 ncol=2 as.numeric=TRUE >
			22.0392269979142	-18.9983474943092
			22.0392269979142	-18.9888149566804
			22.0392269979142	-18.9792824190515
			22.0392269979142	-18.9697498814227
			22.0392269979142	-18.9602173437938
			22.0296944602853	-18.9602173437938
			22.0296944602853	-18.9506848061649
			22.0296944602853	-18.9411522685361
			22.0296944602853	-18.9316197309072
			22.0296944602853	-18.9220871932784
			22.0296944602853	-18.9125546556495
			22.0201619226564	-18.9030221180207
			22.0201619226564	-18.8934895803918
			22.0201619226564	-18.883957042763
			22.0201619226564	-18.8744245051341
			22.0201619226564	-18.8648919675052
			22.0106293850276	-18.8553594298764
			22.0106293850276	-18.8458268922475
			22.0106293850276	-18.8362943546187
			22.0106293850276	-18.8267618169898
			22.0106293850276	-18.817229279361
			22.0010968473987	-18.8076967417321
			22.0010968473987	-18.7981642041033
			22.0010968473987	-18.7886316664744
			22.0010968473987	-18.7790991288455
			22.0010968473987	-18.7695665912167
			22.0010968473987	-18.7600340535878
			21.9915643097699	-18.7600340535878
			21.9915643097699	-18.750501515959
			21.9915643097699	-18.7409689783301
			21.9915643097699	-18.7314364407013
			21.9915643097699	-18.7219039030724
			21.9915643097699	-18.7123713654436
			21.9915643097699	-18.7028388278147
			21.9915643097699	-18.6933062901858
			21.982031772141	-18.683773752557
			21.982031772141	-18.6742412149281
			21.982031772141	-18.6647086772993
			21.982031772141	-18.6551761396704
			21.982031772141	-18.6456436020416
			21.982031772141	-18.6361110644127
			21.982031772141	-18.6265785267839
			21.982031772141	-18.617045989155
			21.982031772141	-18.6075134515261
			21.982031772141	-18.5979809138973
			21.982031772141	-18.5884483762684
			21.982031772141	-18.5789158386396
			21.982031772141	-18.5693833010107
			21.982031772141	-18.5598507633819
			21.9915643097699	-18.550318225753
			21.9915643097699	-18.5407856881242
			21.9915643097699	-18.5312531504953
			21.9915643097699	-18.5217206128664
			21.9915643097699	-18.5121880752376
			21.9915643097699	-18.5026555376087
			21.9915643097699	-18.4931229999799
			22.0010968473987	-18.483590462351
			22.0010968473987	-18.4740579247222
			22.0010968473987	-18.4645253870933
			22.0010968473987	-18.4549928494645
			22.0010968473987	-18.4454603118356
			22.0106293850276	-18.4359277742067
			22.0106293850276	-18.4263952365779
			22.0106293850276	-18.416862698949
			22.0201619226564	-18.4073301613202
			22.0201619226564	-18.3977976236913
			22.0296944602853	-18.3882650860625
			22.0392269979142	-18.3787325484336
			22.0392269979142	-18.3692000108048
			22.048759535543	-18.3596674731759
			22.0582920731719	-18.350134935547
			22.0582920731719	-18.3406023979182
			22.0678246108007	-18.3406023979182
			22.0773571484296	-18.3310698602893
			22.0773571484296	-18.3215373226605
			22.0868896860584	-18.3120047850316
			22.0964222236873	-18.3024722474028
			22.1059547613161	-18.2929397097739
			22.115487298945	-18.2834071721451
			22.1250198365739	-18.2738746345162
			22.1250198365739	-18.2643420968873
			22.1345523742027	-18.2548095592585
			22.1440849118316	-18.2452770216296
			22.1536174494604	-18.2357444840008
			22.1536174494604	-18.2262119463719
			22.1631499870893	-18.2166794087431
			22.1726825247181	-18.2071468711142
			22.182215062347	-18.1976143334854
			22.1917475999758	-18.1880817958565
			22.2012801376047	-18.1880817958565
			22.2108126752336	-18.1785492582276
			22.2203452128624	-18.1690167205988
			22.2298777504913	-18.1690167205988
			22.2394102881201	-18.1594841829699
			22.248942825749	-18.1594841829699
			22.2584753633778	-18.1499516453411
			22.2680079010067	-18.1404191077122
			22.2775404386356	-18.1404191077122
			22.2870729762644	-18.1404191077122
			22.2966055138933	-18.1308865700834
			22.3061380515221	-18.1308865700834
			22.315670589151	-18.1308865700834
			22.3252031267798	-18.1213540324545
			22.3347356644087	-18.1213540324545
			22.3442682020375	-18.1213540324545
			22.3538007396664	-18.1213540324545
			22.3633332772953	-18.1118214948257
			22.3728658149241	-18.1118214948257
			22.382398352553	-18.1118214948257
			22.3919308901818	-18.1118214948257
		</Outline2>
		<Outline3 type=matrix rownames=FALSE colnames=FALSE nrow=103 ncol=2 as.numeric=TRUE >
			22.3919308901818	-18.1118214948257
			22.4014634278107	-18.1118214948257
			22.4109959654395	-18.1118214948257
			22.4205285030684	-18.1118214948257
			22.4300610406972	-18.1118214948257
			22.4395935783261	-18.1118214948257
			22.449126115955	-18.1118214948257
			22.4586586535838	-18.1118214948257
			22.4681911912127	-18.1118214948257
			22.4777237288415	-18.1118214948257
			22.4872562664704	-18.1118214948257
			22.4967888040992	-18.1118214948257
			22.5063213417281	-18.1118214948257
			22.5158538793569	-18.1118214948257
			22.5253864169858	-18.1118214948257
			22.5349189546146	-18.1118214948257
			22.5444514922435	-18.1118214948257
			22.5539840298724	-18.1118214948257
			22.5635165675012	-18.1118214948257
			22.5730491051301	-18.1213540324545
			22.5825816427589	-18.1213540324545
			22.5921141803878	-18.1213540324545
			22.6016467180166	-18.1213540324545
			22.6111792556455	-18.1213540324545
			22.6207117932744	-18.1213540324545
			22.6302443309032	-18.1213540324545
			22.6397768685321	-18.1308865700834
			22.6493094061609	-18.1308865700834
			22.6588419437898	-18.1308865700834
			22.6683744814186	-18.1308865700834
			22.6779070190475	-18.1308865700834
			22.6874395566763	-18.1308865700834
			22.6969720943052	-18.1308865700834
			22.7065046319341	-18.1308865700834
			22.7160371695629	-18.1308865700834
			22.7255697071918	-18.1308865700834
			22.7351022448206	-18.1308865700834
			22.7351022448206	-18.1404191077122
			22.7446347824495	-18.1404191077122
			22.7541673200783	-18.1404191077122
			22.7636998577072	-18.1404191077122
			22.773232395336	-18.1404191077122
			22.7827649329649	-18.1404191077122
			22.7922974705938	-18.1404191077122
			22.8018300082226	-18.1404191077122
			22.8113625458515	-18.1499516453411
			22.8208950834803	-18.1499516453411
			22.8304276211092	-18.1499516453411
			22.839960158738	-18.1499516453411
			22.8494926963669	-18.1499516453411
			22.8590252339957	-18.1594841829699
			22.8685577716246	-18.1594841829699
			22.8780903092535	-18.1594841829699
			22.8876228468823	-18.1594841829699
			22.8971553845112	-18.1690167205988
			22.90668792214	-18.1690167205988
			22.9162204597689	-18.1690167205988
			22.9257529973977	-18.1690167205988
			22.9352855350266	-18.1785492582276
			22.9448180726554	-18.1785492582276
			22.9543506102843	-18.1880817958565
			22.9638831479132	-18.1880817958565
			22.973415685542	-18.1880817958565
			22.9829482231709	-18.1976143334854
			22.9924807607997	-18.1976143334854
			23.0020132984286	-18.2071468711142
			23.0115458360574	-18.2166794087431
			23.0210783736863	-18.2166794087431
			23.0210783736863	-18.2262119463719
			23.0306109113151	-18.2357444840008
			23.040143448944	-18.2357444840008
			23.0496759865729	-18.2452770216296
			23.0592085242017	-18.2548095592585
			23.0687410618306	-18.2643420968873
			23.0782735994594	-18.2643420968873
			23.0878061370883	-18.2738746345162
			23.0878061370883	-18.2834071721451
			23.0973386747171	-18.2834071721451
			23.106871212346	-18.2929397097739
			23.1164037499748	-18.3024722474028
			23.1259362876037	-18.3120047850316
			23.1354688252326	-18.3120047850316
			23.1450013628614	-18.3215373226605
			23.1545339004903	-18.3310698602893
			23.1640664381191	-18.3310698602893
			23.1640664381191	-18.3406023979182
			23.173598975748	-18.3406023979182
			23.1831315133768	-18.350134935547
			23.1926640510057	-18.3596674731759
			23.2021965886345	-18.3692000108048
			23.2117291262634	-18.3787325484336
			23.2212616638923	-18.3882650860625
			23.2307942015211	-18.3882650860625
			23.24032673915	-18.3977976236913
			23.2498592767788	-18.4073301613202
			23.2593918144077	-18.416862698949
			23.2593918144077	-18.4263952365779
			23.2689243520365	-18.4359277742067
			23.2689243520365	-18.4454603118356
			23.2784568896654	-18.4549928494645
			23.2784568896654	-18.4645253870933
			23.2879894272942	-18.4740579247222
			23.2879894272942	-18.483590462351
		</Outline3>
		<Outline4 type=matrix rownames=FALSE colnames=FALSE nrow=103 ncol=2 as.numeric=TRUE >
			23.2879894272942	-18.483590462351
			23.2879894272942	-18.4931229999799
			23.2975219649231	-18.5026555376087
			23.2975219649231	-18.5121880752376
			23.2975219649231	-18.5217206128664
			23.2975219649231	-18.5312531504953
			23.307054502552	-18.5407856881242
			23.307054502552	-18.550318225753
			23.307054502552	-18.5598507633819
			23.307054502552	-18.5693833010107
			23.3165870401808	-18.5789158386396
			23.3165870401808	-18.5884483762684
			23.3165870401808	-18.5979809138973
			23.3165870401808	-18.6075134515261
			23.3165870401808	-18.617045989155
			23.3165870401808	-18.6265785267839
			23.3261195778097	-18.6361110644127
			23.3261195778097	-18.6456436020416
			23.3261195778097	-18.6551761396704
			23.3261195778097	-18.6647086772993
			23.3261195778097	-18.6742412149281
			23.3261195778097	-18.683773752557
			23.3261195778097	-18.6933062901858
			23.3261195778097	-18.7028388278147
			23.3261195778097	-18.7123713654436
			23.3261195778097	-18.7219039030724
			23.3261195778097	-18.7314364407013
			23.3261195778097	-18.7409689783301
			23.3261195778097	-18.750501515959
			23.3261195778097	-18.7600340535878
			23.3261195778097	-18.7695665912167
			23.3261195778097	-18.7790991288455
			23.3261195778097	-18.7886316664744
			23.3261195778097	-18.7981642041033
			23.3261195778097	-18.8076967417321
			23.3261195778097	-18.817229279361
			23.3261195778097	-18.8267618169898
			23.3261195778097	-18.8362943546187
			23.3261195778097	-18.8458268922475
			23.3261195778097	-18.8553594298764
			23.3165870401808	-18.8648919675052
			23.3165870401808	-18.8744245051341
			23.3165870401808	-18.883957042763
			23.307054502552	-18.8934895803918
			23.307054502552	-18.9030221180207
			23.307054502552	-18.9125546556495
			23.2975219649231	-18.9220871932784
			23.2975219649231	-18.9316197309072
			23.2975219649231	-18.9411522685361
			23.2879894272942	-18.9411522685361
			23.2879894272942	-18.9506848061649
			23.2784568896654	-18.9602173437938
			23.2784568896654	-18.9697498814227
			23.2689243520365	-18.9792824190515
			23.2689243520365	-18.9888149566804
			23.2593918144077	-18.9888149566804
			23.2593918144077	-18.9983474943092
			23.2498592767788	-19.0078800319381
			23.2498592767788	-19.0174125695669
			23.24032673915	-19.0174125695669
			23.24032673915	-19.0269451071958
			23.2307942015211	-19.0364776448246
			23.2212616638923	-19.0460101824535
			23.2117291262634	-19.0555427200824
			23.2021965886345	-19.0650752577112
			23.1926640510057	-19.0650752577112
			23.1831315133768	-19.0746077953401
			23.173598975748	-19.0841403329689
			23.1640664381191	-19.0936728705978
			23.1545339004903	-19.0936728705978
			23.1450013628614	-19.1032054082266
			23.1354688252326	-19.1032054082266
			23.1354688252326	-19.1127379458555
			23.1259362876037	-19.1222704834843
			23.1164037499748	-19.1222704834843
			23.106871212346	-19.1318030211132
			23.0973386747171	-19.1318030211132
			23.0878061370883	-19.1413355587421
			23.0782735994594	-19.1413355587421
			23.0782735994594	-19.1508680963709
			23.0687410618306	-19.1508680963709
			23.0592085242017	-19.1604006339998
			23.0496759865729	-19.1699331716286
			23.040143448944	-19.1794657092575
			23.0306109113151	-19.1889982468863
			23.0210783736863	-19.1985307845152
			23.0115458360574	-19.1985307845152
			23.0020132984286	-19.208063322144
			23.0020132984286	-19.2175958597729
			22.9924807607997	-19.2271283974018
			22.9924807607997	-19.2366609350306
			22.9829482231709	-19.2461934726595
			22.9829482231709	-19.2557260102883
			22.973415685542	-19.2652585479172
			22.9638831479132	-19.274791085546
			22.9638831479132	-19.2843236231749
			22.9543506102843	-19.2938561608037
			22.9448180726554	-19.3033886984326
			22.9352855350266	-19.3129212360615
			22.9352855350266	-19.3224537736903
			22.9257529973977	-19.3319863113192
			22.9162204597689	-19.3319863113192
			22.90668792214	-19.341518848948
		</Outline4>
	</curves.scaled>
	<ruler.points type=matrix rownames=TRUE colnames=FALSE nrow=2 ncol=2 as.numeric=TRUE >
		Ruler point 1	3195	386
		Ruler point 2	2146	377
	</ruler.points>
</shapes>

