<shapes type=list>
	<ruler.pixel type=vector names=FALSE length=1 as.numeric=TRUE >903.027131375354</ruler.pixel>
	<ruler.interval type=vector names=FALSE length=1 as.numeric=TRUE >10</ruler.interval>
	<scaling.units type=vector names=FALSE length=1 as.numeric=FALSE >mm</scaling.units>
	<scaling type=vector names=FALSE length=1 as.numeric=TRUE >0.0110738643973737</scaling>
	<landmarks.pixel type=matrix rownames=TRUE colnames=FALSE nrow=4 ncol=2 as.numeric=TRUE >
		Labial	2225	1434
		Posterior	2155	1353
		Lingual	2233	1280
		Anterior	2298	1360
	</landmarks.pixel>
	<landmarks.scaled type=matrix rownames=TRUE colnames=FALSE nrow=4 ncol=2 as.numeric=TRUE >
		Labial	24.6393482841564	-15.8799215458338
		Posterior	23.8641777763403	-14.9829385296466
		Lingual	24.7279391993354	-14.1745464286383
		Anterior	25.4477403851647	-15.0604555804282
	</landmarks.scaled>
	<curves.control type=list>
		<Outline1 type=matrix rownames=FALSE colnames=FALSE nrow=19 ncol=2 as.numeric=TRUE >
			2225	1434
			2218	1437
			2212	1440
			2207	1442
			2200	1441
			2194	1438
			2188	1432
			2182	1426
			2176	1421
			2171	1416
			2166	1411
			2161	1406
			2157	1400
			2155	1394
			2155	1384
			2155	1376
			2155	1369
			2155	1363
			2155	1353
		</Outline1>
		<Outline2 type=matrix rownames=FALSE colnames=FALSE nrow=13 ncol=2 as.numeric=TRUE >
			2155	1353
			2156	1340
			2159	1327
			2163	1315
			2166	1307
			2172	1297
			2181	1292
			2190	1287
			2198	1285
			2207	1284
			2215	1283
			2223	1282
			2233	1280
		</Outline2>
		<Outline3 type=matrix rownames=FALSE colnames=FALSE nrow=19 ncol=2 as.numeric=TRUE >
			2233	1280
			2245	1278
			2254	1278
			2265	1278
			2274	1279
			2281	1281
			2286	1285
			2291	1290
			2293	1297
			2294	1304
			2295	1312
			2296	1319
			2297	1324
			2300	1330
			2301	1336
			2302	1342
			2301	1351
			2300	1356
			2298	1360
		</Outline3>
		<Outline4 type=matrix rownames=FALSE colnames=FALSE nrow=19 ncol=2 as.numeric=TRUE >
			2298	1360
			2296	1367
			2292	1378
			2289	1387
			2287	1393
			2285	1403
			2283	1411
			2280	1420
			2276	1426
			2271	1432
			2264	1435
			2257	1438
			2251	1439
			2244	1439
			2238	1437
			2234	1434
			2231	1431
			2228	1432
			2225	1434
		</Outline4>
	</curves.control>
	<curves.pixel type=list>
		<Outline1 type=matrix rownames=FALSE colnames=FALSE nrow=123 ncol=2 as.numeric=TRUE >
			2225	1434
			2224	1434
			2223	1435
			2222	1435
			2221	1436
			2220	1436
			2219	1436
			2219	1437
			2218	1437
			2217	1438
			2216	1438
			2215	1438
			2214	1439
			2213	1439
			2213	1440
			2212	1440
			2211	1440
			2210	1441
			2209	1441
			2208	1441
			2207	1441
			2206	1441
			2205	1441
			2204	1441
			2203	1441
			2202	1441
			2201	1441
			2200	1441
			2199	1440
			2198	1440
			2197	1439
			2196	1439
			2195	1438
			2194	1437
			2193	1437
			2192	1436
			2191	1435
			2190	1434
			2189	1433
			2188	1432
			2187	1431
			2186	1430
			2185	1429
			2184	1428
			2183	1428
			2182	1427
			2181	1426
			2180	1425
			2179	1424
			2179	1423
			2178	1422
			2177	1421
			2176	1421
			2175	1420
			2174	1419
			2173	1418
			2172	1417
			2171	1416
			2170	1415
			2169	1414
			2168	1413
			2167	1412
			2166	1411
			2165	1410
			2164	1409
			2163	1408
			2162	1407
			2161	1406
			2160	1405
			2160	1404
			2159	1403
			2158	1402
			2158	1401
			2157	1401
			2157	1400
			2157	1399
			2157	1398
			2156	1398
			2156	1397
			2156	1396
			2156	1395
			2156	1394
			2156	1393
			2155	1392
			2155	1391
			2155	1390
			2155	1389
			2155	1388
			2155	1387
			2155	1386
			2155	1385
			2155	1384
			2155	1383
			2155	1382
			2155	1381
			2155	1380
			2155	1379
			2155	1378
			2155	1377
			2155	1376
			2155	1375
			2155	1374
			2155	1373
			2155	1372
			2155	1371
			2155	1370
			2155	1369
			2155	1368
			2155	1367
			2155	1366
			2155	1365
			2155	1364
			2155	1363
			2155	1362
			2155	1361
			2155	1360
			2155	1359
			2155	1358
			2155	1357
			2155	1356
			2155	1355
			2155	1354
			2155	1353
		</Outline1>
		<Outline2 type=matrix rownames=FALSE colnames=FALSE nrow=120 ncol=2 as.numeric=TRUE >
			2155	1353
			2155	1352
			2155	1351
			2155	1350
			2155	1349
			2155	1348
			2156	1347
			2156	1346
			2156	1345
			2156	1344
			2156	1343
			2156	1342
			2156	1341
			2157	1340
			2157	1339
			2157	1338
			2157	1337
			2157	1336
			2157	1335
			2158	1334
			2158	1333
			2158	1332
			2158	1331
			2158	1330
			2159	1329
			2159	1328
			2159	1327
			2159	1326
			2160	1325
			2160	1324
			2160	1323
			2161	1322
			2161	1321
			2161	1320
			2162	1319
			2162	1318
			2162	1317
			2163	1316
			2163	1315
			2164	1314
			2164	1313
			2164	1312
			2165	1311
			2165	1310
			2165	1309
			2166	1308
			2166	1307
			2166	1306
			2167	1305
			2168	1304
			2168	1303
			2169	1302
			2170	1301
			2171	1301
			2171	1300
			2172	1299
			2173	1298
			2174	1297
			2175	1297
			2175	1296
			2176	1295
			2177	1295
			2178	1294
			2179	1293
			2180	1293
			2181	1292
			2182	1292
			2183	1291
			2184	1291
			2184	1290
			2185	1290
			2186	1289
			2187	1289
			2188	1288
			2189	1288
			2190	1288
			2191	1287
			2192	1287
			2193	1287
			2193	1286
			2194	1286
			2195	1286
			2196	1286
			2197	1285
			2198	1285
			2199	1285
			2200	1285
			2201	1285
			2202	1285
			2203	1284
			2204	1284
			2205	1284
			2206	1284
			2207	1284
			2208	1284
			2209	1284
			2210	1284
			2211	1283
			2212	1283
			2213	1283
			2214	1283
			2215	1283
			2216	1283
			2217	1283
			2218	1283
			2219	1282
			2220	1282
			2221	1282
			2222	1282
			2223	1282
			2224	1282
			2225	1281
			2226	1281
			2227	1281
			2228	1281
			2229	1281
			2230	1281
			2231	1280
			2232	1280
			2233	1280
		</Outline2>
		<Outline3 type=matrix rownames=FALSE colnames=FALSE nrow=133 ncol=2 as.numeric=TRUE >
			2233	1280
			2234	1280
			2235	1280
			2236	1280
			2237	1279
			2238	1279
			2239	1279
			2240	1279
			2241	1279
			2242	1279
			2243	1279
			2244	1278
			2245	1278
			2246	1278
			2247	1278
			2248	1278
			2249	1278
			2250	1278
			2251	1278
			2252	1278
			2253	1278
			2254	1278
			2255	1278
			2256	1278
			2257	1278
			2258	1278
			2259	1278
			2260	1278
			2261	1278
			2262	1278
			2263	1278
			2264	1278
			2265	1278
			2266	1278
			2267	1278
			2268	1278
			2269	1279
			2270	1279
			2271	1279
			2272	1279
			2273	1279
			2274	1279
			2275	1279
			2276	1280
			2277	1280
			2278	1280
			2279	1281
			2280	1281
			2281	1282
			2282	1282
			2282	1283
			2283	1283
			2284	1283
			2285	1284
			2285	1285
			2286	1285
			2287	1286
			2287	1287
			2288	1287
			2289	1288
			2289	1289
			2290	1290
			2290	1291
			2291	1291
			2291	1292
			2292	1293
			2292	1294
			2292	1295
			2293	1296
			2293	1297
			2293	1298
			2293	1299
			2293	1300
			2294	1301
			2294	1302
			2294	1303
			2294	1304
			2294	1305
			2294	1306
			2294	1307
			2295	1308
			2295	1309
			2295	1310
			2295	1311
			2295	1312
			2295	1313
			2295	1314
			2295	1315
			2296	1316
			2296	1317
			2296	1318
			2296	1319
			2296	1320
			2296	1321
			2297	1322
			2297	1323
			2297	1324
			2297	1325
			2298	1326
			2298	1327
			2299	1328
			2299	1329
			2299	1330
			2300	1331
			2300	1332
			2300	1333
			2301	1334
			2301	1335
			2301	1336
			2301	1337
			2301	1338
			2301	1339
			2301	1340
			2301	1341
			2301	1342
			2301	1343
			2301	1344
			2301	1345
			2301	1346
			2301	1347
			2301	1348
			2301	1349
			2301	1350
			2301	1351
			2301	1352
			2301	1353
			2300	1354
			2300	1355
			2300	1356
			2299	1357
			2299	1358
			2298	1359
			2298	1360
		</Outline3>
		<Outline4 type=matrix rownames=FALSE colnames=FALSE nrow=121 ncol=2 as.numeric=TRUE >
			2298	1360
			2298	1361
			2297	1362
			2297	1363
			2297	1364
			2296	1365
			2296	1366
			2296	1367
			2296	1368
			2295	1368
			2295	1369
			2295	1370
			2295	1371
			2294	1372
			2294	1373
			2293	1374
			2293	1375
			2293	1376
			2292	1377
			2292	1378
			2292	1379
			2291	1380
			2291	1381
			2291	1382
			2290	1383
			2290	1384
			2290	1385
			2289	1386
			2289	1387
			2289	1388
			2288	1389
			2288	1390
			2288	1391
			2287	1392
			2287	1393
			2287	1394
			2287	1395
			2286	1396
			2286	1397
			2286	1398
			2286	1399
			2285	1400
			2285	1401
			2285	1402
			2285	1403
			2285	1404
			2284	1405
			2284	1406
			2284	1407
			2284	1408
			2284	1409
			2283	1409
			2283	1410
			2283	1411
			2283	1412
			2282	1413
			2282	1414
			2282	1415
			2281	1416
			2281	1417
			2280	1418
			2280	1419
			2279	1420
			2279	1421
			2278	1422
			2278	1423
			2277	1424
			2277	1425
			2276	1426
			2275	1427
			2274	1428
			2274	1429
			2273	1429
			2272	1430
			2271	1431
			2270	1432
			2269	1432
			2268	1433
			2267	1433
			2266	1434
			2265	1434
			2264	1435
			2263	1435
			2262	1436
			2261	1436
			2260	1437
			2259	1437
			2258	1437
			2257	1438
			2256	1438
			2255	1438
			2254	1438
			2253	1439
			2252	1439
			2251	1439
			2250	1439
			2249	1439
			2248	1439
			2247	1439
			2246	1439
			2245	1439
			2244	1438
			2243	1438
			2242	1438
			2241	1438
			2240	1438
			2239	1437
			2238	1437
			2237	1436
			2236	1435
			2235	1434
			2234	1434
			2233	1433
			2232	1432
			2231	1431
			2230	1431
			2229	1432
			2228	1432
			2227	1433
			2226	1433
			2225	1434
		</Outline4>
	</curves.pixel>
	<curves.scaled type=list>
		<Outline1 type=matrix rownames=FALSE colnames=FALSE nrow=123 ncol=2 as.numeric=TRUE >
			24.6393482841564	-15.8799215458338
			24.628274419759	-15.8799215458338
			24.6172005553617	-15.8909954102312
			24.6061266909643	-15.8909954102312
			24.5950528265669	-15.9020692746286
			24.5839789621695	-15.9020692746286
			24.5729050977722	-15.9020692746286
			24.5729050977722	-15.913143139026
			24.5618312333748	-15.913143139026
			24.5507573689774	-15.9242170034233
			24.53968350458	-15.9242170034233
			24.5286096401827	-15.9242170034233
			24.5175357757853	-15.9352908678207
			24.5064619113879	-15.9352908678207
			24.5064619113879	-15.9463647322181
			24.4953880469905	-15.9463647322181
			24.4843141825932	-15.9463647322181
			24.4732403181958	-15.9574385966155
			24.4621664537984	-15.9574385966155
			24.4510925894011	-15.9574385966155
			24.4400187250037	-15.9574385966155
			24.4289448606063	-15.9574385966155
			24.4178709962089	-15.9574385966155
			24.4067971318116	-15.9574385966155
			24.3957232674142	-15.9574385966155
			24.3846494030168	-15.9574385966155
			24.3735755386194	-15.9574385966155
			24.3625016742221	-15.9574385966155
			24.3514278098247	-15.9463647322181
			24.3403539454273	-15.9463647322181
			24.3292800810299	-15.9352908678207
			24.3182062166326	-15.9352908678207
			24.3071323522352	-15.9242170034233
			24.2960584878378	-15.913143139026
			24.2849846234405	-15.913143139026
			24.2739107590431	-15.9020692746286
			24.2628368946457	-15.8909954102312
			24.2517630302483	-15.8799215458338
			24.240689165851	-15.8688476814365
			24.2296153014536	-15.8577738170391
			24.2185414370562	-15.8466999526417
			24.2074675726588	-15.8356260882443
			24.1963937082615	-15.824552223847
			24.1853198438641	-15.8134783594496
			24.1742459794667	-15.8134783594496
			24.1631721150693	-15.8024044950522
			24.152098250672	-15.7913306306548
			24.1410243862746	-15.7802567662575
			24.1299505218772	-15.7691829018601
			24.1299505218772	-15.7581090374627
			24.1188766574798	-15.7470351730654
			24.1078027930825	-15.735961308668
			24.0967289286851	-15.735961308668
			24.0856550642877	-15.7248874442706
			24.0745811998903	-15.7138135798732
			24.063507335493	-15.7027397154759
			24.0524334710956	-15.6916658510785
			24.0413596066982	-15.6805919866811
			24.0302857423009	-15.6695181222837
			24.0192118779035	-15.6584442578864
			24.0081380135061	-15.647370393489
			23.9970641491087	-15.6362965290916
			23.9859902847114	-15.6252226646942
			23.974916420314	-15.6141488002969
			23.9638425559166	-15.6030749358995
			23.9527686915192	-15.5920010715021
			23.9416948271219	-15.5809272071047
			23.9306209627245	-15.5698533427074
			23.9195470983271	-15.55877947831
			23.9195470983271	-15.5477056139126
			23.9084732339297	-15.5366317495153
			23.8973993695324	-15.5255578851179
			23.8973993695324	-15.5144840207205
			23.886325505135	-15.5144840207205
			23.886325505135	-15.5034101563231
			23.886325505135	-15.4923362919258
			23.886325505135	-15.4812624275284
			23.8752516407376	-15.4812624275284
			23.8752516407376	-15.470188563131
			23.8752516407376	-15.4591146987336
			23.8752516407376	-15.4480408343363
			23.8752516407376	-15.4369669699389
			23.8752516407376	-15.4258931055415
			23.8641777763403	-15.4148192411441
			23.8641777763403	-15.4037453767468
			23.8641777763403	-15.3926715123494
			23.8641777763403	-15.381597647952
			23.8641777763403	-15.3705237835546
			23.8641777763403	-15.3594499191573
			23.8641777763403	-15.3483760547599
			23.8641777763403	-15.3373021903625
			23.8641777763403	-15.3262283259652
			23.8641777763403	-15.3151544615678
			23.8641777763403	-15.3040805971704
			23.8641777763403	-15.293006732773
			23.8641777763403	-15.2819328683757
			23.8641777763403	-15.2708590039783
			23.8641777763403	-15.2597851395809
			23.8641777763403	-15.2487112751835
			23.8641777763403	-15.2376374107862
			23.8641777763403	-15.2265635463888
			23.8641777763403	-15.2154896819914
			23.8641777763403	-15.204415817594
			23.8641777763403	-15.1933419531967
			23.8641777763403	-15.1822680887993
			23.8641777763403	-15.1711942244019
			23.8641777763403	-15.1601203600045
			23.8641777763403	-15.1490464956072
			23.8641777763403	-15.1379726312098
			23.8641777763403	-15.1268987668124
			23.8641777763403	-15.1158249024151
			23.8641777763403	-15.1047510380177
			23.8641777763403	-15.0936771736203
			23.8641777763403	-15.0826033092229
			23.8641777763403	-15.0715294448256
			23.8641777763403	-15.0604555804282
			23.8641777763403	-15.0493817160308
			23.8641777763403	-15.0383078516334
			23.8641777763403	-15.0272339872361
			23.8641777763403	-15.0161601228387
			23.8641777763403	-15.0050862584413
			23.8641777763403	-14.9940123940439
			23.8641777763403	-14.9829385296466
		</Outline1>
		<Outline2 type=matrix rownames=FALSE colnames=FALSE nrow=120 ncol=2 as.numeric=TRUE >
			23.8641777763403	-14.9829385296466
			23.8641777763403	-14.9718646652492
			23.8641777763403	-14.9607908008518
			23.8641777763403	-14.9497169364544
			23.8641777763403	-14.9386430720571
			23.8641777763403	-14.9275692076597
			23.8752516407376	-14.9164953432623
			23.8752516407376	-14.905421478865
			23.8752516407376	-14.8943476144676
			23.8752516407376	-14.8832737500702
			23.8752516407376	-14.8721998856728
			23.8752516407376	-14.8611260212755
			23.8752516407376	-14.8500521568781
			23.886325505135	-14.8389782924807
			23.886325505135	-14.8279044280833
			23.886325505135	-14.816830563686
			23.886325505135	-14.8057566992886
			23.886325505135	-14.7946828348912
			23.886325505135	-14.7836089704938
			23.8973993695324	-14.7725351060965
			23.8973993695324	-14.7614612416991
			23.8973993695324	-14.7503873773017
			23.8973993695324	-14.7393135129043
			23.8973993695324	-14.728239648507
			23.9084732339297	-14.7171657841096
			23.9084732339297	-14.7060919197122
			23.9084732339297	-14.6950180553149
			23.9084732339297	-14.6839441909175
			23.9195470983271	-14.6728703265201
			23.9195470983271	-14.6617964621227
			23.9195470983271	-14.6507225977254
			23.9306209627245	-14.639648733328
			23.9306209627245	-14.6285748689306
			23.9306209627245	-14.6175010045332
			23.9416948271219	-14.6064271401359
			23.9416948271219	-14.5953532757385
			23.9416948271219	-14.5842794113411
			23.9527686915192	-14.5732055469437
			23.9527686915192	-14.5621316825464
			23.9638425559166	-14.551057818149
			23.9638425559166	-14.5399839537516
			23.9638425559166	-14.5289100893542
			23.974916420314	-14.5178362249569
			23.974916420314	-14.5067623605595
			23.974916420314	-14.4956884961621
			23.9859902847114	-14.4846146317648
			23.9859902847114	-14.4735407673674
			23.9859902847114	-14.46246690297
			23.9970641491087	-14.4513930385726
			24.0081380135061	-14.4403191741753
			24.0081380135061	-14.4292453097779
			24.0192118779035	-14.4181714453805
			24.0302857423009	-14.4070975809831
			24.0413596066982	-14.4070975809831
			24.0413596066982	-14.3960237165858
			24.0524334710956	-14.3849498521884
			24.063507335493	-14.373875987791
			24.0745811998903	-14.3628021233936
			24.0856550642877	-14.3628021233936
			24.0856550642877	-14.3517282589963
			24.0967289286851	-14.3406543945989
			24.1078027930825	-14.3406543945989
			24.1188766574798	-14.3295805302015
			24.1299505218772	-14.3185066658042
			24.1410243862746	-14.3185066658042
			24.152098250672	-14.3074328014068
			24.1631721150693	-14.3074328014068
			24.1742459794667	-14.2963589370094
			24.1853198438641	-14.2963589370094
			24.1853198438641	-14.285285072612
			24.1963937082615	-14.285285072612
			24.2074675726588	-14.2742112082147
			24.2185414370562	-14.2742112082147
			24.2296153014536	-14.2631373438173
			24.240689165851	-14.2631373438173
			24.2517630302483	-14.2631373438173
			24.2628368946457	-14.2520634794199
			24.2739107590431	-14.2520634794199
			24.2849846234405	-14.2520634794199
			24.2849846234405	-14.2409896150225
			24.2960584878378	-14.2409896150225
			24.3071323522352	-14.2409896150225
			24.3182062166326	-14.2409896150225
			24.3292800810299	-14.2299157506252
			24.3403539454273	-14.2299157506252
			24.3514278098247	-14.2299157506252
			24.3625016742221	-14.2299157506252
			24.3735755386194	-14.2299157506252
			24.3846494030168	-14.2299157506252
			24.3957232674142	-14.2188418862278
			24.4067971318116	-14.2188418862278
			24.4178709962089	-14.2188418862278
			24.4289448606063	-14.2188418862278
			24.4400187250037	-14.2188418862278
			24.4510925894011	-14.2188418862278
			24.4621664537984	-14.2188418862278
			24.4732403181958	-14.2188418862278
			24.4843141825932	-14.2077680218304
			24.4953880469905	-14.2077680218304
			24.5064619113879	-14.2077680218304
			24.5175357757853	-14.2077680218304
			24.5286096401827	-14.2077680218304
			24.53968350458	-14.2077680218304
			24.5507573689774	-14.2077680218304
			24.5618312333748	-14.2077680218304
			24.5729050977722	-14.196694157433
			24.5839789621695	-14.196694157433
			24.5950528265669	-14.196694157433
			24.6061266909643	-14.196694157433
			24.6172005553617	-14.196694157433
			24.628274419759	-14.196694157433
			24.6393482841564	-14.1856202930357
			24.6504221485538	-14.1856202930357
			24.6614960129512	-14.1856202930357
			24.6725698773485	-14.1856202930357
			24.6836437417459	-14.1856202930357
			24.6947176061433	-14.1856202930357
			24.7057914705406	-14.1745464286383
			24.716865334938	-14.1745464286383
			24.7279391993354	-14.1745464286383
		</Outline2>
		<Outline3 type=matrix rownames=FALSE colnames=FALSE nrow=133 ncol=2 as.numeric=TRUE >
			24.7279391993354	-14.1745464286383
			24.7390130637328	-14.1745464286383
			24.7500869281301	-14.1745464286383
			24.7611607925275	-14.1745464286383
			24.7722346569249	-14.1634725642409
			24.7833085213223	-14.1634725642409
			24.7943823857196	-14.1634725642409
			24.805456250117	-14.1634725642409
			24.8165301145144	-14.1634725642409
			24.8276039789118	-14.1634725642409
			24.8386778433091	-14.1634725642409
			24.8497517077065	-14.1523986998435
			24.8608255721039	-14.1523986998435
			24.8718994365013	-14.1523986998435
			24.8829733008986	-14.1523986998435
			24.894047165296	-14.1523986998435
			24.9051210296934	-14.1523986998435
			24.9161948940907	-14.1523986998435
			24.9272687584881	-14.1523986998435
			24.9383426228855	-14.1523986998435
			24.9494164872829	-14.1523986998435
			24.9604903516802	-14.1523986998435
			24.9715642160776	-14.1523986998435
			24.982638080475	-14.1523986998435
			24.9937119448724	-14.1523986998435
			25.0047858092697	-14.1523986998435
			25.0158596736671	-14.1523986998435
			25.0269335380645	-14.1523986998435
			25.0380074024619	-14.1523986998435
			25.0490812668592	-14.1523986998435
			25.0601551312566	-14.1523986998435
			25.071228995654	-14.1523986998435
			25.0823028600514	-14.1523986998435
			25.0933767244487	-14.1523986998435
			25.1044505888461	-14.1523986998435
			25.1155244532435	-14.1523986998435
			25.1265983176408	-14.1634725642409
			25.1376721820382	-14.1634725642409
			25.1487460464356	-14.1634725642409
			25.159819910833	-14.1634725642409
			25.1708937752303	-14.1634725642409
			25.1819676396277	-14.1634725642409
			25.1930415040251	-14.1634725642409
			25.2041153684225	-14.1745464286383
			25.2151892328198	-14.1745464286383
			25.2262630972172	-14.1745464286383
			25.2373369616146	-14.1856202930357
			25.248410826012	-14.1856202930357
			25.2594846904093	-14.196694157433
			25.2705585548067	-14.196694157433
			25.2705585548067	-14.2077680218304
			25.2816324192041	-14.2077680218304
			25.2927062836015	-14.2077680218304
			25.3037801479988	-14.2188418862278
			25.3037801479988	-14.2299157506252
			25.3148540123962	-14.2299157506252
			25.3259278767936	-14.2409896150225
			25.3259278767936	-14.2520634794199
			25.3370017411909	-14.2520634794199
			25.3480756055883	-14.2631373438173
			25.3480756055883	-14.2742112082147
			25.3591494699857	-14.285285072612
			25.3591494699857	-14.2963589370094
			25.3702233343831	-14.2963589370094
			25.3702233343831	-14.3074328014068
			25.3812971987804	-14.3185066658042
			25.3812971987804	-14.3295805302015
			25.3812971987804	-14.3406543945989
			25.3923710631778	-14.3517282589963
			25.3923710631778	-14.3628021233936
			25.3923710631778	-14.373875987791
			25.3923710631778	-14.3849498521884
			25.3923710631778	-14.3960237165858
			25.4034449275752	-14.4070975809831
			25.4034449275752	-14.4181714453805
			25.4034449275752	-14.4292453097779
			25.4034449275752	-14.4403191741753
			25.4034449275752	-14.4513930385726
			25.4034449275752	-14.46246690297
			25.4034449275752	-14.4735407673674
			25.4145187919726	-14.4846146317648
			25.4145187919726	-14.4956884961621
			25.4145187919726	-14.5067623605595
			25.4145187919726	-14.5178362249569
			25.4145187919726	-14.5289100893542
			25.4145187919726	-14.5399839537516
			25.4145187919726	-14.551057818149
			25.4145187919726	-14.5621316825464
			25.4255926563699	-14.5732055469437
			25.4255926563699	-14.5842794113411
			25.4255926563699	-14.5953532757385
			25.4255926563699	-14.6064271401359
			25.4255926563699	-14.6175010045332
			25.4255926563699	-14.6285748689306
			25.4366665207673	-14.639648733328
			25.4366665207673	-14.6507225977254
			25.4366665207673	-14.6617964621227
			25.4366665207673	-14.6728703265201
			25.4477403851647	-14.6839441909175
			25.4477403851647	-14.6950180553149
			25.4588142495621	-14.7060919197122
			25.4588142495621	-14.7171657841096
			25.4588142495621	-14.728239648507
			25.4698881139594	-14.7393135129043
			25.4698881139594	-14.7503873773017
			25.4698881139594	-14.7614612416991
			25.4809619783568	-14.7725351060965
			25.4809619783568	-14.7836089704938
			25.4809619783568	-14.7946828348912
			25.4809619783568	-14.8057566992886
			25.4809619783568	-14.816830563686
			25.4809619783568	-14.8279044280833
			25.4809619783568	-14.8389782924807
			25.4809619783568	-14.8500521568781
			25.4809619783568	-14.8611260212755
			25.4809619783568	-14.8721998856728
			25.4809619783568	-14.8832737500702
			25.4809619783568	-14.8943476144676
			25.4809619783568	-14.905421478865
			25.4809619783568	-14.9164953432623
			25.4809619783568	-14.9275692076597
			25.4809619783568	-14.9386430720571
			25.4809619783568	-14.9497169364544
			25.4809619783568	-14.9607908008518
			25.4809619783568	-14.9718646652492
			25.4809619783568	-14.9829385296466
			25.4698881139594	-14.9940123940439
			25.4698881139594	-15.0050862584413
			25.4698881139594	-15.0161601228387
			25.4588142495621	-15.0272339872361
			25.4588142495621	-15.0383078516334
			25.4477403851647	-15.0493817160308
			25.4477403851647	-15.0604555804282
		</Outline3>
		<Outline4 type=matrix rownames=FALSE colnames=FALSE nrow=121 ncol=2 as.numeric=TRUE >
			25.4477403851647	-15.0604555804282
			25.4477403851647	-15.0715294448256
			25.4366665207673	-15.0826033092229
			25.4366665207673	-15.0936771736203
			25.4366665207673	-15.1047510380177
			25.4255926563699	-15.1158249024151
			25.4255926563699	-15.1268987668124
			25.4255926563699	-15.1379726312098
			25.4255926563699	-15.1490464956072
			25.4145187919726	-15.1490464956072
			25.4145187919726	-15.1601203600045
			25.4145187919726	-15.1711942244019
			25.4145187919726	-15.1822680887993
			25.4034449275752	-15.1933419531967
			25.4034449275752	-15.204415817594
			25.3923710631778	-15.2154896819914
			25.3923710631778	-15.2265635463888
			25.3923710631778	-15.2376374107862
			25.3812971987804	-15.2487112751835
			25.3812971987804	-15.2597851395809
			25.3812971987804	-15.2708590039783
			25.3702233343831	-15.2819328683757
			25.3702233343831	-15.293006732773
			25.3702233343831	-15.3040805971704
			25.3591494699857	-15.3151544615678
			25.3591494699857	-15.3262283259652
			25.3591494699857	-15.3373021903625
			25.3480756055883	-15.3483760547599
			25.3480756055883	-15.3594499191573
			25.3480756055883	-15.3705237835546
			25.3370017411909	-15.381597647952
			25.3370017411909	-15.3926715123494
			25.3370017411909	-15.4037453767468
			25.3259278767936	-15.4148192411441
			25.3259278767936	-15.4258931055415
			25.3259278767936	-15.4369669699389
			25.3259278767936	-15.4480408343363
			25.3148540123962	-15.4591146987336
			25.3148540123962	-15.470188563131
			25.3148540123962	-15.4812624275284
			25.3148540123962	-15.4923362919258
			25.3037801479988	-15.5034101563231
			25.3037801479988	-15.5144840207205
			25.3037801479988	-15.5255578851179
			25.3037801479988	-15.5366317495153
			25.3037801479988	-15.5477056139126
			25.2927062836015	-15.55877947831
			25.2927062836015	-15.5698533427074
			25.2927062836015	-15.5809272071047
			25.2927062836015	-15.5920010715021
			25.2927062836015	-15.6030749358995
			25.2816324192041	-15.6030749358995
			25.2816324192041	-15.6141488002969
			25.2816324192041	-15.6252226646942
			25.2816324192041	-15.6362965290916
			25.2705585548067	-15.647370393489
			25.2705585548067	-15.6584442578864
			25.2705585548067	-15.6695181222837
			25.2594846904093	-15.6805919866811
			25.2594846904093	-15.6916658510785
			25.248410826012	-15.7027397154759
			25.248410826012	-15.7138135798732
			25.2373369616146	-15.7248874442706
			25.2373369616146	-15.735961308668
			25.2262630972172	-15.7470351730654
			25.2262630972172	-15.7581090374627
			25.2151892328198	-15.7691829018601
			25.2151892328198	-15.7802567662575
			25.2041153684225	-15.7913306306548
			25.1930415040251	-15.8024044950522
			25.1819676396277	-15.8134783594496
			25.1819676396277	-15.824552223847
			25.1708937752303	-15.824552223847
			25.159819910833	-15.8356260882443
			25.1487460464356	-15.8466999526417
			25.1376721820382	-15.8577738170391
			25.1265983176408	-15.8577738170391
			25.1155244532435	-15.8688476814365
			25.1044505888461	-15.8688476814365
			25.0933767244487	-15.8799215458338
			25.0823028600514	-15.8799215458338
			25.071228995654	-15.8909954102312
			25.0601551312566	-15.8909954102312
			25.0490812668592	-15.9020692746286
			25.0380074024619	-15.9020692746286
			25.0269335380645	-15.913143139026
			25.0158596736671	-15.913143139026
			25.0047858092697	-15.913143139026
			24.9937119448724	-15.9242170034233
			24.982638080475	-15.9242170034233
			24.9715642160776	-15.9242170034233
			24.9604903516802	-15.9242170034233
			24.9494164872829	-15.9352908678207
			24.9383426228855	-15.9352908678207
			24.9272687584881	-15.9352908678207
			24.9161948940907	-15.9352908678207
			24.9051210296934	-15.9352908678207
			24.894047165296	-15.9352908678207
			24.8829733008986	-15.9352908678207
			24.8718994365013	-15.9352908678207
			24.8608255721039	-15.9352908678207
			24.8497517077065	-15.9242170034233
			24.8386778433091	-15.9242170034233
			24.8276039789118	-15.9242170034233
			24.8165301145144	-15.9242170034233
			24.805456250117	-15.9242170034233
			24.7943823857196	-15.913143139026
			24.7833085213223	-15.913143139026
			24.7722346569249	-15.9020692746286
			24.7611607925275	-15.8909954102312
			24.7500869281301	-15.8799215458338
			24.7390130637328	-15.8799215458338
			24.7279391993354	-15.8688476814365
			24.716865334938	-15.8577738170391
			24.7057914705406	-15.8466999526417
			24.6947176061433	-15.8466999526417
			24.6836437417459	-15.8577738170391
			24.6725698773485	-15.8577738170391
			24.6614960129512	-15.8688476814365
			24.6504221485538	-15.8688476814365
			24.6393482841564	-15.8799215458338
		</Outline4>
	</curves.scaled>
	<ruler.points type=matrix rownames=TRUE colnames=FALSE nrow=2 ncol=2 as.numeric=TRUE >
		Ruler point 1	2143	2424
		Ruler point 2	1240	2417
	</ruler.points>
</shapes>

