<shapes type=list>
	<ruler.pixel type=vector names=FALSE length=1 as.numeric=TRUE >712.011235866401</ruler.pixel>
	<ruler.interval type=vector names=FALSE length=1 as.numeric=TRUE >10</ruler.interval>
	<scaling.units type=vector names=FALSE length=1 as.numeric=FALSE >mm</scaling.units>
	<scaling type=vector names=FALSE length=1 as.numeric=TRUE >0.0140447221845195</scaling>
	<landmarks.pixel type=matrix rownames=TRUE colnames=FALSE nrow=4 ncol=2 as.numeric=TRUE >
		Labial	2466	1557
		Posterior	2372	1524
		Lingual	2417	1432
		Anterior	2516	1468
	</landmarks.pixel>
	<landmarks.scaled type=matrix rownames=TRUE colnames=FALSE nrow=4 ncol=2 as.numeric=TRUE >
		Labial	34.6342849070251	-21.8676324412969
		Posterior	33.3140810216803	-21.4041566092077
		Lingual	33.9460935199837	-20.1120421682319
		Anterior	35.3365210162511	-20.6176521668746
	</landmarks.scaled>
	<curves.control type=list>
		<Outline1 type=matrix rownames=FALSE colnames=FALSE nrow=23 ncol=2 as.numeric=TRUE >
			2466	1557
			2461	1561
			2457	1566
			2453	1572
			2448	1578
			2443	1583
			2437	1587
			2431	1590
			2426	1592
			2418	1593
			2412	1592
			2406	1591
			2400	1588
			2395	1585
			2390	1580
			2386	1575
			2382	1570
			2379	1564
			2376	1557
			2374	1550
			2373	1542
			2372	1532
			2372	1524
		</Outline1>
		<Outline2 type=matrix rownames=FALSE colnames=FALSE nrow=15 ncol=2 as.numeric=TRUE >
			2372	1524
			2371	1512
			2370	1502
			2368	1491
			2367	1481
			2367	1472
			2368	1464
			2369	1457
			2373	1451
			2378	1447
			2385	1444
			2393	1440
			2400	1438
			2407	1435
			2417	1432
		</Outline2>
		<Outline3 type=matrix rownames=FALSE colnames=FALSE nrow=15 ncol=2 as.numeric=TRUE >
			2417	1432
			2425	1430
			2434	1429
			2443	1429
			2450	1429
			2457	1429
			2465	1431
			2472	1434
			2478	1438
			2486	1443
			2492	1449
			2499	1453
			2505	1458
			2511	1462
			2516	1468
		</Outline3>
		<Outline4 type=matrix rownames=FALSE colnames=FALSE nrow=17 ncol=2 as.numeric=TRUE >
			2516	1468
			2520	1474
			2522	1481
			2523	1489
			2522	1496
			2521	1504
			2520	1511
			2517	1519
			2513	1527
			2508	1533
			2503	1538
			2498	1543
			2492	1547
			2486	1550
			2480	1552
			2474	1553
			2466	1557
		</Outline4>
	</curves.control>
	<curves.pixel type=list>
		<Outline1 type=matrix rownames=FALSE colnames=FALSE nrow=140 ncol=2 as.numeric=TRUE >
			2466	1557
			2465	1558
			2464	1559
			2463	1560
			2462	1561
			2461	1562
			2460	1562
			2459	1563
			2459	1564
			2458	1565
			2457	1566
			2457	1567
			2456	1568
			2455	1569
			2455	1570
			2454	1571
			2453	1572
			2452	1573
			2451	1574
			2451	1575
			2450	1576
			2449	1577
			2448	1578
			2447	1579
			2446	1580
			2445	1581
			2444	1582
			2443	1583
			2442	1583
			2441	1584
			2440	1585
			2439	1586
			2438	1586
			2437	1587
			2436	1587
			2435	1588
			2434	1588
			2433	1589
			2432	1590
			2431	1590
			2430	1590
			2429	1591
			2428	1591
			2427	1592
			2426	1592
			2425	1592
			2424	1592
			2423	1592
			2422	1592
			2421	1592
			2420	1592
			2419	1592
			2418	1592
			2417	1592
			2416	1592
			2415	1592
			2414	1592
			2413	1592
			2412	1592
			2411	1592
			2410	1592
			2409	1591
			2408	1591
			2407	1591
			2406	1591
			2405	1590
			2404	1590
			2403	1589
			2402	1589
			2401	1589
			2401	1588
			2400	1588
			2399	1588
			2399	1587
			2398	1587
			2397	1586
			2396	1585
			2395	1584
			2394	1584
			2393	1583
			2392	1582
			2391	1581
			2390	1580
			2389	1579
			2388	1578
			2387	1577
			2387	1576
			2386	1575
			2385	1574
			2385	1573
			2384	1573
			2383	1572
			2383	1571
			2382	1570
			2382	1569
			2381	1568
			2381	1567
			2380	1566
			2380	1565
			2379	1564
			2379	1563
			2378	1562
			2378	1561
			2377	1560
			2377	1559
			2376	1558
			2376	1557
			2376	1556
			2375	1555
			2375	1554
			2375	1553
			2375	1552
			2375	1551
			2374	1550
			2374	1549
			2374	1548
			2374	1547
			2374	1546
			2373	1545
			2373	1544
			2373	1543
			2373	1542
			2373	1541
			2373	1540
			2373	1539
			2373	1538
			2373	1537
			2372	1536
			2372	1535
			2372	1534
			2372	1533
			2372	1532
			2372	1531
			2372	1530
			2372	1529
			2372	1528
			2372	1527
			2372	1526
			2372	1525
			2372	1524
		</Outline1>
		<Outline2 type=matrix rownames=FALSE colnames=FALSE nrow=120 ncol=2 as.numeric=TRUE >
			2372	1524
			2372	1523
			2372	1522
			2372	1521
			2372	1520
			2372	1519
			2371	1518
			2371	1517
			2371	1516
			2371	1515
			2371	1514
			2371	1513
			2371	1512
			2371	1511
			2371	1510
			2371	1509
			2371	1508
			2370	1507
			2370	1506
			2370	1505
			2370	1504
			2370	1503
			2370	1502
			2370	1501
			2370	1500
			2369	1499
			2369	1498
			2369	1497
			2369	1496
			2369	1495
			2369	1494
			2369	1493
			2368	1492
			2368	1491
			2368	1490
			2368	1489
			2368	1488
			2368	1487
			2367	1486
			2367	1485
			2367	1484
			2367	1483
			2367	1482
			2367	1481
			2367	1480
			2367	1479
			2367	1478
			2367	1477
			2367	1476
			2367	1475
			2367	1474
			2367	1473
			2367	1472
			2367	1471
			2367	1470
			2367	1469
			2368	1468
			2368	1467
			2368	1466
			2368	1465
			2368	1464
			2368	1463
			2368	1462
			2369	1461
			2369	1460
			2369	1459
			2369	1458
			2370	1458
			2370	1457
			2370	1456
			2371	1455
			2371	1454
			2372	1453
			2372	1452
			2373	1451
			2374	1450
			2375	1450
			2375	1449
			2376	1449
			2377	1448
			2378	1448
			2379	1447
			2380	1446
			2381	1446
			2382	1445
			2383	1445
			2384	1444
			2385	1444
			2386	1443
			2387	1443
			2388	1443
			2389	1442
			2390	1442
			2391	1441
			2392	1441
			2393	1440
			2394	1440
			2395	1440
			2396	1439
			2397	1439
			2398	1439
			2399	1438
			2400	1438
			2401	1438
			2402	1437
			2403	1437
			2404	1436
			2405	1436
			2406	1436
			2407	1435
			2408	1435
			2409	1434
			2410	1434
			2411	1434
			2412	1433
			2413	1433
			2414	1433
			2415	1433
			2416	1432
			2417	1432
		</Outline2>
		<Outline3 type=matrix rownames=FALSE colnames=FALSE nrow=106 ncol=2 as.numeric=TRUE >
			2417	1432
			2418	1432
			2419	1432
			2420	1431
			2421	1431
			2422	1431
			2423	1431
			2424	1430
			2425	1430
			2426	1430
			2427	1430
			2428	1430
			2429	1430
			2430	1430
			2430	1429
			2431	1429
			2432	1429
			2433	1429
			2434	1429
			2435	1429
			2436	1429
			2437	1429
			2438	1429
			2439	1429
			2440	1429
			2441	1429
			2442	1429
			2443	1429
			2444	1429
			2445	1429
			2446	1429
			2447	1429
			2448	1429
			2449	1429
			2450	1429
			2451	1429
			2452	1429
			2453	1429
			2454	1429
			2455	1429
			2456	1429
			2457	1429
			2458	1430
			2459	1430
			2460	1430
			2461	1430
			2462	1430
			2463	1430
			2464	1431
			2465	1431
			2466	1431
			2466	1432
			2467	1432
			2468	1432
			2469	1433
			2470	1433
			2471	1434
			2472	1434
			2472	1435
			2473	1435
			2474	1436
			2475	1436
			2476	1437
			2477	1437
			2477	1438
			2478	1438
			2479	1439
			2480	1439
			2481	1440
			2482	1441
			2483	1441
			2484	1442
			2485	1443
			2486	1444
			2487	1444
			2488	1445
			2489	1446
			2489	1447
			2490	1447
			2491	1448
			2492	1449
			2493	1449
			2494	1450
			2495	1451
			2496	1452
			2497	1452
			2498	1453
			2499	1454
			2500	1454
			2501	1455
			2502	1456
			2503	1457
			2504	1457
			2505	1458
			2506	1459
			2507	1460
			2508	1460
			2509	1461
			2510	1462
			2511	1462
			2512	1463
			2512	1464
			2513	1465
			2514	1466
			2515	1467
			2516	1468
		</Outline3>
		<Outline4 type=matrix rownames=FALSE colnames=FALSE nrow=113 ncol=2 as.numeric=TRUE >
			2516	1468
			2517	1469
			2517	1470
			2518	1470
			2518	1471
			2518	1472
			2519	1473
			2519	1474
			2520	1475
			2520	1476
			2520	1477
			2521	1477
			2521	1478
			2521	1479
			2522	1480
			2522	1481
			2522	1482
			2522	1483
			2522	1484
			2522	1485
			2522	1486
			2522	1487
			2522	1488
			2522	1489
			2522	1490
			2522	1491
			2522	1492
			2522	1493
			2522	1494
			2522	1495
			2522	1496
			2522	1497
			2522	1498
			2522	1499
			2521	1500
			2521	1501
			2521	1502
			2521	1503
			2521	1504
			2521	1505
			2521	1506
			2521	1507
			2520	1507
			2520	1508
			2520	1509
			2520	1510
			2520	1511
			2519	1512
			2519	1513
			2519	1514
			2518	1515
			2518	1516
			2518	1517
			2517	1518
			2517	1519
			2516	1520
			2516	1521
			2516	1522
			2515	1523
			2515	1524
			2514	1525
			2513	1526
			2513	1527
			2512	1528
			2511	1529
			2511	1530
			2510	1531
			2509	1531
			2509	1532
			2508	1533
			2507	1534
			2506	1534
			2506	1535
			2505	1536
			2504	1537
			2503	1538
			2502	1539
			2501	1540
			2500	1541
			2499	1542
			2498	1543
			2497	1543
			2496	1544
			2495	1545
			2494	1545
			2493	1546
			2492	1547
			2491	1547
			2490	1548
			2489	1548
			2488	1549
			2487	1549
			2486	1550
			2485	1550
			2484	1550
			2483	1551
			2482	1551
			2481	1552
			2480	1552
			2479	1552
			2478	1552
			2477	1553
			2476	1553
			2475	1553
			2474	1554
			2473	1554
			2472	1554
			2471	1555
			2470	1555
			2469	1556
			2468	1556
			2467	1557
			2466	1557
		</Outline4>
	</curves.pixel>
	<curves.scaled type=list>
		<Outline1 type=matrix rownames=FALSE colnames=FALSE nrow=140 ncol=2 as.numeric=TRUE >
			34.6342849070251	-21.8676324412969
			34.6202401848406	-21.8816771634814
			34.6061954626561	-21.8957218856659
			34.5921507404716	-21.9097666078504
			34.578106018287	-21.923811330035
			34.5640612961025	-21.9378560522195
			34.550016573918	-21.9378560522195
			34.5359718517335	-21.951900774404
			34.5359718517335	-21.9659454965885
			34.521927129549	-21.979990218773
			34.5078824073644	-21.9940349409576
			34.5078824073644	-22.0080796631421
			34.4938376851799	-22.0221243853266
			34.4797929629954	-22.0361691075111
			34.4797929629954	-22.0502138296956
			34.4657482408109	-22.0642585518802
			34.4517035186264	-22.0783032740647
			34.4376587964418	-22.0923479962492
			34.4236140742573	-22.1063927184337
			34.4236140742573	-22.1204374406182
			34.4095693520728	-22.1344821628028
			34.3955246298883	-22.1485268849873
			34.3814799077038	-22.1625716071718
			34.3674351855192	-22.1766163293563
			34.3533904633347	-22.1906610515408
			34.3393457411502	-22.2047057737253
			34.3253010189657	-22.2187504959099
			34.3112562967812	-22.2327952180944
			34.2972115745966	-22.2327952180944
			34.2831668524121	-22.2468399402789
			34.2691221302276	-22.2608846624634
			34.2550774080431	-22.2749293846479
			34.2410326858586	-22.2749293846479
			34.226987963674	-22.2889741068325
			34.2129432414895	-22.2889741068325
			34.198898519305	-22.303018829017
			34.1848537971205	-22.303018829017
			34.170809074936	-22.3170635512015
			34.1567643527515	-22.331108273386
			34.1427196305669	-22.331108273386
			34.1286749083824	-22.331108273386
			34.1146301861979	-22.3451529955705
			34.1005854640134	-22.3451529955705
			34.0865407418289	-22.3591977177551
			34.0724960196443	-22.3591977177551
			34.0584512974598	-22.3591977177551
			34.0444065752753	-22.3591977177551
			34.0303618530908	-22.3591977177551
			34.0163171309063	-22.3591977177551
			34.0022724087217	-22.3591977177551
			33.9882276865372	-22.3591977177551
			33.9741829643527	-22.3591977177551
			33.9601382421682	-22.3591977177551
			33.9460935199837	-22.3591977177551
			33.9320487977991	-22.3591977177551
			33.9180040756146	-22.3591977177551
			33.9039593534301	-22.3591977177551
			33.8899146312456	-22.3591977177551
			33.8758699090611	-22.3591977177551
			33.8618251868765	-22.3591977177551
			33.847780464692	-22.3591977177551
			33.8337357425075	-22.3451529955705
			33.819691020323	-22.3451529955705
			33.8056462981385	-22.3451529955705
			33.7916015759539	-22.3451529955705
			33.7775568537694	-22.331108273386
			33.7635121315849	-22.331108273386
			33.7494674094004	-22.3170635512015
			33.7354226872159	-22.3170635512015
			33.7213779650313	-22.3170635512015
			33.7213779650313	-22.303018829017
			33.7073332428468	-22.303018829017
			33.6932885206623	-22.303018829017
			33.6932885206623	-22.2889741068325
			33.6792437984778	-22.2889741068325
			33.6651990762933	-22.2749293846479
			33.6511543541087	-22.2608846624634
			33.6371096319242	-22.2468399402789
			33.6230649097397	-22.2468399402789
			33.6090201875552	-22.2327952180944
			33.5949754653707	-22.2187504959099
			33.5809307431862	-22.2047057737253
			33.5668860210016	-22.1906610515408
			33.5528412988171	-22.1766163293563
			33.5387965766326	-22.1625716071718
			33.5247518544481	-22.1485268849873
			33.5247518544481	-22.1344821628028
			33.5107071322636	-22.1204374406182
			33.496662410079	-22.1063927184337
			33.496662410079	-22.0923479962492
			33.4826176878945	-22.0923479962492
			33.46857296571	-22.0783032740647
			33.46857296571	-22.0642585518802
			33.4545282435255	-22.0502138296956
			33.4545282435255	-22.0361691075111
			33.440483521341	-22.0221243853266
			33.440483521341	-22.0080796631421
			33.4264387991564	-21.9940349409576
			33.4264387991564	-21.979990218773
			33.4123940769719	-21.9659454965885
			33.4123940769719	-21.951900774404
			33.3983493547874	-21.9378560522195
			33.3983493547874	-21.923811330035
			33.3843046326029	-21.9097666078504
			33.3843046326029	-21.8957218856659
			33.3702599104184	-21.8816771634814
			33.3702599104184	-21.8676324412969
			33.3702599104184	-21.8535877191124
			33.3562151882338	-21.8395429969278
			33.3562151882338	-21.8254982747433
			33.3562151882338	-21.8114535525588
			33.3562151882338	-21.7974088303743
			33.3562151882338	-21.7833641081898
			33.3421704660493	-21.7693193860052
			33.3421704660493	-21.7552746638207
			33.3421704660493	-21.7412299416362
			33.3421704660493	-21.7271852194517
			33.3421704660493	-21.7131404972672
			33.3281257438648	-21.6990957750826
			33.3281257438648	-21.6850510528981
			33.3281257438648	-21.6710063307136
			33.3281257438648	-21.6569616085291
			33.3281257438648	-21.6429168863446
			33.3281257438648	-21.62887216416
			33.3281257438648	-21.6148274419755
			33.3281257438648	-21.600782719791
			33.3281257438648	-21.5867379976065
			33.3140810216803	-21.572693275422
			33.3140810216803	-21.5586485532375
			33.3140810216803	-21.5446038310529
			33.3140810216803	-21.5305591088684
			33.3140810216803	-21.5165143866839
			33.3140810216803	-21.5024696644994
			33.3140810216803	-21.4884249423149
			33.3140810216803	-21.4743802201303
			33.3140810216803	-21.4603354979458
			33.3140810216803	-21.4462907757613
			33.3140810216803	-21.4322460535768
			33.3140810216803	-21.4182013313923
			33.3140810216803	-21.4041566092077
		</Outline1>
		<Outline2 type=matrix rownames=FALSE colnames=FALSE nrow=120 ncol=2 as.numeric=TRUE >
			33.3140810216803	-21.4041566092077
			33.3140810216803	-21.3901118870232
			33.3140810216803	-21.3760671648387
			33.3140810216803	-21.3620224426542
			33.3140810216803	-21.3479777204697
			33.3140810216803	-21.3339329982851
			33.3000362994958	-21.3198882761006
			33.3000362994958	-21.3058435539161
			33.3000362994958	-21.2917988317316
			33.3000362994958	-21.2777541095471
			33.3000362994958	-21.2637093873625
			33.3000362994958	-21.249664665178
			33.3000362994958	-21.2356199429935
			33.3000362994958	-21.221575220809
			33.3000362994958	-21.2075304986245
			33.3000362994958	-21.1934857764399
			33.3000362994958	-21.1794410542554
			33.2859915773112	-21.1653963320709
			33.2859915773112	-21.1513516098864
			33.2859915773112	-21.1373068877019
			33.2859915773112	-21.1232621655173
			33.2859915773112	-21.1092174433328
			33.2859915773112	-21.0951727211483
			33.2859915773112	-21.0811279989638
			33.2859915773112	-21.0670832767793
			33.2719468551267	-21.0530385545947
			33.2719468551267	-21.0389938324102
			33.2719468551267	-21.0249491102257
			33.2719468551267	-21.0109043880412
			33.2719468551267	-20.9968596658567
			33.2719468551267	-20.9828149436721
			33.2719468551267	-20.9687702214876
			33.2579021329422	-20.9547254993031
			33.2579021329422	-20.9406807771186
			33.2579021329422	-20.9266360549341
			33.2579021329422	-20.9125913327496
			33.2579021329422	-20.898546610565
			33.2579021329422	-20.8845018883805
			33.2438574107577	-20.870457166196
			33.2438574107577	-20.8564124440115
			33.2438574107577	-20.842367721827
			33.2438574107577	-20.8283229996424
			33.2438574107577	-20.8142782774579
			33.2438574107577	-20.8002335552734
			33.2438574107577	-20.7861888330889
			33.2438574107577	-20.7721441109044
			33.2438574107577	-20.7580993887198
			33.2438574107577	-20.7440546665353
			33.2438574107577	-20.7300099443508
			33.2438574107577	-20.7159652221663
			33.2438574107577	-20.7019204999818
			33.2438574107577	-20.6878757777972
			33.2438574107577	-20.6738310556127
			33.2438574107577	-20.6597863334282
			33.2438574107577	-20.6457416112437
			33.2438574107577	-20.6316968890592
			33.2579021329422	-20.6176521668746
			33.2579021329422	-20.6036074446901
			33.2579021329422	-20.5895627225056
			33.2579021329422	-20.5755180003211
			33.2579021329422	-20.5614732781366
			33.2579021329422	-20.547428555952
			33.2579021329422	-20.5333838337675
			33.2719468551267	-20.519339111583
			33.2719468551267	-20.5052943893985
			33.2719468551267	-20.491249667214
			33.2719468551267	-20.4772049450294
			33.2859915773112	-20.4772049450294
			33.2859915773112	-20.4631602228449
			33.2859915773112	-20.4491155006604
			33.3000362994958	-20.4350707784759
			33.3000362994958	-20.4210260562914
			33.3140810216803	-20.4069813341068
			33.3140810216803	-20.3929366119223
			33.3281257438648	-20.3788918897378
			33.3421704660493	-20.3648471675533
			33.3562151882338	-20.3648471675533
			33.3562151882338	-20.3508024453688
			33.3702599104184	-20.3508024453688
			33.3843046326029	-20.3367577231843
			33.3983493547874	-20.3367577231843
			33.4123940769719	-20.3227130009997
			33.4264387991564	-20.3086682788152
			33.440483521341	-20.3086682788152
			33.4545282435255	-20.2946235566307
			33.46857296571	-20.2946235566307
			33.4826176878945	-20.2805788344462
			33.496662410079	-20.2805788344462
			33.5107071322636	-20.2665341122617
			33.5247518544481	-20.2665341122617
			33.5387965766326	-20.2665341122617
			33.5528412988171	-20.2524893900771
			33.5668860210016	-20.2524893900771
			33.5809307431862	-20.2384446678926
			33.5949754653707	-20.2384446678926
			33.6090201875552	-20.2243999457081
			33.6230649097397	-20.2243999457081
			33.6371096319242	-20.2243999457081
			33.6511543541087	-20.2103552235236
			33.6651990762933	-20.2103552235236
			33.6792437984778	-20.2103552235236
			33.6932885206623	-20.1963105013391
			33.7073332428468	-20.1963105013391
			33.7213779650313	-20.1963105013391
			33.7354226872159	-20.1822657791545
			33.7494674094004	-20.1822657791545
			33.7635121315849	-20.16822105697
			33.7775568537694	-20.16822105697
			33.7916015759539	-20.16822105697
			33.8056462981385	-20.1541763347855
			33.819691020323	-20.1541763347855
			33.8337357425075	-20.140131612601
			33.847780464692	-20.140131612601
			33.8618251868765	-20.140131612601
			33.8758699090611	-20.1260868904165
			33.8899146312456	-20.1260868904165
			33.9039593534301	-20.1260868904165
			33.9180040756146	-20.1260868904165
			33.9320487977991	-20.1120421682319
			33.9460935199837	-20.1120421682319
		</Outline2>
		<Outline3 type=matrix rownames=FALSE colnames=FALSE nrow=106 ncol=2 as.numeric=TRUE >
			33.9460935199837	-20.1120421682319
			33.9601382421682	-20.1120421682319
			33.9741829643527	-20.1120421682319
			33.9882276865372	-20.0979974460474
			34.0022724087217	-20.0979974460474
			34.0163171309063	-20.0979974460474
			34.0303618530908	-20.0979974460474
			34.0444065752753	-20.0839527238629
			34.0584512974598	-20.0839527238629
			34.0724960196443	-20.0839527238629
			34.0865407418289	-20.0839527238629
			34.1005854640134	-20.0839527238629
			34.1146301861979	-20.0839527238629
			34.1286749083824	-20.0839527238629
			34.1286749083824	-20.0699080016784
			34.1427196305669	-20.0699080016784
			34.1567643527515	-20.0699080016784
			34.170809074936	-20.0699080016784
			34.1848537971205	-20.0699080016784
			34.198898519305	-20.0699080016784
			34.2129432414895	-20.0699080016784
			34.226987963674	-20.0699080016784
			34.2410326858586	-20.0699080016784
			34.2550774080431	-20.0699080016784
			34.2691221302276	-20.0699080016784
			34.2831668524121	-20.0699080016784
			34.2972115745966	-20.0699080016784
			34.3112562967812	-20.0699080016784
			34.3253010189657	-20.0699080016784
			34.3393457411502	-20.0699080016784
			34.3533904633347	-20.0699080016784
			34.3674351855192	-20.0699080016784
			34.3814799077038	-20.0699080016784
			34.3955246298883	-20.0699080016784
			34.4095693520728	-20.0699080016784
			34.4236140742573	-20.0699080016784
			34.4376587964418	-20.0699080016784
			34.4517035186264	-20.0699080016784
			34.4657482408109	-20.0699080016784
			34.4797929629954	-20.0699080016784
			34.4938376851799	-20.0699080016784
			34.5078824073644	-20.0699080016784
			34.521927129549	-20.0839527238629
			34.5359718517335	-20.0839527238629
			34.550016573918	-20.0839527238629
			34.5640612961025	-20.0839527238629
			34.578106018287	-20.0839527238629
			34.5921507404716	-20.0839527238629
			34.6061954626561	-20.0979974460474
			34.6202401848406	-20.0979974460474
			34.6342849070251	-20.0979974460474
			34.6342849070251	-20.1120421682319
			34.6483296292096	-20.1120421682319
			34.6623743513942	-20.1120421682319
			34.6764190735787	-20.1260868904165
			34.6904637957632	-20.1260868904165
			34.7045085179477	-20.140131612601
			34.7185532401322	-20.140131612601
			34.7185532401322	-20.1541763347855
			34.7325979623168	-20.1541763347855
			34.7466426845013	-20.16822105697
			34.7606874066858	-20.16822105697
			34.7747321288703	-20.1822657791545
			34.7887768510548	-20.1822657791545
			34.7887768510548	-20.1963105013391
			34.8028215732393	-20.1963105013391
			34.8168662954239	-20.2103552235236
			34.8309110176084	-20.2103552235236
			34.8449557397929	-20.2243999457081
			34.8590004619774	-20.2384446678926
			34.8730451841619	-20.2384446678926
			34.8870899063465	-20.2524893900771
			34.901134628531	-20.2665341122617
			34.9151793507155	-20.2805788344462
			34.9292240729	-20.2805788344462
			34.9432687950845	-20.2946235566307
			34.9573135172691	-20.3086682788152
			34.9573135172691	-20.3227130009997
			34.9713582394536	-20.3227130009997
			34.9854029616381	-20.3367577231843
			34.9994476838226	-20.3508024453688
			35.0134924060071	-20.3508024453688
			35.0275371281917	-20.3648471675533
			35.0415818503762	-20.3788918897378
			35.0556265725607	-20.3929366119223
			35.0696712947452	-20.3929366119223
			35.0837160169297	-20.4069813341068
			35.0977607391143	-20.4210260562914
			35.1118054612988	-20.4210260562914
			35.1258501834833	-20.4350707784759
			35.1398949056678	-20.4491155006604
			35.1539396278523	-20.4631602228449
			35.1679843500369	-20.4631602228449
			35.1820290722214	-20.4772049450294
			35.1960737944059	-20.491249667214
			35.2101185165904	-20.5052943893985
			35.2241632387749	-20.5052943893985
			35.2382079609595	-20.519339111583
			35.252252683144	-20.5333838337675
			35.2662974053285	-20.5333838337675
			35.280342127513	-20.547428555952
			35.280342127513	-20.5614732781366
			35.2943868496975	-20.5755180003211
			35.3084315718821	-20.5895627225056
			35.3224762940666	-20.6036074446901
			35.3365210162511	-20.6176521668746
		</Outline3>
		<Outline4 type=matrix rownames=FALSE colnames=FALSE nrow=113 ncol=2 as.numeric=TRUE >
			35.3365210162511	-20.6176521668746
			35.3505657384356	-20.6316968890592
			35.3505657384356	-20.6457416112437
			35.3646104606201	-20.6457416112437
			35.3646104606201	-20.6597863334282
			35.3646104606201	-20.6738310556127
			35.3786551828046	-20.6878757777972
			35.3786551828046	-20.7019204999818
			35.3926999049892	-20.7159652221663
			35.3926999049892	-20.7300099443508
			35.3926999049892	-20.7440546665353
			35.4067446271737	-20.7440546665353
			35.4067446271737	-20.7580993887198
			35.4067446271737	-20.7721441109044
			35.4207893493582	-20.7861888330889
			35.4207893493582	-20.8002335552734
			35.4207893493582	-20.8142782774579
			35.4207893493582	-20.8283229996424
			35.4207893493582	-20.842367721827
			35.4207893493582	-20.8564124440115
			35.4207893493582	-20.870457166196
			35.4207893493582	-20.8845018883805
			35.4207893493582	-20.898546610565
			35.4207893493582	-20.9125913327496
			35.4207893493582	-20.9266360549341
			35.4207893493582	-20.9406807771186
			35.4207893493582	-20.9547254993031
			35.4207893493582	-20.9687702214876
			35.4207893493582	-20.9828149436721
			35.4207893493582	-20.9968596658567
			35.4207893493582	-21.0109043880412
			35.4207893493582	-21.0249491102257
			35.4207893493582	-21.0389938324102
			35.4207893493582	-21.0530385545947
			35.4067446271737	-21.0670832767793
			35.4067446271737	-21.0811279989638
			35.4067446271737	-21.0951727211483
			35.4067446271737	-21.1092174433328
			35.4067446271737	-21.1232621655173
			35.4067446271737	-21.1373068877019
			35.4067446271737	-21.1513516098864
			35.4067446271737	-21.1653963320709
			35.3926999049892	-21.1653963320709
			35.3926999049892	-21.1794410542554
			35.3926999049892	-21.1934857764399
			35.3926999049892	-21.2075304986245
			35.3926999049892	-21.221575220809
			35.3786551828046	-21.2356199429935
			35.3786551828046	-21.249664665178
			35.3786551828046	-21.2637093873625
			35.3646104606201	-21.2777541095471
			35.3646104606201	-21.2917988317316
			35.3646104606201	-21.3058435539161
			35.3505657384356	-21.3198882761006
			35.3505657384356	-21.3339329982851
			35.3365210162511	-21.3479777204697
			35.3365210162511	-21.3620224426542
			35.3365210162511	-21.3760671648387
			35.3224762940666	-21.3901118870232
			35.3224762940666	-21.4041566092077
			35.3084315718821	-21.4182013313923
			35.2943868496975	-21.4322460535768
			35.2943868496975	-21.4462907757613
			35.280342127513	-21.4603354979458
			35.2662974053285	-21.4743802201303
			35.2662974053285	-21.4884249423149
			35.252252683144	-21.5024696644994
			35.2382079609595	-21.5024696644994
			35.2382079609595	-21.5165143866839
			35.2241632387749	-21.5305591088684
			35.2101185165904	-21.5446038310529
			35.1960737944059	-21.5446038310529
			35.1960737944059	-21.5586485532375
			35.1820290722214	-21.572693275422
			35.1679843500369	-21.5867379976065
			35.1539396278523	-21.600782719791
			35.1398949056678	-21.6148274419755
			35.1258501834833	-21.62887216416
			35.1118054612988	-21.6429168863446
			35.0977607391143	-21.6569616085291
			35.0837160169297	-21.6710063307136
			35.0696712947452	-21.6710063307136
			35.0556265725607	-21.6850510528981
			35.0415818503762	-21.6990957750826
			35.0275371281917	-21.6990957750826
			35.0134924060071	-21.7131404972672
			34.9994476838226	-21.7271852194517
			34.9854029616381	-21.7271852194517
			34.9713582394536	-21.7412299416362
			34.9573135172691	-21.7412299416362
			34.9432687950845	-21.7552746638207
			34.9292240729	-21.7552746638207
			34.9151793507155	-21.7693193860052
			34.901134628531	-21.7693193860052
			34.8870899063465	-21.7693193860052
			34.8730451841619	-21.7833641081898
			34.8590004619774	-21.7833641081898
			34.8449557397929	-21.7974088303743
			34.8309110176084	-21.7974088303743
			34.8168662954239	-21.7974088303743
			34.8028215732393	-21.7974088303743
			34.7887768510548	-21.8114535525588
			34.7747321288703	-21.8114535525588
			34.7606874066858	-21.8114535525588
			34.7466426845013	-21.8254982747433
			34.7325979623168	-21.8254982747433
			34.7185532401322	-21.8254982747433
			34.7045085179477	-21.8395429969278
			34.6904637957632	-21.8395429969278
			34.6764190735787	-21.8535877191124
			34.6623743513942	-21.8535877191124
			34.6483296292096	-21.8676324412969
			34.6342849070251	-21.8676324412969
		</Outline4>
	</curves.scaled>
	<ruler.points type=matrix rownames=TRUE colnames=FALSE nrow=2 ncol=2 as.numeric=TRUE >
		Ruler point 1	3057	2533
		Ruler point 2	2345	2529
	</ruler.points>
</shapes>

