<shapes type=list>
	<ruler.pixel type=vector names=FALSE length=1 as.numeric=TRUE >907.019845427872</ruler.pixel>
	<ruler.interval type=vector names=FALSE length=1 as.numeric=TRUE >10</ruler.interval>
	<scaling.units type=vector names=FALSE length=1 as.numeric=FALSE >mm</scaling.units>
	<scaling type=vector names=FALSE length=1 as.numeric=TRUE >0.0110251170913274</scaling>
	<landmarks.pixel type=matrix rownames=TRUE colnames=FALSE nrow=4 ncol=2 as.numeric=TRUE >
		Labial	2359	1420
		Posterior	2287	1337
		Lingual	2360	1254
		Anterior	2434	1339
	</landmarks.pixel>
	<landmarks.scaled type=matrix rownames=TRUE colnames=FALSE nrow=4 ncol=2 as.numeric=TRUE >
		Labial	26.0082512184414	-15.655666269685
		Posterior	25.2144427878659	-14.7405815511048
		Lingual	26.0192763355328	-13.8254968325246
		Anterior	26.835135000291	-14.7626317852874
	</landmarks.scaled>
	<curves.control type=list>
		<Outline1 type=matrix rownames=FALSE colnames=FALSE nrow=19 ncol=2 as.numeric=TRUE >
			2359	1420
			2351	1423
			2343	1427
			2336	1431
			2329	1433
			2320	1433
			2313	1430
			2307	1425
			2302	1419
			2298	1413
			2294	1406
			2290	1399
			2286	1391
			2282	1384
			2281	1376
			2281	1364
			2283	1355
			2285	1346
			2287	1337
		</Outline1>
		<Outline2 type=matrix rownames=FALSE colnames=FALSE nrow=13 ncol=2 as.numeric=TRUE >
			2287	1337
			2291	1324
			2294	1312
			2297	1299
			2298	1287
			2300	1277
			2307	1270
			2313	1265
			2320	1261
			2327	1257
			2337	1256
			2346	1255
			2360	1254
		</Outline2>
		<Outline3 type=matrix rownames=FALSE colnames=FALSE nrow=17 ncol=2 as.numeric=TRUE >
			2360	1254
			2370	1253
			2379	1253
			2388	1253
			2398	1253
			2406	1254
			2412	1256
			2419	1260
			2424	1265
			2428	1272
			2429	1282
			2429	1289
			2430	1297
			2431	1306
			2433	1313
			2435	1326
			2434	1339
		</Outline3>
		<Outline4 type=matrix rownames=FALSE colnames=FALSE nrow=15 ncol=2 as.numeric=TRUE >
			2434	1339
			2431	1350
			2426	1362
			2422	1375
			2418	1385
			2413	1397
			2408	1407
			2402	1415
			2395	1419
			2388	1422
			2381	1422
			2375	1422
			2370	1420
			2367	1418
			2359	1420
		</Outline4>
	</curves.control>
	<curves.pixel type=list>
		<Outline1 type=matrix rownames=FALSE colnames=FALSE nrow=150 ncol=2 as.numeric=TRUE >
			2359	1420
			2358	1420
			2357	1421
			2356	1421
			2355	1421
			2354	1422
			2353	1422
			2352	1423
			2351	1423
			2350	1423
			2350	1424
			2349	1424
			2348	1425
			2347	1425
			2346	1426
			2345	1426
			2344	1427
			2343	1427
			2342	1427
			2341	1428
			2340	1428
			2340	1429
			2339	1429
			2338	1430
			2337	1430
			2336	1430
			2336	1431
			2335	1431
			2334	1431
			2333	1432
			2332	1432
			2331	1432
			2331	1433
			2330	1433
			2329	1433
			2328	1433
			2327	1433
			2326	1433
			2325	1433
			2324	1433
			2323	1433
			2322	1432
			2321	1432
			2320	1432
			2319	1432
			2318	1432
			2317	1431
			2316	1431
			2315	1431
			2314	1430
			2313	1430
			2312	1429
			2311	1428
			2310	1428
			2309	1427
			2309	1426
			2308	1425
			2307	1425
			2306	1424
			2306	1423
			2305	1422
			2304	1421
			2303	1421
			2303	1420
			2302	1419
			2301	1418
			2301	1417
			2300	1416
			2300	1415
			2299	1414
			2298	1414
			2298	1413
			2297	1412
			2297	1411
			2296	1410
			2296	1409
			2295	1408
			2295	1407
			2294	1406
			2293	1405
			2293	1404
			2292	1403
			2292	1402
			2291	1401
			2291	1400
			2290	1399
			2289	1398
			2289	1397
			2289	1396
			2288	1395
			2287	1394
			2287	1393
			2286	1392
			2286	1391
			2286	1390
			2285	1390
			2285	1389
			2284	1388
			2284	1387
			2284	1386
			2283	1385
			2283	1384
			2283	1383
			2282	1382
			2282	1381
			2282	1380
			2282	1379
			2281	1378
			2281	1377
			2281	1376
			2281	1375
			2281	1374
			2281	1373
			2281	1372
			2281	1371
			2281	1370
			2281	1369
			2281	1368
			2281	1367
			2281	1366
			2281	1365
			2282	1364
			2282	1363
			2282	1362
			2282	1361
			2282	1360
			2282	1359
			2282	1358
			2283	1357
			2283	1356
			2283	1355
			2283	1354
			2283	1353
			2284	1352
			2284	1351
			2284	1350
			2284	1349
			2285	1348
			2285	1347
			2285	1346
			2285	1345
			2285	1344
			2286	1343
			2286	1342
			2286	1341
			2286	1340
			2286	1339
			2287	1339
			2287	1338
			2287	1337
		</Outline1>
		<Outline2 type=matrix rownames=FALSE colnames=FALSE nrow=125 ncol=2 as.numeric=TRUE >
			2287	1337
			2287	1336
			2288	1335
			2288	1334
			2288	1333
			2288	1332
			2289	1332
			2289	1331
			2289	1330
			2289	1329
			2290	1328
			2290	1327
			2290	1326
			2290	1325
			2291	1325
			2291	1324
			2291	1323
			2291	1322
			2292	1321
			2292	1320
			2292	1319
			2293	1318
			2293	1317
			2293	1316
			2293	1315
			2294	1314
			2294	1313
			2294	1312
			2294	1311
			2294	1310
			2295	1309
			2295	1308
			2295	1307
			2295	1306
			2296	1305
			2296	1304
			2296	1303
			2296	1302
			2296	1301
			2296	1300
			2297	1299
			2297	1298
			2297	1297
			2297	1296
			2297	1295
			2297	1294
			2297	1293
			2298	1292
			2298	1291
			2298	1290
			2298	1289
			2298	1288
			2298	1287
			2298	1286
			2299	1285
			2299	1284
			2299	1283
			2299	1282
			2300	1281
			2300	1280
			2301	1279
			2301	1278
			2302	1277
			2302	1276
			2303	1276
			2303	1275
			2304	1274
			2304	1273
			2305	1272
			2306	1271
			2307	1270
			2308	1269
			2309	1268
			2310	1268
			2310	1267
			2311	1267
			2312	1266
			2313	1266
			2314	1265
			2315	1264
			2316	1263
			2317	1263
			2318	1262
			2319	1262
			2320	1261
			2321	1260
			2322	1260
			2323	1259
			2324	1259
			2325	1259
			2326	1258
			2327	1258
			2328	1258
			2329	1257
			2330	1257
			2331	1257
			2332	1257
			2333	1257
			2334	1256
			2335	1256
			2336	1256
			2337	1256
			2338	1256
			2339	1256
			2340	1256
			2341	1256
			2342	1256
			2343	1255
			2344	1255
			2345	1255
			2346	1255
			2347	1255
			2348	1255
			2349	1255
			2350	1255
			2351	1255
			2352	1255
			2353	1255
			2354	1254
			2355	1254
			2356	1254
			2357	1254
			2358	1254
			2359	1254
			2360	1254
		</Outline2>
		<Outline3 type=matrix rownames=FALSE colnames=FALSE nrow=141 ncol=2 as.numeric=TRUE >
			2360	1254
			2361	1254
			2362	1254
			2363	1254
			2364	1254
			2365	1254
			2366	1254
			2366	1253
			2367	1253
			2368	1253
			2369	1253
			2370	1253
			2371	1253
			2372	1253
			2373	1253
			2374	1253
			2375	1253
			2376	1253
			2377	1253
			2378	1253
			2379	1253
			2380	1253
			2381	1253
			2382	1253
			2383	1253
			2384	1253
			2385	1253
			2386	1253
			2387	1253
			2388	1253
			2389	1253
			2390	1253
			2391	1253
			2392	1253
			2393	1253
			2394	1253
			2395	1253
			2396	1253
			2397	1253
			2398	1253
			2399	1253
			2400	1253
			2401	1253
			2402	1254
			2403	1254
			2404	1254
			2405	1254
			2406	1254
			2407	1255
			2408	1255
			2409	1255
			2410	1255
			2411	1256
			2412	1256
			2413	1257
			2414	1257
			2415	1258
			2416	1258
			2417	1259
			2418	1260
			2419	1261
			2420	1262
			2421	1262
			2422	1263
			2423	1264
			2424	1265
			2425	1266
			2425	1267
			2425	1268
			2426	1269
			2426	1270
			2427	1271
			2427	1272
			2427	1273
			2428	1274
			2428	1275
			2428	1276
			2428	1277
			2428	1278
			2429	1279
			2429	1280
			2429	1281
			2429	1282
			2429	1283
			2429	1284
			2429	1285
			2429	1286
			2429	1287
			2429	1288
			2429	1289
			2429	1290
			2429	1291
			2429	1292
			2430	1293
			2430	1294
			2430	1295
			2430	1296
			2430	1297
			2430	1298
			2430	1299
			2430	1300
			2430	1301
			2431	1302
			2431	1303
			2431	1304
			2431	1305
			2431	1306
			2432	1307
			2432	1308
			2432	1309
			2432	1310
			2432	1311
			2433	1311
			2433	1312
			2433	1313
			2433	1314
			2433	1315
			2433	1316
			2434	1317
			2434	1318
			2434	1319
			2434	1320
			2434	1321
			2434	1322
			2434	1323
			2434	1324
			2434	1325
			2434	1326
			2434	1327
			2434	1328
			2434	1329
			2434	1330
			2434	1331
			2434	1332
			2434	1333
			2434	1334
			2434	1335
			2434	1336
			2434	1337
			2434	1338
			2434	1339
		</Outline3>
		<Outline4 type=matrix rownames=FALSE colnames=FALSE nrow=129 ncol=2 as.numeric=TRUE >
			2434	1339
			2434	1340
			2433	1341
			2433	1342
			2433	1343
			2433	1344
			2432	1344
			2432	1345
			2432	1346
			2432	1347
			2431	1347
			2431	1348
			2431	1349
			2431	1350
			2430	1350
			2430	1351
			2430	1352
			2430	1353
			2429	1353
			2429	1354
			2429	1355
			2429	1356
			2428	1356
			2428	1357
			2428	1358
			2427	1359
			2427	1360
			2426	1361
			2426	1362
			2426	1363
			2425	1364
			2425	1365
			2425	1366
			2424	1367
			2424	1368
			2424	1369
			2423	1370
			2423	1371
			2423	1372
			2422	1373
			2422	1374
			2422	1375
			2422	1376
			2421	1376
			2421	1377
			2421	1378
			2420	1379
			2420	1380
			2420	1381
			2419	1382
			2419	1383
			2418	1384
			2418	1385
			2417	1386
			2417	1387
			2417	1388
			2416	1389
			2416	1390
			2415	1391
			2415	1392
			2415	1393
			2414	1394
			2414	1395
			2413	1396
			2413	1397
			2412	1398
			2412	1399
			2412	1400
			2411	1401
			2410	1402
			2410	1403
			2409	1404
			2409	1405
			2408	1406
			2408	1407
			2407	1408
			2407	1409
			2406	1410
			2405	1410
			2405	1411
			2404	1412
			2403	1413
			2402	1414
			2401	1415
			2400	1415
			2399	1416
			2399	1417
			2398	1417
			2397	1418
			2396	1418
			2395	1419
			2394	1419
			2394	1420
			2393	1420
			2392	1420
			2391	1420
			2390	1421
			2389	1421
			2388	1421
			2387	1422
			2386	1422
			2385	1422
			2384	1422
			2383	1422
			2382	1422
			2381	1422
			2380	1422
			2379	1422
			2378	1422
			2377	1422
			2376	1422
			2375	1421
			2374	1421
			2373	1421
			2372	1421
			2371	1421
			2370	1420
			2369	1420
			2368	1419
			2367	1419
			2366	1419
			2365	1419
			2364	1419
			2363	1419
			2362	1419
			2361	1419
			2361	1420
			2360	1420
			2359	1420
		</Outline4>
	</curves.pixel>
	<curves.scaled type=list>
		<Outline1 type=matrix rownames=FALSE colnames=FALSE nrow=150 ncol=2 as.numeric=TRUE >
			26.0082512184414	-15.655666269685
			25.9972261013501	-15.655666269685
			25.9862009842588	-15.6666913867763
			25.9751758671674	-15.6666913867763
			25.9641507500761	-15.6666913867763
			25.9531256329848	-15.6777165038676
			25.9421005158935	-15.6777165038676
			25.9310753988021	-15.6887416209589
			25.9200502817108	-15.6887416209589
			25.9090251646195	-15.6887416209589
			25.9090251646195	-15.6997667380503
			25.8980000475282	-15.6997667380503
			25.8869749304368	-15.7107918551416
			25.8759498133455	-15.7107918551416
			25.8649246962542	-15.7218169722329
			25.8538995791628	-15.7218169722329
			25.8428744620715	-15.7328420893243
			25.8318493449802	-15.7328420893243
			25.8208242278889	-15.7328420893243
			25.8097991107975	-15.7438672064156
			25.7987739937062	-15.7438672064156
			25.7987739937062	-15.7548923235069
			25.7877488766149	-15.7548923235069
			25.7767237595236	-15.7659174405982
			25.7656986424322	-15.7659174405982
			25.7546735253409	-15.7659174405982
			25.7546735253409	-15.7769425576896
			25.7436484082496	-15.7769425576896
			25.7326232911582	-15.7769425576896
			25.7215981740669	-15.7879676747809
			25.7105730569756	-15.7879676747809
			25.6995479398843	-15.7879676747809
			25.6995479398843	-15.7989927918722
			25.6885228227929	-15.7989927918722
			25.6774977057016	-15.7989927918722
			25.6664725886103	-15.7989927918722
			25.655447471519	-15.7989927918722
			25.6444223544276	-15.7989927918722
			25.6333972373363	-15.7989927918722
			25.622372120245	-15.7989927918722
			25.6113470031536	-15.7989927918722
			25.6003218860623	-15.7879676747809
			25.589296768971	-15.7879676747809
			25.5782716518797	-15.7879676747809
			25.5672465347883	-15.7879676747809
			25.556221417697	-15.7879676747809
			25.5451963006057	-15.7769425576896
			25.5341711835143	-15.7769425576896
			25.523146066423	-15.7769425576896
			25.5121209493317	-15.7659174405982
			25.5010958322404	-15.7659174405982
			25.490070715149	-15.7548923235069
			25.4790455980577	-15.7438672064156
			25.4680204809664	-15.7438672064156
			25.4569953638751	-15.7328420893243
			25.4569953638751	-15.7218169722329
			25.4459702467837	-15.7107918551416
			25.4349451296924	-15.7107918551416
			25.4239200126011	-15.6997667380503
			25.4239200126011	-15.6887416209589
			25.4128948955097	-15.6777165038676
			25.4018697784184	-15.6666913867763
			25.3908446613271	-15.6666913867763
			25.3908446613271	-15.655666269685
			25.3798195442358	-15.6446411525936
			25.3687944271444	-15.6336160355023
			25.3687944271444	-15.622590918411
			25.3577693100531	-15.6115658013197
			25.3577693100531	-15.6005406842283
			25.3467441929618	-15.589515567137
			25.3357190758705	-15.589515567137
			25.3357190758705	-15.5784904500457
			25.3246939587791	-15.5674653329543
			25.3246939587791	-15.556440215863
			25.3136688416878	-15.5454150987717
			25.3136688416878	-15.5343899816804
			25.3026437245965	-15.523364864589
			25.3026437245965	-15.5123397474977
			25.2916186075051	-15.5013146304064
			25.2805934904138	-15.4902895133151
			25.2805934904138	-15.4792643962237
			25.2695683733225	-15.4682392791324
			25.2695683733225	-15.4572141620411
			25.2585432562312	-15.4461890449497
			25.2585432562312	-15.4351639278584
			25.2475181391398	-15.4241388107671
			25.2364930220485	-15.4131136936758
			25.2364930220485	-15.4020885765844
			25.2364930220485	-15.3910634594931
			25.2254679049572	-15.3800383424018
			25.2144427878659	-15.3690132253105
			25.2144427878659	-15.3579881082191
			25.2034176707745	-15.3469629911278
			25.2034176707745	-15.3359378740365
			25.2034176707745	-15.3249127569451
			25.1923925536832	-15.3249127569451
			25.1923925536832	-15.3138876398538
			25.1813674365919	-15.3028625227625
			25.1813674365919	-15.2918374056712
			25.1813674365919	-15.2808122885798
			25.1703423195005	-15.2697871714885
			25.1703423195005	-15.2587620543972
			25.1703423195005	-15.2477369373058
			25.1593172024092	-15.2367118202145
			25.1593172024092	-15.2256867031232
			25.1593172024092	-15.2146615860319
			25.1593172024092	-15.2036364689405
			25.1482920853179	-15.1926113518492
			25.1482920853179	-15.1815862347579
			25.1482920853179	-15.1705611176666
			25.1482920853179	-15.1595360005752
			25.1482920853179	-15.1485108834839
			25.1482920853179	-15.1374857663926
			25.1482920853179	-15.1264606493012
			25.1482920853179	-15.1154355322099
			25.1482920853179	-15.1044104151186
			25.1482920853179	-15.0933852980273
			25.1482920853179	-15.0823601809359
			25.1482920853179	-15.0713350638446
			25.1482920853179	-15.0603099467533
			25.1482920853179	-15.049284829662
			25.1593172024092	-15.0382597125706
			25.1593172024092	-15.0272345954793
			25.1593172024092	-15.016209478388
			25.1593172024092	-15.0051843612966
			25.1593172024092	-14.9941592442053
			25.1593172024092	-14.983134127114
			25.1593172024092	-14.9721090100227
			25.1703423195005	-14.9610838929313
			25.1703423195005	-14.95005877584
			25.1703423195005	-14.9390336587487
			25.1703423195005	-14.9280085416574
			25.1703423195005	-14.916983424566
			25.1813674365919	-14.9059583074747
			25.1813674365919	-14.8949331903834
			25.1813674365919	-14.883908073292
			25.1813674365919	-14.8728829562007
			25.1923925536832	-14.8618578391094
			25.1923925536832	-14.8508327220181
			25.1923925536832	-14.8398076049267
			25.1923925536832	-14.8287824878354
			25.1923925536832	-14.8177573707441
			25.2034176707745	-14.8067322536528
			25.2034176707745	-14.7957071365614
			25.2034176707745	-14.7846820194701
			25.2034176707745	-14.7736569023788
			25.2034176707745	-14.7626317852874
			25.2144427878659	-14.7626317852874
			25.2144427878659	-14.7516066681961
			25.2144427878659	-14.7405815511048
		</Outline1>
		<Outline2 type=matrix rownames=FALSE colnames=FALSE nrow=125 ncol=2 as.numeric=TRUE >
			25.2144427878659	-14.7405815511048
			25.2144427878659	-14.7295564340135
			25.2254679049572	-14.7185313169221
			25.2254679049572	-14.7075061998308
			25.2254679049572	-14.6964810827395
			25.2254679049572	-14.6854559656481
			25.2364930220485	-14.6854559656481
			25.2364930220485	-14.6744308485568
			25.2364930220485	-14.6634057314655
			25.2364930220485	-14.6523806143742
			25.2475181391398	-14.6413554972828
			25.2475181391398	-14.6303303801915
			25.2475181391398	-14.6193052631002
			25.2475181391398	-14.6082801460089
			25.2585432562312	-14.6082801460089
			25.2585432562312	-14.5972550289175
			25.2585432562312	-14.5862299118262
			25.2585432562312	-14.5752047947349
			25.2695683733225	-14.5641796776435
			25.2695683733225	-14.5531545605522
			25.2695683733225	-14.5421294434609
			25.2805934904138	-14.5311043263696
			25.2805934904138	-14.5200792092782
			25.2805934904138	-14.5090540921869
			25.2805934904138	-14.4980289750956
			25.2916186075051	-14.4870038580043
			25.2916186075051	-14.4759787409129
			25.2916186075051	-14.4649536238216
			25.2916186075051	-14.4539285067303
			25.2916186075051	-14.4429033896389
			25.3026437245965	-14.4318782725476
			25.3026437245965	-14.4208531554563
			25.3026437245965	-14.409828038365
			25.3026437245965	-14.3988029212736
			25.3136688416878	-14.3877778041823
			25.3136688416878	-14.376752687091
			25.3136688416878	-14.3657275699997
			25.3136688416878	-14.3547024529083
			25.3136688416878	-14.343677335817
			25.3136688416878	-14.3326522187257
			25.3246939587791	-14.3216271016343
			25.3246939587791	-14.310601984543
			25.3246939587791	-14.2995768674517
			25.3246939587791	-14.2885517503604
			25.3246939587791	-14.277526633269
			25.3246939587791	-14.2665015161777
			25.3246939587791	-14.2554763990864
			25.3357190758705	-14.2444512819951
			25.3357190758705	-14.2334261649037
			25.3357190758705	-14.2224010478124
			25.3357190758705	-14.2113759307211
			25.3357190758705	-14.2003508136297
			25.3357190758705	-14.1893256965384
			25.3357190758705	-14.1783005794471
			25.3467441929618	-14.1672754623558
			25.3467441929618	-14.1562503452644
			25.3467441929618	-14.1452252281731
			25.3467441929618	-14.1342001110818
			25.3577693100531	-14.1231749939904
			25.3577693100531	-14.1121498768991
			25.3687944271444	-14.1011247598078
			25.3687944271444	-14.0900996427165
			25.3798195442358	-14.0790745256251
			25.3798195442358	-14.0680494085338
			25.3908446613271	-14.0680494085338
			25.3908446613271	-14.0570242914425
			25.4018697784184	-14.0459991743512
			25.4018697784184	-14.0349740572598
			25.4128948955097	-14.0239489401685
			25.4239200126011	-14.0129238230772
			25.4349451296924	-14.0018987059858
			25.4459702467837	-13.9908735888945
			25.4569953638751	-13.9798484718032
			25.4680204809664	-13.9798484718032
			25.4680204809664	-13.9688233547119
			25.4790455980577	-13.9688233547119
			25.490070715149	-13.9577982376205
			25.5010958322404	-13.9577982376205
			25.5121209493317	-13.9467731205292
			25.523146066423	-13.9357480034379
			25.5341711835143	-13.9247228863466
			25.5451963006057	-13.9247228863466
			25.556221417697	-13.9136977692552
			25.5672465347883	-13.9136977692552
			25.5782716518797	-13.9026726521639
			25.589296768971	-13.8916475350726
			25.6003218860623	-13.8916475350726
			25.6113470031536	-13.8806224179812
			25.622372120245	-13.8806224179812
			25.6333972373363	-13.8806224179812
			25.6444223544276	-13.8695973008899
			25.655447471519	-13.8695973008899
			25.6664725886103	-13.8695973008899
			25.6774977057016	-13.8585721837986
			25.6885228227929	-13.8585721837986
			25.6995479398843	-13.8585721837986
			25.7105730569756	-13.8585721837986
			25.7215981740669	-13.8585721837986
			25.7326232911582	-13.8475470667073
			25.7436484082496	-13.8475470667073
			25.7546735253409	-13.8475470667073
			25.7656986424322	-13.8475470667073
			25.7767237595236	-13.8475470667073
			25.7877488766149	-13.8475470667073
			25.7987739937062	-13.8475470667073
			25.8097991107975	-13.8475470667073
			25.8208242278889	-13.8475470667073
			25.8318493449802	-13.8365219496159
			25.8428744620715	-13.8365219496159
			25.8538995791628	-13.8365219496159
			25.8649246962542	-13.8365219496159
			25.8759498133455	-13.8365219496159
			25.8869749304368	-13.8365219496159
			25.8980000475282	-13.8365219496159
			25.9090251646195	-13.8365219496159
			25.9200502817108	-13.8365219496159
			25.9310753988021	-13.8365219496159
			25.9421005158935	-13.8365219496159
			25.9531256329848	-13.8254968325246
			25.9641507500761	-13.8254968325246
			25.9751758671674	-13.8254968325246
			25.9862009842588	-13.8254968325246
			25.9972261013501	-13.8254968325246
			26.0082512184414	-13.8254968325246
			26.0192763355328	-13.8254968325246
		</Outline2>
		<Outline3 type=matrix rownames=FALSE colnames=FALSE nrow=141 ncol=2 as.numeric=TRUE >
			26.0192763355328	-13.8254968325246
			26.0303014526241	-13.8254968325246
			26.0413265697154	-13.8254968325246
			26.0523516868067	-13.8254968325246
			26.0633768038981	-13.8254968325246
			26.0744019209894	-13.8254968325246
			26.0854270380807	-13.8254968325246
			26.0854270380807	-13.8144717154333
			26.096452155172	-13.8144717154333
			26.1074772722634	-13.8144717154333
			26.1185023893547	-13.8144717154333
			26.129527506446	-13.8144717154333
			26.1405526235374	-13.8144717154333
			26.1515777406287	-13.8144717154333
			26.16260285772	-13.8144717154333
			26.1736279748113	-13.8144717154333
			26.1846530919027	-13.8144717154333
			26.195678208994	-13.8144717154333
			26.2067033260853	-13.8144717154333
			26.2177284431767	-13.8144717154333
			26.228753560268	-13.8144717154333
			26.2397786773593	-13.8144717154333
			26.2508037944506	-13.8144717154333
			26.261828911542	-13.8144717154333
			26.2728540286333	-13.8144717154333
			26.2838791457246	-13.8144717154333
			26.2949042628159	-13.8144717154333
			26.3059293799073	-13.8144717154333
			26.3169544969986	-13.8144717154333
			26.3279796140899	-13.8144717154333
			26.3390047311813	-13.8144717154333
			26.3500298482726	-13.8144717154333
			26.3610549653639	-13.8144717154333
			26.3720800824552	-13.8144717154333
			26.3831051995466	-13.8144717154333
			26.3941303166379	-13.8144717154333
			26.4051554337292	-13.8144717154333
			26.4161805508205	-13.8144717154333
			26.4272056679119	-13.8144717154333
			26.4382307850032	-13.8144717154333
			26.4492559020945	-13.8144717154333
			26.4602810191859	-13.8144717154333
			26.4713061362772	-13.8144717154333
			26.4823312533685	-13.8254968325246
			26.4933563704598	-13.8254968325246
			26.5043814875512	-13.8254968325246
			26.5154066046425	-13.8254968325246
			26.5264317217338	-13.8254968325246
			26.5374568388251	-13.8365219496159
			26.5484819559165	-13.8365219496159
			26.5595070730078	-13.8365219496159
			26.5705321900991	-13.8365219496159
			26.5815573071905	-13.8475470667073
			26.5925824242818	-13.8475470667073
			26.6036075413731	-13.8585721837986
			26.6146326584644	-13.8585721837986
			26.6256577755558	-13.8695973008899
			26.6366828926471	-13.8695973008899
			26.6477080097384	-13.8806224179812
			26.6587331268297	-13.8916475350726
			26.6697582439211	-13.9026726521639
			26.6807833610124	-13.9136977692552
			26.6918084781037	-13.9136977692552
			26.7028335951951	-13.9247228863466
			26.7138587122864	-13.9357480034379
			26.7248838293777	-13.9467731205292
			26.735908946469	-13.9577982376205
			26.735908946469	-13.9688233547119
			26.735908946469	-13.9798484718032
			26.7469340635604	-13.9908735888945
			26.7469340635604	-14.0018987059858
			26.7579591806517	-14.0129238230772
			26.7579591806517	-14.0239489401685
			26.7579591806517	-14.0349740572598
			26.768984297743	-14.0459991743512
			26.768984297743	-14.0570242914425
			26.768984297743	-14.0680494085338
			26.768984297743	-14.0790745256251
			26.768984297743	-14.0900996427165
			26.7800094148343	-14.1011247598078
			26.7800094148343	-14.1121498768991
			26.7800094148343	-14.1231749939904
			26.7800094148343	-14.1342001110818
			26.7800094148343	-14.1452252281731
			26.7800094148343	-14.1562503452644
			26.7800094148343	-14.1672754623558
			26.7800094148343	-14.1783005794471
			26.7800094148343	-14.1893256965384
			26.7800094148343	-14.2003508136297
			26.7800094148343	-14.2113759307211
			26.7800094148343	-14.2224010478124
			26.7800094148343	-14.2334261649037
			26.7800094148343	-14.2444512819951
			26.7910345319257	-14.2554763990864
			26.7910345319257	-14.2665015161777
			26.7910345319257	-14.277526633269
			26.7910345319257	-14.2885517503604
			26.7910345319257	-14.2995768674517
			26.7910345319257	-14.310601984543
			26.7910345319257	-14.3216271016343
			26.7910345319257	-14.3326522187257
			26.7910345319257	-14.343677335817
			26.802059649017	-14.3547024529083
			26.802059649017	-14.3657275699997
			26.802059649017	-14.376752687091
			26.802059649017	-14.3877778041823
			26.802059649017	-14.3988029212736
			26.8130847661083	-14.409828038365
			26.8130847661083	-14.4208531554563
			26.8130847661083	-14.4318782725476
			26.8130847661083	-14.4429033896389
			26.8130847661083	-14.4539285067303
			26.8241098831997	-14.4539285067303
			26.8241098831997	-14.4649536238216
			26.8241098831997	-14.4759787409129
			26.8241098831997	-14.4870038580043
			26.8241098831997	-14.4980289750956
			26.8241098831997	-14.5090540921869
			26.835135000291	-14.5200792092782
			26.835135000291	-14.5311043263696
			26.835135000291	-14.5421294434609
			26.835135000291	-14.5531545605522
			26.835135000291	-14.5641796776435
			26.835135000291	-14.5752047947349
			26.835135000291	-14.5862299118262
			26.835135000291	-14.5972550289175
			26.835135000291	-14.6082801460089
			26.835135000291	-14.6193052631002
			26.835135000291	-14.6303303801915
			26.835135000291	-14.6413554972828
			26.835135000291	-14.6523806143742
			26.835135000291	-14.6634057314655
			26.835135000291	-14.6744308485568
			26.835135000291	-14.6854559656481
			26.835135000291	-14.6964810827395
			26.835135000291	-14.7075061998308
			26.835135000291	-14.7185313169221
			26.835135000291	-14.7295564340135
			26.835135000291	-14.7405815511048
			26.835135000291	-14.7516066681961
			26.835135000291	-14.7626317852874
		</Outline3>
		<Outline4 type=matrix rownames=FALSE colnames=FALSE nrow=129 ncol=2 as.numeric=TRUE >
			26.835135000291	-14.7626317852874
			26.835135000291	-14.7736569023788
			26.8241098831997	-14.7846820194701
			26.8241098831997	-14.7957071365614
			26.8241098831997	-14.8067322536528
			26.8241098831997	-14.8177573707441
			26.8130847661083	-14.8177573707441
			26.8130847661083	-14.8287824878354
			26.8130847661083	-14.8398076049267
			26.8130847661083	-14.8508327220181
			26.802059649017	-14.8508327220181
			26.802059649017	-14.8618578391094
			26.802059649017	-14.8728829562007
			26.802059649017	-14.883908073292
			26.7910345319257	-14.883908073292
			26.7910345319257	-14.8949331903834
			26.7910345319257	-14.9059583074747
			26.7910345319257	-14.916983424566
			26.7800094148343	-14.916983424566
			26.7800094148343	-14.9280085416574
			26.7800094148343	-14.9390336587487
			26.7800094148343	-14.95005877584
			26.768984297743	-14.95005877584
			26.768984297743	-14.9610838929313
			26.768984297743	-14.9721090100227
			26.7579591806517	-14.983134127114
			26.7579591806517	-14.9941592442053
			26.7469340635604	-15.0051843612966
			26.7469340635604	-15.016209478388
			26.7469340635604	-15.0272345954793
			26.735908946469	-15.0382597125706
			26.735908946469	-15.049284829662
			26.735908946469	-15.0603099467533
			26.7248838293777	-15.0713350638446
			26.7248838293777	-15.0823601809359
			26.7248838293777	-15.0933852980273
			26.7138587122864	-15.1044104151186
			26.7138587122864	-15.1154355322099
			26.7138587122864	-15.1264606493012
			26.7028335951951	-15.1374857663926
			26.7028335951951	-15.1485108834839
			26.7028335951951	-15.1595360005752
			26.7028335951951	-15.1705611176666
			26.6918084781037	-15.1705611176666
			26.6918084781037	-15.1815862347579
			26.6918084781037	-15.1926113518492
			26.6807833610124	-15.2036364689405
			26.6807833610124	-15.2146615860319
			26.6807833610124	-15.2256867031232
			26.6697582439211	-15.2367118202145
			26.6697582439211	-15.2477369373058
			26.6587331268297	-15.2587620543972
			26.6587331268297	-15.2697871714885
			26.6477080097384	-15.2808122885798
			26.6477080097384	-15.2918374056712
			26.6477080097384	-15.3028625227625
			26.6366828926471	-15.3138876398538
			26.6366828926471	-15.3249127569451
			26.6256577755558	-15.3359378740365
			26.6256577755558	-15.3469629911278
			26.6256577755558	-15.3579881082191
			26.6146326584644	-15.3690132253105
			26.6146326584644	-15.3800383424018
			26.6036075413731	-15.3910634594931
			26.6036075413731	-15.4020885765844
			26.5925824242818	-15.4131136936758
			26.5925824242818	-15.4241388107671
			26.5925824242818	-15.4351639278584
			26.5815573071905	-15.4461890449497
			26.5705321900991	-15.4572141620411
			26.5705321900991	-15.4682392791324
			26.5595070730078	-15.4792643962237
			26.5595070730078	-15.4902895133151
			26.5484819559165	-15.5013146304064
			26.5484819559165	-15.5123397474977
			26.5374568388251	-15.523364864589
			26.5374568388251	-15.5343899816804
			26.5264317217338	-15.5454150987717
			26.5154066046425	-15.5454150987717
			26.5154066046425	-15.556440215863
			26.5043814875512	-15.5674653329543
			26.4933563704598	-15.5784904500457
			26.4823312533685	-15.589515567137
			26.4713061362772	-15.6005406842283
			26.4602810191859	-15.6005406842283
			26.4492559020945	-15.6115658013197
			26.4492559020945	-15.622590918411
			26.4382307850032	-15.622590918411
			26.4272056679119	-15.6336160355023
			26.4161805508205	-15.6336160355023
			26.4051554337292	-15.6446411525936
			26.3941303166379	-15.6446411525936
			26.3941303166379	-15.655666269685
			26.3831051995466	-15.655666269685
			26.3720800824552	-15.655666269685
			26.3610549653639	-15.655666269685
			26.3500298482726	-15.6666913867763
			26.3390047311813	-15.6666913867763
			26.3279796140899	-15.6666913867763
			26.3169544969986	-15.6777165038676
			26.3059293799073	-15.6777165038676
			26.2949042628159	-15.6777165038676
			26.2838791457246	-15.6777165038676
			26.2728540286333	-15.6777165038676
			26.261828911542	-15.6777165038676
			26.2508037944506	-15.6777165038676
			26.2397786773593	-15.6777165038676
			26.228753560268	-15.6777165038676
			26.2177284431767	-15.6777165038676
			26.2067033260853	-15.6777165038676
			26.195678208994	-15.6777165038676
			26.1846530919027	-15.6666913867763
			26.1736279748113	-15.6666913867763
			26.16260285772	-15.6666913867763
			26.1515777406287	-15.6666913867763
			26.1405526235374	-15.6666913867763
			26.129527506446	-15.655666269685
			26.1185023893547	-15.655666269685
			26.1074772722634	-15.6446411525936
			26.096452155172	-15.6446411525936
			26.0854270380807	-15.6446411525936
			26.0744019209894	-15.6446411525936
			26.0633768038981	-15.6446411525936
			26.0523516868067	-15.6446411525936
			26.0413265697154	-15.6446411525936
			26.0303014526241	-15.6446411525936
			26.0303014526241	-15.655666269685
			26.0192763355328	-15.655666269685
			26.0082512184414	-15.655666269685
		</Outline4>
	</curves.scaled>
	<ruler.points type=matrix rownames=TRUE colnames=FALSE nrow=2 ncol=2 as.numeric=TRUE >
		Ruler point 1	2088	2448
		Ruler point 2	1181	2454
	</ruler.points>
</shapes>

