<shapes type=list>
	<ruler.pixel type=vector names=FALSE length=1 as.numeric=TRUE >1394.01757521202</ruler.pixel>
	<ruler.interval type=vector names=FALSE length=1 as.numeric=TRUE >10</ruler.interval>
	<scaling.units type=vector names=FALSE length=1 as.numeric=FALSE >mm</scaling.units>
	<scaling type=vector names=FALSE length=1 as.numeric=TRUE >0.00717351070590274</scaling>
	<landmarks.pixel type=matrix rownames=TRUE colnames=FALSE nrow=4 ncol=2 as.numeric=TRUE >
		Labial	2326	1462
		Posterior	2238	1450
		Lingual	2261	1362
		Anterior	2352	1375
	</landmarks.pixel>
	<landmarks.scaled type=matrix rownames=TRUE colnames=FALSE nrow=4 ncol=2 as.numeric=TRUE >
		Labial	16.6855859019298	-10.4876726520298
		Posterior	16.0543169598103	-10.401590523559
		Lingual	16.2193077060461	-9.77032158143953
		Anterior	16.8720971802832	-9.86357722061626
	</landmarks.scaled>
	<curves.control type=list>
		<Outline1 type=matrix rownames=FALSE colnames=FALSE nrow=17 ncol=2 as.numeric=TRUE >
			2326	1462
			2322	1467
			2317	1470
			2312	1473
			2308	1477
			2304	1481
			2300	1486
			2296	1489
			2290	1492
			2282	1494
			2275	1494
			2268	1493
			2261	1489
			2255	1485
			2251	1480
			2245	1473
			2238	1450
		</Outline1>
		<Outline2 type=matrix rownames=FALSE colnames=FALSE nrow=13 ncol=2 as.numeric=TRUE >
			2238	1450
			2233	1439
			2229	1432
			2225	1423
			2222	1415
			2220	1406
			2221	1397
			2225	1387
			2230	1383
			2235	1379
			2243	1373
			2251	1367
			2261	1362
		</Outline2>
		<Outline3 type=matrix rownames=FALSE colnames=FALSE nrow=11 ncol=2 as.numeric=TRUE >
			2261	1362
			2270	1359
			2281	1357
			2293	1354
			2303	1352
			2313	1351
			2322	1354
			2331	1358
			2338	1363
			2346	1368
			2352	1375
		</Outline3>
		<Outline4 type=matrix rownames=FALSE colnames=FALSE nrow=17 ncol=2 as.numeric=TRUE >
			2352	1375
			2359	1384
			2363	1391
			2366	1398
			2367	1405
			2367	1411
			2366	1419
			2364	1426
			2361	1431
			2356	1437
			2351	1441
			2347	1443
			2342	1445
			2338	1446
			2335	1451
			2333	1455
			2326	1462
		</Outline4>
	</curves.control>
	<curves.pixel type=list>
		<Outline1 type=matrix rownames=FALSE colnames=FALSE nrow=120 ncol=2 as.numeric=TRUE >
			2326	1462
			2325	1463
			2324	1464
			2323	1465
			2322	1466
			2321	1467
			2320	1468
			2319	1469
			2318	1469
			2317	1470
			2316	1470
			2316	1471
			2315	1471
			2314	1472
			2313	1472
			2313	1473
			2312	1474
			2311	1474
			2311	1475
			2310	1475
			2309	1476
			2308	1477
			2307	1478
			2306	1479
			2305	1480
			2304	1481
			2304	1482
			2303	1482
			2302	1483
			2302	1484
			2301	1485
			2300	1486
			2299	1487
			2298	1487
			2298	1488
			2297	1488
			2296	1489
			2295	1489
			2294	1490
			2293	1490
			2292	1491
			2291	1492
			2290	1492
			2289	1492
			2288	1492
			2287	1493
			2286	1493
			2285	1493
			2284	1493
			2283	1493
			2282	1494
			2281	1494
			2280	1494
			2279	1494
			2278	1494
			2277	1494
			2276	1494
			2275	1494
			2274	1494
			2273	1494
			2272	1493
			2271	1493
			2270	1493
			2269	1493
			2268	1492
			2267	1492
			2266	1491
			2265	1491
			2264	1491
			2264	1490
			2263	1490
			2262	1490
			2262	1489
			2261	1489
			2260	1489
			2260	1488
			2259	1488
			2259	1487
			2258	1487
			2258	1486
			2257	1486
			2256	1485
			2255	1484
			2254	1483
			2253	1483
			2252	1482
			2252	1481
			2251	1480
			2250	1479
			2249	1478
			2249	1477
			2248	1476
			2248	1475
			2247	1474
			2247	1473
			2246	1473
			2246	1472
			2246	1471
			2245	1470
			2245	1469
			2244	1468
			2244	1467
			2244	1466
			2243	1466
			2243	1465
			2243	1464
			2242	1463
			2242	1462
			2242	1461
			2241	1460
			2241	1459
			2241	1458
			2240	1457
			2240	1456
			2240	1455
			2239	1454
			2239	1453
			2239	1452
			2238	1451
			2238	1450
		</Outline1>
		<Outline2 type=matrix rownames=FALSE colnames=FALSE nrow=103 ncol=2 as.numeric=TRUE >
			2238	1450
			2237	1449
			2237	1448
			2236	1447
			2236	1446
			2236	1445
			2235	1445
			2235	1444
			2235	1443
			2234	1442
			2234	1441
			2233	1440
			2233	1439
			2232	1438
			2232	1437
			2231	1437
			2231	1436
			2231	1435
			2230	1435
			2230	1434
			2230	1433
			2229	1432
			2229	1431
			2228	1430
			2228	1429
			2227	1428
			2227	1427
			2226	1426
			2226	1425
			2226	1424
			2225	1423
			2225	1422
			2224	1421
			2224	1420
			2224	1419
			2223	1418
			2223	1417
			2223	1416
			2222	1416
			2222	1415
			2222	1414
			2222	1413
			2221	1412
			2221	1411
			2221	1410
			2221	1409
			2221	1408
			2221	1407
			2221	1406
			2221	1405
			2221	1404
			2221	1403
			2221	1402
			2221	1401
			2221	1400
			2221	1399
			2221	1398
			2221	1397
			2221	1396
			2222	1395
			2222	1394
			2223	1393
			2224	1392
			2224	1391
			2224	1390
			2225	1389
			2226	1388
			2227	1387
			2227	1386
			2228	1385
			2229	1384
			2230	1383
			2231	1382
			2232	1381
			2233	1380
			2234	1380
			2235	1379
			2236	1378
			2237	1378
			2238	1377
			2239	1376
			2240	1375
			2241	1374
			2242	1374
			2243	1373
			2244	1372
			2245	1371
			2246	1371
			2247	1370
			2248	1369
			2249	1369
			2250	1368
			2251	1368
			2252	1367
			2253	1366
			2254	1366
			2255	1365
			2256	1365
			2257	1364
			2258	1363
			2259	1363
			2260	1362
			2261	1362
		</Outline2>
		<Outline3 type=matrix rownames=FALSE colnames=FALSE nrow=93 ncol=2 as.numeric=TRUE >
			2261	1362
			2262	1362
			2263	1361
			2264	1361
			2265	1361
			2266	1361
			2267	1360
			2268	1360
			2269	1360
			2270	1359
			2271	1359
			2272	1359
			2273	1359
			2274	1359
			2275	1358
			2276	1358
			2277	1358
			2278	1358
			2279	1357
			2280	1357
			2281	1357
			2282	1357
			2283	1356
			2284	1356
			2285	1356
			2286	1356
			2287	1356
			2288	1355
			2289	1355
			2290	1355
			2291	1355
			2292	1354
			2293	1354
			2294	1354
			2295	1354
			2296	1353
			2297	1353
			2298	1353
			2299	1353
			2300	1353
			2301	1352
			2302	1352
			2303	1352
			2304	1352
			2305	1352
			2306	1352
			2307	1352
			2308	1352
			2309	1352
			2310	1352
			2311	1352
			2312	1352
			2313	1352
			2314	1352
			2315	1352
			2316	1353
			2317	1353
			2318	1353
			2319	1353
			2320	1353
			2321	1354
			2322	1354
			2323	1355
			2324	1355
			2325	1355
			2326	1356
			2327	1356
			2328	1357
			2329	1357
			2330	1358
			2331	1359
			2332	1359
			2333	1360
			2334	1361
			2335	1361
			2336	1362
			2337	1362
			2338	1363
			2339	1364
			2340	1364
			2341	1365
			2342	1366
			2343	1367
			2344	1367
			2345	1368
			2346	1369
			2347	1370
			2348	1370
			2348	1371
			2349	1372
			2350	1373
			2351	1374
			2352	1375
		</Outline3>
		<Outline4 type=matrix rownames=FALSE colnames=FALSE nrow=101 ncol=2 as.numeric=TRUE >
			2352	1375
			2353	1376
			2354	1377
			2354	1378
			2355	1379
			2356	1380
			2356	1381
			2357	1382
			2358	1383
			2358	1384
			2359	1384
			2359	1385
			2360	1386
			2360	1387
			2361	1388
			2362	1389
			2363	1390
			2363	1391
			2363	1392
			2364	1393
			2364	1394
			2364	1395
			2365	1395
			2365	1396
			2365	1397
			2366	1398
			2366	1399
			2366	1400
			2366	1401
			2366	1402
			2367	1403
			2367	1404
			2367	1405
			2367	1406
			2367	1407
			2367	1408
			2367	1409
			2367	1410
			2367	1411
			2367	1412
			2367	1413
			2367	1414
			2366	1415
			2366	1416
			2366	1417
			2366	1418
			2366	1419
			2366	1420
			2366	1421
			2365	1421
			2365	1422
			2365	1423
			2364	1424
			2364	1425
			2363	1426
			2363	1427
			2363	1428
			2362	1428
			2362	1429
			2362	1430
			2361	1431
			2360	1432
			2359	1433
			2359	1434
			2358	1435
			2357	1436
			2356	1436
			2355	1437
			2355	1438
			2354	1439
			2353	1439
			2352	1440
			2351	1441
			2350	1441
			2349	1442
			2348	1442
			2347	1443
			2346	1443
			2345	1444
			2344	1444
			2343	1445
			2342	1445
			2341	1445
			2340	1446
			2339	1446
			2338	1447
			2337	1448
			2337	1449
			2336	1450
			2335	1451
			2335	1452
			2334	1453
			2333	1454
			2332	1455
			2331	1456
			2330	1457
			2330	1458
			2329	1459
			2328	1460
			2327	1461
			2326	1462
		</Outline4>
	</curves.pixel>
	<curves.scaled type=list>
		<Outline1 type=matrix rownames=FALSE colnames=FALSE nrow=120 ncol=2 as.numeric=TRUE >
			16.6855859019298	-10.4876726520298
			16.6784123912239	-10.4948461627357
			16.671238880518	-10.5020196734416
			16.6640653698121	-10.5091931841475
			16.6568918591062	-10.5163666948534
			16.6497183484003	-10.5235402055593
			16.6425448376943	-10.5307137162652
			16.6353713269884	-10.5378872269711
			16.6281978162825	-10.5378872269711
			16.6210243055766	-10.545060737677
			16.6138507948707	-10.545060737677
			16.6138507948707	-10.5522342483829
			16.6066772841648	-10.5522342483829
			16.5995037734589	-10.5594077590888
			16.592330262753	-10.5594077590888
			16.592330262753	-10.5665812697947
			16.5851567520471	-10.5737547805006
			16.5779832413412	-10.5737547805006
			16.5779832413412	-10.5809282912065
			16.5708097306353	-10.5809282912065
			16.5636362199294	-10.5881018019124
			16.5564627092235	-10.5952753126183
			16.5492891985176	-10.6024488233242
			16.5421156878117	-10.6096223340301
			16.5349421771058	-10.616795844736
			16.5277686663999	-10.623969355442
			16.5277686663999	-10.6311428661479
			16.520595155694	-10.6311428661479
			16.5134216449881	-10.6383163768538
			16.5134216449881	-10.6454898875597
			16.5062481342822	-10.6526633982656
			16.4990746235763	-10.6598369089715
			16.4919011128704	-10.6670104196774
			16.4847276021645	-10.6670104196774
			16.4847276021645	-10.6741839303833
			16.4775540914586	-10.6741839303833
			16.4703805807527	-10.6813574410892
			16.4632070700468	-10.6813574410892
			16.4560335593409	-10.6885309517951
			16.448860048635	-10.6885309517951
			16.4416865379291	-10.695704462501
			16.4345130272232	-10.7028779732069
			16.4273395165173	-10.7028779732069
			16.4201660058114	-10.7028779732069
			16.4129924951055	-10.7028779732069
			16.4058189843996	-10.7100514839128
			16.3986454736937	-10.7100514839128
			16.3914719629878	-10.7100514839128
			16.3842984522819	-10.7100514839128
			16.3771249415759	-10.7100514839128
			16.36995143087	-10.7172249946187
			16.3627779201641	-10.7172249946187
			16.3556044094582	-10.7172249946187
			16.3484308987523	-10.7172249946187
			16.3412573880464	-10.7172249946187
			16.3340838773405	-10.7172249946187
			16.3269103666346	-10.7172249946187
			16.3197368559287	-10.7172249946187
			16.3125633452228	-10.7172249946187
			16.3053898345169	-10.7172249946187
			16.298216323811	-10.7100514839128
			16.2910428131051	-10.7100514839128
			16.2838693023992	-10.7100514839128
			16.2766957916933	-10.7100514839128
			16.2695222809874	-10.7028779732069
			16.2623487702815	-10.7028779732069
			16.2551752595756	-10.695704462501
			16.2480017488697	-10.695704462501
			16.2408282381638	-10.695704462501
			16.2408282381638	-10.6885309517951
			16.2336547274579	-10.6885309517951
			16.226481216752	-10.6885309517951
			16.226481216752	-10.6813574410892
			16.2193077060461	-10.6813574410892
			16.2121341953402	-10.6813574410892
			16.2121341953402	-10.6741839303833
			16.2049606846343	-10.6741839303833
			16.2049606846343	-10.6670104196774
			16.1977871739284	-10.6670104196774
			16.1977871739284	-10.6598369089715
			16.1906136632225	-10.6598369089715
			16.1834401525166	-10.6526633982656
			16.1762666418107	-10.6454898875597
			16.1690931311048	-10.6383163768538
			16.1619196203989	-10.6383163768538
			16.154746109693	-10.6311428661479
			16.154746109693	-10.623969355442
			16.1475725989871	-10.616795844736
			16.1403990882812	-10.6096223340301
			16.1332255775753	-10.6024488233242
			16.1332255775753	-10.5952753126183
			16.1260520668694	-10.5881018019124
			16.1260520668694	-10.5809282912065
			16.1188785561634	-10.5737547805006
			16.1188785561634	-10.5665812697947
			16.1117050454575	-10.5665812697947
			16.1117050454575	-10.5594077590888
			16.1117050454575	-10.5522342483829
			16.1045315347516	-10.545060737677
			16.1045315347516	-10.5378872269711
			16.0973580240457	-10.5307137162652
			16.0973580240457	-10.5235402055593
			16.0973580240457	-10.5163666948534
			16.0901845133398	-10.5163666948534
			16.0901845133398	-10.5091931841475
			16.0901845133398	-10.5020196734416
			16.0830110026339	-10.4948461627357
			16.0830110026339	-10.4876726520298
			16.0830110026339	-10.4804991413239
			16.075837491928	-10.473325630618
			16.075837491928	-10.4661521199121
			16.075837491928	-10.4589786092062
			16.0686639812221	-10.4518050985003
			16.0686639812221	-10.4446315877944
			16.0686639812221	-10.4374580770885
			16.0614904705162	-10.4302845663826
			16.0614904705162	-10.4231110556767
			16.0614904705162	-10.4159375449708
			16.0543169598103	-10.4087640342649
			16.0543169598103	-10.401590523559
		</Outline1>
		<Outline2 type=matrix rownames=FALSE colnames=FALSE nrow=103 ncol=2 as.numeric=TRUE >
			16.0543169598103	-10.401590523559
			16.0471434491044	-10.3944170128531
			16.0471434491044	-10.3872435021472
			16.0399699383985	-10.3800699914413
			16.0399699383985	-10.3728964807354
			16.0399699383985	-10.3657229700295
			16.0327964276926	-10.3657229700295
			16.0327964276926	-10.3585494593236
			16.0327964276926	-10.3513759486176
			16.0256229169867	-10.3442024379117
			16.0256229169867	-10.3370289272058
			16.0184494062808	-10.3298554164999
			16.0184494062808	-10.322681905794
			16.0112758955749	-10.3155083950881
			16.0112758955749	-10.3083348843822
			16.004102384869	-10.3083348843822
			16.004102384869	-10.3011613736763
			16.004102384869	-10.2939878629704
			15.9969288741631	-10.2939878629704
			15.9969288741631	-10.2868143522645
			15.9969288741631	-10.2796408415586
			15.9897553634572	-10.2724673308527
			15.9897553634572	-10.2652938201468
			15.9825818527513	-10.2581203094409
			15.9825818527513	-10.250946798735
			15.9754083420454	-10.2437732880291
			15.9754083420454	-10.2365997773232
			15.9682348313395	-10.2294262666173
			15.9682348313395	-10.2222527559114
			15.9682348313395	-10.2150792452055
			15.9610613206336	-10.2079057344996
			15.9610613206336	-10.2007322237937
			15.9538878099277	-10.1935587130878
			15.9538878099277	-10.1863852023819
			15.9538878099277	-10.179211691676
			15.9467142992218	-10.1720381809701
			15.9467142992218	-10.1648646702642
			15.9467142992218	-10.1576911595583
			15.9395407885159	-10.1576911595583
			15.9395407885159	-10.1505176488524
			15.9395407885159	-10.1433441381465
			15.9395407885159	-10.1361706274406
			15.93236727781	-10.1289971167347
			15.93236727781	-10.1218236060288
			15.93236727781	-10.1146500953229
			15.93236727781	-10.107476584617
			15.93236727781	-10.1003030739111
			15.93236727781	-10.0931295632052
			15.93236727781	-10.0859560524992
			15.93236727781	-10.0787825417933
			15.93236727781	-10.0716090310874
			15.93236727781	-10.0644355203815
			15.93236727781	-10.0572620096756
			15.93236727781	-10.0500884989697
			15.93236727781	-10.0429149882638
			15.93236727781	-10.0357414775579
			15.93236727781	-10.028567966852
			15.93236727781	-10.0213944561461
			15.93236727781	-10.0142209454402
			15.9395407885159	-10.0070474347343
			15.9395407885159	-9.99987392402842
			15.9467142992218	-9.99270041332251
			15.9538878099277	-9.98552690261661
			15.9538878099277	-9.97835339191071
			15.9538878099277	-9.9711798812048
			15.9610613206336	-9.9640063704989
			15.9682348313395	-9.956832859793
			15.9754083420454	-9.9496593490871
			15.9754083420454	-9.94248583838119
			15.9825818527513	-9.93531232767529
			15.9897553634572	-9.92813881696939
			15.9969288741631	-9.92096530626348
			16.004102384869	-9.91379179555758
			16.0112758955749	-9.90661828485168
			16.0184494062808	-9.89944477414578
			16.0256229169867	-9.89944477414578
			16.0327964276926	-9.89227126343987
			16.0399699383985	-9.88509775273397
			16.0471434491044	-9.88509775273397
			16.0543169598103	-9.87792424202807
			16.0614904705162	-9.87075073132216
			16.0686639812221	-9.86357722061626
			16.075837491928	-9.85640370991036
			16.0830110026339	-9.85640370991036
			16.0901845133398	-9.84923019920446
			16.0973580240457	-9.84205668849856
			16.1045315347516	-9.83488317779265
			16.1117050454575	-9.83488317779265
			16.1188785561634	-9.82770966708675
			16.1260520668694	-9.82053615638085
			16.1332255775753	-9.82053615638085
			16.1403990882812	-9.81336264567494
			16.1475725989871	-9.81336264567494
			16.154746109693	-9.80618913496904
			16.1619196203989	-9.79901562426314
			16.1690931311048	-9.79901562426314
			16.1762666418107	-9.79184211355724
			16.1834401525166	-9.79184211355724
			16.1906136632225	-9.78466860285133
			16.1977871739284	-9.77749509214543
			16.2049606846343	-9.77749509214543
			16.2121341953402	-9.77032158143953
			16.2193077060461	-9.77032158143953
		</Outline2>
		<Outline3 type=matrix rownames=FALSE colnames=FALSE nrow=93 ncol=2 as.numeric=TRUE >
			16.2193077060461	-9.77032158143953
			16.226481216752	-9.77032158143953
			16.2336547274579	-9.76314807073362
			16.2408282381638	-9.76314807073362
			16.2480017488697	-9.76314807073362
			16.2551752595756	-9.76314807073362
			16.2623487702815	-9.75597456002772
			16.2695222809874	-9.75597456002772
			16.2766957916933	-9.75597456002772
			16.2838693023992	-9.74880104932182
			16.2910428131051	-9.74880104932182
			16.298216323811	-9.74880104932182
			16.3053898345169	-9.74880104932182
			16.3125633452228	-9.74880104932182
			16.3197368559287	-9.74162753861592
			16.3269103666346	-9.74162753861592
			16.3340838773405	-9.74162753861592
			16.3412573880464	-9.74162753861592
			16.3484308987523	-9.73445402791001
			16.3556044094582	-9.73445402791001
			16.3627779201641	-9.73445402791001
			16.36995143087	-9.73445402791001
			16.3771249415759	-9.72728051720411
			16.3842984522819	-9.72728051720411
			16.3914719629878	-9.72728051720411
			16.3986454736937	-9.72728051720411
			16.4058189843996	-9.72728051720411
			16.4129924951055	-9.72010700649821
			16.4201660058114	-9.72010700649821
			16.4273395165173	-9.72010700649821
			16.4345130272232	-9.72010700649821
			16.4416865379291	-9.7129334957923
			16.448860048635	-9.7129334957923
			16.4560335593409	-9.7129334957923
			16.4632070700468	-9.7129334957923
			16.4703805807527	-9.7057599850864
			16.4775540914586	-9.7057599850864
			16.4847276021645	-9.7057599850864
			16.4919011128704	-9.7057599850864
			16.4990746235763	-9.7057599850864
			16.5062481342822	-9.6985864743805
			16.5134216449881	-9.6985864743805
			16.520595155694	-9.6985864743805
			16.5277686663999	-9.6985864743805
			16.5349421771058	-9.6985864743805
			16.5421156878117	-9.6985864743805
			16.5492891985176	-9.6985864743805
			16.5564627092235	-9.6985864743805
			16.5636362199294	-9.6985864743805
			16.5708097306353	-9.6985864743805
			16.5779832413412	-9.6985864743805
			16.5851567520471	-9.6985864743805
			16.592330262753	-9.6985864743805
			16.5995037734589	-9.6985864743805
			16.6066772841648	-9.6985864743805
			16.6138507948707	-9.7057599850864
			16.6210243055766	-9.7057599850864
			16.6281978162825	-9.7057599850864
			16.6353713269884	-9.7057599850864
			16.6425448376943	-9.7057599850864
			16.6497183484003	-9.7129334957923
			16.6568918591062	-9.7129334957923
			16.6640653698121	-9.72010700649821
			16.671238880518	-9.72010700649821
			16.6784123912239	-9.72010700649821
			16.6855859019298	-9.72728051720411
			16.6927594126357	-9.72728051720411
			16.6999329233416	-9.73445402791001
			16.7071064340475	-9.73445402791001
			16.7142799447534	-9.74162753861592
			16.7214534554593	-9.74880104932182
			16.7286269661652	-9.74880104932182
			16.7358004768711	-9.75597456002772
			16.742973987577	-9.76314807073362
			16.7501474982829	-9.76314807073362
			16.7573210089888	-9.77032158143953
			16.7644945196947	-9.77032158143953
			16.7716680304006	-9.77749509214543
			16.7788415411065	-9.78466860285133
			16.7860150518124	-9.78466860285133
			16.7931885625183	-9.79184211355724
			16.8003620732242	-9.79901562426314
			16.8075355839301	-9.80618913496904
			16.814709094636	-9.80618913496904
			16.8218826053419	-9.81336264567494
			16.8290561160478	-9.82053615638085
			16.8362296267537	-9.82770966708675
			16.8434031374596	-9.82770966708675
			16.8434031374596	-9.83488317779265
			16.8505766481655	-9.84205668849856
			16.8577501588714	-9.84923019920446
			16.8649236695773	-9.85640370991036
			16.8720971802832	-9.86357722061626
		</Outline3>
		<Outline4 type=matrix rownames=FALSE colnames=FALSE nrow=101 ncol=2 as.numeric=TRUE >
			16.8720971802832	-9.86357722061626
			16.8792706909891	-9.87075073132216
			16.886444201695	-9.87792424202807
			16.886444201695	-9.88509775273397
			16.8936177124009	-9.89227126343987
			16.9007912231068	-9.89944477414578
			16.9007912231068	-9.90661828485168
			16.9079647338128	-9.91379179555758
			16.9151382445187	-9.92096530626348
			16.9151382445187	-9.92813881696939
			16.9223117552246	-9.92813881696939
			16.9223117552246	-9.93531232767529
			16.9294852659305	-9.94248583838119
			16.9294852659305	-9.9496593490871
			16.9366587766364	-9.956832859793
			16.9438322873423	-9.9640063704989
			16.9510057980482	-9.9711798812048
			16.9510057980482	-9.97835339191071
			16.9510057980482	-9.98552690261661
			16.9581793087541	-9.99270041332251
			16.9581793087541	-9.99987392402842
			16.9581793087541	-10.0070474347343
			16.96535281946	-10.0070474347343
			16.96535281946	-10.0142209454402
			16.96535281946	-10.0213944561461
			16.9725263301659	-10.028567966852
			16.9725263301659	-10.0357414775579
			16.9725263301659	-10.0429149882638
			16.9725263301659	-10.0500884989697
			16.9725263301659	-10.0572620096756
			16.9796998408718	-10.0644355203815
			16.9796998408718	-10.0716090310874
			16.9796998408718	-10.0787825417933
			16.9796998408718	-10.0859560524992
			16.9796998408718	-10.0931295632052
			16.9796998408718	-10.1003030739111
			16.9796998408718	-10.107476584617
			16.9796998408718	-10.1146500953229
			16.9796998408718	-10.1218236060288
			16.9796998408718	-10.1289971167347
			16.9796998408718	-10.1361706274406
			16.9796998408718	-10.1433441381465
			16.9725263301659	-10.1505176488524
			16.9725263301659	-10.1576911595583
			16.9725263301659	-10.1648646702642
			16.9725263301659	-10.1720381809701
			16.9725263301659	-10.179211691676
			16.9725263301659	-10.1863852023819
			16.9725263301659	-10.1935587130878
			16.96535281946	-10.1935587130878
			16.96535281946	-10.2007322237937
			16.96535281946	-10.2079057344996
			16.9581793087541	-10.2150792452055
			16.9581793087541	-10.2222527559114
			16.9510057980482	-10.2294262666173
			16.9510057980482	-10.2365997773232
			16.9510057980482	-10.2437732880291
			16.9438322873423	-10.2437732880291
			16.9438322873423	-10.250946798735
			16.9438322873423	-10.2581203094409
			16.9366587766364	-10.2652938201468
			16.9294852659305	-10.2724673308527
			16.9223117552246	-10.2796408415586
			16.9223117552246	-10.2868143522645
			16.9151382445187	-10.2939878629704
			16.9079647338128	-10.3011613736763
			16.9007912231068	-10.3011613736763
			16.8936177124009	-10.3083348843822
			16.8936177124009	-10.3155083950881
			16.886444201695	-10.322681905794
			16.8792706909891	-10.322681905794
			16.8720971802832	-10.3298554164999
			16.8649236695773	-10.3370289272058
			16.8577501588714	-10.3370289272058
			16.8505766481655	-10.3442024379117
			16.8434031374596	-10.3442024379117
			16.8362296267537	-10.3513759486176
			16.8290561160478	-10.3513759486176
			16.8218826053419	-10.3585494593236
			16.814709094636	-10.3585494593236
			16.8075355839301	-10.3657229700295
			16.8003620732242	-10.3657229700295
			16.7931885625183	-10.3657229700295
			16.7860150518124	-10.3728964807354
			16.7788415411065	-10.3728964807354
			16.7716680304006	-10.3800699914413
			16.7644945196947	-10.3872435021472
			16.7644945196947	-10.3944170128531
			16.7573210089888	-10.401590523559
			16.7501474982829	-10.4087640342649
			16.7501474982829	-10.4159375449708
			16.742973987577	-10.4231110556767
			16.7358004768711	-10.4302845663826
			16.7286269661652	-10.4374580770885
			16.7214534554593	-10.4446315877944
			16.7142799447534	-10.4518050985003
			16.7142799447534	-10.4589786092062
			16.7071064340475	-10.4661521199121
			16.6999329233416	-10.473325630618
			16.6927594126357	-10.4804991413239
			16.6855859019298	-10.4876726520298
		</Outline4>
	</curves.scaled>
	<ruler.points type=matrix rownames=TRUE colnames=FALSE nrow=2 ncol=2 as.numeric=TRUE >
		Ruler point 1	3220	2600
		Ruler point 2	1826	2593
	</ruler.points>
</shapes>

