<shapes type=list>
	<ruler.pixel type=vector names=FALSE length=1 as.numeric=TRUE >1055.00189573289</ruler.pixel>
	<ruler.interval type=vector names=FALSE length=1 as.numeric=TRUE >10</ruler.interval>
	<scaling.units type=vector names=FALSE length=1 as.numeric=FALSE >mm</scaling.units>
	<scaling type=vector names=FALSE length=1 as.numeric=TRUE >0.00947865595355461</scaling>
	<landmarks.pixel type=matrix rownames=TRUE colnames=FALSE nrow=4 ncol=2 as.numeric=TRUE >
		Labial	2460	1588
		Posterior	2361	1560
		Lingual	2401	1463
		Anterior	2509	1489
	</landmarks.pixel>
	<landmarks.scaled type=matrix rownames=TRUE colnames=FALSE nrow=4 ncol=2 as.numeric=TRUE >
		Labial	23.3174936457444	-15.0521056542447
		Posterior	22.3791067063424	-14.7867032875452
		Lingual	22.7582529444846	-13.8672736600504
		Anterior	23.7819477874685	-14.1137187148428
	</landmarks.scaled>
	<curves.control type=list>
		<Outline1 type=matrix rownames=FALSE colnames=FALSE nrow=17 ncol=2 as.numeric=TRUE >
			2460	1588
			2456	1593
			2452	1598
			2448	1602
			2444	1609
			2440	1615
			2433	1621
			2428	1625
			2420	1628
			2410	1630
			2401	1630
			2392	1630
			2383	1629
			2375	1625
			2370	1621
			2361	1602
			2361	1560
		</Outline1>
		<Outline2 type=matrix rownames=FALSE colnames=FALSE nrow=17 ncol=2 as.numeric=TRUE >
			2361	1560
			2361	1550
			2358	1542
			2356	1533
			2354	1524
			2353	1515
			2352	1505
			2351	1498
			2352	1488
			2358	1481
			2363	1476
			2369	1472
			2375	1468
			2380	1466
			2387	1464
			2394	1463
			2401	1463
		</Outline2>
		<Outline3 type=matrix rownames=FALSE colnames=FALSE nrow=17 ncol=2 as.numeric=TRUE >
			2401	1463
			2408	1461
			2415	1459
			2422	1457
			2429	1454
			2440	1452
			2451	1451
			2461	1452
			2470	1455
			2477	1458
			2483	1463
			2489	1468
			2495	1473
			2499	1478
			2503	1481
			2506	1485
			2509	1489
		</Outline3>
		<Outline4 type=matrix rownames=FALSE colnames=FALSE nrow=15 ncol=2 as.numeric=TRUE >
			2509	1489
			2514	1500
			2516	1510
			2517	1519
			2517	1528
			2514	1538
			2510	1547
			2502	1555
			2495	1562
			2488	1566
			2482	1570
			2475	1575
			2470	1579
			2465	1584
			2460	1588
		</Outline4>
	</curves.control>
	<curves.pixel type=list>
		<Outline1 type=matrix rownames=FALSE colnames=FALSE nrow=161 ncol=2 as.numeric=TRUE >
			2460	1588
			2459	1589
			2459	1590
			2458	1591
			2457	1592
			2456	1593
			2456	1594
			2455	1595
			2454	1595
			2453	1596
			2453	1597
			2452	1598
			2451	1599
			2450	1600
			2450	1601
			2449	1602
			2448	1603
			2447	1604
			2447	1605
			2446	1606
			2445	1607
			2444	1608
			2444	1609
			2443	1610
			2443	1611
			2442	1612
			2441	1613
			2441	1614
			2440	1614
			2439	1615
			2438	1616
			2438	1617
			2437	1618
			2436	1618
			2435	1619
			2434	1620
			2433	1621
			2432	1622
			2431	1622
			2430	1623
			2429	1624
			2428	1624
			2427	1625
			2426	1625
			2425	1626
			2424	1626
			2423	1627
			2422	1627
			2421	1628
			2420	1628
			2419	1628
			2418	1628
			2417	1629
			2416	1629
			2415	1629
			2414	1629
			2413	1629
			2412	1629
			2411	1629
			2410	1630
			2409	1630
			2408	1630
			2407	1630
			2406	1630
			2405	1630
			2404	1630
			2403	1630
			2402	1630
			2401	1630
			2400	1630
			2399	1630
			2398	1630
			2397	1630
			2396	1630
			2395	1630
			2394	1630
			2393	1630
			2392	1630
			2391	1630
			2390	1630
			2389	1630
			2388	1629
			2387	1629
			2386	1629
			2385	1629
			2384	1629
			2383	1629
			2382	1628
			2381	1628
			2380	1627
			2379	1627
			2378	1626
			2377	1626
			2376	1625
			2375	1624
			2374	1624
			2373	1623
			2372	1623
			2371	1622
			2370	1621
			2370	1620
			2369	1619
			2369	1618
			2368	1617
			2368	1616
			2368	1615
			2367	1614
			2367	1613
			2367	1612
			2366	1611
			2366	1610
			2366	1609
			2366	1608
			2365	1607
			2365	1606
			2365	1605
			2365	1604
			2364	1603
			2364	1602
			2364	1601
			2364	1600
			2364	1599
			2364	1598
			2363	1597
			2363	1596
			2363	1595
			2363	1594
			2363	1593
			2363	1592
			2363	1591
			2362	1590
			2362	1589
			2362	1588
			2362	1587
			2362	1586
			2362	1585
			2362	1584
			2362	1583
			2362	1582
			2362	1581
			2362	1580
			2362	1579
			2361	1578
			2361	1577
			2361	1576
			2361	1575
			2361	1574
			2361	1573
			2361	1572
			2361	1571
			2361	1570
			2361	1569
			2361	1568
			2361	1567
			2361	1566
			2361	1565
			2361	1564
			2361	1563
			2361	1562
			2361	1561
			2361	1560
		</Outline1>
		<Outline2 type=matrix rownames=FALSE colnames=FALSE nrow=126 ncol=2 as.numeric=TRUE >
			2361	1560
			2361	1559
			2361	1558
			2361	1557
			2361	1556
			2361	1555
			2361	1554
			2361	1553
			2360	1552
			2360	1551
			2360	1550
			2360	1549
			2360	1548
			2360	1547
			2359	1546
			2359	1545
			2359	1544
			2359	1543
			2358	1543
			2358	1542
			2358	1541
			2358	1540
			2357	1539
			2357	1538
			2357	1537
			2357	1536
			2356	1535
			2356	1534
			2356	1533
			2356	1532
			2356	1531
			2355	1530
			2355	1529
			2355	1528
			2355	1527
			2355	1526
			2354	1525
			2354	1524
			2354	1523
			2354	1522
			2354	1521
			2354	1520
			2353	1519
			2353	1518
			2353	1517
			2353	1516
			2353	1515
			2353	1514
			2353	1513
			2353	1512
			2353	1511
			2352	1510
			2352	1509
			2352	1508
			2352	1507
			2352	1506
			2352	1505
			2352	1504
			2352	1503
			2352	1502
			2352	1501
			2352	1500
			2352	1499
			2352	1498
			2352	1497
			2352	1496
			2352	1495
			2352	1494
			2352	1493
			2352	1492
			2352	1491
			2352	1490
			2352	1489
			2352	1488
			2353	1487
			2354	1486
			2355	1485
			2356	1484
			2356	1483
			2357	1482
			2358	1481
			2359	1480
			2360	1479
			2361	1478
			2362	1477
			2363	1476
			2364	1476
			2364	1475
			2365	1475
			2366	1474
			2367	1473
			2368	1473
			2369	1472
			2370	1471
			2371	1471
			2372	1470
			2373	1469
			2374	1469
			2375	1468
			2376	1468
			2377	1467
			2378	1467
			2379	1467
			2380	1466
			2381	1466
			2382	1465
			2383	1465
			2384	1465
			2385	1465
			2385	1464
			2386	1464
			2387	1464
			2388	1464
			2389	1464
			2390	1464
			2391	1463
			2392	1463
			2393	1463
			2394	1463
			2395	1463
			2396	1463
			2397	1463
			2398	1463
			2399	1463
			2400	1463
			2401	1463
		</Outline2>
		<Outline3 type=matrix rownames=FALSE colnames=FALSE nrow=116 ncol=2 as.numeric=TRUE >
			2401	1463
			2402	1463
			2403	1462
			2404	1462
			2405	1462
			2406	1462
			2406	1461
			2407	1461
			2408	1461
			2409	1461
			2410	1460
			2411	1460
			2412	1460
			2413	1460
			2414	1459
			2415	1459
			2416	1459
			2417	1458
			2418	1458
			2419	1458
			2420	1458
			2420	1457
			2421	1457
			2422	1457
			2423	1456
			2424	1456
			2425	1456
			2426	1455
			2427	1455
			2428	1454
			2429	1454
			2430	1454
			2431	1454
			2432	1453
			2433	1453
			2434	1453
			2435	1453
			2436	1453
			2437	1453
			2438	1453
			2439	1452
			2440	1452
			2441	1452
			2442	1452
			2443	1452
			2444	1452
			2445	1452
			2446	1452
			2447	1451
			2448	1451
			2449	1451
			2450	1451
			2451	1451
			2452	1451
			2453	1451
			2454	1451
			2455	1452
			2456	1452
			2457	1452
			2458	1452
			2459	1452
			2460	1452
			2461	1453
			2462	1453
			2463	1453
			2464	1453
			2465	1453
			2466	1454
			2467	1454
			2468	1454
			2469	1455
			2470	1455
			2471	1455
			2472	1456
			2473	1456
			2474	1457
			2475	1458
			2476	1458
			2477	1459
			2478	1459
			2479	1460
			2480	1461
			2481	1461
			2482	1462
			2483	1463
			2484	1464
			2485	1465
			2486	1466
			2487	1467
			2488	1468
			2489	1468
			2490	1469
			2491	1470
			2492	1470
			2492	1471
			2493	1471
			2494	1472
			2495	1473
			2496	1474
			2497	1475
			2497	1476
			2498	1477
			2499	1478
			2500	1478
			2501	1479
			2502	1480
			2502	1481
			2503	1481
			2504	1482
			2504	1483
			2505	1484
			2506	1485
			2507	1486
			2508	1487
			2508	1488
			2509	1489
		</Outline3>
		<Outline4 type=matrix rownames=FALSE colnames=FALSE nrow=113 ncol=2 as.numeric=TRUE >
			2509	1489
			2510	1490
			2510	1491
			2510	1492
			2511	1493
			2511	1494
			2512	1495
			2512	1496
			2512	1497
			2513	1498
			2513	1499
			2513	1500
			2514	1501
			2514	1502
			2514	1503
			2515	1504
			2515	1505
			2515	1506
			2515	1507
			2516	1508
			2516	1509
			2516	1510
			2516	1511
			2516	1512
			2516	1513
			2516	1514
			2517	1515
			2517	1516
			2517	1517
			2517	1518
			2517	1519
			2517	1520
			2517	1521
			2517	1522
			2517	1523
			2517	1524
			2517	1525
			2517	1526
			2517	1527
			2517	1528
			2517	1529
			2516	1530
			2516	1531
			2516	1532
			2515	1533
			2515	1534
			2515	1535
			2514	1536
			2514	1537
			2514	1538
			2513	1539
			2513	1540
			2513	1541
			2512	1542
			2512	1543
			2511	1544
			2511	1545
			2510	1546
			2510	1547
			2509	1548
			2508	1549
			2507	1550
			2506	1551
			2505	1552
			2504	1553
			2503	1554
			2502	1555
			2501	1556
			2500	1557
			2499	1558
			2498	1559
			2497	1560
			2496	1561
			2495	1562
			2494	1562
			2494	1563
			2493	1563
			2492	1564
			2491	1564
			2490	1565
			2489	1566
			2488	1566
			2487	1567
			2486	1567
			2486	1568
			2485	1568
			2484	1569
			2483	1569
			2482	1570
			2481	1571
			2480	1572
			2479	1572
			2478	1573
			2477	1574
			2476	1574
			2475	1575
			2474	1576
			2473	1576
			2473	1577
			2472	1578
			2471	1578
			2470	1579
			2469	1580
			2468	1581
			2467	1582
			2466	1583
			2465	1584
			2464	1584
			2463	1585
			2463	1586
			2462	1587
			2461	1587
			2460	1588
		</Outline4>
	</curves.pixel>
	<curves.scaled type=list>
		<Outline1 type=matrix rownames=FALSE colnames=FALSE nrow=161 ncol=2 as.numeric=TRUE >
			23.3174936457444	-15.0521056542447
			23.3080149897908	-15.0615843101983
			23.3080149897908	-15.0710629661518
			23.2985363338372	-15.0805416221054
			23.2890576778837	-15.0900202780589
			23.2795790219301	-15.0994989340125
			23.2795790219301	-15.1089775899661
			23.2701003659766	-15.1184562459196
			23.260621710023	-15.1184562459196
			23.2511430540695	-15.1279349018732
			23.2511430540695	-15.1374135578267
			23.2416643981159	-15.1468922137803
			23.2321857421624	-15.1563708697338
			23.2227070862088	-15.1658495256874
			23.2227070862088	-15.1753281816409
			23.2132284302552	-15.1848068375945
			23.2037497743017	-15.194285493548
			23.1942711183481	-15.2037641495016
			23.1942711183481	-15.2132428054552
			23.1847924623946	-15.2227214614087
			23.175313806441	-15.2322001173623
			23.1658351504875	-15.2416787733158
			23.1658351504875	-15.2511574292694
			23.1563564945339	-15.2606360852229
			23.1563564945339	-15.2701147411765
			23.1468778385804	-15.27959339713
			23.1373991826268	-15.2890720530836
			23.1373991826268	-15.2985507090371
			23.1279205266733	-15.2985507090371
			23.1184418707197	-15.3080293649907
			23.1089632147661	-15.3175080209443
			23.1089632147661	-15.3269866768978
			23.0994845588126	-15.3364653328514
			23.090005902859	-15.3364653328514
			23.0805272469055	-15.3459439888049
			23.0710485909519	-15.3554226447585
			23.0615699349984	-15.364901300712
			23.0520912790448	-15.3743799566656
			23.0426126230913	-15.3743799566656
			23.0331339671377	-15.3838586126191
			23.0236553111842	-15.3933372685727
			23.0141766552306	-15.3933372685727
			23.004697999277	-15.4028159245262
			22.9952193433235	-15.4028159245262
			22.9857406873699	-15.4122945804798
			22.9762620314164	-15.4122945804798
			22.9667833754628	-15.4217732364334
			22.9573047195093	-15.4217732364334
			22.9478260635557	-15.4312518923869
			22.9383474076022	-15.4312518923869
			22.9288687516486	-15.4312518923869
			22.9193900956951	-15.4312518923869
			22.9099114397415	-15.4407305483405
			22.9004327837879	-15.4407305483405
			22.8909541278344	-15.4407305483405
			22.8814754718808	-15.4407305483405
			22.8719968159273	-15.4407305483405
			22.8625181599737	-15.4407305483405
			22.8530395040202	-15.4407305483405
			22.8435608480666	-15.450209204294
			22.8340821921131	-15.450209204294
			22.8246035361595	-15.450209204294
			22.815124880206	-15.450209204294
			22.8056462242524	-15.450209204294
			22.7961675682988	-15.450209204294
			22.7866889123453	-15.450209204294
			22.7772102563917	-15.450209204294
			22.7677316004382	-15.450209204294
			22.7582529444846	-15.450209204294
			22.7487742885311	-15.450209204294
			22.7392956325775	-15.450209204294
			22.729816976624	-15.450209204294
			22.7203383206704	-15.450209204294
			22.7108596647169	-15.450209204294
			22.7013810087633	-15.450209204294
			22.6919023528097	-15.450209204294
			22.6824236968562	-15.450209204294
			22.6729450409026	-15.450209204294
			22.6634663849491	-15.450209204294
			22.6539877289955	-15.450209204294
			22.644509073042	-15.450209204294
			22.6350304170884	-15.4407305483405
			22.6255517611349	-15.4407305483405
			22.6160731051813	-15.4407305483405
			22.6065944492278	-15.4407305483405
			22.5971157932742	-15.4407305483405
			22.5876371373206	-15.4407305483405
			22.5781584813671	-15.4312518923869
			22.5686798254135	-15.4312518923869
			22.55920116946	-15.4217732364334
			22.5497225135064	-15.4217732364334
			22.5402438575529	-15.4122945804798
			22.5307652015993	-15.4122945804798
			22.5212865456458	-15.4028159245262
			22.5118078896922	-15.3933372685727
			22.5023292337387	-15.3933372685727
			22.4928505777851	-15.3838586126191
			22.4833719218315	-15.3838586126191
			22.473893265878	-15.3743799566656
			22.4644146099244	-15.364901300712
			22.4644146099244	-15.3554226447585
			22.4549359539709	-15.3459439888049
			22.4549359539709	-15.3364653328514
			22.4454572980173	-15.3269866768978
			22.4454572980173	-15.3175080209443
			22.4454572980173	-15.3080293649907
			22.4359786420638	-15.2985507090371
			22.4359786420638	-15.2890720530836
			22.4359786420638	-15.27959339713
			22.4264999861102	-15.2701147411765
			22.4264999861102	-15.2606360852229
			22.4264999861102	-15.2511574292694
			22.4264999861102	-15.2416787733158
			22.4170213301567	-15.2322001173623
			22.4170213301567	-15.2227214614087
			22.4170213301567	-15.2132428054552
			22.4170213301567	-15.2037641495016
			22.4075426742031	-15.194285493548
			22.4075426742031	-15.1848068375945
			22.4075426742031	-15.1753281816409
			22.4075426742031	-15.1658495256874
			22.4075426742031	-15.1563708697338
			22.4075426742031	-15.1468922137803
			22.3980640182496	-15.1374135578267
			22.3980640182496	-15.1279349018732
			22.3980640182496	-15.1184562459196
			22.3980640182496	-15.1089775899661
			22.3980640182496	-15.0994989340125
			22.3980640182496	-15.0900202780589
			22.3980640182496	-15.0805416221054
			22.388585362296	-15.0710629661518
			22.388585362296	-15.0615843101983
			22.388585362296	-15.0521056542447
			22.388585362296	-15.0426269982912
			22.388585362296	-15.0331483423376
			22.388585362296	-15.0236696863841
			22.388585362296	-15.0141910304305
			22.388585362296	-15.004712374477
			22.388585362296	-14.9952337185234
			22.388585362296	-14.9857550625698
			22.388585362296	-14.9762764066163
			22.388585362296	-14.9667977506627
			22.3791067063424	-14.9573190947092
			22.3791067063424	-14.9478404387556
			22.3791067063424	-14.9383617828021
			22.3791067063424	-14.9288831268485
			22.3791067063424	-14.919404470895
			22.3791067063424	-14.9099258149414
			22.3791067063424	-14.9004471589879
			22.3791067063424	-14.8909685030343
			22.3791067063424	-14.8814898470807
			22.3791067063424	-14.8720111911272
			22.3791067063424	-14.8625325351736
			22.3791067063424	-14.8530538792201
			22.3791067063424	-14.8435752232665
			22.3791067063424	-14.834096567313
			22.3791067063424	-14.8246179113594
			22.3791067063424	-14.8151392554059
			22.3791067063424	-14.8056605994523
			22.3791067063424	-14.7961819434988
			22.3791067063424	-14.7867032875452
		</Outline1>
		<Outline2 type=matrix rownames=FALSE colnames=FALSE nrow=126 ncol=2 as.numeric=TRUE >
			22.3791067063424	-14.7867032875452
			22.3791067063424	-14.7772246315916
			22.3791067063424	-14.7677459756381
			22.3791067063424	-14.7582673196845
			22.3791067063424	-14.748788663731
			22.3791067063424	-14.7393100077774
			22.3791067063424	-14.7298313518239
			22.3791067063424	-14.7203526958703
			22.3696280503889	-14.7108740399168
			22.3696280503889	-14.7013953839632
			22.3696280503889	-14.6919167280097
			22.3696280503889	-14.6824380720561
			22.3696280503889	-14.6729594161025
			22.3696280503889	-14.663480760149
			22.3601493944353	-14.6540021041954
			22.3601493944353	-14.6445234482419
			22.3601493944353	-14.6350447922883
			22.3601493944353	-14.6255661363348
			22.3506707384818	-14.6255661363348
			22.3506707384818	-14.6160874803812
			22.3506707384818	-14.6066088244277
			22.3506707384818	-14.5971301684741
			22.3411920825282	-14.5876515125206
			22.3411920825282	-14.578172856567
			22.3411920825282	-14.5686942006134
			22.3411920825282	-14.5592155446599
			22.3317134265747	-14.5497368887063
			22.3317134265747	-14.5402582327528
			22.3317134265747	-14.5307795767992
			22.3317134265747	-14.5213009208457
			22.3317134265747	-14.5118222648921
			22.3222347706211	-14.5023436089386
			22.3222347706211	-14.492864952985
			22.3222347706211	-14.4833862970315
			22.3222347706211	-14.4739076410779
			22.3222347706211	-14.4644289851243
			22.3127561146676	-14.4549503291708
			22.3127561146676	-14.4454716732172
			22.3127561146676	-14.4359930172637
			22.3127561146676	-14.4265143613101
			22.3127561146676	-14.4170357053566
			22.3127561146676	-14.407557049403
			22.303277458714	-14.3980783934495
			22.303277458714	-14.3885997374959
			22.303277458714	-14.3791210815423
			22.303277458714	-14.3696424255888
			22.303277458714	-14.3601637696352
			22.303277458714	-14.3506851136817
			22.303277458714	-14.3412064577281
			22.303277458714	-14.3317278017746
			22.303277458714	-14.322249145821
			22.2937988027605	-14.3127704898675
			22.2937988027605	-14.3032918339139
			22.2937988027605	-14.2938131779604
			22.2937988027605	-14.2843345220068
			22.2937988027605	-14.2748558660532
			22.2937988027605	-14.2653772100997
			22.2937988027605	-14.2558985541461
			22.2937988027605	-14.2464198981926
			22.2937988027605	-14.236941242239
			22.2937988027605	-14.2274625862855
			22.2937988027605	-14.2179839303319
			22.2937988027605	-14.2085052743784
			22.2937988027605	-14.1990266184248
			22.2937988027605	-14.1895479624713
			22.2937988027605	-14.1800693065177
			22.2937988027605	-14.1705906505641
			22.2937988027605	-14.1611119946106
			22.2937988027605	-14.151633338657
			22.2937988027605	-14.1421546827035
			22.2937988027605	-14.1326760267499
			22.2937988027605	-14.1231973707964
			22.2937988027605	-14.1137187148428
			22.2937988027605	-14.1042400588893
			22.303277458714	-14.0947614029357
			22.3127561146676	-14.0852827469822
			22.3222347706211	-14.0758040910286
			22.3317134265747	-14.066325435075
			22.3317134265747	-14.0568467791215
			22.3411920825282	-14.0473681231679
			22.3506707384818	-14.0378894672144
			22.3601493944353	-14.0284108112608
			22.3696280503889	-14.0189321553073
			22.3791067063424	-14.0094534993537
			22.388585362296	-13.9999748434002
			22.3980640182496	-13.9904961874466
			22.4075426742031	-13.9904961874466
			22.4075426742031	-13.9810175314931
			22.4170213301567	-13.9810175314931
			22.4264999861102	-13.9715388755395
			22.4359786420638	-13.9620602195859
			22.4454572980173	-13.9620602195859
			22.4549359539709	-13.9525815636324
			22.4644146099244	-13.9431029076788
			22.473893265878	-13.9431029076788
			22.4833719218315	-13.9336242517253
			22.4928505777851	-13.9241455957717
			22.5023292337387	-13.9241455957717
			22.5118078896922	-13.9146669398182
			22.5212865456458	-13.9146669398182
			22.5307652015993	-13.9051882838646
			22.5402438575529	-13.9051882838646
			22.5497225135064	-13.9051882838646
			22.55920116946	-13.8957096279111
			22.5686798254135	-13.8957096279111
			22.5781584813671	-13.8862309719575
			22.5876371373206	-13.8862309719575
			22.5971157932742	-13.8862309719575
			22.6065944492278	-13.8862309719575
			22.6065944492278	-13.876752316004
			22.6160731051813	-13.876752316004
			22.6255517611349	-13.876752316004
			22.6350304170884	-13.876752316004
			22.644509073042	-13.876752316004
			22.6539877289955	-13.876752316004
			22.6634663849491	-13.8672736600504
			22.6729450409026	-13.8672736600504
			22.6824236968562	-13.8672736600504
			22.6919023528097	-13.8672736600504
			22.7013810087633	-13.8672736600504
			22.7108596647169	-13.8672736600504
			22.7203383206704	-13.8672736600504
			22.729816976624	-13.8672736600504
			22.7392956325775	-13.8672736600504
			22.7487742885311	-13.8672736600504
			22.7582529444846	-13.8672736600504
		</Outline2>
		<Outline3 type=matrix rownames=FALSE colnames=FALSE nrow=116 ncol=2 as.numeric=TRUE >
			22.7582529444846	-13.8672736600504
			22.7677316004382	-13.8672736600504
			22.7772102563917	-13.8577950040968
			22.7866889123453	-13.8577950040968
			22.7961675682988	-13.8577950040968
			22.8056462242524	-13.8577950040968
			22.8056462242524	-13.8483163481433
			22.815124880206	-13.8483163481433
			22.8246035361595	-13.8483163481433
			22.8340821921131	-13.8483163481433
			22.8435608480666	-13.8388376921897
			22.8530395040202	-13.8388376921897
			22.8625181599737	-13.8388376921897
			22.8719968159273	-13.8388376921897
			22.8814754718808	-13.8293590362362
			22.8909541278344	-13.8293590362362
			22.9004327837879	-13.8293590362362
			22.9099114397415	-13.8198803802826
			22.9193900956951	-13.8198803802826
			22.9288687516486	-13.8198803802826
			22.9383474076022	-13.8198803802826
			22.9383474076022	-13.8104017243291
			22.9478260635557	-13.8104017243291
			22.9573047195093	-13.8104017243291
			22.9667833754628	-13.8009230683755
			22.9762620314164	-13.8009230683755
			22.9857406873699	-13.8009230683755
			22.9952193433235	-13.791444412422
			23.004697999277	-13.791444412422
			23.0141766552306	-13.7819657564684
			23.0236553111842	-13.7819657564684
			23.0331339671377	-13.7819657564684
			23.0426126230913	-13.7819657564684
			23.0520912790448	-13.7724871005149
			23.0615699349984	-13.7724871005149
			23.0710485909519	-13.7724871005149
			23.0805272469055	-13.7724871005149
			23.090005902859	-13.7724871005149
			23.0994845588126	-13.7724871005149
			23.1089632147661	-13.7724871005149
			23.1184418707197	-13.7630084445613
			23.1279205266733	-13.7630084445613
			23.1373991826268	-13.7630084445613
			23.1468778385804	-13.7630084445613
			23.1563564945339	-13.7630084445613
			23.1658351504875	-13.7630084445613
			23.175313806441	-13.7630084445613
			23.1847924623946	-13.7630084445613
			23.1942711183481	-13.7535297886077
			23.2037497743017	-13.7535297886077
			23.2132284302552	-13.7535297886077
			23.2227070862088	-13.7535297886077
			23.2321857421624	-13.7535297886077
			23.2416643981159	-13.7535297886077
			23.2511430540695	-13.7535297886077
			23.260621710023	-13.7535297886077
			23.2701003659766	-13.7630084445613
			23.2795790219301	-13.7630084445613
			23.2890576778837	-13.7630084445613
			23.2985363338372	-13.7630084445613
			23.3080149897908	-13.7630084445613
			23.3174936457444	-13.7630084445613
			23.3269723016979	-13.7724871005149
			23.3364509576515	-13.7724871005149
			23.345929613605	-13.7724871005149
			23.3554082695586	-13.7724871005149
			23.3648869255121	-13.7724871005149
			23.3743655814657	-13.7819657564684
			23.3838442374192	-13.7819657564684
			23.3933228933728	-13.7819657564684
			23.4028015493263	-13.791444412422
			23.4122802052799	-13.791444412422
			23.4217588612335	-13.791444412422
			23.431237517187	-13.8009230683755
			23.4407161731406	-13.8009230683755
			23.4501948290941	-13.8104017243291
			23.4596734850477	-13.8198803802826
			23.4691521410012	-13.8198803802826
			23.4786307969548	-13.8293590362362
			23.4881094529083	-13.8293590362362
			23.4975881088619	-13.8388376921897
			23.5070667648154	-13.8483163481433
			23.516545420769	-13.8483163481433
			23.5260240767226	-13.8577950040968
			23.5355027326761	-13.8672736600504
			23.5449813886297	-13.876752316004
			23.5544600445832	-13.8862309719575
			23.5639387005368	-13.8957096279111
			23.5734173564903	-13.9051882838646
			23.5828960124439	-13.9146669398182
			23.5923746683974	-13.9146669398182
			23.601853324351	-13.9241455957717
			23.6113319803045	-13.9336242517253
			23.6208106362581	-13.9336242517253
			23.6208106362581	-13.9431029076788
			23.6302892922117	-13.9431029076788
			23.6397679481652	-13.9525815636324
			23.6492466041188	-13.9620602195859
			23.6587252600723	-13.9715388755395
			23.6682039160259	-13.9810175314931
			23.6682039160259	-13.9904961874466
			23.6776825719794	-13.9999748434002
			23.687161227933	-14.0094534993537
			23.6966398838865	-14.0094534993537
			23.7061185398401	-14.0189321553073
			23.7155971957936	-14.0284108112608
			23.7155971957936	-14.0378894672144
			23.7250758517472	-14.0378894672144
			23.7345545077008	-14.0473681231679
			23.7345545077008	-14.0568467791215
			23.7440331636543	-14.066325435075
			23.7535118196079	-14.0758040910286
			23.7629904755614	-14.0852827469822
			23.772469131515	-14.0947614029357
			23.772469131515	-14.1042400588893
			23.7819477874685	-14.1137187148428
		</Outline3>
		<Outline4 type=matrix rownames=FALSE colnames=FALSE nrow=113 ncol=2 as.numeric=TRUE >
			23.7819477874685	-14.1137187148428
			23.7914264434221	-14.1231973707964
			23.7914264434221	-14.1326760267499
			23.7914264434221	-14.1421546827035
			23.8009050993756	-14.151633338657
			23.8009050993756	-14.1611119946106
			23.8103837553292	-14.1705906505641
			23.8103837553292	-14.1800693065177
			23.8103837553292	-14.1895479624713
			23.8198624112827	-14.1990266184248
			23.8198624112827	-14.2085052743784
			23.8198624112827	-14.2179839303319
			23.8293410672363	-14.2274625862855
			23.8293410672363	-14.236941242239
			23.8293410672363	-14.2464198981926
			23.8388197231899	-14.2558985541461
			23.8388197231899	-14.2653772100997
			23.8388197231899	-14.2748558660532
			23.8388197231899	-14.2843345220068
			23.8482983791434	-14.2938131779604
			23.8482983791434	-14.3032918339139
			23.8482983791434	-14.3127704898675
			23.8482983791434	-14.322249145821
			23.8482983791434	-14.3317278017746
			23.8482983791434	-14.3412064577281
			23.8482983791434	-14.3506851136817
			23.857777035097	-14.3601637696352
			23.857777035097	-14.3696424255888
			23.857777035097	-14.3791210815423
			23.857777035097	-14.3885997374959
			23.857777035097	-14.3980783934495
			23.857777035097	-14.407557049403
			23.857777035097	-14.4170357053566
			23.857777035097	-14.4265143613101
			23.857777035097	-14.4359930172637
			23.857777035097	-14.4454716732172
			23.857777035097	-14.4549503291708
			23.857777035097	-14.4644289851243
			23.857777035097	-14.4739076410779
			23.857777035097	-14.4833862970315
			23.857777035097	-14.492864952985
			23.8482983791434	-14.5023436089386
			23.8482983791434	-14.5118222648921
			23.8482983791434	-14.5213009208457
			23.8388197231899	-14.5307795767992
			23.8388197231899	-14.5402582327528
			23.8388197231899	-14.5497368887063
			23.8293410672363	-14.5592155446599
			23.8293410672363	-14.5686942006134
			23.8293410672363	-14.578172856567
			23.8198624112827	-14.5876515125206
			23.8198624112827	-14.5971301684741
			23.8198624112827	-14.6066088244277
			23.8103837553292	-14.6160874803812
			23.8103837553292	-14.6255661363348
			23.8009050993756	-14.6350447922883
			23.8009050993756	-14.6445234482419
			23.7914264434221	-14.6540021041954
			23.7914264434221	-14.663480760149
			23.7819477874685	-14.6729594161025
			23.772469131515	-14.6824380720561
			23.7629904755614	-14.6919167280097
			23.7535118196079	-14.7013953839632
			23.7440331636543	-14.7108740399168
			23.7345545077008	-14.7203526958703
			23.7250758517472	-14.7298313518239
			23.7155971957936	-14.7393100077774
			23.7061185398401	-14.748788663731
			23.6966398838865	-14.7582673196845
			23.687161227933	-14.7677459756381
			23.6776825719794	-14.7772246315916
			23.6682039160259	-14.7867032875452
			23.6587252600723	-14.7961819434988
			23.6492466041188	-14.8056605994523
			23.6397679481652	-14.8056605994523
			23.6397679481652	-14.8151392554059
			23.6302892922117	-14.8151392554059
			23.6208106362581	-14.8246179113594
			23.6113319803045	-14.8246179113594
			23.601853324351	-14.834096567313
			23.5923746683974	-14.8435752232665
			23.5828960124439	-14.8435752232665
			23.5734173564903	-14.8530538792201
			23.5639387005368	-14.8530538792201
			23.5639387005368	-14.8625325351736
			23.5544600445832	-14.8625325351736
			23.5449813886297	-14.8720111911272
			23.5355027326761	-14.8720111911272
			23.5260240767226	-14.8814898470807
			23.516545420769	-14.8909685030343
			23.5070667648154	-14.9004471589879
			23.4975881088619	-14.9004471589879
			23.4881094529083	-14.9099258149414
			23.4786307969548	-14.919404470895
			23.4691521410012	-14.919404470895
			23.4596734850477	-14.9288831268485
			23.4501948290941	-14.9383617828021
			23.4407161731406	-14.9383617828021
			23.4407161731406	-14.9478404387556
			23.431237517187	-14.9573190947092
			23.4217588612335	-14.9573190947092
			23.4122802052799	-14.9667977506627
			23.4028015493263	-14.9762764066163
			23.3933228933728	-14.9857550625698
			23.3838442374192	-14.9952337185234
			23.3743655814657	-15.004712374477
			23.3648869255121	-15.0141910304305
			23.3554082695586	-15.0141910304305
			23.345929613605	-15.0236696863841
			23.345929613605	-15.0331483423376
			23.3364509576515	-15.0426269982912
			23.3269723016979	-15.0426269982912
			23.3174936457444	-15.0521056542447
		</Outline4>
	</curves.scaled>
	<ruler.points type=matrix rownames=TRUE colnames=FALSE nrow=2 ncol=2 as.numeric=TRUE >
		Ruler point 1	3359	2605
		Ruler point 2	2304	2603
	</ruler.points>
</shapes>

