<shapes type=list>
	<ruler.pixel type=vector names=FALSE length=1 as.numeric=TRUE >690.002898544637</ruler.pixel>
	<ruler.interval type=vector names=FALSE length=1 as.numeric=TRUE >10</ruler.interval>
	<scaling.units type=vector names=FALSE length=1 as.numeric=FALSE >mm</scaling.units>
	<scaling type=vector names=FALSE length=1 as.numeric=TRUE >0.0144926927424394</scaling>
	<landmarks.pixel type=matrix rownames=TRUE colnames=FALSE nrow=4 ncol=2 as.numeric=TRUE >
		Labial	2665	2053
		Posterior	2526	2015
		Lingual	2583	1885
		Anterior	2722	1920
	</landmarks.pixel>
	<landmarks.scaled type=matrix rownames=TRUE colnames=FALSE nrow=4 ncol=2 as.numeric=TRUE >
		Labial	38.623026158601	-29.7534982002281
		Posterior	36.6085418674019	-29.2027758760154
		Lingual	37.434625353721	-27.3187258194983
		Anterior	39.44910964492	-27.8259700654836
	</landmarks.scaled>
	<curves.control type=list>
		<Outline1 type=matrix rownames=FALSE colnames=FALSE nrow=17 ncol=2 as.numeric=TRUE >
			2665	2053
			2654	2061
			2643	2069
			2632	2076
			2620	2083
			2610	2089
			2600	2093
			2588	2096
			2575	2096
			2564	2093
			2555	2086
			2545	2077
			2539	2066
			2534	2054
			2531	2043
			2528	2029
			2526	2015
		</Outline1>
		<Outline2 type=matrix rownames=FALSE colnames=FALSE nrow=13 ncol=2 as.numeric=TRUE >
			2526	2015
			2522	2000
			2520	1985
			2519	1970
			2520	1953
			2521	1940
			2525	1927
			2530	1916
			2535	1909
			2545	1901
			2553	1896
			2563	1891
			2583	1885
		</Outline2>
		<Outline3 type=matrix rownames=FALSE colnames=FALSE nrow=13 ncol=2 as.numeric=TRUE >
			2583	1885
			2596	1881
			2608	1877
			2625	1873
			2637	1870
			2653	1869
			2665	1870
			2678	1873
			2689	1881
			2699	1889
			2706	1896
			2714	1903
			2722	1920
		</Outline3>
		<Outline4 type=matrix rownames=FALSE colnames=FALSE nrow=13 ncol=2 as.numeric=TRUE >
			2722	1920
			2727	1934
			2729	1948
			2730	1959
			2732	1971
			2731	1986
			2727	1997
			2722	2009
			2714	2020
			2705	2030
			2695	2038
			2682	2046
			2665	2053
		</Outline4>
	</curves.control>
	<curves.pixel type=list>
		<Outline1 type=matrix rownames=FALSE colnames=FALSE nrow=189 ncol=2 as.numeric=TRUE >
			2665	2053
			2664	2054
			2663	2054
			2662	2055
			2662	2056
			2661	2056
			2660	2057
			2659	2057
			2658	2058
			2657	2059
			2656	2059
			2655	2060
			2655	2061
			2654	2061
			2653	2062
			2652	2062
			2651	2063
			2650	2064
			2649	2064
			2649	2065
			2648	2066
			2647	2066
			2646	2067
			2645	2068
			2644	2068
			2643	2069
			2642	2069
			2642	2070
			2641	2070
			2640	2071
			2639	2072
			2638	2072
			2637	2073
			2636	2073
			2635	2074
			2634	2074
			2634	2075
			2633	2075
			2632	2076
			2631	2077
			2630	2077
			2629	2078
			2628	2078
			2627	2079
			2626	2079
			2625	2080
			2624	2080
			2623	2081
			2623	2082
			2622	2082
			2621	2083
			2620	2083
			2619	2084
			2618	2084
			2617	2085
			2616	2085
			2615	2086
			2614	2086
			2613	2087
			2612	2087
			2611	2088
			2610	2088
			2609	2089
			2608	2089
			2607	2090
			2606	2090
			2605	2091
			2604	2091
			2604	2092
			2603	2092
			2602	2092
			2601	2093
			2600	2093
			2599	2093
			2598	2094
			2597	2094
			2596	2094
			2595	2094
			2594	2094
			2593	2095
			2592	2095
			2591	2095
			2590	2095
			2589	2095
			2588	2095
			2587	2095
			2586	2095
			2585	2096
			2584	2096
			2583	2096
			2582	2096
			2581	2096
			2580	2096
			2579	2096
			2578	2096
			2577	2096
			2576	2096
			2575	2096
			2574	2096
			2573	2095
			2572	2095
			2571	2095
			2570	2094
			2569	2094
			2568	2094
			2567	2093
			2566	2093
			2565	2092
			2564	2092
			2563	2091
			2562	2091
			2561	2090
			2560	2089
			2559	2089
			2558	2088
			2557	2087
			2556	2087
			2555	2086
			2554	2085
			2553	2084
			2552	2083
			2551	2082
			2550	2081
			2549	2080
			2548	2079
			2548	2078
			2547	2077
			2546	2076
			2545	2075
			2544	2074
			2544	2073
			2543	2072
			2542	2071
			2541	2070
			2541	2069
			2540	2068
			2539	2067
			2539	2066
			2539	2065
			2538	2064
			2538	2063
			2537	2062
			2537	2061
			2536	2060
			2536	2059
			2536	2058
			2536	2057
			2535	2056
			2535	2055
			2534	2054
			2534	2053
			2534	2052
			2533	2051
			2533	2050
			2533	2049
			2532	2048
			2532	2047
			2532	2046
			2532	2045
			2531	2044
			2531	2043
			2531	2042
			2531	2041
			2530	2040
			2530	2039
			2530	2038
			2530	2037
			2530	2036
			2529	2035
			2529	2034
			2529	2033
			2529	2032
			2529	2031
			2528	2030
			2528	2029
			2528	2028
			2528	2027
			2528	2026
			2528	2025
			2527	2024
			2527	2023
			2527	2022
			2527	2021
			2527	2020
			2527	2019
			2526	2018
			2526	2017
			2526	2016
			2526	2015
		</Outline1>
		<Outline2 type=matrix rownames=FALSE colnames=FALSE nrow=156 ncol=2 as.numeric=TRUE >
			2526	2015
			2526	2014
			2525	2013
			2525	2012
			2525	2011
			2525	2010
			2524	2009
			2524	2008
			2524	2007
			2524	2006
			2524	2005
			2523	2004
			2523	2003
			2523	2002
			2523	2001
			2522	2000
			2522	1999
			2522	1998
			2522	1997
			2522	1996
			2522	1995
			2521	1994
			2521	1993
			2521	1992
			2521	1991
			2521	1990
			2521	1989
			2520	1988
			2520	1987
			2520	1986
			2520	1985
			2520	1984
			2520	1983
			2520	1982
			2520	1981
			2520	1980
			2520	1979
			2520	1978
			2520	1977
			2520	1976
			2520	1975
			2520	1974
			2520	1973
			2520	1972
			2520	1971
			2520	1970
			2520	1969
			2520	1968
			2520	1967
			2520	1966
			2520	1965
			2520	1964
			2520	1963
			2520	1962
			2520	1961
			2520	1960
			2520	1959
			2520	1958
			2520	1957
			2520	1956
			2520	1955
			2520	1954
			2520	1953
			2520	1952
			2520	1951
			2520	1950
			2520	1949
			2520	1948
			2521	1947
			2521	1946
			2521	1945
			2521	1944
			2521	1943
			2521	1942
			2522	1941
			2522	1940
			2522	1939
			2522	1938
			2522	1937
			2523	1936
			2523	1935
			2523	1934
			2523	1933
			2524	1932
			2524	1931
			2524	1930
			2524	1929
			2525	1928
			2525	1927
			2526	1926
			2526	1925
			2526	1924
			2527	1923
			2527	1922
			2528	1921
			2528	1920
			2529	1919
			2529	1918
			2530	1917
			2531	1916
			2531	1915
			2532	1914
			2533	1913
			2533	1912
			2534	1911
			2534	1910
			2535	1909
			2536	1908
			2537	1907
			2538	1907
			2539	1906
			2540	1905
			2541	1904
			2542	1904
			2543	1903
			2544	1902
			2545	1901
			2546	1901
			2547	1900
			2548	1899
			2549	1899
			2550	1898
			2551	1898
			2551	1897
			2552	1896
			2553	1896
			2554	1895
			2555	1895
			2556	1895
			2557	1894
			2558	1894
			2559	1893
			2560	1893
			2561	1892
			2562	1892
			2563	1892
			2564	1891
			2565	1891
			2566	1891
			2567	1890
			2568	1890
			2569	1889
			2570	1889
			2571	1889
			2572	1889
			2573	1888
			2574	1888
			2575	1888
			2576	1887
			2577	1887
			2578	1887
			2579	1886
			2580	1886
			2581	1886
			2582	1885
			2583	1885
		</Outline2>
		<Outline3 type=matrix rownames=FALSE colnames=FALSE nrow=152 ncol=2 as.numeric=TRUE >
			2583	1885
			2584	1885
			2585	1884
			2586	1884
			2587	1884
			2588	1884
			2589	1883
			2590	1883
			2591	1883
			2592	1882
			2593	1882
			2594	1882
			2595	1881
			2596	1881
			2597	1880
			2598	1880
			2599	1880
			2600	1880
			2601	1879
			2602	1879
			2603	1879
			2604	1878
			2605	1878
			2606	1878
			2607	1877
			2608	1877
			2609	1877
			2610	1876
			2611	1876
			2612	1876
			2613	1876
			2614	1876
			2614	1875
			2615	1875
			2616	1875
			2617	1875
			2618	1875
			2619	1874
			2620	1874
			2621	1874
			2622	1874
			2623	1873
			2624	1873
			2625	1873
			2626	1873
			2627	1872
			2628	1872
			2629	1872
			2630	1872
			2631	1872
			2631	1871
			2632	1871
			2633	1871
			2634	1871
			2635	1871
			2636	1870
			2637	1870
			2638	1870
			2639	1870
			2640	1870
			2641	1870
			2642	1870
			2643	1870
			2644	1870
			2645	1870
			2646	1870
			2647	1870
			2648	1870
			2649	1870
			2650	1870
			2651	1870
			2652	1870
			2653	1870
			2654	1870
			2655	1870
			2656	1870
			2657	1870
			2658	1870
			2659	1870
			2660	1870
			2661	1870
			2662	1870
			2663	1870
			2664	1870
			2665	1870
			2666	1870
			2667	1871
			2668	1871
			2669	1871
			2670	1871
			2671	1872
			2672	1872
			2673	1872
			2674	1873
			2675	1873
			2676	1874
			2677	1874
			2678	1874
			2679	1875
			2680	1876
			2681	1876
			2682	1877
			2683	1877
			2684	1878
			2685	1878
			2686	1879
			2687	1880
			2688	1880
			2689	1881
			2690	1882
			2691	1882
			2692	1883
			2692	1884
			2693	1884
			2694	1885
			2695	1886
			2696	1887
			2697	1888
			2698	1889
			2699	1889
			2700	1890
			2701	1891
			2701	1892
			2702	1892
			2703	1893
			2704	1894
			2705	1895
			2706	1896
			2707	1897
			2708	1898
			2709	1899
			2710	1900
			2711	1901
			2712	1902
			2712	1903
			2713	1904
			2714	1905
			2715	1906
			2715	1907
			2716	1908
			2716	1909
			2717	1910
			2717	1911
			2718	1912
			2718	1913
			2719	1914
			2719	1915
			2720	1916
			2720	1917
			2721	1918
			2721	1919
			2722	1920
		</Outline3>
		<Outline4 type=matrix rownames=FALSE colnames=FALSE nrow=156 ncol=2 as.numeric=TRUE >
			2722	1920
			2722	1921
			2723	1922
			2723	1923
			2723	1924
			2724	1925
			2724	1926
			2724	1927
			2725	1928
			2725	1929
			2725	1930
			2726	1931
			2726	1932
			2726	1933
			2726	1934
			2727	1935
			2727	1936
			2727	1937
			2727	1938
			2727	1939
			2728	1940
			2728	1941
			2728	1942
			2728	1943
			2728	1944
			2729	1945
			2729	1946
			2729	1947
			2729	1948
			2729	1949
			2729	1950
			2729	1951
			2729	1952
			2729	1953
			2730	1954
			2730	1955
			2730	1956
			2730	1957
			2730	1958
			2730	1959
			2730	1960
			2730	1961
			2731	1962
			2731	1963
			2731	1964
			2731	1965
			2731	1966
			2731	1967
			2731	1968
			2732	1969
			2732	1970
			2732	1971
			2732	1972
			2732	1973
			2732	1974
			2732	1975
			2732	1976
			2731	1977
			2731	1978
			2731	1979
			2731	1980
			2731	1981
			2731	1982
			2731	1983
			2730	1984
			2730	1985
			2730	1986
			2730	1987
			2730	1988
			2729	1989
			2729	1990
			2729	1991
			2729	1992
			2728	1993
			2728	1994
			2728	1995
			2727	1996
			2727	1997
			2726	1998
			2726	1999
			2726	2000
			2725	2001
			2725	2002
			2724	2003
			2724	2004
			2723	2005
			2723	2006
			2722	2007
			2722	2008
			2721	2009
			2721	2010
			2720	2011
			2720	2012
			2719	2012
			2718	2013
			2718	2014
			2717	2015
			2717	2016
			2716	2017
			2716	2018
			2715	2019
			2714	2019
			2714	2020
			2713	2021
			2712	2022
			2712	2023
			2711	2023
			2710	2024
			2709	2025
			2709	2026
			2708	2026
			2707	2027
			2707	2028
			2706	2029
			2705	2029
			2704	2030
			2704	2031
			2703	2031
			2702	2032
			2701	2033
			2700	2034
			2699	2035
			2698	2036
			2697	2036
			2696	2037
			2695	2038
			2694	2039
			2693	2039
			2692	2040
			2691	2040
			2690	2041
			2689	2042
			2688	2042
			2687	2043
			2686	2043
			2685	2044
			2684	2044
			2683	2045
			2682	2045
			2681	2046
			2680	2046
			2679	2047
			2678	2047
			2677	2048
			2676	2048
			2675	2049
			2674	2049
			2673	2050
			2672	2050
			2671	2050
			2670	2051
			2669	2051
			2668	2052
			2667	2052
			2666	2053
			2665	2053
		</Outline4>
	</curves.pixel>
	<curves.scaled type=list>
		<Outline1 type=matrix rownames=FALSE colnames=FALSE nrow=189 ncol=2 as.numeric=TRUE >
			38.623026158601	-29.7534982002281
			38.6085334658585	-29.7679908929705
			38.5940407731161	-29.7679908929705
			38.5795480803737	-29.782483585713
			38.5795480803737	-29.7969762784554
			38.5650553876312	-29.7969762784554
			38.5505626948888	-29.8114689711978
			38.5360700021464	-29.8114689711978
			38.5215773094039	-29.8259616639403
			38.5070846166615	-29.8404543566827
			38.492591923919	-29.8404543566827
			38.4780992311766	-29.8549470494252
			38.4780992311766	-29.8694397421676
			38.4636065384341	-29.8694397421676
			38.4491138456917	-29.88393243491
			38.4346211529493	-29.88393243491
			38.4201284602068	-29.8984251276525
			38.4056357674644	-29.9129178203949
			38.391143074722	-29.9129178203949
			38.391143074722	-29.9274105131373
			38.3766503819795	-29.9419032058798
			38.3621576892371	-29.9419032058798
			38.3476649964946	-29.9563958986222
			38.3331723037522	-29.9708885913647
			38.3186796110098	-29.9708885913647
			38.3041869182673	-29.9853812841071
			38.2896942255249	-29.9853812841071
			38.2896942255249	-29.9998739768495
			38.2752015327824	-29.9998739768495
			38.26070884004	-30.014366669592
			38.2462161472976	-30.0288593623344
			38.2317234545551	-30.0288593623344
			38.2172307618127	-30.0433520550769
			38.2027380690702	-30.0433520550769
			38.1882453763278	-30.0578447478193
			38.1737526835854	-30.0578447478193
			38.1737526835854	-30.0723374405617
			38.1592599908429	-30.0723374405617
			38.1447672981005	-30.0868301333042
			38.130274605358	-30.1013228260466
			38.1157819126156	-30.1013228260466
			38.1012892198732	-30.1158155187891
			38.0867965271307	-30.1158155187891
			38.0723038343883	-30.1303082115315
			38.0578111416458	-30.1303082115315
			38.0433184489034	-30.1448009042739
			38.028825756161	-30.1448009042739
			38.0143330634185	-30.1592935970164
			38.0143330634185	-30.1737862897588
			37.9998403706761	-30.1737862897588
			37.9853476779337	-30.1882789825013
			37.9708549851912	-30.1882789825013
			37.9563622924488	-30.2027716752437
			37.9418695997063	-30.2027716752437
			37.9273769069639	-30.2172643679861
			37.9128842142215	-30.2172643679861
			37.898391521479	-30.2317570607286
			37.8838988287366	-30.2317570607286
			37.8694061359941	-30.246249753471
			37.8549134432517	-30.246249753471
			37.8404207505093	-30.2607424462135
			37.8259280577668	-30.2607424462135
			37.8114353650244	-30.2752351389559
			37.7969426722819	-30.2752351389559
			37.7824499795395	-30.2897278316983
			37.7679572867971	-30.2897278316983
			37.7534645940546	-30.3042205244408
			37.7389719013122	-30.3042205244408
			37.7389719013122	-30.3187132171832
			37.7244792085697	-30.3187132171832
			37.7099865158273	-30.3187132171832
			37.6954938230849	-30.3332059099257
			37.6810011303424	-30.3332059099257
			37.6665084376	-30.3332059099257
			37.6520157448575	-30.3476986026681
			37.6375230521151	-30.3476986026681
			37.6230303593727	-30.3476986026681
			37.6085376666302	-30.3476986026681
			37.5940449738878	-30.3476986026681
			37.5795522811453	-30.3621912954105
			37.5650595884029	-30.3621912954105
			37.5505668956605	-30.3621912954105
			37.536074202918	-30.3621912954105
			37.5215815101756	-30.3621912954105
			37.5070888174332	-30.3621912954105
			37.4925961246907	-30.3621912954105
			37.4781034319483	-30.3621912954105
			37.4636107392058	-30.376683988153
			37.4491180464634	-30.376683988153
			37.434625353721	-30.376683988153
			37.4201326609785	-30.376683988153
			37.4056399682361	-30.376683988153
			37.3911472754936	-30.376683988153
			37.3766545827512	-30.376683988153
			37.3621618900088	-30.376683988153
			37.3476691972663	-30.376683988153
			37.3331765045239	-30.376683988153
			37.3186838117814	-30.376683988153
			37.304191119039	-30.376683988153
			37.2896984262966	-30.3621912954105
			37.2752057335541	-30.3621912954105
			37.2607130408117	-30.3621912954105
			37.2462203480692	-30.3476986026681
			37.2317276553268	-30.3476986026681
			37.2172349625844	-30.3476986026681
			37.2027422698419	-30.3332059099257
			37.1882495770995	-30.3332059099257
			37.173756884357	-30.3187132171832
			37.1592641916146	-30.3187132171832
			37.1447714988722	-30.3042205244408
			37.1302788061297	-30.3042205244408
			37.1157861133873	-30.2897278316983
			37.1012934206449	-30.2752351389559
			37.0868007279024	-30.2752351389559
			37.07230803516	-30.2607424462135
			37.0578153424175	-30.246249753471
			37.0433226496751	-30.246249753471
			37.0288299569327	-30.2317570607286
			37.0143372641902	-30.2172643679861
			36.9998445714478	-30.2027716752437
			36.9853518787053	-30.1882789825013
			36.9708591859629	-30.1737862897588
			36.9563664932205	-30.1592935970164
			36.941873800478	-30.1448009042739
			36.9273811077356	-30.1303082115315
			36.9273811077356	-30.1158155187891
			36.9128884149931	-30.1013228260466
			36.8983957222507	-30.0868301333042
			36.8839030295083	-30.0723374405617
			36.8694103367658	-30.0578447478193
			36.8694103367658	-30.0433520550769
			36.8549176440234	-30.0288593623344
			36.8404249512809	-30.014366669592
			36.8259322585385	-29.9998739768495
			36.8259322585385	-29.9853812841071
			36.8114395657961	-29.9708885913647
			36.7969468730536	-29.9563958986222
			36.7969468730536	-29.9419032058798
			36.7969468730536	-29.9274105131373
			36.7824541803112	-29.9129178203949
			36.7824541803112	-29.8984251276525
			36.7679614875687	-29.88393243491
			36.7679614875687	-29.8694397421676
			36.7534687948263	-29.8549470494252
			36.7534687948263	-29.8404543566827
			36.7534687948263	-29.8259616639403
			36.7534687948263	-29.8114689711978
			36.7389761020839	-29.7969762784554
			36.7389761020839	-29.782483585713
			36.7244834093414	-29.7679908929705
			36.7244834093414	-29.7534982002281
			36.7244834093414	-29.7390055074856
			36.709990716599	-29.7245128147432
			36.709990716599	-29.7100201220008
			36.709990716599	-29.6955274292583
			36.6954980238565	-29.6810347365159
			36.6954980238565	-29.6665420437734
			36.6954980238565	-29.652049351031
			36.6954980238565	-29.6375566582886
			36.6810053311141	-29.6230639655461
			36.6810053311141	-29.6085712728037
			36.6810053311141	-29.5940785800612
			36.6810053311141	-29.5795858873188
			36.6665126383717	-29.5650931945764
			36.6665126383717	-29.5506005018339
			36.6665126383717	-29.5361078090915
			36.6665126383717	-29.521615116349
			36.6665126383717	-29.5071224236066
			36.6520199456292	-29.4926297308642
			36.6520199456292	-29.4781370381217
			36.6520199456292	-29.4636443453793
			36.6520199456292	-29.4491516526368
			36.6520199456292	-29.4346589598944
			36.6375272528868	-29.420166267152
			36.6375272528868	-29.4056735744095
			36.6375272528868	-29.3911808816671
			36.6375272528868	-29.3766881889247
			36.6375272528868	-29.3621954961822
			36.6375272528868	-29.3477028034398
			36.6230345601443	-29.3332101106973
			36.6230345601443	-29.3187174179549
			36.6230345601443	-29.3042247252125
			36.6230345601443	-29.28973203247
			36.6230345601443	-29.2752393397276
			36.6230345601443	-29.2607466469851
			36.6085418674019	-29.2462539542427
			36.6085418674019	-29.2317612615003
			36.6085418674019	-29.2172685687578
			36.6085418674019	-29.2027758760154
		</Outline1>
		<Outline2 type=matrix rownames=FALSE colnames=FALSE nrow=156 ncol=2 as.numeric=TRUE >
			36.6085418674019	-29.2027758760154
			36.6085418674019	-29.1882831832729
			36.5940491746595	-29.1737904905305
			36.5940491746595	-29.1592977977881
			36.5940491746595	-29.1448051050456
			36.5940491746595	-29.1303124123032
			36.579556481917	-29.1158197195607
			36.579556481917	-29.1013270268183
			36.579556481917	-29.0868343340759
			36.579556481917	-29.0723416413334
			36.579556481917	-29.057848948591
			36.5650637891746	-29.0433562558485
			36.5650637891746	-29.0288635631061
			36.5650637891746	-29.0143708703637
			36.5650637891746	-28.9998781776212
			36.5505710964322	-28.9853854848788
			36.5505710964322	-28.9708927921364
			36.5505710964322	-28.9564000993939
			36.5505710964322	-28.9419074066515
			36.5505710964322	-28.927414713909
			36.5505710964322	-28.9129220211666
			36.5360784036897	-28.8984293284242
			36.5360784036897	-28.8839366356817
			36.5360784036897	-28.8694439429393
			36.5360784036897	-28.8549512501968
			36.5360784036897	-28.8404585574544
			36.5360784036897	-28.825965864712
			36.5215857109473	-28.8114731719695
			36.5215857109473	-28.7969804792271
			36.5215857109473	-28.7824877864846
			36.5215857109473	-28.7679950937422
			36.5215857109473	-28.7535024009998
			36.5215857109473	-28.7390097082573
			36.5215857109473	-28.7245170155149
			36.5215857109473	-28.7100243227724
			36.5215857109473	-28.69553163003
			36.5215857109473	-28.6810389372876
			36.5215857109473	-28.6665462445451
			36.5215857109473	-28.6520535518027
			36.5215857109473	-28.6375608590602
			36.5215857109473	-28.6230681663178
			36.5215857109473	-28.6085754735754
			36.5215857109473	-28.5940827808329
			36.5215857109473	-28.5795900880905
			36.5215857109473	-28.565097395348
			36.5215857109473	-28.5506047026056
			36.5215857109473	-28.5361120098632
			36.5215857109473	-28.5216193171207
			36.5215857109473	-28.5071266243783
			36.5215857109473	-28.4926339316359
			36.5215857109473	-28.4781412388934
			36.5215857109473	-28.463648546151
			36.5215857109473	-28.4491558534085
			36.5215857109473	-28.4346631606661
			36.5215857109473	-28.4201704679237
			36.5215857109473	-28.4056777751812
			36.5215857109473	-28.3911850824388
			36.5215857109473	-28.3766923896963
			36.5215857109473	-28.3621996969539
			36.5215857109473	-28.3477070042115
			36.5215857109473	-28.333214311469
			36.5215857109473	-28.3187216187266
			36.5215857109473	-28.3042289259841
			36.5215857109473	-28.2897362332417
			36.5215857109473	-28.2752435404993
			36.5215857109473	-28.2607508477568
			36.5215857109473	-28.2462581550144
			36.5215857109473	-28.2317654622719
			36.5360784036897	-28.2172727695295
			36.5360784036897	-28.2027800767871
			36.5360784036897	-28.1882873840446
			36.5360784036897	-28.1737946913022
			36.5360784036897	-28.1593019985597
			36.5360784036897	-28.1448093058173
			36.5505710964322	-28.1303166130749
			36.5505710964322	-28.1158239203324
			36.5505710964322	-28.10133122759
			36.5505710964322	-28.0868385348475
			36.5505710964322	-28.0723458421051
			36.5650637891746	-28.0578531493627
			36.5650637891746	-28.0433604566202
			36.5650637891746	-28.0288677638778
			36.5650637891746	-28.0143750711353
			36.579556481917	-27.9998823783929
			36.579556481917	-27.9853896856505
			36.579556481917	-27.970896992908
			36.579556481917	-27.9564043001656
			36.5940491746595	-27.9419116074232
			36.5940491746595	-27.9274189146807
			36.6085418674019	-27.9129262219383
			36.6085418674019	-27.8984335291958
			36.6085418674019	-27.8839408364534
			36.6230345601443	-27.869448143711
			36.6230345601443	-27.8549554509685
			36.6375272528868	-27.8404627582261
			36.6375272528868	-27.8259700654836
			36.6520199456292	-27.8114773727412
			36.6520199456292	-27.7969846799988
			36.6665126383717	-27.7824919872563
			36.6810053311141	-27.7679992945139
			36.6810053311141	-27.7535066017714
			36.6954980238565	-27.739013909029
			36.709990716599	-27.7245212162866
			36.709990716599	-27.7100285235441
			36.7244834093414	-27.6955358308017
			36.7244834093414	-27.6810431380592
			36.7389761020839	-27.6665504453168
			36.7534687948263	-27.6520577525744
			36.7679614875687	-27.6375650598319
			36.7824541803112	-27.6375650598319
			36.7969468730536	-27.6230723670895
			36.8114395657961	-27.608579674347
			36.8259322585385	-27.5940869816046
			36.8404249512809	-27.5940869816046
			36.8549176440234	-27.5795942888622
			36.8694103367658	-27.5651015961197
			36.8839030295083	-27.5506089033773
			36.8983957222507	-27.5506089033773
			36.9128884149931	-27.5361162106348
			36.9273811077356	-27.5216235178924
			36.941873800478	-27.5216235178924
			36.9563664932205	-27.50713082515
			36.9708591859629	-27.50713082515
			36.9708591859629	-27.4926381324075
			36.9853518787053	-27.4781454396651
			36.9998445714478	-27.4781454396651
			37.0143372641902	-27.4636527469227
			37.0288299569327	-27.4636527469227
			37.0433226496751	-27.4636527469227
			37.0578153424175	-27.4491600541802
			37.07230803516	-27.4491600541802
			37.0868007279024	-27.4346673614378
			37.1012934206449	-27.4346673614378
			37.1157861133873	-27.4201746686953
			37.1302788061297	-27.4201746686953
			37.1447714988722	-27.4201746686953
			37.1592641916146	-27.4056819759529
			37.173756884357	-27.4056819759529
			37.1882495770995	-27.4056819759529
			37.2027422698419	-27.3911892832105
			37.2172349625844	-27.3911892832105
			37.2317276553268	-27.376696590468
			37.2462203480692	-27.376696590468
			37.2607130408117	-27.376696590468
			37.2752057335541	-27.376696590468
			37.2896984262966	-27.3622038977256
			37.304191119039	-27.3622038977256
			37.3186838117814	-27.3622038977256
			37.3331765045239	-27.3477112049831
			37.3476691972663	-27.3477112049831
			37.3621618900088	-27.3477112049831
			37.3766545827512	-27.3332185122407
			37.3911472754936	-27.3332185122407
			37.4056399682361	-27.3332185122407
			37.4201326609785	-27.3187258194983
			37.434625353721	-27.3187258194983
		</Outline2>
		<Outline3 type=matrix rownames=FALSE colnames=FALSE nrow=152 ncol=2 as.numeric=TRUE >
			37.434625353721	-27.3187258194983
			37.4491180464634	-27.3187258194983
			37.4636107392058	-27.3042331267558
			37.4781034319483	-27.3042331267558
			37.4925961246907	-27.3042331267558
			37.5070888174332	-27.3042331267558
			37.5215815101756	-27.2897404340134
			37.536074202918	-27.2897404340134
			37.5505668956605	-27.2897404340134
			37.5650595884029	-27.2752477412709
			37.5795522811453	-27.2752477412709
			37.5940449738878	-27.2752477412709
			37.6085376666302	-27.2607550485285
			37.6230303593727	-27.2607550485285
			37.6375230521151	-27.2462623557861
			37.6520157448575	-27.2462623557861
			37.6665084376	-27.2462623557861
			37.6810011303424	-27.2462623557861
			37.6954938230849	-27.2317696630436
			37.7099865158273	-27.2317696630436
			37.7244792085697	-27.2317696630436
			37.7389719013122	-27.2172769703012
			37.7534645940546	-27.2172769703012
			37.7679572867971	-27.2172769703012
			37.7824499795395	-27.2027842775587
			37.7969426722819	-27.2027842775587
			37.8114353650244	-27.2027842775587
			37.8259280577668	-27.1882915848163
			37.8404207505093	-27.1882915848163
			37.8549134432517	-27.1882915848163
			37.8694061359941	-27.1882915848163
			37.8838988287366	-27.1882915848163
			37.8838988287366	-27.1737988920739
			37.898391521479	-27.1737988920739
			37.9128842142215	-27.1737988920739
			37.9273769069639	-27.1737988920739
			37.9418695997063	-27.1737988920739
			37.9563622924488	-27.1593061993314
			37.9708549851912	-27.1593061993314
			37.9853476779337	-27.1593061993314
			37.9998403706761	-27.1593061993314
			38.0143330634185	-27.144813506589
			38.028825756161	-27.144813506589
			38.0433184489034	-27.144813506589
			38.0578111416458	-27.144813506589
			38.0723038343883	-27.1303208138465
			38.0867965271307	-27.1303208138465
			38.1012892198732	-27.1303208138465
			38.1157819126156	-27.1303208138465
			38.130274605358	-27.1303208138465
			38.130274605358	-27.1158281211041
			38.1447672981005	-27.1158281211041
			38.1592599908429	-27.1158281211041
			38.1737526835854	-27.1158281211041
			38.1882453763278	-27.1158281211041
			38.2027380690702	-27.1013354283617
			38.2172307618127	-27.1013354283617
			38.2317234545551	-27.1013354283617
			38.2462161472976	-27.1013354283617
			38.26070884004	-27.1013354283617
			38.2752015327824	-27.1013354283617
			38.2896942255249	-27.1013354283617
			38.3041869182673	-27.1013354283617
			38.3186796110098	-27.1013354283617
			38.3331723037522	-27.1013354283617
			38.3476649964946	-27.1013354283617
			38.3621576892371	-27.1013354283617
			38.3766503819795	-27.1013354283617
			38.391143074722	-27.1013354283617
			38.4056357674644	-27.1013354283617
			38.4201284602068	-27.1013354283617
			38.4346211529493	-27.1013354283617
			38.4491138456917	-27.1013354283617
			38.4636065384341	-27.1013354283617
			38.4780992311766	-27.1013354283617
			38.492591923919	-27.1013354283617
			38.5070846166615	-27.1013354283617
			38.5215773094039	-27.1013354283617
			38.5360700021464	-27.1013354283617
			38.5505626948888	-27.1013354283617
			38.5650553876312	-27.1013354283617
			38.5795480803737	-27.1013354283617
			38.5940407731161	-27.1013354283617
			38.6085334658585	-27.1013354283617
			38.623026158601	-27.1013354283617
			38.6375188513434	-27.1013354283617
			38.6520115440859	-27.1158281211041
			38.6665042368283	-27.1158281211041
			38.6809969295707	-27.1158281211041
			38.6954896223132	-27.1158281211041
			38.7099823150556	-27.1303208138465
			38.7244750077981	-27.1303208138465
			38.7389677005405	-27.1303208138465
			38.7534603932829	-27.144813506589
			38.7679530860254	-27.144813506589
			38.7824457787678	-27.1593061993314
			38.7969384715103	-27.1593061993314
			38.8114311642527	-27.1593061993314
			38.8259238569951	-27.1737988920739
			38.8404165497376	-27.1882915848163
			38.85490924248	-27.1882915848163
			38.8694019352225	-27.2027842775587
			38.8838946279649	-27.2027842775587
			38.8983873207073	-27.2172769703012
			38.9128800134498	-27.2172769703012
			38.9273727061922	-27.2317696630436
			38.9418653989347	-27.2462623557861
			38.9563580916771	-27.2462623557861
			38.9708507844195	-27.2607550485285
			38.985343477162	-27.2752477412709
			38.9998361699044	-27.2752477412709
			39.0143288626468	-27.2897404340134
			39.0143288626468	-27.3042331267558
			39.0288215553893	-27.3042331267558
			39.0433142481317	-27.3187258194983
			39.0578069408742	-27.3332185122407
			39.0722996336166	-27.3477112049831
			39.086792326359	-27.3622038977256
			39.1012850191015	-27.376696590468
			39.1157777118439	-27.376696590468
			39.1302704045864	-27.3911892832105
			39.1447630973288	-27.4056819759529
			39.1447630973288	-27.4201746686953
			39.1592557900712	-27.4201746686953
			39.1737484828137	-27.4346673614378
			39.1882411755561	-27.4491600541802
			39.2027338682986	-27.4636527469227
			39.217226561041	-27.4781454396651
			39.2317192537834	-27.4926381324075
			39.2462119465259	-27.50713082515
			39.2607046392683	-27.5216235178924
			39.2751973320108	-27.5361162106348
			39.2896900247532	-27.5506089033773
			39.3041827174956	-27.5651015961197
			39.3041827174956	-27.5795942888622
			39.3186754102381	-27.5940869816046
			39.3331681029805	-27.608579674347
			39.347660795723	-27.6230723670895
			39.347660795723	-27.6375650598319
			39.3621534884654	-27.6520577525744
			39.3621534884654	-27.6665504453168
			39.3766461812078	-27.6810431380592
			39.3766461812078	-27.6955358308017
			39.3911388739503	-27.7100285235441
			39.3911388739503	-27.7245212162866
			39.4056315666927	-27.739013909029
			39.4056315666927	-27.7535066017714
			39.4201242594352	-27.7679992945139
			39.4201242594352	-27.7824919872563
			39.4346169521776	-27.7969846799988
			39.4346169521776	-27.8114773727412
			39.44910964492	-27.8259700654836
		</Outline3>
		<Outline4 type=matrix rownames=FALSE colnames=FALSE nrow=156 ncol=2 as.numeric=TRUE >
			39.44910964492	-27.8259700654836
			39.44910964492	-27.8404627582261
			39.4636023376625	-27.8549554509685
			39.4636023376625	-27.869448143711
			39.4636023376625	-27.8839408364534
			39.4780950304049	-27.8984335291958
			39.4780950304049	-27.9129262219383
			39.4780950304049	-27.9274189146807
			39.4925877231474	-27.9419116074232
			39.4925877231474	-27.9564043001656
			39.4925877231474	-27.970896992908
			39.5070804158898	-27.9853896856505
			39.5070804158898	-27.9998823783929
			39.5070804158898	-28.0143750711353
			39.5070804158898	-28.0288677638778
			39.5215731086322	-28.0433604566202
			39.5215731086322	-28.0578531493627
			39.5215731086322	-28.0723458421051
			39.5215731086322	-28.0868385348475
			39.5215731086322	-28.10133122759
			39.5360658013747	-28.1158239203324
			39.5360658013747	-28.1303166130749
			39.5360658013747	-28.1448093058173
			39.5360658013747	-28.1593019985597
			39.5360658013747	-28.1737946913022
			39.5505584941171	-28.1882873840446
			39.5505584941171	-28.2027800767871
			39.5505584941171	-28.2172727695295
			39.5505584941171	-28.2317654622719
			39.5505584941171	-28.2462581550144
			39.5505584941171	-28.2607508477568
			39.5505584941171	-28.2752435404993
			39.5505584941171	-28.2897362332417
			39.5505584941171	-28.3042289259841
			39.5650511868595	-28.3187216187266
			39.5650511868595	-28.333214311469
			39.5650511868595	-28.3477070042115
			39.5650511868595	-28.3621996969539
			39.5650511868595	-28.3766923896963
			39.5650511868595	-28.3911850824388
			39.5650511868595	-28.4056777751812
			39.5650511868595	-28.4201704679237
			39.579543879602	-28.4346631606661
			39.579543879602	-28.4491558534085
			39.579543879602	-28.463648546151
			39.579543879602	-28.4781412388934
			39.579543879602	-28.4926339316359
			39.579543879602	-28.5071266243783
			39.579543879602	-28.5216193171207
			39.5940365723444	-28.5361120098632
			39.5940365723444	-28.5506047026056
			39.5940365723444	-28.565097395348
			39.5940365723444	-28.5795900880905
			39.5940365723444	-28.5940827808329
			39.5940365723444	-28.6085754735754
			39.5940365723444	-28.6230681663178
			39.5940365723444	-28.6375608590602
			39.579543879602	-28.6520535518027
			39.579543879602	-28.6665462445451
			39.579543879602	-28.6810389372876
			39.579543879602	-28.69553163003
			39.579543879602	-28.7100243227724
			39.579543879602	-28.7245170155149
			39.579543879602	-28.7390097082573
			39.5650511868595	-28.7535024009998
			39.5650511868595	-28.7679950937422
			39.5650511868595	-28.7824877864846
			39.5650511868595	-28.7969804792271
			39.5650511868595	-28.8114731719695
			39.5505584941171	-28.825965864712
			39.5505584941171	-28.8404585574544
			39.5505584941171	-28.8549512501968
			39.5505584941171	-28.8694439429393
			39.5360658013747	-28.8839366356817
			39.5360658013747	-28.8984293284242
			39.5360658013747	-28.9129220211666
			39.5215731086322	-28.927414713909
			39.5215731086322	-28.9419074066515
			39.5070804158898	-28.9564000993939
			39.5070804158898	-28.9708927921364
			39.5070804158898	-28.9853854848788
			39.4925877231474	-28.9998781776212
			39.4925877231474	-29.0143708703637
			39.4780950304049	-29.0288635631061
			39.4780950304049	-29.0433562558485
			39.4636023376625	-29.057848948591
			39.4636023376625	-29.0723416413334
			39.44910964492	-29.0868343340759
			39.44910964492	-29.1013270268183
			39.4346169521776	-29.1158197195607
			39.4346169521776	-29.1303124123032
			39.4201242594352	-29.1448051050456
			39.4201242594352	-29.1592977977881
			39.4056315666927	-29.1592977977881
			39.3911388739503	-29.1737904905305
			39.3911388739503	-29.1882831832729
			39.3766461812078	-29.2027758760154
			39.3766461812078	-29.2172685687578
			39.3621534884654	-29.2317612615003
			39.3621534884654	-29.2462539542427
			39.347660795723	-29.2607466469851
			39.3331681029805	-29.2607466469851
			39.3331681029805	-29.2752393397276
			39.3186754102381	-29.28973203247
			39.3041827174956	-29.3042247252125
			39.3041827174956	-29.3187174179549
			39.2896900247532	-29.3187174179549
			39.2751973320108	-29.3332101106973
			39.2607046392683	-29.3477028034398
			39.2607046392683	-29.3621954961822
			39.2462119465259	-29.3621954961822
			39.2317192537834	-29.3766881889247
			39.2317192537834	-29.3911808816671
			39.217226561041	-29.4056735744095
			39.2027338682986	-29.4056735744095
			39.1882411755561	-29.420166267152
			39.1882411755561	-29.4346589598944
			39.1737484828137	-29.4346589598944
			39.1592557900712	-29.4491516526368
			39.1447630973288	-29.4636443453793
			39.1302704045864	-29.4781370381217
			39.1157777118439	-29.4926297308642
			39.1012850191015	-29.5071224236066
			39.086792326359	-29.5071224236066
			39.0722996336166	-29.521615116349
			39.0578069408742	-29.5361078090915
			39.0433142481317	-29.5506005018339
			39.0288215553893	-29.5506005018339
			39.0143288626468	-29.5650931945764
			38.9998361699044	-29.5650931945764
			38.985343477162	-29.5795858873188
			38.9708507844195	-29.5940785800612
			38.9563580916771	-29.5940785800612
			38.9418653989347	-29.6085712728037
			38.9273727061922	-29.6085712728037
			38.9128800134498	-29.6230639655461
			38.8983873207073	-29.6230639655461
			38.8838946279649	-29.6375566582886
			38.8694019352225	-29.6375566582886
			38.85490924248	-29.652049351031
			38.8404165497376	-29.652049351031
			38.8259238569951	-29.6665420437734
			38.8114311642527	-29.6665420437734
			38.7969384715103	-29.6810347365159
			38.7824457787678	-29.6810347365159
			38.7679530860254	-29.6955274292583
			38.7534603932829	-29.6955274292583
			38.7389677005405	-29.7100201220008
			38.7244750077981	-29.7100201220008
			38.7099823150556	-29.7100201220008
			38.6954896223132	-29.7245128147432
			38.6809969295707	-29.7245128147432
			38.6665042368283	-29.7390055074856
			38.6520115440859	-29.7390055074856
			38.6375188513434	-29.7534982002281
			38.623026158601	-29.7534982002281
		</Outline4>
	</curves.scaled>
	<ruler.points type=matrix rownames=TRUE colnames=FALSE nrow=2 ncol=2 as.numeric=TRUE >
		Ruler point 1	3189	260
		Ruler point 2	2499	258
	</ruler.points>
</shapes>

