<shapes type=list>
	<ruler.pixel type=vector names=FALSE length=1 as.numeric=TRUE >1052.03849739446</ruler.pixel>
	<ruler.interval type=vector names=FALSE length=1 as.numeric=TRUE >10</ruler.interval>
	<scaling.units type=vector names=FALSE length=1 as.numeric=FALSE >mm</scaling.units>
	<scaling type=vector names=FALSE length=1 as.numeric=TRUE >0.00950535557849504</scaling>
	<landmarks.pixel type=matrix rownames=TRUE colnames=FALSE nrow=4 ncol=2 as.numeric=TRUE >
		Labial	2624	1611
		Posterior	2552	1553
		Lingual	2623	1491
		Anterior	2706	1552
	</landmarks.pixel>
	<landmarks.scaled type=matrix rownames=TRUE colnames=FALSE nrow=4 ncol=2 as.numeric=TRUE >
		Labial	24.942053037971	-15.3131278369555
		Posterior	24.2576674363193	-14.7618172134028
		Lingual	24.9325476823925	-14.1724851675361
		Anterior	25.7214921954076	-14.7523118578243
	</landmarks.scaled>
	<curves.control type=list>
		<Outline1 type=matrix rownames=FALSE colnames=FALSE nrow=19 ncol=2 as.numeric=TRUE >
			2624	1611
			2620	1614
			2617	1617
			2612	1622
			2607	1626
			2602	1629
			2598	1631
			2593	1633
			2587	1634
			2581	1633
			2576	1632
			2571	1630
			2566	1628
			2561	1624
			2556	1619
			2552	1614
			2550	1610
			2547	1605
			2552	1553
		</Outline1>
		<Outline2 type=matrix rownames=FALSE colnames=FALSE nrow=15 ncol=2 as.numeric=TRUE >
			2552	1553
			2553	1540
			2555	1528
			2556	1519
			2560	1513
			2566	1507
			2574	1503
			2581	1499
			2588	1495
			2595	1492
			2602	1491
			2607	1490
			2614	1490
			2619	1490
			2623	1491
		</Outline2>
		<Outline3 type=matrix rownames=FALSE colnames=FALSE nrow=19 ncol=2 as.numeric=TRUE >
			2623	1491
			2630	1492
			2637	1493
			2645	1493
			2653	1494
			2660	1496
			2666	1498
			2672	1500
			2676	1504
			2681	1509
			2685	1513
			2689	1519
			2693	1524
			2696	1528
			2699	1533
			2702	1538
			2704	1544
			2705	1547
			2706	1552
		</Outline3>
		<Outline4 type=matrix rownames=FALSE colnames=FALSE nrow=21 ncol=2 as.numeric=TRUE >
			2706	1552
			2706	1557
			2705	1564
			2703	1569
			2700	1575
			2697	1580
			2694	1584
			2691	1589
			2687	1593
			2683	1597
			2676	1601
			2671	1603
			2665	1604
			2659	1605
			2653	1606
			2647	1607
			2641	1607
			2636	1607
			2632	1608
			2628	1609
			2624	1611
		</Outline4>
	</curves.control>
	<curves.pixel type=list>
		<Outline1 type=matrix rownames=FALSE colnames=FALSE nrow=140 ncol=2 as.numeric=TRUE >
			2624	1611
			2623	1612
			2622	1612
			2621	1613
			2620	1614
			2620	1615
			2619	1615
			2618	1616
			2617	1617
			2616	1618
			2615	1619
			2614	1620
			2613	1621
			2612	1622
			2611	1622
			2611	1623
			2610	1624
			2609	1624
			2609	1625
			2608	1625
			2607	1626
			2606	1626
			2606	1627
			2605	1627
			2604	1628
			2603	1628
			2602	1629
			2601	1630
			2600	1630
			2599	1630
			2599	1631
			2598	1631
			2597	1631
			2596	1632
			2595	1632
			2594	1632
			2593	1633
			2592	1633
			2591	1633
			2590	1633
			2589	1634
			2588	1634
			2587	1634
			2586	1634
			2585	1634
			2584	1634
			2583	1633
			2582	1633
			2581	1633
			2580	1633
			2579	1633
			2578	1632
			2577	1632
			2576	1632
			2575	1631
			2574	1631
			2573	1631
			2572	1630
			2571	1630
			2570	1630
			2569	1629
			2568	1629
			2567	1628
			2566	1628
			2565	1627
			2564	1626
			2563	1626
			2562	1625
			2561	1624
			2560	1623
			2559	1622
			2558	1621
			2557	1620
			2556	1619
			2555	1618
			2554	1617
			2554	1616
			2553	1615
			2552	1614
			2552	1613
			2551	1612
			2551	1611
			2550	1610
			2550	1609
			2549	1608
			2549	1607
			2549	1606
			2549	1605
			2549	1604
			2549	1603
			2549	1602
			2549	1601
			2549	1600
			2549	1599
			2549	1598
			2549	1597
			2549	1596
			2549	1595
			2549	1594
			2549	1593
			2549	1592
			2549	1591
			2549	1590
			2549	1589
			2549	1588
			2549	1587
			2549	1586
			2549	1585
			2549	1584
			2550	1583
			2550	1582
			2550	1581
			2550	1580
			2550	1579
			2550	1578
			2550	1577
			2550	1576
			2550	1575
			2550	1574
			2550	1573
			2550	1572
			2550	1571
			2550	1570
			2551	1569
			2551	1568
			2551	1567
			2551	1566
			2551	1565
			2551	1564
			2551	1563
			2551	1562
			2551	1561
			2551	1560
			2551	1559
			2552	1558
			2552	1557
			2552	1556
			2552	1555
			2552	1554
			2552	1553
		</Outline1>
		<Outline2 type=matrix rownames=FALSE colnames=FALSE nrow=108 ncol=2 as.numeric=TRUE >
			2552	1553
			2552	1552
			2552	1551
			2552	1550
			2552	1549
			2552	1548
			2553	1547
			2553	1546
			2553	1545
			2553	1544
			2553	1543
			2553	1542
			2553	1541
			2553	1540
			2553	1539
			2553	1538
			2554	1538
			2554	1537
			2554	1536
			2554	1535
			2554	1534
			2554	1533
			2554	1532
			2555	1531
			2555	1530
			2555	1529
			2555	1528
			2555	1527
			2555	1526
			2555	1525
			2556	1524
			2556	1523
			2556	1522
			2556	1521
			2557	1520
			2557	1519
			2557	1518
			2558	1517
			2558	1516
			2559	1515
			2559	1514
			2560	1513
			2561	1512
			2562	1511
			2563	1510
			2564	1509
			2565	1508
			2566	1508
			2567	1507
			2568	1507
			2568	1506
			2569	1506
			2570	1505
			2571	1505
			2571	1504
			2572	1504
			2573	1504
			2574	1503
			2575	1502
			2576	1502
			2577	1501
			2578	1501
			2579	1500
			2580	1499
			2581	1499
			2582	1498
			2583	1498
			2584	1497
			2585	1497
			2586	1496
			2587	1496
			2588	1495
			2589	1495
			2590	1494
			2591	1494
			2592	1494
			2593	1493
			2594	1493
			2595	1493
			2595	1492
			2596	1492
			2597	1492
			2598	1492
			2599	1491
			2600	1491
			2601	1491
			2602	1491
			2603	1491
			2604	1491
			2605	1491
			2606	1490
			2607	1490
			2608	1490
			2609	1490
			2610	1490
			2611	1490
			2612	1490
			2613	1490
			2614	1490
			2615	1490
			2616	1490
			2617	1490
			2618	1490
			2619	1490
			2620	1490
			2621	1491
			2622	1491
			2623	1491
		</Outline2>
		<Outline3 type=matrix rownames=FALSE colnames=FALSE nrow=105 ncol=2 as.numeric=TRUE >
			2623	1491
			2624	1491
			2625	1491
			2626	1491
			2627	1492
			2628	1492
			2629	1492
			2630	1492
			2631	1492
			2632	1492
			2633	1492
			2634	1493
			2635	1493
			2636	1493
			2637	1493
			2638	1493
			2639	1493
			2640	1493
			2641	1493
			2642	1493
			2643	1493
			2644	1493
			2645	1493
			2646	1493
			2647	1493
			2648	1493
			2649	1494
			2650	1494
			2651	1494
			2652	1494
			2653	1494
			2654	1494
			2655	1494
			2655	1495
			2656	1495
			2657	1495
			2658	1495
			2659	1496
			2660	1496
			2661	1496
			2662	1497
			2663	1497
			2664	1497
			2665	1498
			2666	1498
			2667	1498
			2668	1499
			2669	1499
			2670	1500
			2671	1500
			2672	1501
			2673	1501
			2673	1502
			2674	1502
			2675	1503
			2676	1504
			2677	1505
			2678	1506
			2679	1507
			2680	1508
			2681	1509
			2682	1510
			2683	1511
			2684	1512
			2685	1513
			2685	1514
			2686	1515
			2687	1516
			2688	1517
			2689	1518
			2690	1519
			2690	1520
			2691	1521
			2692	1522
			2692	1523
			2693	1524
			2694	1525
			2695	1526
			2695	1527
			2696	1528
			2697	1529
			2697	1530
			2698	1531
			2698	1532
			2699	1533
			2699	1534
			2700	1535
			2700	1536
			2701	1536
			2701	1537
			2702	1538
			2702	1539
			2703	1540
			2703	1541
			2703	1542
			2704	1543
			2704	1544
			2704	1545
			2705	1546
			2705	1547
			2705	1548
			2705	1549
			2706	1550
			2706	1551
			2706	1552
		</Outline3>
		<Outline4 type=matrix rownames=FALSE colnames=FALSE nrow=109 ncol=2 as.numeric=TRUE >
			2706	1552
			2706	1553
			2706	1554
			2706	1555
			2706	1556
			2706	1557
			2706	1558
			2706	1559
			2706	1560
			2705	1561
			2705	1562
			2705	1563
			2705	1564
			2705	1565
			2704	1566
			2704	1567
			2703	1568
			2703	1569
			2702	1570
			2702	1571
			2702	1572
			2701	1572
			2701	1573
			2701	1574
			2700	1575
			2699	1576
			2699	1577
			2698	1578
			2697	1579
			2697	1580
			2696	1581
			2696	1582
			2695	1582
			2695	1583
			2694	1583
			2694	1584
			2694	1585
			2693	1586
			2692	1587
			2691	1588
			2690	1589
			2690	1590
			2689	1591
			2688	1592
			2687	1593
			2686	1594
			2685	1595
			2684	1596
			2683	1597
			2682	1597
			2681	1598
			2680	1599
			2679	1599
			2678	1600
			2677	1601
			2676	1601
			2675	1601
			2674	1602
			2673	1602
			2672	1602
			2672	1603
			2671	1603
			2670	1603
			2669	1603
			2668	1603
			2667	1604
			2666	1604
			2665	1604
			2664	1604
			2663	1604
			2662	1604
			2661	1605
			2660	1605
			2659	1605
			2658	1605
			2657	1605
			2656	1606
			2655	1606
			2654	1606
			2653	1606
			2652	1606
			2651	1606
			2650	1606
			2649	1607
			2648	1607
			2647	1607
			2646	1607
			2645	1607
			2644	1607
			2643	1607
			2642	1607
			2641	1607
			2640	1607
			2639	1607
			2638	1607
			2637	1607
			2636	1607
			2635	1607
			2634	1608
			2633	1608
			2632	1608
			2631	1608
			2630	1609
			2629	1609
			2628	1609
			2627	1610
			2626	1610
			2625	1610
			2624	1611
		</Outline4>
	</curves.pixel>
	<curves.scaled type=list>
		<Outline1 type=matrix rownames=FALSE colnames=FALSE nrow=140 ncol=2 as.numeric=TRUE >
			24.942053037971	-15.3131278369555
			24.9325476823925	-15.322633192534
			24.923042326814	-15.322633192534
			24.9135369712355	-15.3321385481125
			24.904031615657	-15.341643903691
			24.904031615657	-15.3511492592695
			24.8945262600785	-15.3511492592695
			24.8850209045	-15.360654614848
			24.8755155489215	-15.3701599704265
			24.866010193343	-15.379665326005
			24.8565048377645	-15.3891706815835
			24.846999482186	-15.398676037162
			24.8374941266075	-15.4081813927405
			24.827988771029	-15.417686748319
			24.8184834154505	-15.417686748319
			24.8184834154505	-15.4271921038974
			24.8089780598721	-15.4366974594759
			24.7994727042936	-15.4366974594759
			24.7994727042936	-15.4462028150544
			24.7899673487151	-15.4462028150544
			24.7804619931366	-15.4557081706329
			24.7709566375581	-15.4557081706329
			24.7709566375581	-15.4652135262114
			24.7614512819796	-15.4652135262114
			24.7519459264011	-15.4747188817899
			24.7424405708226	-15.4747188817899
			24.7329352152441	-15.4842242373684
			24.7234298596656	-15.4937295929469
			24.7139245040871	-15.4937295929469
			24.7044191485086	-15.4937295929469
			24.7044191485086	-15.5032349485254
			24.6949137929301	-15.5032349485254
			24.6854084373516	-15.5032349485254
			24.6759030817731	-15.5127403041039
			24.6663977261946	-15.5127403041039
			24.6568923706161	-15.5127403041039
			24.6473870150376	-15.5222456596824
			24.6378816594591	-15.5222456596824
			24.6283763038806	-15.5222456596824
			24.6188709483021	-15.5222456596824
			24.6093655927237	-15.5317510152609
			24.5998602371452	-15.5317510152609
			24.5903548815667	-15.5317510152609
			24.5808495259882	-15.5317510152609
			24.5713441704097	-15.5317510152609
			24.5618388148312	-15.5317510152609
			24.5523334592527	-15.5222456596824
			24.5428281036742	-15.5222456596824
			24.5333227480957	-15.5222456596824
			24.5238173925172	-15.5222456596824
			24.5143120369387	-15.5222456596824
			24.5048066813602	-15.5127403041039
			24.4953013257817	-15.5127403041039
			24.4857959702032	-15.5127403041039
			24.4762906146247	-15.5032349485254
			24.4667852590462	-15.5032349485254
			24.4572799034677	-15.5032349485254
			24.4477745478892	-15.4937295929469
			24.4382691923107	-15.4937295929469
			24.4287638367322	-15.4937295929469
			24.4192584811538	-15.4842242373684
			24.4097531255753	-15.4842242373684
			24.4002477699968	-15.4747188817899
			24.3907424144183	-15.4747188817899
			24.3812370588398	-15.4652135262114
			24.3717317032613	-15.4557081706329
			24.3622263476828	-15.4557081706329
			24.3527209921043	-15.4462028150544
			24.3432156365258	-15.4366974594759
			24.3337102809473	-15.4271921038974
			24.3242049253688	-15.417686748319
			24.3146995697903	-15.4081813927405
			24.3051942142118	-15.398676037162
			24.2956888586333	-15.3891706815835
			24.2861835030548	-15.379665326005
			24.2766781474763	-15.3701599704265
			24.2766781474763	-15.360654614848
			24.2671727918978	-15.3511492592695
			24.2576674363193	-15.341643903691
			24.2576674363193	-15.3321385481125
			24.2481620807408	-15.322633192534
			24.2481620807408	-15.3131278369555
			24.2386567251623	-15.303622481377
			24.2386567251623	-15.2941171257985
			24.2291513695839	-15.28461177022
			24.2291513695839	-15.2751064146415
			24.2291513695839	-15.265601059063
			24.2291513695839	-15.2560957034845
			24.2291513695839	-15.246590347906
			24.2291513695839	-15.2370849923275
			24.2291513695839	-15.2275796367491
			24.2291513695839	-15.2180742811706
			24.2291513695839	-15.2085689255921
			24.2291513695839	-15.1990635700136
			24.2291513695839	-15.1895582144351
			24.2291513695839	-15.1800528588566
			24.2291513695839	-15.1705475032781
			24.2291513695839	-15.1610421476996
			24.2291513695839	-15.1515367921211
			24.2291513695839	-15.1420314365426
			24.2291513695839	-15.1325260809641
			24.2291513695839	-15.1230207253856
			24.2291513695839	-15.1135153698071
			24.2291513695839	-15.1040100142286
			24.2291513695839	-15.0945046586501
			24.2291513695839	-15.0849993030716
			24.2291513695839	-15.0754939474931
			24.2291513695839	-15.0659885919146
			24.2291513695839	-15.0564832363361
			24.2386567251623	-15.0469778807576
			24.2386567251623	-15.0374725251792
			24.2386567251623	-15.0279671696007
			24.2386567251623	-15.0184618140222
			24.2386567251623	-15.0089564584437
			24.2386567251623	-14.9994511028652
			24.2386567251623	-14.9899457472867
			24.2386567251623	-14.9804403917082
			24.2386567251623	-14.9709350361297
			24.2386567251623	-14.9614296805512
			24.2386567251623	-14.9519243249727
			24.2386567251623	-14.9424189693942
			24.2386567251623	-14.9329136138157
			24.2386567251623	-14.9234082582372
			24.2481620807408	-14.9139029026587
			24.2481620807408	-14.9043975470802
			24.2481620807408	-14.8948921915017
			24.2481620807408	-14.8853868359232
			24.2481620807408	-14.8758814803447
			24.2481620807408	-14.8663761247662
			24.2481620807408	-14.8568707691877
			24.2481620807408	-14.8473654136092
			24.2481620807408	-14.8378600580308
			24.2481620807408	-14.8283547024523
			24.2481620807408	-14.8188493468738
			24.2576674363193	-14.8093439912953
			24.2576674363193	-14.7998386357168
			24.2576674363193	-14.7903332801383
			24.2576674363193	-14.7808279245598
			24.2576674363193	-14.7713225689813
			24.2576674363193	-14.7618172134028
		</Outline1>
		<Outline2 type=matrix rownames=FALSE colnames=FALSE nrow=108 ncol=2 as.numeric=TRUE >
			24.2576674363193	-14.7618172134028
			24.2576674363193	-14.7523118578243
			24.2576674363193	-14.7428065022458
			24.2576674363193	-14.7333011466673
			24.2576674363193	-14.7237957910888
			24.2576674363193	-14.7142904355103
			24.2671727918978	-14.7047850799318
			24.2671727918978	-14.6952797243533
			24.2671727918978	-14.6857743687748
			24.2671727918978	-14.6762690131963
			24.2671727918978	-14.6667636576178
			24.2671727918978	-14.6572583020393
			24.2671727918978	-14.6477529464609
			24.2671727918978	-14.6382475908824
			24.2671727918978	-14.6287422353039
			24.2671727918978	-14.6192368797254
			24.2766781474763	-14.6192368797254
			24.2766781474763	-14.6097315241469
			24.2766781474763	-14.6002261685684
			24.2766781474763	-14.5907208129899
			24.2766781474763	-14.5812154574114
			24.2766781474763	-14.5717101018329
			24.2766781474763	-14.5622047462544
			24.2861835030548	-14.5526993906759
			24.2861835030548	-14.5431940350974
			24.2861835030548	-14.5336886795189
			24.2861835030548	-14.5241833239404
			24.2861835030548	-14.5146779683619
			24.2861835030548	-14.5051726127834
			24.2861835030548	-14.4956672572049
			24.2956888586333	-14.4861619016264
			24.2956888586333	-14.4766565460479
			24.2956888586333	-14.4671511904694
			24.2956888586333	-14.457645834891
			24.3051942142118	-14.4481404793125
			24.3051942142118	-14.438635123734
			24.3051942142118	-14.4291297681555
			24.3146995697903	-14.419624412577
			24.3146995697903	-14.4101190569985
			24.3242049253688	-14.40061370142
			24.3242049253688	-14.3911083458415
			24.3337102809473	-14.381602990263
			24.3432156365258	-14.3720976346845
			24.3527209921043	-14.362592279106
			24.3622263476828	-14.3530869235275
			24.3717317032613	-14.343581567949
			24.3812370588398	-14.3340762123705
			24.3907424144183	-14.3340762123705
			24.4002477699968	-14.324570856792
			24.4097531255753	-14.324570856792
			24.4097531255753	-14.3150655012135
			24.4192584811538	-14.3150655012135
			24.4287638367322	-14.305560145635
			24.4382691923107	-14.305560145635
			24.4382691923107	-14.2960547900565
			24.4477745478892	-14.2960547900565
			24.4572799034677	-14.2960547900565
			24.4667852590462	-14.286549434478
			24.4762906146247	-14.2770440788995
			24.4857959702032	-14.2770440788995
			24.4953013257817	-14.2675387233211
			24.5048066813602	-14.2675387233211
			24.5143120369387	-14.2580333677426
			24.5238173925172	-14.2485280121641
			24.5333227480957	-14.2485280121641
			24.5428281036742	-14.2390226565856
			24.5523334592527	-14.2390226565856
			24.5618388148312	-14.2295173010071
			24.5713441704097	-14.2295173010071
			24.5808495259882	-14.2200119454286
			24.5903548815667	-14.2200119454286
			24.5998602371452	-14.2105065898501
			24.6093655927237	-14.2105065898501
			24.6188709483021	-14.2010012342716
			24.6283763038806	-14.2010012342716
			24.6378816594591	-14.2010012342716
			24.6473870150376	-14.1914958786931
			24.6568923706161	-14.1914958786931
			24.6663977261946	-14.1914958786931
			24.6663977261946	-14.1819905231146
			24.6759030817731	-14.1819905231146
			24.6854084373516	-14.1819905231146
			24.6949137929301	-14.1819905231146
			24.7044191485086	-14.1724851675361
			24.7139245040871	-14.1724851675361
			24.7234298596656	-14.1724851675361
			24.7329352152441	-14.1724851675361
			24.7424405708226	-14.1724851675361
			24.7519459264011	-14.1724851675361
			24.7614512819796	-14.1724851675361
			24.7709566375581	-14.1629798119576
			24.7804619931366	-14.1629798119576
			24.7899673487151	-14.1629798119576
			24.7994727042936	-14.1629798119576
			24.8089780598721	-14.1629798119576
			24.8184834154505	-14.1629798119576
			24.827988771029	-14.1629798119576
			24.8374941266075	-14.1629798119576
			24.846999482186	-14.1629798119576
			24.8565048377645	-14.1629798119576
			24.866010193343	-14.1629798119576
			24.8755155489215	-14.1629798119576
			24.8850209045	-14.1629798119576
			24.8945262600785	-14.1629798119576
			24.904031615657	-14.1629798119576
			24.9135369712355	-14.1724851675361
			24.923042326814	-14.1724851675361
			24.9325476823925	-14.1724851675361
		</Outline2>
		<Outline3 type=matrix rownames=FALSE colnames=FALSE nrow=105 ncol=2 as.numeric=TRUE >
			24.9325476823925	-14.1724851675361
			24.942053037971	-14.1724851675361
			24.9515583935495	-14.1724851675361
			24.961063749128	-14.1724851675361
			24.9705691047065	-14.1819905231146
			24.980074460285	-14.1819905231146
			24.9895798158635	-14.1819905231146
			24.999085171442	-14.1819905231146
			25.0085905270204	-14.1819905231146
			25.0180958825989	-14.1819905231146
			25.0276012381774	-14.1819905231146
			25.0371065937559	-14.1914958786931
			25.0466119493344	-14.1914958786931
			25.0561173049129	-14.1914958786931
			25.0656226604914	-14.1914958786931
			25.0751280160699	-14.1914958786931
			25.0846333716484	-14.1914958786931
			25.0941387272269	-14.1914958786931
			25.1036440828054	-14.1914958786931
			25.1131494383839	-14.1914958786931
			25.1226547939624	-14.1914958786931
			25.1321601495409	-14.1914958786931
			25.1416655051194	-14.1914958786931
			25.1511708606979	-14.1914958786931
			25.1606762162764	-14.1914958786931
			25.1701815718549	-14.1914958786931
			25.1796869274334	-14.2010012342716
			25.1891922830119	-14.2010012342716
			25.1986976385903	-14.2010012342716
			25.2082029941688	-14.2010012342716
			25.2177083497473	-14.2010012342716
			25.2272137053258	-14.2010012342716
			25.2367190609043	-14.2010012342716
			25.2367190609043	-14.2105065898501
			25.2462244164828	-14.2105065898501
			25.2557297720613	-14.2105065898501
			25.2652351276398	-14.2105065898501
			25.2747404832183	-14.2200119454286
			25.2842458387968	-14.2200119454286
			25.2937511943753	-14.2200119454286
			25.3032565499538	-14.2295173010071
			25.3127619055323	-14.2295173010071
			25.3222672611108	-14.2295173010071
			25.3317726166893	-14.2390226565856
			25.3412779722678	-14.2390226565856
			25.3507833278463	-14.2390226565856
			25.3602886834248	-14.2485280121641
			25.3697940390033	-14.2485280121641
			25.3792993945818	-14.2580333677426
			25.3888047501602	-14.2580333677426
			25.3983101057387	-14.2675387233211
			25.4078154613172	-14.2675387233211
			25.4078154613172	-14.2770440788995
			25.4173208168957	-14.2770440788995
			25.4268261724742	-14.286549434478
			25.4363315280527	-14.2960547900565
			25.4458368836312	-14.305560145635
			25.4553422392097	-14.3150655012135
			25.4648475947882	-14.324570856792
			25.4743529503667	-14.3340762123705
			25.4838583059452	-14.343581567949
			25.4933636615237	-14.3530869235275
			25.5028690171022	-14.362592279106
			25.5123743726807	-14.3720976346845
			25.5218797282592	-14.381602990263
			25.5218797282592	-14.3911083458415
			25.5313850838377	-14.40061370142
			25.5408904394162	-14.4101190569985
			25.5503957949947	-14.419624412577
			25.5599011505732	-14.4291297681555
			25.5694065061517	-14.438635123734
			25.5694065061517	-14.4481404793125
			25.5789118617301	-14.457645834891
			25.5884172173086	-14.4671511904694
			25.5884172173086	-14.4766565460479
			25.5979225728871	-14.4861619016264
			25.6074279284656	-14.4956672572049
			25.6169332840441	-14.5051726127834
			25.6169332840441	-14.5146779683619
			25.6264386396226	-14.5241833239404
			25.6359439952011	-14.5336886795189
			25.6359439952011	-14.5431940350974
			25.6454493507796	-14.5526993906759
			25.6454493507796	-14.5622047462544
			25.6549547063581	-14.5717101018329
			25.6549547063581	-14.5812154574114
			25.6644600619366	-14.5907208129899
			25.6644600619366	-14.6002261685684
			25.6739654175151	-14.6002261685684
			25.6739654175151	-14.6097315241469
			25.6834707730936	-14.6192368797254
			25.6834707730936	-14.6287422353039
			25.6929761286721	-14.6382475908824
			25.6929761286721	-14.6477529464609
			25.6929761286721	-14.6572583020393
			25.7024814842506	-14.6667636576178
			25.7024814842506	-14.6762690131963
			25.7024814842506	-14.6857743687748
			25.7119868398291	-14.6952797243533
			25.7119868398291	-14.7047850799318
			25.7119868398291	-14.7142904355103
			25.7119868398291	-14.7237957910888
			25.7214921954076	-14.7333011466673
			25.7214921954076	-14.7428065022458
			25.7214921954076	-14.7523118578243
		</Outline3>
		<Outline4 type=matrix rownames=FALSE colnames=FALSE nrow=109 ncol=2 as.numeric=TRUE >
			25.7214921954076	-14.7523118578243
			25.7214921954076	-14.7618172134028
			25.7214921954076	-14.7713225689813
			25.7214921954076	-14.7808279245598
			25.7214921954076	-14.7903332801383
			25.7214921954076	-14.7998386357168
			25.7214921954076	-14.8093439912953
			25.7214921954076	-14.8188493468738
			25.7214921954076	-14.8283547024523
			25.7119868398291	-14.8378600580308
			25.7119868398291	-14.8473654136092
			25.7119868398291	-14.8568707691877
			25.7119868398291	-14.8663761247662
			25.7119868398291	-14.8758814803447
			25.7024814842506	-14.8853868359232
			25.7024814842506	-14.8948921915017
			25.6929761286721	-14.9043975470802
			25.6929761286721	-14.9139029026587
			25.6834707730936	-14.9234082582372
			25.6834707730936	-14.9329136138157
			25.6834707730936	-14.9424189693942
			25.6739654175151	-14.9424189693942
			25.6739654175151	-14.9519243249727
			25.6739654175151	-14.9614296805512
			25.6644600619366	-14.9709350361297
			25.6549547063581	-14.9804403917082
			25.6549547063581	-14.9899457472867
			25.6454493507796	-14.9994511028652
			25.6359439952011	-15.0089564584437
			25.6359439952011	-15.0184618140222
			25.6264386396226	-15.0279671696007
			25.6264386396226	-15.0374725251792
			25.6169332840441	-15.0374725251792
			25.6169332840441	-15.0469778807576
			25.6074279284656	-15.0469778807576
			25.6074279284656	-15.0564832363361
			25.6074279284656	-15.0659885919146
			25.5979225728871	-15.0754939474931
			25.5884172173086	-15.0849993030716
			25.5789118617301	-15.0945046586501
			25.5694065061517	-15.1040100142286
			25.5694065061517	-15.1135153698071
			25.5599011505732	-15.1230207253856
			25.5503957949947	-15.1325260809641
			25.5408904394162	-15.1420314365426
			25.5313850838377	-15.1515367921211
			25.5218797282592	-15.1610421476996
			25.5123743726807	-15.1705475032781
			25.5028690171022	-15.1800528588566
			25.4933636615237	-15.1800528588566
			25.4838583059452	-15.1895582144351
			25.4743529503667	-15.1990635700136
			25.4648475947882	-15.1990635700136
			25.4553422392097	-15.2085689255921
			25.4458368836312	-15.2180742811706
			25.4363315280527	-15.2180742811706
			25.4268261724742	-15.2180742811706
			25.4173208168957	-15.2275796367491
			25.4078154613172	-15.2275796367491
			25.3983101057387	-15.2275796367491
			25.3983101057387	-15.2370849923275
			25.3888047501602	-15.2370849923275
			25.3792993945818	-15.2370849923275
			25.3697940390033	-15.2370849923275
			25.3602886834248	-15.2370849923275
			25.3507833278463	-15.246590347906
			25.3412779722678	-15.246590347906
			25.3317726166893	-15.246590347906
			25.3222672611108	-15.246590347906
			25.3127619055323	-15.246590347906
			25.3032565499538	-15.246590347906
			25.2937511943753	-15.2560957034845
			25.2842458387968	-15.2560957034845
			25.2747404832183	-15.2560957034845
			25.2652351276398	-15.2560957034845
			25.2557297720613	-15.2560957034845
			25.2462244164828	-15.265601059063
			25.2367190609043	-15.265601059063
			25.2272137053258	-15.265601059063
			25.2177083497473	-15.265601059063
			25.2082029941688	-15.265601059063
			25.1986976385903	-15.265601059063
			25.1891922830119	-15.265601059063
			25.1796869274334	-15.2751064146415
			25.1701815718549	-15.2751064146415
			25.1606762162764	-15.2751064146415
			25.1511708606979	-15.2751064146415
			25.1416655051194	-15.2751064146415
			25.1321601495409	-15.2751064146415
			25.1226547939624	-15.2751064146415
			25.1131494383839	-15.2751064146415
			25.1036440828054	-15.2751064146415
			25.0941387272269	-15.2751064146415
			25.0846333716484	-15.2751064146415
			25.0751280160699	-15.2751064146415
			25.0656226604914	-15.2751064146415
			25.0561173049129	-15.2751064146415
			25.0466119493344	-15.2751064146415
			25.0371065937559	-15.28461177022
			25.0276012381774	-15.28461177022
			25.0180958825989	-15.28461177022
			25.0085905270204	-15.28461177022
			24.999085171442	-15.2941171257985
			24.9895798158635	-15.2941171257985
			24.980074460285	-15.2941171257985
			24.9705691047065	-15.303622481377
			24.961063749128	-15.303622481377
			24.9515583935495	-15.303622481377
			24.942053037971	-15.3131278369555
		</Outline4>
	</curves.scaled>
	<ruler.points type=matrix rownames=TRUE colnames=FALSE nrow=2 ncol=2 as.numeric=TRUE >
		Ruler point 1	3594	2464
		Ruler point 2	2542	2455
	</ruler.points>
</shapes>

