<shapes type=list>
	<ruler.pixel type=vector names=FALSE length=1 as.numeric=TRUE >1060.09244879869</ruler.pixel>
	<ruler.interval type=vector names=FALSE length=1 as.numeric=TRUE >10</ruler.interval>
	<scaling.units type=vector names=FALSE length=1 as.numeric=FALSE >mm</scaling.units>
	<scaling type=vector names=FALSE length=1 as.numeric=TRUE >0.00943313954488794</scaling>
	<landmarks.pixel type=matrix rownames=TRUE colnames=FALSE nrow=4 ncol=2 as.numeric=TRUE >
		Labial	2355	1244
		Posterior	2265	1204
		Lingual	2315	1117
		Anterior	2410	1159
	</landmarks.pixel>
	<landmarks.scaled type=matrix rownames=TRUE colnames=FALSE nrow=4 ncol=2 as.numeric=TRUE >
		Labial	22.2150436282111	-11.7348255938406
		Posterior	21.3660610691712	-11.3575000120451
		Lingual	21.8377180464156	-10.5368168716398
		Anterior	22.7338663031799	-10.9330087325251
	</landmarks.scaled>
	<curves.control type=list>
		<Outline1 type=matrix rownames=FALSE colnames=FALSE nrow=19 ncol=2 as.numeric=TRUE >
			2355	1244
			2351	1246
			2345	1251
			2339	1256
			2333	1261
			2327	1264
			2322	1266
			2317	1268
			2310	1270
			2304	1270
			2298	1269
			2292	1267
			2286	1263
			2282	1261
			2278	1257
			2274	1252
			2271	1247
			2268	1239
			2265	1204
		</Outline1>
		<Outline2 type=matrix rownames=FALSE colnames=FALSE nrow=15 ncol=2 as.numeric=TRUE >
			2265	1204
			2266	1191
			2267	1180
			2268	1169
			2269	1162
			2270	1155
			2273	1148
			2276	1142
			2281	1136
			2286	1131
			2291	1127
			2296	1124
			2302	1121
			2308	1119
			2315	1117
		</Outline2>
		<Outline3 type=matrix rownames=FALSE colnames=FALSE nrow=17 ncol=2 as.numeric=TRUE >
			2315	1117
			2322	1116
			2331	1115
			2337	1115
			2344	1115
			2351	1114
			2358	1114
			2366	1116
			2373	1118
			2380	1120
			2387	1124
			2392	1128
			2396	1133
			2400	1139
			2403	1144
			2406	1149
			2410	1159
		</Outline3>
		<Outline4 type=matrix rownames=FALSE colnames=FALSE nrow=17 ncol=2 as.numeric=TRUE >
			2410	1159
			2411	1167
			2411	1176
			2412	1182
			2413	1190
			2412	1197
			2409	1205
			2406	1211
			2401	1217
			2395	1223
			2389	1227
			2383	1231
			2378	1234
			2371	1236
			2366	1238
			2360	1241
			2355	1244
		</Outline4>
	</curves.control>
	<curves.pixel type=list>
		<Outline1 type=matrix rownames=FALSE colnames=FALSE nrow=135 ncol=2 as.numeric=TRUE >
			2355	1244
			2354	1244
			2354	1245
			2353	1245
			2352	1246
			2351	1246
			2350	1247
			2349	1248
			2348	1249
			2347	1249
			2346	1250
			2345	1251
			2344	1252
			2343	1252
			2342	1253
			2342	1254
			2341	1255
			2340	1255
			2339	1256
			2338	1257
			2337	1258
			2336	1258
			2335	1259
			2334	1260
			2333	1261
			2332	1262
			2331	1262
			2330	1263
			2329	1263
			2328	1264
			2327	1264
			2326	1265
			2325	1265
			2324	1265
			2323	1266
			2322	1266
			2321	1266
			2320	1267
			2319	1267
			2318	1268
			2317	1268
			2316	1268
			2315	1269
			2314	1269
			2313	1269
			2312	1269
			2311	1270
			2310	1270
			2309	1270
			2308	1270
			2307	1270
			2306	1270
			2305	1270
			2304	1270
			2303	1270
			2302	1270
			2301	1269
			2300	1269
			2299	1269
			2298	1269
			2297	1269
			2296	1268
			2295	1268
			2294	1268
			2294	1267
			2293	1267
			2292	1266
			2291	1266
			2290	1265
			2289	1265
			2288	1264
			2287	1264
			2286	1263
			2285	1263
			2285	1262
			2284	1262
			2283	1261
			2282	1260
			2281	1260
			2280	1259
			2279	1258
			2278	1257
			2277	1256
			2276	1255
			2275	1254
			2275	1253
			2274	1252
			2273	1251
			2273	1250
			2272	1249
			2272	1248
			2271	1247
			2271	1246
			2270	1245
			2270	1244
			2270	1243
			2270	1242
			2269	1241
			2269	1240
			2269	1239
			2269	1238
			2269	1237
			2269	1236
			2268	1235
			2268	1234
			2268	1233
			2268	1232
			2268	1231
			2268	1230
			2268	1229
			2267	1228
			2267	1227
			2267	1226
			2267	1225
			2267	1224
			2267	1223
			2267	1222
			2267	1221
			2267	1220
			2266	1219
			2266	1218
			2266	1217
			2266	1216
			2266	1215
			2266	1214
			2266	1213
			2266	1212
			2266	1211
			2266	1210
			2265	1209
			2265	1208
			2265	1207
			2265	1206
			2265	1205
			2265	1204
		</Outline1>
		<Outline2 type=matrix rownames=FALSE colnames=FALSE nrow=103 ncol=2 as.numeric=TRUE >
			2265	1204
			2265	1203
			2265	1202
			2265	1201
			2265	1200
			2265	1199
			2265	1198
			2266	1197
			2266	1196
			2266	1195
			2266	1194
			2266	1193
			2266	1192
			2266	1191
			2266	1190
			2266	1189
			2266	1188
			2266	1187
			2266	1186
			2267	1185
			2267	1184
			2267	1183
			2267	1182
			2267	1181
			2267	1180
			2267	1179
			2267	1178
			2267	1177
			2267	1176
			2267	1175
			2268	1174
			2268	1173
			2268	1172
			2268	1171
			2268	1170
			2268	1169
			2268	1168
			2268	1167
			2268	1166
			2269	1165
			2269	1164
			2269	1163
			2269	1162
			2269	1161
			2269	1160
			2270	1159
			2270	1158
			2270	1157
			2270	1156
			2270	1155
			2271	1154
			2271	1153
			2271	1152
			2272	1151
			2272	1150
			2272	1149
			2273	1148
			2274	1147
			2274	1146
			2275	1145
			2275	1144
			2276	1143
			2277	1142
			2277	1141
			2278	1140
			2279	1139
			2279	1138
			2280	1137
			2281	1136
			2282	1135
			2283	1134
			2284	1133
			2285	1132
			2286	1131
			2287	1130
			2288	1129
			2289	1129
			2290	1128
			2291	1127
			2292	1126
			2293	1126
			2294	1125
			2295	1125
			2296	1124
			2297	1123
			2298	1123
			2299	1122
			2300	1122
			2301	1121
			2302	1121
			2303	1121
			2304	1120
			2305	1120
			2306	1120
			2307	1119
			2308	1119
			2309	1119
			2310	1118
			2311	1118
			2312	1118
			2313	1118
			2314	1117
			2315	1117
		</Outline2>
		<Outline3 type=matrix rownames=FALSE colnames=FALSE nrow=112 ncol=2 as.numeric=TRUE >
			2315	1117
			2316	1117
			2317	1117
			2318	1117
			2319	1116
			2320	1116
			2321	1116
			2322	1116
			2323	1116
			2324	1116
			2325	1116
			2326	1116
			2327	1116
			2327	1115
			2328	1115
			2329	1115
			2330	1115
			2331	1115
			2332	1115
			2333	1115
			2334	1115
			2335	1115
			2336	1115
			2337	1115
			2338	1115
			2339	1115
			2340	1115
			2341	1115
			2342	1115
			2343	1115
			2344	1115
			2345	1115
			2346	1115
			2347	1115
			2348	1114
			2349	1114
			2350	1114
			2351	1114
			2352	1114
			2353	1114
			2354	1114
			2355	1114
			2356	1114
			2357	1114
			2358	1114
			2359	1114
			2360	1115
			2361	1115
			2362	1115
			2363	1115
			2364	1116
			2365	1116
			2366	1116
			2367	1116
			2368	1116
			2368	1117
			2369	1117
			2370	1117
			2371	1117
			2372	1118
			2373	1118
			2374	1118
			2375	1119
			2376	1119
			2377	1119
			2378	1120
			2379	1120
			2380	1121
			2381	1121
			2382	1122
			2383	1122
			2384	1122
			2385	1123
			2386	1123
			2387	1124
			2388	1125
			2389	1126
			2390	1126
			2391	1127
			2391	1128
			2392	1129
			2393	1129
			2394	1130
			2394	1131
			2395	1132
			2396	1133
			2397	1134
			2397	1135
			2398	1136
			2399	1137
			2399	1138
			2400	1139
			2401	1140
			2401	1141
			2402	1142
			2402	1143
			2403	1144
			2403	1145
			2404	1146
			2404	1147
			2405	1148
			2406	1149
			2406	1150
			2407	1151
			2407	1152
			2407	1153
			2408	1154
			2408	1155
			2409	1156
			2409	1157
			2409	1158
			2410	1159
		</Outline3>
		<Outline4 type=matrix rownames=FALSE colnames=FALSE nrow=110 ncol=2 as.numeric=TRUE >
			2410	1159
			2410	1160
			2410	1161
			2410	1162
			2410	1163
			2410	1164
			2411	1164
			2411	1165
			2411	1166
			2411	1167
			2411	1168
			2411	1169
			2411	1170
			2411	1171
			2411	1172
			2411	1173
			2411	1174
			2411	1175
			2411	1176
			2411	1177
			2411	1178
			2412	1179
			2412	1180
			2412	1181
			2412	1182
			2412	1183
			2412	1184
			2412	1185
			2413	1186
			2413	1187
			2413	1188
			2413	1189
			2413	1190
			2413	1191
			2413	1192
			2413	1193
			2412	1193
			2412	1194
			2412	1195
			2412	1196
			2412	1197
			2411	1198
			2411	1199
			2411	1200
			2410	1201
			2410	1202
			2410	1203
			2409	1204
			2409	1205
			2409	1206
			2408	1206
			2408	1207
			2407	1208
			2407	1209
			2406	1210
			2405	1211
			2405	1212
			2404	1213
			2404	1214
			2403	1215
			2402	1216
			2401	1216
			2401	1217
			2400	1218
			2399	1219
			2398	1220
			2397	1221
			2396	1221
			2395	1222
			2394	1223
			2393	1224
			2392	1225
			2391	1226
			2390	1227
			2389	1227
			2388	1227
			2388	1228
			2387	1228
			2386	1229
			2385	1230
			2384	1230
			2383	1231
			2382	1232
			2381	1232
			2380	1233
			2379	1233
			2378	1234
			2377	1234
			2376	1235
			2375	1235
			2374	1235
			2373	1236
			2372	1236
			2371	1236
			2370	1236
			2369	1237
			2368	1237
			2367	1238
			2366	1238
			2365	1239
			2364	1239
			2363	1240
			2362	1240
			2361	1241
			2360	1241
			2359	1242
			2358	1242
			2357	1243
			2356	1244
			2355	1244
		</Outline4>
	</curves.pixel>
	<curves.scaled type=list>
		<Outline1 type=matrix rownames=FALSE colnames=FALSE nrow=135 ncol=2 as.numeric=TRUE >
			22.2150436282111	-11.7348255938406
			22.2056104886662	-11.7348255938406
			22.2056104886662	-11.7442587333855
			22.1961773491213	-11.7442587333855
			22.1867442095764	-11.7536918729304
			22.1773110700315	-11.7536918729304
			22.1678779304867	-11.7631250124753
			22.1584447909418	-11.7725581520201
			22.1490116513969	-11.781991291565
			22.139578511852	-11.781991291565
			22.1301453723071	-11.7914244311099
			22.1207122327622	-11.8008575706548
			22.1112790932173	-11.8102907101997
			22.1018459536724	-11.8102907101997
			22.0924128141275	-11.8197238497446
			22.0924128141275	-11.8291569892895
			22.0829796745827	-11.8385901288344
			22.0735465350378	-11.8385901288344
			22.0641133954929	-11.8480232683792
			22.054680255948	-11.8574564079241
			22.0452471164031	-11.866889547469
			22.0358139768582	-11.866889547469
			22.0263808373133	-11.8763226870139
			22.0169476977684	-11.8857558265588
			22.0075145582236	-11.8951889661037
			21.9980814186787	-11.9046221056486
			21.9886482791338	-11.9046221056486
			21.9792151395889	-11.9140552451935
			21.969782000044	-11.9140552451935
			21.9603488604991	-11.9234883847384
			21.9509157209542	-11.9234883847384
			21.9414825814093	-11.9329215242832
			21.9320494418645	-11.9329215242832
			21.9226163023196	-11.9329215242832
			21.9131831627747	-11.9423546638281
			21.9037500232298	-11.9423546638281
			21.8943168836849	-11.9423546638281
			21.88488374414	-11.951787803373
			21.8754506045951	-11.951787803373
			21.8660174650502	-11.9612209429179
			21.8565843255053	-11.9612209429179
			21.8471511859605	-11.9612209429179
			21.8377180464156	-11.9706540824628
			21.8282849068707	-11.9706540824628
			21.8188517673258	-11.9706540824628
			21.8094186277809	-11.9706540824628
			21.799985488236	-11.9800872220077
			21.7905523486911	-11.9800872220077
			21.7811192091462	-11.9800872220077
			21.7716860696014	-11.9800872220077
			21.7622529300565	-11.9800872220077
			21.7528197905116	-11.9800872220077
			21.7433866509667	-11.9800872220077
			21.7339535114218	-11.9800872220077
			21.7245203718769	-11.9800872220077
			21.715087232332	-11.9800872220077
			21.7056540927871	-11.9706540824628
			21.6962209532423	-11.9706540824628
			21.6867878136974	-11.9706540824628
			21.6773546741525	-11.9706540824628
			21.6679215346076	-11.9706540824628
			21.6584883950627	-11.9612209429179
			21.6490552555178	-11.9612209429179
			21.6396221159729	-11.9612209429179
			21.6396221159729	-11.951787803373
			21.630188976428	-11.951787803373
			21.6207558368832	-11.9423546638281
			21.6113226973383	-11.9423546638281
			21.6018895577934	-11.9329215242832
			21.5924564182485	-11.9329215242832
			21.5830232787036	-11.9234883847384
			21.5735901391587	-11.9234883847384
			21.5641569996138	-11.9140552451935
			21.5547238600689	-11.9140552451935
			21.5547238600689	-11.9046221056486
			21.545290720524	-11.9046221056486
			21.5358575809792	-11.8951889661037
			21.5264244414343	-11.8857558265588
			21.5169913018894	-11.8857558265588
			21.5075581623445	-11.8763226870139
			21.4981250227996	-11.866889547469
			21.4886918832547	-11.8574564079241
			21.4792587437098	-11.8480232683792
			21.4698256041649	-11.8385901288344
			21.4603924646201	-11.8291569892895
			21.4603924646201	-11.8197238497446
			21.4509593250752	-11.8102907101997
			21.4415261855303	-11.8008575706548
			21.4415261855303	-11.7914244311099
			21.4320930459854	-11.781991291565
			21.4320930459854	-11.7725581520201
			21.4226599064405	-11.7631250124753
			21.4226599064405	-11.7536918729304
			21.4132267668956	-11.7442587333855
			21.4132267668956	-11.7348255938406
			21.4132267668956	-11.7253924542957
			21.4132267668956	-11.7159593147508
			21.4037936273507	-11.7065261752059
			21.4037936273507	-11.697093035661
			21.4037936273507	-11.6876598961162
			21.4037936273507	-11.6782267565713
			21.4037936273507	-11.6687936170264
			21.4037936273507	-11.6593604774815
			21.3943604878058	-11.6499273379366
			21.3943604878058	-11.6404941983917
			21.3943604878058	-11.6310610588468
			21.3943604878058	-11.6216279193019
			21.3943604878058	-11.6121947797571
			21.3943604878058	-11.6027616402122
			21.3943604878058	-11.5933285006673
			21.384927348261	-11.5838953611224
			21.384927348261	-11.5744622215775
			21.384927348261	-11.5650290820326
			21.384927348261	-11.5555959424877
			21.384927348261	-11.5461628029428
			21.384927348261	-11.5367296633979
			21.384927348261	-11.5272965238531
			21.384927348261	-11.5178633843082
			21.384927348261	-11.5084302447633
			21.3754942087161	-11.4989971052184
			21.3754942087161	-11.4895639656735
			21.3754942087161	-11.4801308261286
			21.3754942087161	-11.4706976865837
			21.3754942087161	-11.4612645470388
			21.3754942087161	-11.451831407494
			21.3754942087161	-11.4423982679491
			21.3754942087161	-11.4329651284042
			21.3754942087161	-11.4235319888593
			21.3754942087161	-11.4140988493144
			21.3660610691712	-11.4046657097695
			21.3660610691712	-11.3952325702246
			21.3660610691712	-11.3857994306797
			21.3660610691712	-11.3763662911349
			21.3660610691712	-11.36693315159
			21.3660610691712	-11.3575000120451
		</Outline1>
		<Outline2 type=matrix rownames=FALSE colnames=FALSE nrow=103 ncol=2 as.numeric=TRUE >
			21.3660610691712	-11.3575000120451
			21.3660610691712	-11.3480668725002
			21.3660610691712	-11.3386337329553
			21.3660610691712	-11.3292005934104
			21.3660610691712	-11.3197674538655
			21.3660610691712	-11.3103343143206
			21.3660610691712	-11.3009011747757
			21.3754942087161	-11.2914680352309
			21.3754942087161	-11.282034895686
			21.3754942087161	-11.2726017561411
			21.3754942087161	-11.2631686165962
			21.3754942087161	-11.2537354770513
			21.3754942087161	-11.2443023375064
			21.3754942087161	-11.2348691979615
			21.3754942087161	-11.2254360584166
			21.3754942087161	-11.2160029188718
			21.3754942087161	-11.2065697793269
			21.3754942087161	-11.197136639782
			21.3754942087161	-11.1877035002371
			21.384927348261	-11.1782703606922
			21.384927348261	-11.1688372211473
			21.384927348261	-11.1594040816024
			21.384927348261	-11.1499709420575
			21.384927348261	-11.1405378025127
			21.384927348261	-11.1311046629678
			21.384927348261	-11.1216715234229
			21.384927348261	-11.112238383878
			21.384927348261	-11.1028052443331
			21.384927348261	-11.0933721047882
			21.384927348261	-11.0839389652433
			21.3943604878058	-11.0745058256984
			21.3943604878058	-11.0650726861536
			21.3943604878058	-11.0556395466087
			21.3943604878058	-11.0462064070638
			21.3943604878058	-11.0367732675189
			21.3943604878058	-11.027340127974
			21.3943604878058	-11.0179069884291
			21.3943604878058	-11.0084738488842
			21.3943604878058	-10.9990407093393
			21.4037936273507	-10.9896075697944
			21.4037936273507	-10.9801744302496
			21.4037936273507	-10.9707412907047
			21.4037936273507	-10.9613081511598
			21.4037936273507	-10.9518750116149
			21.4037936273507	-10.94244187207
			21.4132267668956	-10.9330087325251
			21.4132267668956	-10.9235755929802
			21.4132267668956	-10.9141424534353
			21.4132267668956	-10.9047093138905
			21.4132267668956	-10.8952761743456
			21.4226599064405	-10.8858430348007
			21.4226599064405	-10.8764098952558
			21.4226599064405	-10.8669767557109
			21.4320930459854	-10.857543616166
			21.4320930459854	-10.8481104766211
			21.4320930459854	-10.8386773370762
			21.4415261855303	-10.8292441975314
			21.4509593250752	-10.8198110579865
			21.4509593250752	-10.8103779184416
			21.4603924646201	-10.8009447788967
			21.4603924646201	-10.7915116393518
			21.4698256041649	-10.7820784998069
			21.4792587437098	-10.772645360262
			21.4792587437098	-10.7632122207171
			21.4886918832547	-10.7537790811722
			21.4981250227996	-10.7443459416274
			21.4981250227996	-10.7349128020825
			21.5075581623445	-10.7254796625376
			21.5169913018894	-10.7160465229927
			21.5264244414343	-10.7066133834478
			21.5358575809792	-10.6971802439029
			21.545290720524	-10.687747104358
			21.5547238600689	-10.6783139648131
			21.5641569996138	-10.6688808252683
			21.5735901391587	-10.6594476857234
			21.5830232787036	-10.6500145461785
			21.5924564182485	-10.6500145461785
			21.6018895577934	-10.6405814066336
			21.6113226973383	-10.6311482670887
			21.6207558368832	-10.6217151275438
			21.630188976428	-10.6217151275438
			21.6396221159729	-10.6122819879989
			21.6490552555178	-10.6122819879989
			21.6584883950627	-10.602848848454
			21.6679215346076	-10.5934157089092
			21.6773546741525	-10.5934157089092
			21.6867878136974	-10.5839825693643
			21.6962209532423	-10.5839825693643
			21.7056540927871	-10.5745494298194
			21.715087232332	-10.5745494298194
			21.7245203718769	-10.5745494298194
			21.7339535114218	-10.5651162902745
			21.7433866509667	-10.5651162902745
			21.7528197905116	-10.5651162902745
			21.7622529300565	-10.5556831507296
			21.7716860696014	-10.5556831507296
			21.7811192091462	-10.5556831507296
			21.7905523486911	-10.5462500111847
			21.799985488236	-10.5462500111847
			21.8094186277809	-10.5462500111847
			21.8188517673258	-10.5462500111847
			21.8282849068707	-10.5368168716398
			21.8377180464156	-10.5368168716398
		</Outline2>
		<Outline3 type=matrix rownames=FALSE colnames=FALSE nrow=112 ncol=2 as.numeric=TRUE >
			21.8377180464156	-10.5368168716398
			21.8471511859605	-10.5368168716398
			21.8565843255053	-10.5368168716398
			21.8660174650502	-10.5368168716398
			21.8754506045951	-10.5273837320949
			21.88488374414	-10.5273837320949
			21.8943168836849	-10.5273837320949
			21.9037500232298	-10.5273837320949
			21.9131831627747	-10.5273837320949
			21.9226163023196	-10.5273837320949
			21.9320494418645	-10.5273837320949
			21.9414825814093	-10.5273837320949
			21.9509157209542	-10.5273837320949
			21.9509157209542	-10.51795059255
			21.9603488604991	-10.51795059255
			21.969782000044	-10.51795059255
			21.9792151395889	-10.51795059255
			21.9886482791338	-10.51795059255
			21.9980814186787	-10.51795059255
			22.0075145582236	-10.51795059255
			22.0169476977684	-10.51795059255
			22.0263808373133	-10.51795059255
			22.0358139768582	-10.51795059255
			22.0452471164031	-10.51795059255
			22.054680255948	-10.51795059255
			22.0641133954929	-10.51795059255
			22.0735465350378	-10.51795059255
			22.0829796745827	-10.51795059255
			22.0924128141275	-10.51795059255
			22.1018459536724	-10.51795059255
			22.1112790932173	-10.51795059255
			22.1207122327622	-10.51795059255
			22.1301453723071	-10.51795059255
			22.139578511852	-10.51795059255
			22.1490116513969	-10.5085174530052
			22.1584447909418	-10.5085174530052
			22.1678779304867	-10.5085174530052
			22.1773110700315	-10.5085174530052
			22.1867442095764	-10.5085174530052
			22.1961773491213	-10.5085174530052
			22.2056104886662	-10.5085174530052
			22.2150436282111	-10.5085174530052
			22.224476767756	-10.5085174530052
			22.2339099073009	-10.5085174530052
			22.2433430468458	-10.5085174530052
			22.2527761863906	-10.5085174530052
			22.2622093259355	-10.51795059255
			22.2716424654804	-10.51795059255
			22.2810756050253	-10.51795059255
			22.2905087445702	-10.51795059255
			22.2999418841151	-10.5273837320949
			22.30937502366	-10.5273837320949
			22.3188081632049	-10.5273837320949
			22.3282413027497	-10.5273837320949
			22.3376744422946	-10.5273837320949
			22.3376744422946	-10.5368168716398
			22.3471075818395	-10.5368168716398
			22.3565407213844	-10.5368168716398
			22.3659738609293	-10.5368168716398
			22.3754070004742	-10.5462500111847
			22.3848401400191	-10.5462500111847
			22.394273279564	-10.5462500111847
			22.4037064191089	-10.5556831507296
			22.4131395586537	-10.5556831507296
			22.4225726981986	-10.5556831507296
			22.4320058377435	-10.5651162902745
			22.4414389772884	-10.5651162902745
			22.4508721168333	-10.5745494298194
			22.4603052563782	-10.5745494298194
			22.4697383959231	-10.5839825693643
			22.479171535468	-10.5839825693643
			22.4886046750128	-10.5839825693643
			22.4980378145577	-10.5934157089092
			22.5074709541026	-10.5934157089092
			22.5169040936475	-10.602848848454
			22.5263372331924	-10.6122819879989
			22.5357703727373	-10.6217151275438
			22.5452035122822	-10.6217151275438
			22.5546366518271	-10.6311482670887
			22.5546366518271	-10.6405814066336
			22.5640697913719	-10.6500145461785
			22.5735029309168	-10.6500145461785
			22.5829360704617	-10.6594476857234
			22.5829360704617	-10.6688808252683
			22.5923692100066	-10.6783139648131
			22.6018023495515	-10.687747104358
			22.6112354890964	-10.6971802439029
			22.6112354890964	-10.7066133834478
			22.6206686286413	-10.7160465229927
			22.6301017681862	-10.7254796625376
			22.6301017681862	-10.7349128020825
			22.639534907731	-10.7443459416274
			22.6489680472759	-10.7537790811722
			22.6489680472759	-10.7632122207171
			22.6584011868208	-10.772645360262
			22.6584011868208	-10.7820784998069
			22.6678343263657	-10.7915116393518
			22.6678343263657	-10.8009447788967
			22.6772674659106	-10.8103779184416
			22.6772674659106	-10.8198110579865
			22.6867006054555	-10.8292441975314
			22.6961337450004	-10.8386773370762
			22.6961337450004	-10.8481104766211
			22.7055668845453	-10.857543616166
			22.7055668845453	-10.8669767557109
			22.7055668845453	-10.8764098952558
			22.7150000240902	-10.8858430348007
			22.7150000240902	-10.8952761743456
			22.724433163635	-10.9047093138905
			22.724433163635	-10.9141424534353
			22.724433163635	-10.9235755929802
			22.7338663031799	-10.9330087325251
		</Outline3>
		<Outline4 type=matrix rownames=FALSE colnames=FALSE nrow=110 ncol=2 as.numeric=TRUE >
			22.7338663031799	-10.9330087325251
			22.7338663031799	-10.94244187207
			22.7338663031799	-10.9518750116149
			22.7338663031799	-10.9613081511598
			22.7338663031799	-10.9707412907047
			22.7338663031799	-10.9801744302496
			22.7432994427248	-10.9801744302496
			22.7432994427248	-10.9896075697944
			22.7432994427248	-10.9990407093393
			22.7432994427248	-11.0084738488842
			22.7432994427248	-11.0179069884291
			22.7432994427248	-11.027340127974
			22.7432994427248	-11.0367732675189
			22.7432994427248	-11.0462064070638
			22.7432994427248	-11.0556395466087
			22.7432994427248	-11.0650726861536
			22.7432994427248	-11.0745058256984
			22.7432994427248	-11.0839389652433
			22.7432994427248	-11.0933721047882
			22.7432994427248	-11.1028052443331
			22.7432994427248	-11.112238383878
			22.7527325822697	-11.1216715234229
			22.7527325822697	-11.1311046629678
			22.7527325822697	-11.1405378025127
			22.7527325822697	-11.1499709420575
			22.7527325822697	-11.1594040816024
			22.7527325822697	-11.1688372211473
			22.7527325822697	-11.1782703606922
			22.7621657218146	-11.1877035002371
			22.7621657218146	-11.197136639782
			22.7621657218146	-11.2065697793269
			22.7621657218146	-11.2160029188718
			22.7621657218146	-11.2254360584166
			22.7621657218146	-11.2348691979615
			22.7621657218146	-11.2443023375064
			22.7621657218146	-11.2537354770513
			22.7527325822697	-11.2537354770513
			22.7527325822697	-11.2631686165962
			22.7527325822697	-11.2726017561411
			22.7527325822697	-11.282034895686
			22.7527325822697	-11.2914680352309
			22.7432994427248	-11.3009011747757
			22.7432994427248	-11.3103343143206
			22.7432994427248	-11.3197674538655
			22.7338663031799	-11.3292005934104
			22.7338663031799	-11.3386337329553
			22.7338663031799	-11.3480668725002
			22.724433163635	-11.3575000120451
			22.724433163635	-11.36693315159
			22.724433163635	-11.3763662911349
			22.7150000240902	-11.3763662911349
			22.7150000240902	-11.3857994306797
			22.7055668845453	-11.3952325702246
			22.7055668845453	-11.4046657097695
			22.6961337450004	-11.4140988493144
			22.6867006054555	-11.4235319888593
			22.6867006054555	-11.4329651284042
			22.6772674659106	-11.4423982679491
			22.6772674659106	-11.451831407494
			22.6678343263657	-11.4612645470388
			22.6584011868208	-11.4706976865837
			22.6489680472759	-11.4706976865837
			22.6489680472759	-11.4801308261286
			22.639534907731	-11.4895639656735
			22.6301017681862	-11.4989971052184
			22.6206686286413	-11.5084302447633
			22.6112354890964	-11.5178633843082
			22.6018023495515	-11.5178633843082
			22.5923692100066	-11.5272965238531
			22.5829360704617	-11.5367296633979
			22.5735029309168	-11.5461628029428
			22.5640697913719	-11.5555959424877
			22.5546366518271	-11.5650290820326
			22.5452035122822	-11.5744622215775
			22.5357703727373	-11.5744622215775
			22.5263372331924	-11.5744622215775
			22.5263372331924	-11.5838953611224
			22.5169040936475	-11.5838953611224
			22.5074709541026	-11.5933285006673
			22.4980378145577	-11.6027616402122
			22.4886046750128	-11.6027616402122
			22.479171535468	-11.6121947797571
			22.4697383959231	-11.6216279193019
			22.4603052563782	-11.6216279193019
			22.4508721168333	-11.6310610588468
			22.4414389772884	-11.6310610588468
			22.4320058377435	-11.6404941983917
			22.4225726981986	-11.6404941983917
			22.4131395586537	-11.6499273379366
			22.4037064191089	-11.6499273379366
			22.394273279564	-11.6499273379366
			22.3848401400191	-11.6593604774815
			22.3754070004742	-11.6593604774815
			22.3659738609293	-11.6593604774815
			22.3565407213844	-11.6593604774815
			22.3471075818395	-11.6687936170264
			22.3376744422946	-11.6687936170264
			22.3282413027497	-11.6782267565713
			22.3188081632049	-11.6782267565713
			22.30937502366	-11.6876598961162
			22.2999418841151	-11.6876598961162
			22.2905087445702	-11.697093035661
			22.2810756050253	-11.697093035661
			22.2716424654804	-11.7065261752059
			22.2622093259355	-11.7065261752059
			22.2527761863906	-11.7159593147508
			22.2433430468458	-11.7159593147508
			22.2339099073009	-11.7253924542957
			22.224476767756	-11.7348255938406
			22.2150436282111	-11.7348255938406
		</Outline4>
	</curves.scaled>
	<ruler.points type=matrix rownames=TRUE colnames=FALSE nrow=2 ncol=2 as.numeric=TRUE >
		Ruler point 1	3331	2506
		Ruler point 2	2271	2520
	</ruler.points>
</shapes>

