<shapes type=list>
	<ruler.pixel type=vector names=FALSE length=1 as.numeric=TRUE >692.087422223522</ruler.pixel>
	<ruler.interval type=vector names=FALSE length=1 as.numeric=TRUE >10</ruler.interval>
	<scaling.units type=vector names=FALSE length=1 as.numeric=FALSE >mm</scaling.units>
	<scaling type=vector names=FALSE length=1 as.numeric=TRUE >0.0144490416656789</scaling>
	<landmarks.pixel type=matrix rownames=TRUE colnames=FALSE nrow=4 ncol=2 as.numeric=TRUE >
		Labial	2457	1558
		Posterior	2351	1525
		Lingual	2413	1427
		Anterior	2527	1464
	</landmarks.pixel>
	<landmarks.scaled type=matrix rownames=TRUE colnames=FALSE nrow=4 ncol=2 as.numeric=TRUE >
		Labial	35.5012953725731	-22.5116069151278
		Posterior	33.9696969560112	-22.0347885401604
		Lingual	34.8655375392833	-20.6187824569238
		Anterior	36.5127282891707	-21.153396998554
	</landmarks.scaled>
	<curves.control type=list>
		<Outline1 type=matrix rownames=FALSE colnames=FALSE nrow=25 ncol=2 as.numeric=TRUE >
			2457	1558
			2450	1565
			2444	1572
			2440	1578
			2435	1584
			2431	1588
			2426	1593
			2420	1597
			2414	1600
			2407	1602
			2400	1602
			2392	1600
			2385	1596
			2380	1593
			2374	1588
			2370	1583
			2366	1577
			2362	1571
			2359	1565
			2356	1558
			2355	1548
			2354	1540
			2353	1534
			2352	1529
			2351	1525
		</Outline1>
		<Outline2 type=matrix rownames=FALSE colnames=FALSE nrow=21 ncol=2 as.numeric=TRUE >
			2351	1525
			2349	1517
			2348	1508
			2347	1498
			2346	1488
			2346	1479
			2347	1472
			2350	1465
			2353	1460
			2356	1455
			2361	1451
			2365	1448
			2371	1445
			2375	1442
			2380	1439
			2385	1436
			2389	1433
			2393	1431
			2397	1429
			2404	1427
			2413	1427
		</Outline2>
		<Outline3 type=matrix rownames=FALSE colnames=FALSE nrow=21 ncol=2 as.numeric=TRUE >
			2413	1427
			2420	1427
			2426	1427
			2431	1425
			2437	1422
			2444	1420
			2450	1419
			2457	1418
			2464	1418
			2470	1418
			2478	1420
			2485	1423
			2490	1427
			2495	1431
			2499	1435
			2506	1441
			2511	1446
			2517	1451
			2521	1455
			2524	1459
			2527	1464
		</Outline3>
		<Outline4 type=matrix rownames=FALSE colnames=FALSE nrow=21 ncol=2 as.numeric=TRUE >
			2527	1464
			2531	1472
			2531	1480
			2532	1490
			2531	1499
			2530	1507
			2529	1514
			2526	1522
			2523	1529
			2519	1536
			2514	1542
			2508	1548
			2501	1552
			2494	1555
			2488	1557
			2482	1558
			2475	1558
			2470	1557
			2466	1556
			2461	1556
			2457	1558
		</Outline4>
	</curves.control>
	<curves.pixel type=list>
		<Outline1 type=matrix rownames=FALSE colnames=FALSE nrow=159 ncol=2 as.numeric=TRUE >
			2457	1558
			2456	1559
			2455	1560
			2454	1561
			2453	1562
			2452	1563
			2451	1564
			2450	1565
			2450	1566
			2449	1567
			2448	1568
			2447	1569
			2446	1570
			2445	1571
			2444	1572
			2443	1573
			2442	1574
			2442	1575
			2441	1576
			2440	1577
			2440	1578
			2439	1579
			2438	1580
			2437	1581
			2436	1582
			2436	1583
			2435	1584
			2434	1585
			2433	1586
			2432	1587
			2431	1588
			2430	1589
			2429	1590
			2428	1591
			2427	1592
			2426	1593
			2425	1594
			2424	1594
			2423	1595
			2422	1595
			2422	1596
			2421	1596
			2420	1597
			2419	1597
			2418	1598
			2417	1598
			2416	1599
			2415	1599
			2414	1600
			2413	1600
			2412	1601
			2411	1601
			2410	1601
			2409	1601
			2408	1601
			2407	1601
			2406	1602
			2405	1602
			2404	1602
			2403	1602
			2402	1602
			2401	1602
			2400	1602
			2399	1602
			2398	1601
			2397	1601
			2396	1601
			2395	1601
			2395	1600
			2394	1600
			2393	1600
			2392	1599
			2391	1599
			2390	1599
			2390	1598
			2389	1598
			2388	1598
			2387	1597
			2386	1596
			2385	1596
			2384	1595
			2383	1595
			2383	1594
			2382	1594
			2381	1594
			2380	1593
			2379	1592
			2378	1591
			2377	1590
			2376	1589
			2375	1589
			2374	1588
			2373	1587
			2373	1586
			2372	1586
			2372	1585
			2371	1584
			2370	1583
			2370	1582
			2369	1581
			2368	1581
			2368	1580
			2367	1579
			2367	1578
			2366	1577
			2365	1576
			2365	1575
			2364	1574
			2364	1573
			2363	1572
			2362	1571
			2362	1570
			2361	1570
			2361	1569
			2360	1568
			2360	1567
			2359	1566
			2359	1565
			2358	1564
			2358	1563
			2358	1562
			2358	1561
			2357	1560
			2357	1559
			2357	1558
			2356	1557
			2356	1556
			2356	1555
			2356	1554
			2356	1553
			2356	1552
			2355	1551
			2355	1550
			2355	1549
			2355	1548
			2355	1547
			2355	1546
			2355	1545
			2355	1544
			2354	1544
			2354	1543
			2354	1542
			2354	1541
			2354	1540
			2354	1539
			2354	1538
			2353	1537
			2353	1536
			2353	1535
			2353	1534
			2353	1533
			2353	1532
			2352	1531
			2352	1530
			2352	1529
			2352	1528
			2351	1527
			2351	1526
			2351	1525
		</Outline1>
		<Outline2 type=matrix rownames=FALSE colnames=FALSE nrow=128 ncol=2 as.numeric=TRUE >
			2351	1525
			2351	1524
			2350	1523
			2350	1522
			2350	1521
			2350	1520
			2350	1519
			2349	1518
			2349	1517
			2349	1516
			2349	1515
			2349	1514
			2349	1513
			2349	1512
			2348	1511
			2348	1510
			2348	1509
			2348	1508
			2348	1507
			2348	1506
			2348	1505
			2348	1504
			2348	1503
			2347	1502
			2347	1501
			2347	1500
			2347	1499
			2347	1498
			2347	1497
			2347	1496
			2347	1495
			2347	1494
			2346	1493
			2346	1492
			2346	1491
			2346	1490
			2346	1489
			2346	1488
			2346	1487
			2346	1486
			2346	1485
			2346	1484
			2346	1483
			2346	1482
			2346	1481
			2346	1480
			2346	1479
			2346	1478
			2346	1477
			2347	1476
			2347	1475
			2347	1474
			2347	1473
			2347	1472
			2347	1471
			2348	1470
			2348	1469
			2349	1468
			2349	1467
			2350	1466
			2350	1465
			2351	1464
			2351	1463
			2352	1462
			2353	1461
			2353	1460
			2354	1459
			2354	1458
			2355	1457
			2356	1456
			2357	1455
			2358	1454
			2359	1453
			2360	1452
			2361	1451
			2362	1450
			2363	1450
			2364	1449
			2365	1448
			2366	1448
			2367	1447
			2368	1447
			2369	1446
			2370	1445
			2371	1445
			2372	1444
			2373	1444
			2374	1443
			2375	1442
			2376	1441
			2377	1441
			2378	1440
			2379	1440
			2380	1439
			2381	1438
			2382	1438
			2383	1437
			2384	1437
			2385	1436
			2386	1435
			2387	1434
			2388	1434
			2389	1433
			2390	1433
			2391	1432
			2392	1432
			2393	1431
			2394	1431
			2394	1430
			2395	1430
			2396	1429
			2397	1429
			2398	1429
			2399	1428
			2400	1428
			2401	1428
			2402	1428
			2403	1428
			2404	1428
			2405	1427
			2406	1427
			2407	1427
			2408	1427
			2409	1427
			2410	1427
			2411	1427
			2412	1427
			2413	1427
		</Outline2>
		<Outline3 type=matrix rownames=FALSE colnames=FALSE nrow=125 ncol=2 as.numeric=TRUE >
			2413	1427
			2414	1427
			2415	1427
			2416	1427
			2417	1427
			2418	1427
			2419	1427
			2420	1427
			2421	1427
			2422	1427
			2423	1427
			2424	1427
			2425	1427
			2426	1427
			2427	1427
			2427	1426
			2428	1426
			2429	1426
			2430	1425
			2431	1425
			2432	1424
			2433	1424
			2434	1423
			2435	1423
			2436	1422
			2437	1422
			2438	1422
			2439	1422
			2439	1421
			2440	1421
			2441	1421
			2442	1421
			2443	1420
			2444	1420
			2445	1420
			2446	1420
			2447	1420
			2448	1419
			2449	1419
			2450	1419
			2451	1419
			2452	1419
			2453	1419
			2454	1418
			2455	1418
			2456	1418
			2457	1418
			2458	1418
			2459	1418
			2460	1418
			2461	1418
			2462	1418
			2463	1418
			2464	1418
			2465	1418
			2466	1418
			2467	1418
			2468	1418
			2469	1418
			2470	1418
			2471	1419
			2472	1419
			2473	1419
			2474	1419
			2475	1419
			2476	1420
			2477	1420
			2478	1420
			2479	1420
			2479	1421
			2480	1421
			2481	1421
			2482	1422
			2483	1423
			2484	1423
			2485	1423
			2486	1424
			2487	1424
			2487	1425
			2488	1426
			2489	1426
			2490	1427
			2491	1428
			2492	1429
			2493	1430
			2494	1430
			2495	1431
			2495	1432
			2496	1432
			2497	1433
			2497	1434
			2498	1434
			2499	1435
			2500	1436
			2501	1437
			2502	1438
			2503	1439
			2504	1440
			2505	1441
			2506	1442
			2507	1442
			2508	1443
			2509	1444
			2510	1445
			2511	1446
			2512	1447
			2513	1448
			2514	1448
			2515	1449
			2516	1450
			2516	1451
			2517	1451
			2518	1452
			2519	1453
			2520	1454
			2521	1455
			2522	1456
			2523	1457
			2523	1458
			2524	1459
			2524	1460
			2525	1461
			2526	1462
			2526	1463
			2527	1464
		</Outline3>
		<Outline4 type=matrix rownames=FALSE colnames=FALSE nrow=139 ncol=2 as.numeric=TRUE >
			2527	1464
			2528	1465
			2528	1466
			2528	1467
			2529	1468
			2529	1469
			2529	1470
			2530	1470
			2530	1471
			2530	1472
			2530	1473
			2531	1474
			2531	1475
			2531	1476
			2531	1477
			2531	1478
			2531	1479
			2531	1480
			2531	1481
			2531	1482
			2531	1483
			2531	1484
			2531	1485
			2531	1486
			2531	1487
			2531	1488
			2531	1489
			2531	1490
			2531	1491
			2531	1492
			2531	1493
			2531	1494
			2531	1495
			2531	1496
			2531	1497
			2531	1498
			2531	1499
			2531	1500
			2531	1501
			2531	1502
			2530	1503
			2530	1504
			2530	1505
			2530	1506
			2530	1507
			2530	1508
			2530	1509
			2530	1510
			2529	1511
			2529	1512
			2529	1513
			2529	1514
			2529	1515
			2528	1516
			2528	1517
			2527	1518
			2527	1519
			2527	1520
			2526	1521
			2526	1522
			2526	1523
			2525	1523
			2525	1524
			2525	1525
			2524	1526
			2524	1527
			2523	1528
			2523	1529
			2522	1530
			2522	1531
			2521	1532
			2521	1533
			2520	1533
			2520	1534
			2519	1535
			2519	1536
			2518	1537
			2517	1538
			2516	1539
			2515	1540
			2515	1541
			2514	1542
			2513	1543
			2512	1544
			2511	1545
			2510	1546
			2509	1546
			2508	1547
			2507	1548
			2506	1549
			2505	1549
			2504	1550
			2503	1551
			2502	1551
			2501	1552
			2500	1552
			2499	1553
			2498	1553
			2497	1554
			2496	1554
			2495	1555
			2494	1555
			2493	1555
			2492	1556
			2491	1556
			2490	1556
			2489	1557
			2488	1557
			2487	1557
			2486	1557
			2485	1557
			2484	1558
			2483	1558
			2482	1558
			2481	1558
			2480	1558
			2479	1558
			2478	1558
			2477	1558
			2476	1558
			2475	1558
			2474	1558
			2473	1558
			2472	1557
			2471	1557
			2470	1557
			2469	1557
			2468	1557
			2467	1556
			2466	1556
			2465	1556
			2464	1556
			2463	1556
			2462	1556
			2461	1557
			2460	1557
			2459	1557
			2458	1558
			2457	1558
		</Outline4>
	</curves.pixel>
	<curves.scaled type=list>
		<Outline1 type=matrix rownames=FALSE colnames=FALSE nrow=159 ncol=2 as.numeric=TRUE >
			35.5012953725731	-22.5116069151278
			35.4868463309075	-22.5260559567935
			35.4723972892418	-22.5405049984591
			35.4579482475761	-22.5549540401248
			35.4434992059104	-22.5694030817905
			35.4290501642447	-22.5838521234562
			35.4146011225791	-22.5983011651218
			35.4001520809134	-22.6127502067875
			35.4001520809134	-22.6271992484532
			35.3857030392477	-22.6416482901189
			35.371253997582	-22.6560973317846
			35.3568049559163	-22.6705463734502
			35.3423559142507	-22.6849954151159
			35.327906872585	-22.6994444567816
			35.3134578309193	-22.7138934984473
			35.2990087892536	-22.728342540113
			35.2845597475879	-22.7427915817786
			35.2845597475879	-22.7572406234443
			35.2701107059223	-22.77168966511
			35.2556616642566	-22.7861387067757
			35.2556616642566	-22.8005877484414
			35.2412126225909	-22.815036790107
			35.2267635809252	-22.8294858317727
			35.2123145392596	-22.8439348734384
			35.1978654975939	-22.8583839151041
			35.1978654975939	-22.8728329567697
			35.1834164559282	-22.8872819984354
			35.1689674142625	-22.9017310401011
			35.1545183725968	-22.9161800817668
			35.1400693309312	-22.9306291234325
			35.1256202892655	-22.9450781650981
			35.1111712475998	-22.9595272067638
			35.0967222059341	-22.9739762484295
			35.0822731642684	-22.9884252900952
			35.0678241226028	-23.0028743317609
			35.0533750809371	-23.0173233734265
			35.0389260392714	-23.0317724150922
			35.0244769976057	-23.0317724150922
			35.0100279559401	-23.0462214567579
			34.9955789142744	-23.0462214567579
			34.9955789142744	-23.0606704984236
			34.9811298726087	-23.0606704984236
			34.966680830943	-23.0751195400893
			34.9522317892773	-23.0751195400893
			34.9377827476117	-23.0895685817549
			34.923333705946	-23.0895685817549
			34.9088846642803	-23.1040176234206
			34.8944356226146	-23.1040176234206
			34.8799865809489	-23.1184666650863
			34.8655375392833	-23.1184666650863
			34.8510884976176	-23.132915706752
			34.8366394559519	-23.132915706752
			34.8221904142862	-23.132915706752
			34.8077413726205	-23.132915706752
			34.7932923309549	-23.132915706752
			34.7788432892892	-23.132915706752
			34.7643942476235	-23.1473647484176
			34.7499452059578	-23.1473647484176
			34.7354961642922	-23.1473647484176
			34.7210471226265	-23.1473647484176
			34.7065980809608	-23.1473647484176
			34.6921490392951	-23.1473647484176
			34.6776999976294	-23.1473647484176
			34.6632509559638	-23.1473647484176
			34.6488019142981	-23.132915706752
			34.6343528726324	-23.132915706752
			34.6199038309667	-23.132915706752
			34.605454789301	-23.132915706752
			34.605454789301	-23.1184666650863
			34.5910057476354	-23.1184666650863
			34.5765567059697	-23.1184666650863
			34.562107664304	-23.1040176234206
			34.5476586226383	-23.1040176234206
			34.5332095809726	-23.1040176234206
			34.5332095809726	-23.0895685817549
			34.518760539307	-23.0895685817549
			34.5043114976413	-23.0895685817549
			34.4898624559756	-23.0751195400893
			34.4754134143099	-23.0606704984236
			34.4609643726442	-23.0606704984236
			34.4465153309786	-23.0462214567579
			34.4320662893129	-23.0462214567579
			34.4320662893129	-23.0317724150922
			34.4176172476472	-23.0317724150922
			34.4031682059815	-23.0317724150922
			34.3887191643159	-23.0173233734265
			34.3742701226502	-23.0028743317609
			34.3598210809845	-22.9884252900952
			34.3453720393188	-22.9739762484295
			34.3309229976531	-22.9595272067638
			34.3164739559875	-22.9595272067638
			34.3020249143218	-22.9450781650981
			34.2875758726561	-22.9306291234325
			34.2875758726561	-22.9161800817668
			34.2731268309904	-22.9161800817668
			34.2731268309904	-22.9017310401011
			34.2586777893247	-22.8872819984354
			34.2442287476591	-22.8728329567697
			34.2442287476591	-22.8583839151041
			34.2297797059934	-22.8439348734384
			34.2153306643277	-22.8439348734384
			34.2153306643277	-22.8294858317727
			34.200881622662	-22.815036790107
			34.200881622662	-22.8005877484414
			34.1864325809964	-22.7861387067757
			34.1719835393307	-22.77168966511
			34.1719835393307	-22.7572406234443
			34.157534497665	-22.7427915817786
			34.157534497665	-22.728342540113
			34.1430854559993	-22.7138934984473
			34.1286364143336	-22.6994444567816
			34.1286364143336	-22.6849954151159
			34.114187372668	-22.6849954151159
			34.114187372668	-22.6705463734502
			34.0997383310023	-22.6560973317846
			34.0997383310023	-22.6416482901189
			34.0852892893366	-22.6271992484532
			34.0852892893366	-22.6127502067875
			34.0708402476709	-22.5983011651218
			34.0708402476709	-22.5838521234562
			34.0708402476709	-22.5694030817905
			34.0708402476709	-22.5549540401248
			34.0563912060052	-22.5405049984591
			34.0563912060052	-22.5260559567935
			34.0563912060052	-22.5116069151278
			34.0419421643396	-22.4971578734621
			34.0419421643396	-22.4827088317964
			34.0419421643396	-22.4682597901307
			34.0419421643396	-22.4538107484651
			34.0419421643396	-22.4393617067994
			34.0419421643396	-22.4249126651337
			34.0274931226739	-22.410463623468
			34.0274931226739	-22.3960145818023
			34.0274931226739	-22.3815655401367
			34.0274931226739	-22.367116498471
			34.0274931226739	-22.3526674568053
			34.0274931226739	-22.3382184151396
			34.0274931226739	-22.3237693734739
			34.0274931226739	-22.3093203318083
			34.0130440810082	-22.3093203318083
			34.0130440810082	-22.2948712901426
			34.0130440810082	-22.2804222484769
			34.0130440810082	-22.2659732068112
			34.0130440810082	-22.2515241651456
			34.0130440810082	-22.2370751234799
			34.0130440810082	-22.2226260818142
			33.9985950393425	-22.2081770401485
			33.9985950393425	-22.1937279984828
			33.9985950393425	-22.1792789568172
			33.9985950393425	-22.1648299151515
			33.9985950393425	-22.1503808734858
			33.9985950393425	-22.1359318318201
			33.9841459976768	-22.1214827901544
			33.9841459976768	-22.1070337484888
			33.9841459976768	-22.0925847068231
			33.9841459976768	-22.0781356651574
			33.9696969560112	-22.0636866234917
			33.9696969560112	-22.049237581826
			33.9696969560112	-22.0347885401604
		</Outline1>
		<Outline2 type=matrix rownames=FALSE colnames=FALSE nrow=128 ncol=2 as.numeric=TRUE >
			33.9696969560112	-22.0347885401604
			33.9696969560112	-22.0203394984947
			33.9552479143455	-22.005890456829
			33.9552479143455	-21.9914414151633
			33.9552479143455	-21.9769923734977
			33.9552479143455	-21.962543331832
			33.9552479143455	-21.9480942901663
			33.9407988726798	-21.9336452485006
			33.9407988726798	-21.9191962068349
			33.9407988726798	-21.9047471651693
			33.9407988726798	-21.8902981235036
			33.9407988726798	-21.8758490818379
			33.9407988726798	-21.8614000401722
			33.9407988726798	-21.8469509985065
			33.9263498310141	-21.8325019568409
			33.9263498310141	-21.8180529151752
			33.9263498310141	-21.8036038735095
			33.9263498310141	-21.7891548318438
			33.9263498310141	-21.7747057901781
			33.9263498310141	-21.7602567485125
			33.9263498310141	-21.7458077068468
			33.9263498310141	-21.7313586651811
			33.9263498310141	-21.7169096235154
			33.9119007893485	-21.7024605818498
			33.9119007893485	-21.6880115401841
			33.9119007893485	-21.6735624985184
			33.9119007893485	-21.6591134568527
			33.9119007893485	-21.644664415187
			33.9119007893485	-21.6302153735214
			33.9119007893485	-21.6157663318557
			33.9119007893485	-21.60131729019
			33.9119007893485	-21.5868682485243
			33.8974517476828	-21.5724192068586
			33.8974517476828	-21.557970165193
			33.8974517476828	-21.5435211235273
			33.8974517476828	-21.5290720818616
			33.8974517476828	-21.5146230401959
			33.8974517476828	-21.5001739985303
			33.8974517476828	-21.4857249568646
			33.8974517476828	-21.4712759151989
			33.8974517476828	-21.4568268735332
			33.8974517476828	-21.4423778318675
			33.8974517476828	-21.4279287902019
			33.8974517476828	-21.4134797485362
			33.8974517476828	-21.3990307068705
			33.8974517476828	-21.3845816652048
			33.8974517476828	-21.3701326235391
			33.8974517476828	-21.3556835818735
			33.8974517476828	-21.3412345402078
			33.9119007893485	-21.3267854985421
			33.9119007893485	-21.3123364568764
			33.9119007893485	-21.2978874152107
			33.9119007893485	-21.2834383735451
			33.9119007893485	-21.2689893318794
			33.9119007893485	-21.2545402902137
			33.9263498310141	-21.240091248548
			33.9263498310141	-21.2256422068824
			33.9407988726798	-21.2111931652167
			33.9407988726798	-21.196744123551
			33.9552479143455	-21.1822950818853
			33.9552479143455	-21.1678460402196
			33.9696969560112	-21.153396998554
			33.9696969560112	-21.1389479568883
			33.9841459976768	-21.1244989152226
			33.9985950393425	-21.1100498735569
			33.9985950393425	-21.0956008318912
			34.0130440810082	-21.0811517902256
			34.0130440810082	-21.0667027485599
			34.0274931226739	-21.0522537068942
			34.0419421643396	-21.0378046652285
			34.0563912060052	-21.0233556235628
			34.0708402476709	-21.0089065818972
			34.0852892893366	-20.9944575402315
			34.0997383310023	-20.9800084985658
			34.114187372668	-20.9655594569001
			34.1286364143336	-20.9511104152344
			34.1430854559993	-20.9511104152344
			34.157534497665	-20.9366613735688
			34.1719835393307	-20.9222123319031
			34.1864325809964	-20.9222123319031
			34.200881622662	-20.9077632902374
			34.2153306643277	-20.9077632902374
			34.2297797059934	-20.8933142485717
			34.2442287476591	-20.8788652069061
			34.2586777893247	-20.8788652069061
			34.2731268309904	-20.8644161652404
			34.2875758726561	-20.8644161652404
			34.3020249143218	-20.8499671235747
			34.3164739559875	-20.835518081909
			34.3309229976531	-20.8210690402433
			34.3453720393188	-20.8210690402433
			34.3598210809845	-20.8066199985777
			34.3742701226502	-20.8066199985777
			34.3887191643159	-20.792170956912
			34.4031682059815	-20.7777219152463
			34.4176172476472	-20.7777219152463
			34.4320662893129	-20.7632728735806
			34.4465153309786	-20.7632728735806
			34.4609643726442	-20.7488238319149
			34.4754134143099	-20.7343747902493
			34.4898624559756	-20.7199257485836
			34.5043114976413	-20.7199257485836
			34.518760539307	-20.7054767069179
			34.5332095809726	-20.7054767069179
			34.5476586226383	-20.6910276652522
			34.562107664304	-20.6910276652522
			34.5765567059697	-20.6765786235866
			34.5910057476354	-20.6765786235866
			34.5910057476354	-20.6621295819209
			34.605454789301	-20.6621295819209
			34.6199038309667	-20.6476805402552
			34.6343528726324	-20.6476805402552
			34.6488019142981	-20.6476805402552
			34.6632509559638	-20.6332314985895
			34.6776999976294	-20.6332314985895
			34.6921490392951	-20.6332314985895
			34.7065980809608	-20.6332314985895
			34.7210471226265	-20.6332314985895
			34.7354961642922	-20.6332314985895
			34.7499452059578	-20.6187824569238
			34.7643942476235	-20.6187824569238
			34.7788432892892	-20.6187824569238
			34.7932923309549	-20.6187824569238
			34.8077413726205	-20.6187824569238
			34.8221904142862	-20.6187824569238
			34.8366394559519	-20.6187824569238
			34.8510884976176	-20.6187824569238
			34.8655375392833	-20.6187824569238
		</Outline2>
		<Outline3 type=matrix rownames=FALSE colnames=FALSE nrow=125 ncol=2 as.numeric=TRUE >
			34.8655375392833	-20.6187824569238
			34.8799865809489	-20.6187824569238
			34.8944356226146	-20.6187824569238
			34.9088846642803	-20.6187824569238
			34.923333705946	-20.6187824569238
			34.9377827476117	-20.6187824569238
			34.9522317892773	-20.6187824569238
			34.966680830943	-20.6187824569238
			34.9811298726087	-20.6187824569238
			34.9955789142744	-20.6187824569238
			35.0100279559401	-20.6187824569238
			35.0244769976057	-20.6187824569238
			35.0389260392714	-20.6187824569238
			35.0533750809371	-20.6187824569238
			35.0678241226028	-20.6187824569238
			35.0678241226028	-20.6043334152582
			35.0822731642684	-20.6043334152582
			35.0967222059341	-20.6043334152582
			35.1111712475998	-20.5898843735925
			35.1256202892655	-20.5898843735925
			35.1400693309312	-20.5754353319268
			35.1545183725968	-20.5754353319268
			35.1689674142625	-20.5609862902611
			35.1834164559282	-20.5609862902611
			35.1978654975939	-20.5465372485954
			35.2123145392596	-20.5465372485954
			35.2267635809252	-20.5465372485954
			35.2412126225909	-20.5465372485954
			35.2412126225909	-20.5320882069298
			35.2556616642566	-20.5320882069298
			35.2701107059223	-20.5320882069298
			35.2845597475879	-20.5320882069298
			35.2990087892536	-20.5176391652641
			35.3134578309193	-20.5176391652641
			35.327906872585	-20.5176391652641
			35.3423559142507	-20.5176391652641
			35.3568049559163	-20.5176391652641
			35.371253997582	-20.5031901235984
			35.3857030392477	-20.5031901235984
			35.4001520809134	-20.5031901235984
			35.4146011225791	-20.5031901235984
			35.4290501642447	-20.5031901235984
			35.4434992059104	-20.5031901235984
			35.4579482475761	-20.4887410819327
			35.4723972892418	-20.4887410819327
			35.4868463309075	-20.4887410819327
			35.5012953725731	-20.4887410819327
			35.5157444142388	-20.4887410819327
			35.5301934559045	-20.4887410819327
			35.5446424975702	-20.4887410819327
			35.5590915392359	-20.4887410819327
			35.5735405809015	-20.4887410819327
			35.5879896225672	-20.4887410819327
			35.6024386642329	-20.4887410819327
			35.6168877058986	-20.4887410819327
			35.6313367475642	-20.4887410819327
			35.6457857892299	-20.4887410819327
			35.6602348308956	-20.4887410819327
			35.6746838725613	-20.4887410819327
			35.689132914227	-20.4887410819327
			35.7035819558926	-20.5031901235984
			35.7180309975583	-20.5031901235984
			35.732480039224	-20.5031901235984
			35.7469290808897	-20.5031901235984
			35.7613781225554	-20.5031901235984
			35.775827164221	-20.5176391652641
			35.7902762058867	-20.5176391652641
			35.8047252475524	-20.5176391652641
			35.8191742892181	-20.5176391652641
			35.8191742892181	-20.5320882069298
			35.8336233308837	-20.5320882069298
			35.8480723725494	-20.5320882069298
			35.8625214142151	-20.5465372485954
			35.8769704558808	-20.5609862902611
			35.8914194975465	-20.5609862902611
			35.9058685392121	-20.5609862902611
			35.9203175808778	-20.5754353319268
			35.9347666225435	-20.5754353319268
			35.9347666225435	-20.5898843735925
			35.9492156642092	-20.6043334152582
			35.9636647058749	-20.6043334152582
			35.9781137475405	-20.6187824569238
			35.9925627892062	-20.6332314985895
			36.0070118308719	-20.6476805402552
			36.0214608725376	-20.6621295819209
			36.0359099142033	-20.6621295819209
			36.0503589558689	-20.6765786235866
			36.0503589558689	-20.6910276652522
			36.0648079975346	-20.6910276652522
			36.0792570392003	-20.7054767069179
			36.0792570392003	-20.7199257485836
			36.093706080866	-20.7199257485836
			36.1081551225316	-20.7343747902493
			36.1226041641973	-20.7488238319149
			36.137053205863	-20.7632728735806
			36.1515022475287	-20.7777219152463
			36.1659512891944	-20.792170956912
			36.18040033086	-20.8066199985777
			36.1948493725257	-20.8210690402433
			36.2092984141914	-20.835518081909
			36.2237474558571	-20.835518081909
			36.2381964975228	-20.8499671235747
			36.2526455391884	-20.8644161652404
			36.2670945808541	-20.8788652069061
			36.2815436225198	-20.8933142485717
			36.2959926641855	-20.9077632902374
			36.3104417058512	-20.9222123319031
			36.3248907475168	-20.9222123319031
			36.3393397891825	-20.9366613735688
			36.3537888308482	-20.9511104152344
			36.3537888308482	-20.9655594569001
			36.3682378725139	-20.9655594569001
			36.3826869141796	-20.9800084985658
			36.3971359558452	-20.9944575402315
			36.4115849975109	-21.0089065818972
			36.4260340391766	-21.0233556235628
			36.4404830808423	-21.0378046652285
			36.4549321225079	-21.0522537068942
			36.4549321225079	-21.0667027485599
			36.4693811641736	-21.0811517902256
			36.4693811641736	-21.0956008318912
			36.4838302058393	-21.1100498735569
			36.498279247505	-21.1244989152226
			36.498279247505	-21.1389479568883
			36.5127282891707	-21.153396998554
		</Outline3>
		<Outline4 type=matrix rownames=FALSE colnames=FALSE nrow=139 ncol=2 as.numeric=TRUE >
			36.5127282891707	-21.153396998554
			36.5271773308363	-21.1678460402196
			36.5271773308363	-21.1822950818853
			36.5271773308363	-21.196744123551
			36.541626372502	-21.2111931652167
			36.541626372502	-21.2256422068824
			36.541626372502	-21.240091248548
			36.5560754141677	-21.240091248548
			36.5560754141677	-21.2545402902137
			36.5560754141677	-21.2689893318794
			36.5560754141677	-21.2834383735451
			36.5705244558334	-21.2978874152107
			36.5705244558334	-21.3123364568764
			36.5705244558334	-21.3267854985421
			36.5705244558334	-21.3412345402078
			36.5705244558334	-21.3556835818735
			36.5705244558334	-21.3701326235391
			36.5705244558334	-21.3845816652048
			36.5705244558334	-21.3990307068705
			36.5705244558334	-21.4134797485362
			36.5705244558334	-21.4279287902019
			36.5705244558334	-21.4423778318675
			36.5705244558334	-21.4568268735332
			36.5705244558334	-21.4712759151989
			36.5705244558334	-21.4857249568646
			36.5705244558334	-21.5001739985303
			36.5705244558334	-21.5146230401959
			36.5705244558334	-21.5290720818616
			36.5705244558334	-21.5435211235273
			36.5705244558334	-21.557970165193
			36.5705244558334	-21.5724192068586
			36.5705244558334	-21.5868682485243
			36.5705244558334	-21.60131729019
			36.5705244558334	-21.6157663318557
			36.5705244558334	-21.6302153735214
			36.5705244558334	-21.644664415187
			36.5705244558334	-21.6591134568527
			36.5705244558334	-21.6735624985184
			36.5705244558334	-21.6880115401841
			36.5705244558334	-21.7024605818498
			36.5560754141677	-21.7169096235154
			36.5560754141677	-21.7313586651811
			36.5560754141677	-21.7458077068468
			36.5560754141677	-21.7602567485125
			36.5560754141677	-21.7747057901781
			36.5560754141677	-21.7891548318438
			36.5560754141677	-21.8036038735095
			36.5560754141677	-21.8180529151752
			36.541626372502	-21.8325019568409
			36.541626372502	-21.8469509985065
			36.541626372502	-21.8614000401722
			36.541626372502	-21.8758490818379
			36.541626372502	-21.8902981235036
			36.5271773308363	-21.9047471651693
			36.5271773308363	-21.9191962068349
			36.5127282891707	-21.9336452485006
			36.5127282891707	-21.9480942901663
			36.5127282891707	-21.962543331832
			36.498279247505	-21.9769923734977
			36.498279247505	-21.9914414151633
			36.498279247505	-22.005890456829
			36.4838302058393	-22.005890456829
			36.4838302058393	-22.0203394984947
			36.4838302058393	-22.0347885401604
			36.4693811641736	-22.049237581826
			36.4693811641736	-22.0636866234917
			36.4549321225079	-22.0781356651574
			36.4549321225079	-22.0925847068231
			36.4404830808423	-22.1070337484888
			36.4404830808423	-22.1214827901544
			36.4260340391766	-22.1359318318201
			36.4260340391766	-22.1503808734858
			36.4115849975109	-22.1503808734858
			36.4115849975109	-22.1648299151515
			36.3971359558452	-22.1792789568172
			36.3971359558452	-22.1937279984828
			36.3826869141796	-22.2081770401485
			36.3682378725139	-22.2226260818142
			36.3537888308482	-22.2370751234799
			36.3393397891825	-22.2515241651456
			36.3393397891825	-22.2659732068112
			36.3248907475168	-22.2804222484769
			36.3104417058512	-22.2948712901426
			36.2959926641855	-22.3093203318083
			36.2815436225198	-22.3237693734739
			36.2670945808541	-22.3382184151396
			36.2526455391884	-22.3382184151396
			36.2381964975228	-22.3526674568053
			36.2237474558571	-22.367116498471
			36.2092984141914	-22.3815655401367
			36.1948493725257	-22.3815655401367
			36.18040033086	-22.3960145818023
			36.1659512891944	-22.410463623468
			36.1515022475287	-22.410463623468
			36.137053205863	-22.4249126651337
			36.1226041641973	-22.4249126651337
			36.1081551225316	-22.4393617067994
			36.093706080866	-22.4393617067994
			36.0792570392003	-22.4538107484651
			36.0648079975346	-22.4538107484651
			36.0503589558689	-22.4682597901307
			36.0359099142033	-22.4682597901307
			36.0214608725376	-22.4682597901307
			36.0070118308719	-22.4827088317964
			35.9925627892062	-22.4827088317964
			35.9781137475405	-22.4827088317964
			35.9636647058749	-22.4971578734621
			35.9492156642092	-22.4971578734621
			35.9347666225435	-22.4971578734621
			35.9203175808778	-22.4971578734621
			35.9058685392121	-22.4971578734621
			35.8914194975465	-22.5116069151278
			35.8769704558808	-22.5116069151278
			35.8625214142151	-22.5116069151278
			35.8480723725494	-22.5116069151278
			35.8336233308837	-22.5116069151278
			35.8191742892181	-22.5116069151278
			35.8047252475524	-22.5116069151278
			35.7902762058867	-22.5116069151278
			35.775827164221	-22.5116069151278
			35.7613781225554	-22.5116069151278
			35.7469290808897	-22.5116069151278
			35.732480039224	-22.5116069151278
			35.7180309975583	-22.4971578734621
			35.7035819558926	-22.4971578734621
			35.689132914227	-22.4971578734621
			35.6746838725613	-22.4971578734621
			35.6602348308956	-22.4971578734621
			35.6457857892299	-22.4827088317964
			35.6313367475642	-22.4827088317964
			35.6168877058986	-22.4827088317964
			35.6024386642329	-22.4827088317964
			35.5879896225672	-22.4827088317964
			35.5735405809015	-22.4827088317964
			35.5590915392359	-22.4971578734621
			35.5446424975702	-22.4971578734621
			35.5301934559045	-22.4971578734621
			35.5157444142388	-22.5116069151278
			35.5012953725731	-22.5116069151278
		</Outline4>
	</curves.scaled>
	<ruler.points type=matrix rownames=TRUE colnames=FALSE nrow=2 ncol=2 as.numeric=TRUE >
		Ruler point 1	2928	2427
		Ruler point 2	2236	2438
	</ruler.points>
</shapes>

