<shapes type=list>
	<ruler.pixel type=vector names=FALSE length=1 as.numeric=TRUE >682.006598208551</ruler.pixel>
	<ruler.interval type=vector names=FALSE length=1 as.numeric=TRUE >10</ruler.interval>
	<scaling.units type=vector names=FALSE length=1 as.numeric=FALSE >mm</scaling.units>
	<scaling type=vector names=FALSE length=1 as.numeric=TRUE >0.0146626147404839</scaling>
	<landmarks.pixel type=matrix rownames=TRUE colnames=FALSE nrow=4 ncol=2 as.numeric=TRUE >
		Labial	2604	1718
		Posterior	2480	1680
		Lingual	2531	1559
		Anterior	2659	1600
	</landmarks.pixel>
	<landmarks.scaled type=matrix rownames=TRUE colnames=FALSE nrow=4 ncol=2 as.numeric=TRUE >
		Labial	38.1814487842201	-25.1903721241514
		Posterior	36.3632845564001	-24.633192764013
		Lingual	37.1110779081648	-22.8590163804144
		Anterior	38.9878925949468	-23.4601835847743
	</landmarks.scaled>
	<curves.control type=list>
		<Outline1 type=matrix rownames=FALSE colnames=FALSE nrow=17 ncol=2 as.numeric=TRUE >
			2604	1718
			2596	1723
			2585	1734
			2578	1742
			2570	1751
			2561	1759
			2550	1765
			2539	1767
			2525	1766
			2513	1764
			2502	1759
			2493	1753
			2488	1745
			2484	1735
			2481	1722
			2480	1703
			2480	1680
		</Outline1>
		<Outline2 type=matrix rownames=FALSE colnames=FALSE nrow=13 ncol=2 as.numeric=TRUE >
			2480	1680
			2479	1667
			2478	1650
			2478	1633
			2479	1619
			2480	1603
			2484	1590
			2490	1579
			2499	1571
			2509	1564
			2517	1561
			2524	1559
			2531	1559
		</Outline2>
		<Outline3 type=matrix rownames=FALSE colnames=FALSE nrow=13 ncol=2 as.numeric=TRUE >
			2531	1559
			2542	1559
			2552	1558
			2568	1557
			2583	1557
			2598	1557
			2610	1559
			2623	1561
			2633	1564
			2642	1569
			2648	1577
			2653	1583
			2659	1600
		</Outline3>
		<Outline4 type=matrix rownames=FALSE colnames=FALSE nrow=13 ncol=2 as.numeric=TRUE >
			2659	1600
			2662	1612
			2662	1629
			2661	1644
			2660	1660
			2655	1673
			2650	1685
			2645	1693
			2638	1702
			2628	1710
			2620	1714
			2612	1717
			2604	1718
		</Outline4>
	</curves.control>
	<curves.pixel type=list>
		<Outline1 type=matrix rownames=FALSE colnames=FALSE nrow=195 ncol=2 as.numeric=TRUE >
			2604	1718
			2603	1718
			2603	1719
			2602	1719
			2601	1720
			2600	1721
			2599	1722
			2598	1722
			2597	1723
			2596	1724
			2595	1724
			2594	1725
			2594	1726
			2593	1727
			2592	1728
			2591	1728
			2590	1729
			2589	1730
			2588	1731
			2587	1732
			2586	1733
			2585	1734
			2584	1735
			2584	1736
			2583	1736
			2582	1737
			2582	1738
			2581	1739
			2580	1739
			2580	1740
			2579	1741
			2578	1742
			2577	1743
			2576	1744
			2575	1745
			2574	1746
			2573	1747
			2573	1748
			2572	1749
			2571	1750
			2570	1751
			2569	1752
			2568	1753
			2567	1754
			2566	1755
			2565	1755
			2564	1756
			2563	1757
			2562	1758
			2561	1758
			2560	1759
			2559	1760
			2558	1760
			2557	1761
			2556	1761
			2556	1762
			2555	1762
			2554	1763
			2553	1763
			2552	1764
			2551	1764
			2550	1765
			2549	1765
			2548	1765
			2547	1765
			2546	1766
			2545	1766
			2544	1766
			2543	1766
			2542	1766
			2541	1766
			2540	1766
			2539	1766
			2538	1766
			2537	1766
			2536	1766
			2535	1766
			2534	1766
			2533	1766
			2532	1766
			2531	1766
			2530	1766
			2529	1766
			2528	1766
			2527	1766
			2526	1766
			2525	1766
			2524	1766
			2523	1766
			2522	1765
			2521	1765
			2520	1765
			2519	1765
			2518	1765
			2517	1764
			2516	1764
			2515	1764
			2514	1763
			2513	1763
			2512	1763
			2511	1762
			2510	1762
			2509	1762
			2508	1761
			2507	1761
			2506	1761
			2505	1760
			2504	1760
			2503	1760
			2502	1759
			2501	1759
			2501	1758
			2500	1758
			2499	1757
			2498	1756
			2497	1755
			2496	1754
			2495	1753
			2494	1753
			2494	1752
			2493	1751
			2492	1751
			2491	1750
			2491	1749
			2490	1748
			2490	1747
			2489	1747
			2489	1746
			2488	1745
			2488	1744
			2487	1743
			2487	1742
			2486	1741
			2486	1740
			2486	1739
			2485	1738
			2485	1737
			2485	1736
			2485	1735
			2484	1734
			2484	1733
			2484	1732
			2483	1731
			2483	1730
			2483	1729
			2483	1728
			2482	1727
			2482	1726
			2482	1725
			2482	1724
			2481	1724
			2481	1723
			2481	1722
			2481	1721
			2481	1720
			2481	1719
			2481	1718
			2481	1717
			2481	1716
			2481	1715
			2481	1714
			2481	1713
			2481	1712
			2481	1711
			2480	1710
			2480	1709
			2480	1708
			2480	1707
			2480	1706
			2480	1705
			2480	1704
			2480	1703
			2480	1702
			2480	1701
			2480	1700
			2480	1699
			2480	1698
			2480	1697
			2480	1696
			2480	1695
			2480	1694
			2480	1693
			2480	1692
			2480	1691
			2480	1690
			2480	1689
			2480	1688
			2480	1687
			2480	1686
			2480	1685
			2480	1684
			2480	1683
			2480	1682
			2480	1681
			2480	1680
		</Outline1>
		<Outline2 type=matrix rownames=FALSE colnames=FALSE nrow=144 ncol=2 as.numeric=TRUE >
			2480	1680
			2480	1679
			2480	1678
			2480	1677
			2480	1676
			2480	1675
			2480	1674
			2479	1673
			2479	1672
			2479	1671
			2479	1670
			2479	1669
			2479	1668
			2479	1667
			2479	1666
			2479	1665
			2479	1664
			2479	1663
			2479	1662
			2479	1661
			2479	1660
			2479	1659
			2478	1658
			2478	1657
			2478	1656
			2478	1655
			2478	1654
			2478	1653
			2478	1652
			2478	1651
			2478	1650
			2478	1649
			2478	1648
			2478	1647
			2478	1646
			2478	1645
			2478	1644
			2478	1643
			2478	1642
			2478	1641
			2478	1640
			2478	1639
			2478	1638
			2478	1637
			2478	1636
			2478	1635
			2478	1634
			2478	1633
			2478	1632
			2478	1631
			2478	1630
			2478	1629
			2478	1628
			2479	1627
			2479	1626
			2479	1625
			2479	1624
			2479	1623
			2479	1622
			2479	1621
			2479	1620
			2479	1619
			2479	1618
			2479	1617
			2479	1616
			2479	1615
			2479	1614
			2480	1613
			2480	1612
			2480	1611
			2480	1610
			2480	1609
			2480	1608
			2480	1607
			2480	1606
			2480	1605
			2481	1604
			2481	1603
			2481	1602
			2481	1601
			2482	1600
			2482	1599
			2482	1598
			2482	1597
			2482	1596
			2483	1595
			2483	1594
			2483	1593
			2483	1592
			2484	1591
			2484	1590
			2485	1589
			2485	1588
			2486	1587
			2486	1586
			2487	1585
			2488	1584
			2489	1583
			2489	1582
			2490	1581
			2490	1580
			2491	1580
			2492	1579
			2492	1578
			2493	1577
			2494	1576
			2495	1575
			2496	1574
			2497	1573
			2498	1572
			2499	1571
			2500	1570
			2501	1569
			2502	1569
			2503	1568
			2504	1568
			2505	1567
			2506	1566
			2507	1566
			2508	1565
			2509	1565
			2510	1564
			2511	1564
			2512	1563
			2513	1563
			2514	1562
			2515	1562
			2516	1561
			2517	1561
			2518	1561
			2519	1561
			2519	1560
			2520	1560
			2521	1560
			2522	1560
			2523	1560
			2524	1559
			2525	1559
			2526	1559
			2527	1559
			2528	1559
			2529	1559
			2530	1559
			2531	1559
		</Outline2>
		<Outline3 type=matrix rownames=FALSE colnames=FALSE nrow=148 ncol=2 as.numeric=TRUE >
			2531	1559
			2532	1559
			2533	1559
			2534	1559
			2535	1559
			2536	1559
			2537	1559
			2538	1559
			2539	1559
			2540	1559
			2541	1559
			2542	1559
			2543	1559
			2544	1559
			2545	1559
			2546	1558
			2547	1558
			2548	1558
			2549	1558
			2550	1558
			2551	1558
			2552	1558
			2553	1558
			2554	1558
			2555	1558
			2556	1558
			2557	1558
			2558	1558
			2559	1558
			2560	1558
			2561	1558
			2561	1557
			2562	1557
			2563	1557
			2564	1557
			2565	1557
			2566	1557
			2567	1557
			2568	1557
			2569	1557
			2570	1557
			2571	1557
			2572	1557
			2573	1557
			2574	1557
			2575	1557
			2576	1557
			2577	1557
			2578	1557
			2579	1557
			2580	1557
			2581	1557
			2582	1557
			2583	1557
			2584	1557
			2585	1557
			2586	1557
			2587	1557
			2588	1557
			2589	1557
			2590	1557
			2591	1557
			2592	1557
			2593	1557
			2594	1557
			2595	1557
			2596	1557
			2597	1558
			2598	1558
			2599	1558
			2600	1558
			2601	1558
			2602	1558
			2603	1558
			2604	1558
			2605	1558
			2606	1558
			2607	1559
			2608	1559
			2609	1559
			2610	1559
			2611	1559
			2612	1559
			2613	1559
			2614	1560
			2615	1560
			2616	1560
			2617	1560
			2618	1560
			2619	1561
			2620	1561
			2621	1561
			2622	1561
			2623	1561
			2624	1562
			2625	1562
			2626	1562
			2627	1562
			2628	1563
			2629	1563
			2630	1563
			2631	1563
			2631	1564
			2632	1564
			2633	1564
			2634	1564
			2634	1565
			2635	1565
			2636	1566
			2637	1566
			2638	1567
			2639	1568
			2640	1569
			2641	1569
			2642	1570
			2642	1571
			2643	1571
			2644	1572
			2644	1573
			2645	1573
			2646	1574
			2646	1575
			2647	1575
			2647	1576
			2648	1577
			2649	1578
			2650	1579
			2650	1580
			2651	1581
			2652	1582
			2652	1583
			2652	1584
			2653	1585
			2653	1586
			2654	1587
			2654	1588
			2655	1589
			2655	1590
			2656	1591
			2656	1592
			2656	1593
			2657	1594
			2657	1595
			2658	1596
			2658	1597
			2658	1598
			2659	1599
			2659	1600
		</Outline3>
		<Outline4 type=matrix rownames=FALSE colnames=FALSE nrow=141 ncol=2 as.numeric=TRUE >
			2659	1600
			2659	1601
			2659	1602
			2660	1603
			2660	1604
			2660	1605
			2660	1606
			2660	1607
			2661	1608
			2661	1609
			2661	1610
			2661	1611
			2661	1612
			2661	1613
			2661	1614
			2661	1615
			2662	1616
			2662	1617
			2662	1618
			2662	1619
			2662	1620
			2662	1621
			2662	1622
			2662	1623
			2662	1624
			2662	1625
			2662	1626
			2662	1627
			2662	1628
			2662	1629
			2662	1630
			2662	1631
			2662	1632
			2662	1633
			2662	1634
			2662	1635
			2662	1636
			2661	1637
			2661	1638
			2661	1639
			2661	1640
			2661	1641
			2661	1642
			2661	1643
			2661	1644
			2661	1645
			2661	1646
			2661	1647
			2661	1648
			2661	1649
			2661	1650
			2661	1651
			2660	1652
			2660	1653
			2660	1654
			2660	1655
			2660	1656
			2660	1657
			2660	1658
			2660	1659
			2660	1660
			2660	1661
			2659	1662
			2659	1663
			2659	1664
			2658	1664
			2658	1665
			2658	1666
			2657	1667
			2657	1668
			2656	1669
			2656	1670
			2656	1671
			2655	1672
			2655	1673
			2655	1674
			2654	1675
			2654	1676
			2653	1677
			2653	1678
			2653	1679
			2652	1680
			2652	1681
			2651	1681
			2651	1682
			2651	1683
			2650	1684
			2650	1685
			2650	1686
			2649	1686
			2649	1687
			2648	1688
			2648	1689
			2647	1690
			2646	1691
			2645	1692
			2645	1693
			2644	1694
			2643	1695
			2642	1696
			2642	1697
			2641	1698
			2640	1699
			2640	1700
			2639	1701
			2638	1702
			2637	1703
			2636	1704
			2635	1705
			2634	1705
			2633	1706
			2632	1707
			2631	1708
			2630	1708
			2629	1709
			2628	1710
			2627	1710
			2626	1711
			2625	1711
			2624	1712
			2623	1712
			2622	1713
			2621	1713
			2620	1714
			2619	1714
			2618	1715
			2617	1715
			2616	1715
			2615	1716
			2614	1716
			2613	1716
			2612	1716
			2612	1717
			2611	1717
			2610	1717
			2609	1717
			2608	1717
			2607	1718
			2606	1718
			2605	1718
			2604	1718
		</Outline4>
	</curves.pixel>
	<curves.scaled type=list>
		<Outline1 type=matrix rownames=FALSE colnames=FALSE nrow=195 ncol=2 as.numeric=TRUE >
			38.1814487842201	-25.1903721241514
			38.1667861694797	-25.1903721241514
			38.1667861694797	-25.2050347388919
			38.1521235547392	-25.2050347388919
			38.1374609399987	-25.2196973536324
			38.1227983252582	-25.2343599683728
			38.1081357105177	-25.2490225831133
			38.0934730957772	-25.2490225831133
			38.0788104810368	-25.2636851978538
			38.0641478662963	-25.2783478125943
			38.0494852515558	-25.2783478125943
			38.0348226368153	-25.2930104273348
			38.0348226368153	-25.3076730420753
			38.0201600220748	-25.3223356568157
			38.0054974073343	-25.3369982715562
			37.9908347925939	-25.3369982715562
			37.9761721778534	-25.3516608862967
			37.9615095631129	-25.3663235010372
			37.9468469483724	-25.3809861157777
			37.9321843336319	-25.3956487305182
			37.9175217188914	-25.4103113452586
			37.9028591041509	-25.4249739599991
			37.8881964894105	-25.4396365747396
			37.8881964894105	-25.4542991894801
			37.87353387467	-25.4542991894801
			37.8588712599295	-25.4689618042206
			37.8588712599295	-25.4836244189611
			37.844208645189	-25.4982870337015
			37.8295460304485	-25.4982870337015
			37.8295460304485	-25.512949648442
			37.814883415708	-25.5276122631825
			37.8002208009676	-25.542274877923
			37.7855581862271	-25.5569374926635
			37.7708955714866	-25.571600107404
			37.7562329567461	-25.5862627221445
			37.7415703420056	-25.6009253368849
			37.7269077272651	-25.6155879516254
			37.7269077272651	-25.6302505663659
			37.7122451125247	-25.6449131811064
			37.6975824977842	-25.6595757958469
			37.6829198830437	-25.6742384105874
			37.6682572683032	-25.6889010253278
			37.6535946535627	-25.7035636400683
			37.6389320388222	-25.7182262548088
			37.6242694240818	-25.7328888695493
			37.6096068093413	-25.7328888695493
			37.5949441946008	-25.7475514842898
			37.5802815798603	-25.7622140990303
			37.5656189651198	-25.7768767137707
			37.5509563503793	-25.7768767137707
			37.5362937356388	-25.7915393285112
			37.5216311208984	-25.8062019432517
			37.5069685061579	-25.8062019432517
			37.4923058914174	-25.8208645579922
			37.4776432766769	-25.8208645579922
			37.4776432766769	-25.8355271727327
			37.4629806619364	-25.8355271727327
			37.4483180471959	-25.8501897874732
			37.4336554324555	-25.8501897874732
			37.418992817715	-25.8648524022136
			37.4043302029745	-25.8648524022136
			37.389667588234	-25.8795150169541
			37.3750049734935	-25.8795150169541
			37.360342358753	-25.8795150169541
			37.3456797440126	-25.8795150169541
			37.3310171292721	-25.8941776316946
			37.3163545145316	-25.8941776316946
			37.3016918997911	-25.8941776316946
			37.2870292850506	-25.8941776316946
			37.2723666703101	-25.8941776316946
			37.2577040555697	-25.8941776316946
			37.2430414408292	-25.8941776316946
			37.2283788260887	-25.8941776316946
			37.2137162113482	-25.8941776316946
			37.1990535966077	-25.8941776316946
			37.1843909818672	-25.8941776316946
			37.1697283671268	-25.8941776316946
			37.1550657523863	-25.8941776316946
			37.1404031376458	-25.8941776316946
			37.1257405229053	-25.8941776316946
			37.1110779081648	-25.8941776316946
			37.0964152934243	-25.8941776316946
			37.0817526786838	-25.8941776316946
			37.0670900639434	-25.8941776316946
			37.0524274492029	-25.8941776316946
			37.0377648344624	-25.8941776316946
			37.0231022197219	-25.8941776316946
			37.0084396049814	-25.8941776316946
			36.9937769902409	-25.8941776316946
			36.9791143755005	-25.8795150169541
			36.96445176076	-25.8795150169541
			36.9497891460195	-25.8795150169541
			36.935126531279	-25.8795150169541
			36.9204639165385	-25.8795150169541
			36.905801301798	-25.8648524022136
			36.8911386870576	-25.8648524022136
			36.8764760723171	-25.8648524022136
			36.8618134575766	-25.8501897874732
			36.8471508428361	-25.8501897874732
			36.8324882280956	-25.8501897874732
			36.8178256133551	-25.8355271727327
			36.8031629986147	-25.8355271727327
			36.7885003838742	-25.8355271727327
			36.7738377691337	-25.8208645579922
			36.7591751543932	-25.8208645579922
			36.7445125396527	-25.8208645579922
			36.7298499249122	-25.8062019432517
			36.7151873101717	-25.8062019432517
			36.7005246954313	-25.8062019432517
			36.6858620806908	-25.7915393285112
			36.6711994659503	-25.7915393285112
			36.6711994659503	-25.7768767137707
			36.6565368512098	-25.7768767137707
			36.6418742364693	-25.7622140990303
			36.6272116217288	-25.7475514842898
			36.6125490069884	-25.7328888695493
			36.5978863922479	-25.7182262548088
			36.5832237775074	-25.7035636400683
			36.5685611627669	-25.7035636400683
			36.5685611627669	-25.6889010253278
			36.5538985480264	-25.6742384105874
			36.5392359332859	-25.6742384105874
			36.5245733185455	-25.6595757958469
			36.5245733185455	-25.6449131811064
			36.509910703805	-25.6302505663659
			36.509910703805	-25.6155879516254
			36.4952480890645	-25.6155879516254
			36.4952480890645	-25.6009253368849
			36.480585474324	-25.5862627221445
			36.480585474324	-25.571600107404
			36.4659228595835	-25.5569374926635
			36.4659228595835	-25.542274877923
			36.451260244843	-25.5276122631825
			36.451260244843	-25.512949648442
			36.451260244843	-25.4982870337015
			36.4365976301026	-25.4836244189611
			36.4365976301026	-25.4689618042206
			36.4365976301026	-25.4542991894801
			36.4365976301026	-25.4396365747396
			36.4219350153621	-25.4249739599991
			36.4219350153621	-25.4103113452586
			36.4219350153621	-25.3956487305182
			36.4072724006216	-25.3809861157777
			36.4072724006216	-25.3663235010372
			36.4072724006216	-25.3516608862967
			36.4072724006216	-25.3369982715562
			36.3926097858811	-25.3223356568157
			36.3926097858811	-25.3076730420753
			36.3926097858811	-25.2930104273348
			36.3926097858811	-25.2783478125943
			36.3779471711406	-25.2783478125943
			36.3779471711406	-25.2636851978538
			36.3779471711406	-25.2490225831133
			36.3779471711406	-25.2343599683728
			36.3779471711406	-25.2196973536324
			36.3779471711406	-25.2050347388919
			36.3779471711406	-25.1903721241514
			36.3779471711406	-25.1757095094109
			36.3779471711406	-25.1610468946704
			36.3779471711406	-25.1463842799299
			36.3779471711406	-25.1317216651894
			36.3779471711406	-25.117059050449
			36.3779471711406	-25.1023964357085
			36.3779471711406	-25.087733820968
			36.3632845564001	-25.0730712062275
			36.3632845564001	-25.058408591487
			36.3632845564001	-25.0437459767465
			36.3632845564001	-25.0290833620061
			36.3632845564001	-25.0144207472656
			36.3632845564001	-24.9997581325251
			36.3632845564001	-24.9850955177846
			36.3632845564001	-24.9704329030441
			36.3632845564001	-24.9557702883036
			36.3632845564001	-24.9411076735632
			36.3632845564001	-24.9264450588227
			36.3632845564001	-24.9117824440822
			36.3632845564001	-24.8971198293417
			36.3632845564001	-24.8824572146012
			36.3632845564001	-24.8677945998607
			36.3632845564001	-24.8531319851203
			36.3632845564001	-24.8384693703798
			36.3632845564001	-24.8238067556393
			36.3632845564001	-24.8091441408988
			36.3632845564001	-24.7944815261583
			36.3632845564001	-24.7798189114178
			36.3632845564001	-24.7651562966774
			36.3632845564001	-24.7504936819369
			36.3632845564001	-24.7358310671964
			36.3632845564001	-24.7211684524559
			36.3632845564001	-24.7065058377154
			36.3632845564001	-24.6918432229749
			36.3632845564001	-24.6771806082344
			36.3632845564001	-24.662517993494
			36.3632845564001	-24.6478553787535
			36.3632845564001	-24.633192764013
		</Outline1>
		<Outline2 type=matrix rownames=FALSE colnames=FALSE nrow=144 ncol=2 as.numeric=TRUE >
			36.3632845564001	-24.633192764013
			36.3632845564001	-24.6185301492725
			36.3632845564001	-24.603867534532
			36.3632845564001	-24.5892049197915
			36.3632845564001	-24.5745423050511
			36.3632845564001	-24.5598796903106
			36.3632845564001	-24.5452170755701
			36.3486219416597	-24.5305544608296
			36.3486219416597	-24.5158918460891
			36.3486219416597	-24.5012292313486
			36.3486219416597	-24.4865666166082
			36.3486219416597	-24.4719040018677
			36.3486219416597	-24.4572413871272
			36.3486219416597	-24.4425787723867
			36.3486219416597	-24.4279161576462
			36.3486219416597	-24.4132535429057
			36.3486219416597	-24.3985909281653
			36.3486219416597	-24.3839283134248
			36.3486219416597	-24.3692656986843
			36.3486219416597	-24.3546030839438
			36.3486219416597	-24.3399404692033
			36.3486219416597	-24.3252778544628
			36.3339593269192	-24.3106152397223
			36.3339593269192	-24.2959526249819
			36.3339593269192	-24.2812900102414
			36.3339593269192	-24.2666273955009
			36.3339593269192	-24.2519647807604
			36.3339593269192	-24.2373021660199
			36.3339593269192	-24.2226395512794
			36.3339593269192	-24.207976936539
			36.3339593269192	-24.1933143217985
			36.3339593269192	-24.178651707058
			36.3339593269192	-24.1639890923175
			36.3339593269192	-24.149326477577
			36.3339593269192	-24.1346638628365
			36.3339593269192	-24.1200012480961
			36.3339593269192	-24.1053386333556
			36.3339593269192	-24.0906760186151
			36.3339593269192	-24.0760134038746
			36.3339593269192	-24.0613507891341
			36.3339593269192	-24.0466881743936
			36.3339593269192	-24.0320255596532
			36.3339593269192	-24.0173629449127
			36.3339593269192	-24.0027003301722
			36.3339593269192	-23.9880377154317
			36.3339593269192	-23.9733751006912
			36.3339593269192	-23.9587124859507
			36.3339593269192	-23.9440498712103
			36.3339593269192	-23.9293872564698
			36.3339593269192	-23.9147246417293
			36.3339593269192	-23.9000620269888
			36.3339593269192	-23.8853994122483
			36.3339593269192	-23.8707367975078
			36.3486219416597	-23.8560741827673
			36.3486219416597	-23.8414115680269
			36.3486219416597	-23.8267489532864
			36.3486219416597	-23.8120863385459
			36.3486219416597	-23.7974237238054
			36.3486219416597	-23.7827611090649
			36.3486219416597	-23.7680984943244
			36.3486219416597	-23.753435879584
			36.3486219416597	-23.7387732648435
			36.3486219416597	-23.724110650103
			36.3486219416597	-23.7094480353625
			36.3486219416597	-23.694785420622
			36.3486219416597	-23.6801228058815
			36.3486219416597	-23.6654601911411
			36.3632845564001	-23.6507975764006
			36.3632845564001	-23.6361349616601
			36.3632845564001	-23.6214723469196
			36.3632845564001	-23.6068097321791
			36.3632845564001	-23.5921471174386
			36.3632845564001	-23.5774845026982
			36.3632845564001	-23.5628218879577
			36.3632845564001	-23.5481592732172
			36.3632845564001	-23.5334966584767
			36.3779471711406	-23.5188340437362
			36.3779471711406	-23.5041714289957
			36.3779471711406	-23.4895088142553
			36.3779471711406	-23.4748461995148
			36.3926097858811	-23.4601835847743
			36.3926097858811	-23.4455209700338
			36.3926097858811	-23.4308583552933
			36.3926097858811	-23.4161957405528
			36.3926097858811	-23.4015331258123
			36.4072724006216	-23.3868705110719
			36.4072724006216	-23.3722078963314
			36.4072724006216	-23.3575452815909
			36.4072724006216	-23.3428826668504
			36.4219350153621	-23.3282200521099
			36.4219350153621	-23.3135574373694
			36.4365976301026	-23.298894822629
			36.4365976301026	-23.2842322078885
			36.451260244843	-23.269569593148
			36.451260244843	-23.2549069784075
			36.4659228595835	-23.240244363667
			36.480585474324	-23.2255817489265
			36.4952480890645	-23.2109191341861
			36.4952480890645	-23.1962565194456
			36.509910703805	-23.1815939047051
			36.509910703805	-23.1669312899646
			36.5245733185455	-23.1669312899646
			36.5392359332859	-23.1522686752241
			36.5392359332859	-23.1376060604836
			36.5538985480264	-23.1229434457432
			36.5685611627669	-23.1082808310027
			36.5832237775074	-23.0936182162622
			36.5978863922479	-23.0789556015217
			36.6125490069884	-23.0642929867812
			36.6272116217288	-23.0496303720407
			36.6418742364693	-23.0349677573002
			36.6565368512098	-23.0203051425598
			36.6711994659503	-23.0056425278193
			36.6858620806908	-23.0056425278193
			36.7005246954313	-22.9909799130788
			36.7151873101717	-22.9909799130788
			36.7298499249122	-22.9763172983383
			36.7445125396527	-22.9616546835978
			36.7591751543932	-22.9616546835978
			36.7738377691337	-22.9469920688573
			36.7885003838742	-22.9469920688573
			36.8031629986147	-22.9323294541169
			36.8178256133551	-22.9323294541169
			36.8324882280956	-22.9176668393764
			36.8471508428361	-22.9176668393764
			36.8618134575766	-22.9030042246359
			36.8764760723171	-22.9030042246359
			36.8911386870576	-22.8883416098954
			36.905801301798	-22.8883416098954
			36.9204639165385	-22.8883416098954
			36.935126531279	-22.8883416098954
			36.935126531279	-22.8736789951549
			36.9497891460195	-22.8736789951549
			36.96445176076	-22.8736789951549
			36.9791143755005	-22.8736789951549
			36.9937769902409	-22.8736789951549
			37.0084396049814	-22.8590163804144
			37.0231022197219	-22.8590163804144
			37.0377648344624	-22.8590163804144
			37.0524274492029	-22.8590163804144
			37.0670900639434	-22.8590163804144
			37.0817526786838	-22.8590163804144
			37.0964152934243	-22.8590163804144
			37.1110779081648	-22.8590163804144
		</Outline2>
		<Outline3 type=matrix rownames=FALSE colnames=FALSE nrow=148 ncol=2 as.numeric=TRUE >
			37.1110779081648	-22.8590163804144
			37.1257405229053	-22.8590163804144
			37.1404031376458	-22.8590163804144
			37.1550657523863	-22.8590163804144
			37.1697283671268	-22.8590163804144
			37.1843909818672	-22.8590163804144
			37.1990535966077	-22.8590163804144
			37.2137162113482	-22.8590163804144
			37.2283788260887	-22.8590163804144
			37.2430414408292	-22.8590163804144
			37.2577040555697	-22.8590163804144
			37.2723666703101	-22.8590163804144
			37.2870292850506	-22.8590163804144
			37.3016918997911	-22.8590163804144
			37.3163545145316	-22.8590163804144
			37.3310171292721	-22.844353765674
			37.3456797440126	-22.844353765674
			37.360342358753	-22.844353765674
			37.3750049734935	-22.844353765674
			37.389667588234	-22.844353765674
			37.4043302029745	-22.844353765674
			37.418992817715	-22.844353765674
			37.4336554324555	-22.844353765674
			37.4483180471959	-22.844353765674
			37.4629806619364	-22.844353765674
			37.4776432766769	-22.844353765674
			37.4923058914174	-22.844353765674
			37.5069685061579	-22.844353765674
			37.5216311208984	-22.844353765674
			37.5362937356388	-22.844353765674
			37.5509563503793	-22.844353765674
			37.5509563503793	-22.8296911509335
			37.5656189651198	-22.8296911509335
			37.5802815798603	-22.8296911509335
			37.5949441946008	-22.8296911509335
			37.6096068093413	-22.8296911509335
			37.6242694240818	-22.8296911509335
			37.6389320388222	-22.8296911509335
			37.6535946535627	-22.8296911509335
			37.6682572683032	-22.8296911509335
			37.6829198830437	-22.8296911509335
			37.6975824977842	-22.8296911509335
			37.7122451125247	-22.8296911509335
			37.7269077272651	-22.8296911509335
			37.7415703420056	-22.8296911509335
			37.7562329567461	-22.8296911509335
			37.7708955714866	-22.8296911509335
			37.7855581862271	-22.8296911509335
			37.8002208009676	-22.8296911509335
			37.814883415708	-22.8296911509335
			37.8295460304485	-22.8296911509335
			37.844208645189	-22.8296911509335
			37.8588712599295	-22.8296911509335
			37.87353387467	-22.8296911509335
			37.8881964894105	-22.8296911509335
			37.9028591041509	-22.8296911509335
			37.9175217188914	-22.8296911509335
			37.9321843336319	-22.8296911509335
			37.9468469483724	-22.8296911509335
			37.9615095631129	-22.8296911509335
			37.9761721778534	-22.8296911509335
			37.9908347925939	-22.8296911509335
			38.0054974073343	-22.8296911509335
			38.0201600220748	-22.8296911509335
			38.0348226368153	-22.8296911509335
			38.0494852515558	-22.8296911509335
			38.0641478662963	-22.8296911509335
			38.0788104810368	-22.844353765674
			38.0934730957772	-22.844353765674
			38.1081357105177	-22.844353765674
			38.1227983252582	-22.844353765674
			38.1374609399987	-22.844353765674
			38.1521235547392	-22.844353765674
			38.1667861694797	-22.844353765674
			38.1814487842201	-22.844353765674
			38.1961113989606	-22.844353765674
			38.2107740137011	-22.844353765674
			38.2254366284416	-22.8590163804144
			38.2400992431821	-22.8590163804144
			38.2547618579226	-22.8590163804144
			38.269424472663	-22.8590163804144
			38.2840870874035	-22.8590163804144
			38.298749702144	-22.8590163804144
			38.3134123168845	-22.8590163804144
			38.328074931625	-22.8736789951549
			38.3427375463655	-22.8736789951549
			38.357400161106	-22.8736789951549
			38.3720627758464	-22.8736789951549
			38.3867253905869	-22.8736789951549
			38.4013880053274	-22.8883416098954
			38.4160506200679	-22.8883416098954
			38.4307132348084	-22.8883416098954
			38.4453758495489	-22.8883416098954
			38.4600384642893	-22.8883416098954
			38.4747010790298	-22.9030042246359
			38.4893636937703	-22.9030042246359
			38.5040263085108	-22.9030042246359
			38.5186889232513	-22.9030042246359
			38.5333515379918	-22.9176668393764
			38.5480141527322	-22.9176668393764
			38.5626767674727	-22.9176668393764
			38.5773393822132	-22.9176668393764
			38.5773393822132	-22.9323294541169
			38.5920019969537	-22.9323294541169
			38.6066646116942	-22.9323294541169
			38.6213272264347	-22.9323294541169
			38.6213272264347	-22.9469920688573
			38.6359898411751	-22.9469920688573
			38.6506524559156	-22.9616546835978
			38.6653150706561	-22.9616546835978
			38.6799776853966	-22.9763172983383
			38.6946403001371	-22.9909799130788
			38.7093029148776	-23.0056425278193
			38.723965529618	-23.0056425278193
			38.7386281443585	-23.0203051425598
			38.7386281443585	-23.0349677573002
			38.753290759099	-23.0349677573002
			38.7679533738395	-23.0496303720407
			38.7679533738395	-23.0642929867812
			38.78261598858	-23.0642929867812
			38.7972786033205	-23.0789556015217
			38.7972786033205	-23.0936182162622
			38.811941218061	-23.0936182162622
			38.811941218061	-23.1082808310027
			38.8266038328014	-23.1229434457432
			38.8412664475419	-23.1376060604836
			38.8559290622824	-23.1522686752241
			38.8559290622824	-23.1669312899646
			38.8705916770229	-23.1815939047051
			38.8852542917634	-23.1962565194456
			38.8852542917634	-23.2109191341861
			38.8852542917634	-23.2255817489265
			38.8999169065039	-23.240244363667
			38.8999169065039	-23.2549069784075
			38.9145795212443	-23.269569593148
			38.9145795212443	-23.2842322078885
			38.9292421359848	-23.298894822629
			38.9292421359848	-23.3135574373694
			38.9439047507253	-23.3282200521099
			38.9439047507253	-23.3428826668504
			38.9439047507253	-23.3575452815909
			38.9585673654658	-23.3722078963314
			38.9585673654658	-23.3868705110719
			38.9732299802063	-23.4015331258123
			38.9732299802063	-23.4161957405528
			38.9732299802063	-23.4308583552933
			38.9878925949468	-23.4455209700338
			38.9878925949468	-23.4601835847743
		</Outline3>
		<Outline4 type=matrix rownames=FALSE colnames=FALSE nrow=141 ncol=2 as.numeric=TRUE >
			38.9878925949468	-23.4601835847743
			38.9878925949468	-23.4748461995148
			38.9878925949468	-23.4895088142553
			39.0025552096872	-23.5041714289957
			39.0025552096872	-23.5188340437362
			39.0025552096872	-23.5334966584767
			39.0025552096872	-23.5481592732172
			39.0025552096872	-23.5628218879577
			39.0172178244277	-23.5774845026982
			39.0172178244277	-23.5921471174386
			39.0172178244277	-23.6068097321791
			39.0172178244277	-23.6214723469196
			39.0172178244277	-23.6361349616601
			39.0172178244277	-23.6507975764006
			39.0172178244277	-23.6654601911411
			39.0172178244277	-23.6801228058815
			39.0318804391682	-23.694785420622
			39.0318804391682	-23.7094480353625
			39.0318804391682	-23.724110650103
			39.0318804391682	-23.7387732648435
			39.0318804391682	-23.753435879584
			39.0318804391682	-23.7680984943244
			39.0318804391682	-23.7827611090649
			39.0318804391682	-23.7974237238054
			39.0318804391682	-23.8120863385459
			39.0318804391682	-23.8267489532864
			39.0318804391682	-23.8414115680269
			39.0318804391682	-23.8560741827673
			39.0318804391682	-23.8707367975078
			39.0318804391682	-23.8853994122483
			39.0318804391682	-23.9000620269888
			39.0318804391682	-23.9147246417293
			39.0318804391682	-23.9293872564698
			39.0318804391682	-23.9440498712103
			39.0318804391682	-23.9587124859507
			39.0318804391682	-23.9733751006912
			39.0318804391682	-23.9880377154317
			39.0172178244277	-24.0027003301722
			39.0172178244277	-24.0173629449127
			39.0172178244277	-24.0320255596532
			39.0172178244277	-24.0466881743936
			39.0172178244277	-24.0613507891341
			39.0172178244277	-24.0760134038746
			39.0172178244277	-24.0906760186151
			39.0172178244277	-24.1053386333556
			39.0172178244277	-24.1200012480961
			39.0172178244277	-24.1346638628365
			39.0172178244277	-24.149326477577
			39.0172178244277	-24.1639890923175
			39.0172178244277	-24.178651707058
			39.0172178244277	-24.1933143217985
			39.0172178244277	-24.207976936539
			39.0025552096872	-24.2226395512794
			39.0025552096872	-24.2373021660199
			39.0025552096872	-24.2519647807604
			39.0025552096872	-24.2666273955009
			39.0025552096872	-24.2812900102414
			39.0025552096872	-24.2959526249819
			39.0025552096872	-24.3106152397223
			39.0025552096872	-24.3252778544628
			39.0025552096872	-24.3399404692033
			39.0025552096872	-24.3546030839438
			38.9878925949468	-24.3692656986843
			38.9878925949468	-24.3839283134248
			38.9878925949468	-24.3985909281653
			38.9732299802063	-24.3985909281653
			38.9732299802063	-24.4132535429057
			38.9732299802063	-24.4279161576462
			38.9585673654658	-24.4425787723867
			38.9585673654658	-24.4572413871272
			38.9439047507253	-24.4719040018677
			38.9439047507253	-24.4865666166082
			38.9439047507253	-24.5012292313486
			38.9292421359848	-24.5158918460891
			38.9292421359848	-24.5305544608296
			38.9292421359848	-24.5452170755701
			38.9145795212443	-24.5598796903106
			38.9145795212443	-24.5745423050511
			38.8999169065039	-24.5892049197915
			38.8999169065039	-24.603867534532
			38.8999169065039	-24.6185301492725
			38.8852542917634	-24.633192764013
			38.8852542917634	-24.6478553787535
			38.8705916770229	-24.6478553787535
			38.8705916770229	-24.662517993494
			38.8705916770229	-24.6771806082344
			38.8559290622824	-24.6918432229749
			38.8559290622824	-24.7065058377154
			38.8559290622824	-24.7211684524559
			38.8412664475419	-24.7211684524559
			38.8412664475419	-24.7358310671964
			38.8266038328014	-24.7504936819369
			38.8266038328014	-24.7651562966774
			38.811941218061	-24.7798189114178
			38.7972786033205	-24.7944815261583
			38.78261598858	-24.8091441408988
			38.78261598858	-24.8238067556393
			38.7679533738395	-24.8384693703798
			38.753290759099	-24.8531319851203
			38.7386281443585	-24.8677945998607
			38.7386281443585	-24.8824572146012
			38.723965529618	-24.8971198293417
			38.7093029148776	-24.9117824440822
			38.7093029148776	-24.9264450588227
			38.6946403001371	-24.9411076735632
			38.6799776853966	-24.9557702883036
			38.6653150706561	-24.9704329030441
			38.6506524559156	-24.9850955177846
			38.6359898411751	-24.9997581325251
			38.6213272264347	-24.9997581325251
			38.6066646116942	-25.0144207472656
			38.5920019969537	-25.0290833620061
			38.5773393822132	-25.0437459767465
			38.5626767674727	-25.0437459767465
			38.5480141527322	-25.058408591487
			38.5333515379918	-25.0730712062275
			38.5186889232513	-25.0730712062275
			38.5040263085108	-25.087733820968
			38.4893636937703	-25.087733820968
			38.4747010790298	-25.1023964357085
			38.4600384642893	-25.1023964357085
			38.4453758495489	-25.117059050449
			38.4307132348084	-25.117059050449
			38.4160506200679	-25.1317216651894
			38.4013880053274	-25.1317216651894
			38.3867253905869	-25.1463842799299
			38.3720627758464	-25.1463842799299
			38.357400161106	-25.1463842799299
			38.3427375463655	-25.1610468946704
			38.328074931625	-25.1610468946704
			38.3134123168845	-25.1610468946704
			38.298749702144	-25.1610468946704
			38.298749702144	-25.1757095094109
			38.2840870874035	-25.1757095094109
			38.269424472663	-25.1757095094109
			38.2547618579226	-25.1757095094109
			38.2400992431821	-25.1757095094109
			38.2254366284416	-25.1903721241514
			38.2107740137011	-25.1903721241514
			38.1961113989606	-25.1903721241514
			38.1814487842201	-25.1903721241514
		</Outline4>
	</curves.scaled>
	<ruler.points type=matrix rownames=TRUE colnames=FALSE nrow=2 ncol=2 as.numeric=TRUE >
		Ruler point 1	3238	2601
		Ruler point 2	2556	2598
	</ruler.points>
</shapes>

