<shapes type=list>
	<ruler.pixel type=vector names=FALSE length=1 as.numeric=TRUE >893.027435188864</ruler.pixel>
	<ruler.interval type=vector names=FALSE length=1 as.numeric=TRUE >10</ruler.interval>
	<scaling.units type=vector names=FALSE length=1 as.numeric=FALSE >mm</scaling.units>
	<scaling type=vector names=FALSE length=1 as.numeric=TRUE >0.011197864260335</scaling>
	<landmarks.pixel type=matrix rownames=TRUE colnames=FALSE nrow=4 ncol=2 as.numeric=TRUE >
		Labial	2557	1591
		Posterior	2442	1553
		Lingual	2497	1447
		Anterior	2617	1483
	</landmarks.pixel>
	<landmarks.scaled type=matrix rownames=TRUE colnames=FALSE nrow=4 ncol=2 as.numeric=TRUE >
		Labial	28.6329389136766	-17.815802038193
		Posterior	27.3451845237381	-17.3902831963002
		Lingual	27.9610670580565	-16.2033095847047
		Anterior	29.3048107692967	-16.6064326980768
	</landmarks.scaled>
	<curves.control type=list>
		<Outline1 type=matrix rownames=FALSE colnames=FALSE nrow=23 ncol=2 as.numeric=TRUE >
			2557	1591
			2552	1595
			2547	1600
			2541	1605
			2535	1610
			2526	1615
			2517	1620
			2510	1621
			2503	1623
			2496	1624
			2488	1624
			2481	1623
			2474	1620
			2468	1618
			2463	1614
			2457	1607
			2452	1600
			2448	1592
			2448	1583
			2448	1573
			2446	1566
			2444	1559
			2442	1553
		</Outline1>
		<Outline2 type=matrix rownames=FALSE colnames=FALSE nrow=17 ncol=2 as.numeric=TRUE >
			2442	1553
			2442	1544
			2441	1531
			2442	1519
			2442	1508
			2443	1497
			2446	1488
			2448	1482
			2452	1475
			2455	1469
			2459	1465
			2463	1461
			2468	1457
			2474	1454
			2479	1452
			2484	1450
			2497	1447
		</Outline2>
		<Outline3 type=matrix rownames=FALSE colnames=FALSE nrow=23 ncol=2 as.numeric=TRUE >
			2497	1447
			2503	1446
			2507	1445
			2513	1443
			2519	1441
			2525	1440
			2533	1439
			2540	1438
			2548	1437
			2555	1437
			2563	1436
			2570	1436
			2577	1437
			2582	1439
			2588	1442
			2594	1447
			2600	1452
			2604	1456
			2607	1460
			2610	1464
			2613	1470
			2615	1475
			2617	1483
		</Outline3>
		<Outline4 type=matrix rownames=FALSE colnames=FALSE nrow=25 ncol=2 as.numeric=TRUE >
			2617	1483
			2619	1490
			2620	1496
			2621	1503
			2621	1509
			2621	1515
			2621	1520
			2621	1526
			2621	1532
			2620	1538
			2617	1545
			2612	1552
			2608	1557
			2605	1561
			2602	1564
			2597	1568
			2593	1571
			2588	1575
			2583	1577
			2577	1581
			2572	1583
			2567	1585
			2563	1586
			2560	1588
			2557	1591
		</Outline4>
	</curves.control>
	<curves.pixel type=list>
		<Outline1 type=matrix rownames=FALSE colnames=FALSE nrow=163 ncol=2 as.numeric=TRUE >
			2557	1591
			2556	1592
			2555	1593
			2554	1594
			2553	1595
			2552	1595
			2551	1596
			2550	1597
			2549	1598
			2548	1599
			2547	1600
			2546	1601
			2545	1602
			2544	1603
			2543	1604
			2542	1605
			2541	1605
			2540	1606
			2539	1607
			2538	1608
			2537	1609
			2536	1609
			2535	1610
			2534	1611
			2533	1611
			2532	1612
			2531	1612
			2530	1613
			2529	1613
			2528	1614
			2527	1614
			2526	1615
			2525	1615
			2525	1616
			2524	1616
			2523	1617
			2522	1617
			2521	1618
			2520	1618
			2519	1619
			2518	1620
			2517	1620
			2516	1620
			2515	1620
			2514	1620
			2514	1621
			2513	1621
			2512	1621
			2511	1621
			2510	1621
			2509	1622
			2508	1622
			2507	1622
			2506	1622
			2505	1622
			2504	1623
			2503	1623
			2502	1623
			2501	1623
			2500	1623
			2499	1623
			2498	1624
			2497	1624
			2496	1624
			2495	1624
			2494	1624
			2493	1624
			2492	1624
			2491	1624
			2490	1624
			2489	1624
			2488	1624
			2487	1624
			2486	1624
			2485	1623
			2484	1623
			2483	1623
			2482	1623
			2481	1622
			2480	1622
			2479	1622
			2478	1622
			2477	1621
			2476	1621
			2475	1620
			2474	1620
			2473	1620
			2472	1619
			2471	1619
			2470	1618
			2469	1618
			2468	1617
			2467	1617
			2466	1616
			2465	1616
			2465	1615
			2464	1615
			2463	1614
			2462	1613
			2461	1612
			2460	1611
			2460	1610
			2459	1610
			2459	1609
			2458	1608
			2458	1607
			2457	1607
			2457	1606
			2456	1605
			2455	1605
			2455	1604
			2454	1603
			2453	1602
			2452	1601
			2452	1600
			2451	1599
			2451	1598
			2451	1597
			2450	1596
			2450	1595
			2450	1594
			2449	1593
			2449	1592
			2449	1591
			2449	1590
			2448	1589
			2448	1588
			2448	1587
			2448	1586
			2448	1585
			2448	1584
			2448	1583
			2448	1582
			2448	1581
			2448	1580
			2448	1579
			2448	1578
			2448	1577
			2448	1576
			2448	1575
			2448	1574
			2447	1573
			2447	1572
			2447	1571
			2447	1570
			2447	1569
			2447	1568
			2446	1567
			2446	1566
			2446	1565
			2446	1564
			2445	1564
			2445	1563
			2445	1562
			2445	1561
			2444	1560
			2444	1559
			2444	1558
			2443	1557
			2443	1556
			2443	1555
			2442	1554
			2442	1553
		</Outline1>
		<Outline2 type=matrix rownames=FALSE colnames=FALSE nrow=132 ncol=2 as.numeric=TRUE >
			2442	1553
			2442	1552
			2442	1551
			2442	1550
			2442	1549
			2442	1548
			2442	1547
			2442	1546
			2442	1545
			2442	1544
			2442	1543
			2442	1542
			2442	1541
			2442	1540
			2442	1539
			2441	1538
			2441	1537
			2441	1536
			2441	1535
			2441	1534
			2441	1533
			2441	1532
			2441	1531
			2441	1530
			2441	1529
			2441	1528
			2441	1527
			2441	1526
			2441	1525
			2442	1524
			2442	1523
			2442	1522
			2442	1521
			2442	1520
			2442	1519
			2442	1518
			2442	1517
			2442	1516
			2442	1515
			2442	1514
			2442	1513
			2442	1512
			2442	1511
			2442	1510
			2442	1509
			2442	1508
			2442	1507
			2442	1506
			2442	1505
			2442	1504
			2443	1504
			2443	1503
			2443	1502
			2443	1501
			2443	1500
			2443	1499
			2443	1498
			2444	1497
			2444	1496
			2444	1495
			2444	1494
			2445	1493
			2445	1492
			2445	1491
			2445	1490
			2446	1489
			2446	1488
			2446	1487
			2447	1486
			2447	1485
			2448	1484
			2448	1483
			2448	1482
			2449	1481
			2449	1480
			2450	1480
			2450	1479
			2450	1478
			2451	1477
			2451	1476
			2452	1475
			2453	1474
			2453	1473
			2454	1472
			2454	1471
			2455	1471
			2455	1470
			2456	1469
			2456	1468
			2457	1468
			2457	1467
			2458	1466
			2459	1465
			2460	1464
			2461	1463
			2462	1462
			2463	1461
			2464	1461
			2464	1460
			2465	1459
			2466	1459
			2467	1458
			2468	1457
			2469	1457
			2470	1456
			2471	1456
			2472	1455
			2473	1455
			2474	1454
			2475	1454
			2476	1453
			2477	1453
			2478	1453
			2479	1452
			2480	1452
			2481	1451
			2482	1451
			2483	1451
			2484	1450
			2485	1450
			2486	1450
			2487	1449
			2488	1449
			2489	1449
			2490	1449
			2491	1448
			2492	1448
			2493	1448
			2494	1448
			2495	1447
			2496	1447
			2497	1447
		</Outline2>
		<Outline3 type=matrix rownames=FALSE colnames=FALSE nrow=137 ncol=2 as.numeric=TRUE >
			2497	1447
			2498	1447
			2499	1447
			2500	1447
			2500	1446
			2501	1446
			2502	1446
			2503	1446
			2504	1446
			2505	1445
			2506	1445
			2507	1445
			2508	1445
			2509	1444
			2510	1444
			2511	1444
			2512	1443
			2513	1443
			2514	1443
			2515	1442
			2516	1442
			2517	1442
			2518	1441
			2519	1441
			2520	1441
			2521	1441
			2522	1440
			2523	1440
			2524	1440
			2525	1440
			2526	1440
			2527	1440
			2528	1440
			2529	1440
			2530	1439
			2531	1439
			2532	1439
			2533	1439
			2534	1439
			2535	1439
			2536	1439
			2537	1438
			2538	1438
			2539	1438
			2540	1438
			2541	1438
			2542	1438
			2543	1438
			2544	1437
			2545	1437
			2546	1437
			2547	1437
			2548	1437
			2549	1437
			2550	1437
			2551	1437
			2552	1437
			2553	1437
			2554	1437
			2555	1437
			2556	1437
			2557	1437
			2558	1437
			2559	1436
			2560	1436
			2561	1436
			2562	1436
			2563	1436
			2564	1436
			2565	1436
			2566	1436
			2567	1436
			2568	1436
			2569	1436
			2570	1436
			2571	1436
			2572	1436
			2573	1437
			2574	1437
			2575	1437
			2576	1437
			2577	1437
			2578	1438
			2579	1438
			2580	1438
			2581	1439
			2582	1439
			2583	1440
			2584	1440
			2585	1441
			2586	1441
			2587	1442
			2588	1442
			2589	1443
			2590	1444
			2591	1445
			2592	1446
			2593	1446
			2594	1447
			2595	1448
			2596	1449
			2597	1450
			2598	1450
			2599	1451
			2600	1452
			2601	1453
			2602	1454
			2603	1455
			2604	1456
			2605	1457
			2606	1458
			2606	1459
			2607	1460
			2608	1461
			2609	1462
			2609	1463
			2610	1464
			2610	1465
			2611	1466
			2611	1467
			2612	1467
			2612	1468
			2613	1469
			2613	1470
			2613	1471
			2614	1472
			2614	1473
			2615	1474
			2615	1475
			2615	1476
			2615	1477
			2616	1478
			2616	1479
			2616	1480
			2616	1481
			2617	1482
			2617	1483
		</Outline3>
		<Outline4 type=matrix rownames=FALSE colnames=FALSE nrow=134 ncol=2 as.numeric=TRUE >
			2617	1483
			2617	1484
			2618	1485
			2618	1486
			2618	1487
			2618	1488
			2619	1489
			2619	1490
			2619	1491
			2619	1492
			2619	1493
			2620	1493
			2620	1494
			2620	1495
			2620	1496
			2620	1497
			2620	1498
			2620	1499
			2621	1500
			2621	1501
			2621	1502
			2621	1503
			2621	1504
			2621	1505
			2621	1506
			2621	1507
			2621	1508
			2621	1509
			2621	1510
			2621	1511
			2621	1512
			2621	1513
			2621	1514
			2621	1515
			2621	1516
			2621	1517
			2621	1518
			2621	1519
			2621	1520
			2621	1521
			2621	1522
			2621	1523
			2621	1524
			2621	1525
			2621	1526
			2621	1527
			2621	1528
			2621	1529
			2621	1530
			2621	1531
			2621	1532
			2621	1533
			2621	1534
			2620	1535
			2620	1536
			2620	1537
			2619	1538
			2619	1539
			2619	1540
			2618	1541
			2618	1542
			2618	1543
			2617	1544
			2617	1545
			2616	1546
			2616	1547
			2615	1548
			2614	1549
			2613	1550
			2613	1551
			2612	1551
			2612	1552
			2611	1553
			2610	1554
			2609	1555
			2609	1556
			2608	1557
			2607	1558
			2606	1559
			2606	1560
			2605	1561
			2604	1561
			2604	1562
			2603	1563
			2602	1564
			2601	1565
			2600	1566
			2599	1566
			2598	1567
			2598	1568
			2597	1568
			2596	1569
			2595	1569
			2595	1570
			2594	1570
			2593	1571
			2592	1572
			2591	1573
			2590	1573
			2589	1574
			2588	1574
			2587	1575
			2586	1575
			2585	1576
			2584	1576
			2583	1577
			2582	1577
			2581	1578
			2580	1579
			2579	1580
			2578	1580
			2577	1581
			2576	1581
			2575	1582
			2574	1582
			2573	1583
			2572	1583
			2571	1583
			2570	1584
			2569	1584
			2568	1584
			2567	1585
			2566	1585
			2565	1585
			2564	1586
			2563	1586
			2562	1586
			2562	1587
			2561	1588
			2560	1588
			2560	1589
			2559	1589
			2558	1590
			2557	1591
		</Outline4>
	</curves.pixel>
	<curves.scaled type=list>
		<Outline1 type=matrix rownames=FALSE colnames=FALSE nrow=163 ncol=2 as.numeric=TRUE >
			28.6329389136766	-17.815802038193
			28.6217410494162	-17.8269999024533
			28.6105431851559	-17.8381977667136
			28.5993453208956	-17.849395630974
			28.5881474566352	-17.8605934952343
			28.5769495923749	-17.8605934952343
			28.5657517281146	-17.8717913594947
			28.5545538638542	-17.882989223755
			28.5433559995939	-17.8941870880153
			28.5321581353336	-17.9053849522757
			28.5209602710732	-17.916582816536
			28.5097624068129	-17.9277806807963
			28.4985645425526	-17.9389785450567
			28.4873666782922	-17.950176409317
			28.4761688140319	-17.9613742735773
			28.4649709497716	-17.9725721378377
			28.4537730855112	-17.9725721378377
			28.4425752212509	-17.983770002098
			28.4313773569905	-17.9949678663583
			28.4201794927302	-18.0061657306187
			28.4089816284699	-18.017363594879
			28.3977837642095	-18.017363594879
			28.3865858999492	-18.0285614591393
			28.3753880356889	-18.0397593233997
			28.3641901714285	-18.0397593233997
			28.3529923071682	-18.05095718766
			28.3417944429079	-18.05095718766
			28.3305965786475	-18.0621550519203
			28.3193987143872	-18.0621550519203
			28.3082008501269	-18.0733529161807
			28.2970029858665	-18.0733529161807
			28.2858051216062	-18.084550780441
			28.2746072573459	-18.084550780441
			28.2746072573459	-18.0957486447013
			28.2634093930855	-18.0957486447013
			28.2522115288252	-18.1069465089617
			28.2410136645649	-18.1069465089617
			28.2298158003045	-18.118144373222
			28.2186179360442	-18.118144373222
			28.2074200717838	-18.1293422374824
			28.1962222075235	-18.1405401017427
			28.1850243432632	-18.1405401017427
			28.1738264790028	-18.1405401017427
			28.1626286147425	-18.1405401017427
			28.1514307504822	-18.1405401017427
			28.1514307504822	-18.151737966003
			28.1402328862218	-18.151737966003
			28.1290350219615	-18.151737966003
			28.1178371577012	-18.151737966003
			28.1066392934408	-18.151737966003
			28.0954414291805	-18.1629358302634
			28.0842435649202	-18.1629358302634
			28.0730457006598	-18.1629358302634
			28.0618478363995	-18.1629358302634
			28.0506499721392	-18.1629358302634
			28.0394521078788	-18.1741336945237
			28.0282542436185	-18.1741336945237
			28.0170563793582	-18.1741336945237
			28.0058585150978	-18.1741336945237
			27.9946606508375	-18.1741336945237
			27.9834627865771	-18.1741336945237
			27.9722649223168	-18.185331558784
			27.9610670580565	-18.185331558784
			27.9498691937961	-18.185331558784
			27.9386713295358	-18.185331558784
			27.9274734652755	-18.185331558784
			27.9162756010151	-18.185331558784
			27.9050777367548	-18.185331558784
			27.8938798724945	-18.185331558784
			27.8826820082341	-18.185331558784
			27.8714841439738	-18.185331558784
			27.8602862797135	-18.185331558784
			27.8490884154531	-18.185331558784
			27.8378905511928	-18.185331558784
			27.8266926869325	-18.1741336945237
			27.8154948226721	-18.1741336945237
			27.8042969584118	-18.1741336945237
			27.7930990941515	-18.1741336945237
			27.7819012298911	-18.1629358302634
			27.7707033656308	-18.1629358302634
			27.7595055013704	-18.1629358302634
			27.7483076371101	-18.1629358302634
			27.7371097728498	-18.151737966003
			27.7259119085894	-18.151737966003
			27.7147140443291	-18.1405401017427
			27.7035161800688	-18.1405401017427
			27.6923183158084	-18.1405401017427
			27.6811204515481	-18.1293422374824
			27.6699225872878	-18.1293422374824
			27.6587247230274	-18.118144373222
			27.6475268587671	-18.118144373222
			27.6363289945068	-18.1069465089617
			27.6251311302464	-18.1069465089617
			27.6139332659861	-18.0957486447013
			27.6027354017258	-18.0957486447013
			27.6027354017258	-18.084550780441
			27.5915375374654	-18.084550780441
			27.5803396732051	-18.0733529161807
			27.5691418089448	-18.0621550519203
			27.5579439446844	-18.05095718766
			27.5467460804241	-18.0397593233997
			27.5467460804241	-18.0285614591393
			27.5355482161637	-18.0285614591393
			27.5355482161637	-18.017363594879
			27.5243503519034	-18.0061657306187
			27.5243503519034	-17.9949678663583
			27.5131524876431	-17.9949678663583
			27.5131524876431	-17.983770002098
			27.5019546233827	-17.9725721378377
			27.4907567591224	-17.9725721378377
			27.4907567591224	-17.9613742735773
			27.4795588948621	-17.950176409317
			27.4683610306017	-17.9389785450567
			27.4571631663414	-17.9277806807963
			27.4571631663414	-17.916582816536
			27.4459653020811	-17.9053849522757
			27.4459653020811	-17.8941870880153
			27.4459653020811	-17.882989223755
			27.4347674378207	-17.8717913594947
			27.4347674378207	-17.8605934952343
			27.4347674378207	-17.849395630974
			27.4235695735604	-17.8381977667136
			27.4235695735604	-17.8269999024533
			27.4235695735604	-17.815802038193
			27.4235695735604	-17.8046041739326
			27.4123717093001	-17.7934063096723
			27.4123717093001	-17.782208445412
			27.4123717093001	-17.7710105811516
			27.4123717093001	-17.7598127168913
			27.4123717093001	-17.748614852631
			27.4123717093001	-17.7374169883706
			27.4123717093001	-17.7262191241103
			27.4123717093001	-17.71502125985
			27.4123717093001	-17.7038233955896
			27.4123717093001	-17.6926255313293
			27.4123717093001	-17.681427667069
			27.4123717093001	-17.6702298028086
			27.4123717093001	-17.6590319385483
			27.4123717093001	-17.6478340742879
			27.4123717093001	-17.6366362100276
			27.4123717093001	-17.6254383457673
			27.4011738450397	-17.6142404815069
			27.4011738450397	-17.6030426172466
			27.4011738450397	-17.5918447529863
			27.4011738450397	-17.5806468887259
			27.4011738450397	-17.5694490244656
			27.4011738450397	-17.5582511602053
			27.3899759807794	-17.5470532959449
			27.3899759807794	-17.5358554316846
			27.3899759807794	-17.5246575674243
			27.3899759807794	-17.5134597031639
			27.3787781165191	-17.5134597031639
			27.3787781165191	-17.5022618389036
			27.3787781165191	-17.4910639746433
			27.3787781165191	-17.4798661103829
			27.3675802522587	-17.4686682461226
			27.3675802522587	-17.4574703818623
			27.3675802522587	-17.4462725176019
			27.3563823879984	-17.4350746533416
			27.3563823879984	-17.4238767890812
			27.3563823879984	-17.4126789248209
			27.3451845237381	-17.4014810605606
			27.3451845237381	-17.3902831963002
		</Outline1>
		<Outline2 type=matrix rownames=FALSE colnames=FALSE nrow=132 ncol=2 as.numeric=TRUE >
			27.3451845237381	-17.3902831963002
			27.3451845237381	-17.3790853320399
			27.3451845237381	-17.3678874677796
			27.3451845237381	-17.3566896035192
			27.3451845237381	-17.3454917392589
			27.3451845237381	-17.3342938749986
			27.3451845237381	-17.3230960107382
			27.3451845237381	-17.3118981464779
			27.3451845237381	-17.3007002822176
			27.3451845237381	-17.2895024179572
			27.3451845237381	-17.2783045536969
			27.3451845237381	-17.2671066894366
			27.3451845237381	-17.2559088251762
			27.3451845237381	-17.2447109609159
			27.3451845237381	-17.2335130966556
			27.3339866594777	-17.2223152323952
			27.3339866594777	-17.2111173681349
			27.3339866594777	-17.1999195038746
			27.3339866594777	-17.1887216396142
			27.3339866594777	-17.1775237753539
			27.3339866594777	-17.1663259110935
			27.3339866594777	-17.1551280468332
			27.3339866594777	-17.1439301825729
			27.3339866594777	-17.1327323183125
			27.3339866594777	-17.1215344540522
			27.3339866594777	-17.1103365897919
			27.3339866594777	-17.0991387255315
			27.3339866594777	-17.0879408612712
			27.3339866594777	-17.0767429970109
			27.3451845237381	-17.0655451327505
			27.3451845237381	-17.0543472684902
			27.3451845237381	-17.0431494042299
			27.3451845237381	-17.0319515399695
			27.3451845237381	-17.0207536757092
			27.3451845237381	-17.0095558114489
			27.3451845237381	-16.9983579471885
			27.3451845237381	-16.9871600829282
			27.3451845237381	-16.9759622186678
			27.3451845237381	-16.9647643544075
			27.3451845237381	-16.9535664901472
			27.3451845237381	-16.9423686258868
			27.3451845237381	-16.9311707616265
			27.3451845237381	-16.9199728973662
			27.3451845237381	-16.9087750331058
			27.3451845237381	-16.8975771688455
			27.3451845237381	-16.8863793045852
			27.3451845237381	-16.8751814403248
			27.3451845237381	-16.8639835760645
			27.3451845237381	-16.8527857118042
			27.3451845237381	-16.8415878475438
			27.3563823879984	-16.8415878475438
			27.3563823879984	-16.8303899832835
			27.3563823879984	-16.8191921190232
			27.3563823879984	-16.8079942547628
			27.3563823879984	-16.7967963905025
			27.3563823879984	-16.7855985262422
			27.3563823879984	-16.7744006619818
			27.3675802522587	-16.7632027977215
			27.3675802522587	-16.7520049334612
			27.3675802522587	-16.7408070692008
			27.3675802522587	-16.7296092049405
			27.3787781165191	-16.7184113406801
			27.3787781165191	-16.7072134764198
			27.3787781165191	-16.6960156121595
			27.3787781165191	-16.6848177478991
			27.3899759807794	-16.6736198836388
			27.3899759807794	-16.6624220193785
			27.3899759807794	-16.6512241551181
			27.4011738450397	-16.6400262908578
			27.4011738450397	-16.6288284265975
			27.4123717093001	-16.6176305623371
			27.4123717093001	-16.6064326980768
			27.4123717093001	-16.5952348338165
			27.4235695735604	-16.5840369695561
			27.4235695735604	-16.5728391052958
			27.4347674378207	-16.5728391052958
			27.4347674378207	-16.5616412410355
			27.4347674378207	-16.5504433767751
			27.4459653020811	-16.5392455125148
			27.4459653020811	-16.5280476482545
			27.4571631663414	-16.5168497839941
			27.4683610306017	-16.5056519197338
			27.4683610306017	-16.4944540554734
			27.4795588948621	-16.4832561912131
			27.4795588948621	-16.4720583269528
			27.4907567591224	-16.4720583269528
			27.4907567591224	-16.4608604626924
			27.5019546233827	-16.4496625984321
			27.5019546233827	-16.4384647341718
			27.5131524876431	-16.4384647341718
			27.5131524876431	-16.4272668699114
			27.5243503519034	-16.4160690056511
			27.5355482161637	-16.4048711413908
			27.5467460804241	-16.3936732771304
			27.5579439446844	-16.3824754128701
			27.5691418089448	-16.3712775486098
			27.5803396732051	-16.3600796843494
			27.5915375374654	-16.3600796843494
			27.5915375374654	-16.3488818200891
			27.6027354017258	-16.3376839558288
			27.6139332659861	-16.3376839558288
			27.6251311302464	-16.3264860915684
			27.6363289945068	-16.3152882273081
			27.6475268587671	-16.3152882273081
			27.6587247230274	-16.3040903630477
			27.6699225872878	-16.3040903630477
			27.6811204515481	-16.2928924987874
			27.6923183158084	-16.2928924987874
			27.7035161800688	-16.2816946345271
			27.7147140443291	-16.2816946345271
			27.7259119085894	-16.2704967702667
			27.7371097728498	-16.2704967702667
			27.7483076371101	-16.2704967702667
			27.7595055013704	-16.2592989060064
			27.7707033656308	-16.2592989060064
			27.7819012298911	-16.2481010417461
			27.7930990941515	-16.2481010417461
			27.8042969584118	-16.2481010417461
			27.8154948226721	-16.2369031774857
			27.8266926869325	-16.2369031774857
			27.8378905511928	-16.2369031774857
			27.8490884154531	-16.2257053132254
			27.8602862797135	-16.2257053132254
			27.8714841439738	-16.2257053132254
			27.8826820082341	-16.2257053132254
			27.8938798724945	-16.2145074489651
			27.9050777367548	-16.2145074489651
			27.9162756010151	-16.2145074489651
			27.9274734652755	-16.2145074489651
			27.9386713295358	-16.2033095847047
			27.9498691937961	-16.2033095847047
			27.9610670580565	-16.2033095847047
		</Outline2>
		<Outline3 type=matrix rownames=FALSE colnames=FALSE nrow=137 ncol=2 as.numeric=TRUE >
			27.9610670580565	-16.2033095847047
			27.9722649223168	-16.2033095847047
			27.9834627865771	-16.2033095847047
			27.9946606508375	-16.2033095847047
			27.9946606508375	-16.1921117204444
			28.0058585150978	-16.1921117204444
			28.0170563793582	-16.1921117204444
			28.0282542436185	-16.1921117204444
			28.0394521078788	-16.1921117204444
			28.0506499721392	-16.1809138561841
			28.0618478363995	-16.1809138561841
			28.0730457006598	-16.1809138561841
			28.0842435649202	-16.1809138561841
			28.0954414291805	-16.1697159919237
			28.1066392934408	-16.1697159919237
			28.1178371577012	-16.1697159919237
			28.1290350219615	-16.1585181276634
			28.1402328862218	-16.1585181276634
			28.1514307504822	-16.1585181276634
			28.1626286147425	-16.1473202634031
			28.1738264790028	-16.1473202634031
			28.1850243432632	-16.1473202634031
			28.1962222075235	-16.1361223991427
			28.2074200717838	-16.1361223991427
			28.2186179360442	-16.1361223991427
			28.2298158003045	-16.1361223991427
			28.2410136645649	-16.1249245348824
			28.2522115288252	-16.1249245348824
			28.2634093930855	-16.1249245348824
			28.2746072573459	-16.1249245348824
			28.2858051216062	-16.1249245348824
			28.2970029858665	-16.1249245348824
			28.3082008501269	-16.1249245348824
			28.3193987143872	-16.1249245348824
			28.3305965786475	-16.1137266706221
			28.3417944429079	-16.1137266706221
			28.3529923071682	-16.1137266706221
			28.3641901714285	-16.1137266706221
			28.3753880356889	-16.1137266706221
			28.3865858999492	-16.1137266706221
			28.3977837642095	-16.1137266706221
			28.4089816284699	-16.1025288063617
			28.4201794927302	-16.1025288063617
			28.4313773569905	-16.1025288063617
			28.4425752212509	-16.1025288063617
			28.4537730855112	-16.1025288063617
			28.4649709497716	-16.1025288063617
			28.4761688140319	-16.1025288063617
			28.4873666782922	-16.0913309421014
			28.4985645425526	-16.0913309421014
			28.5097624068129	-16.0913309421014
			28.5209602710732	-16.0913309421014
			28.5321581353336	-16.0913309421014
			28.5433559995939	-16.0913309421014
			28.5545538638542	-16.0913309421014
			28.5657517281146	-16.0913309421014
			28.5769495923749	-16.0913309421014
			28.5881474566352	-16.0913309421014
			28.5993453208956	-16.0913309421014
			28.6105431851559	-16.0913309421014
			28.6217410494162	-16.0913309421014
			28.6329389136766	-16.0913309421014
			28.6441367779369	-16.0913309421014
			28.6553346421972	-16.0801330778411
			28.6665325064576	-16.0801330778411
			28.6777303707179	-16.0801330778411
			28.6889282349783	-16.0801330778411
			28.7001260992386	-16.0801330778411
			28.7113239634989	-16.0801330778411
			28.7225218277593	-16.0801330778411
			28.7337196920196	-16.0801330778411
			28.7449175562799	-16.0801330778411
			28.7561154205403	-16.0801330778411
			28.7673132848006	-16.0801330778411
			28.7785111490609	-16.0801330778411
			28.7897090133213	-16.0801330778411
			28.8009068775816	-16.0801330778411
			28.8121047418419	-16.0913309421014
			28.8233026061023	-16.0913309421014
			28.8345004703626	-16.0913309421014
			28.8456983346229	-16.0913309421014
			28.8568961988833	-16.0913309421014
			28.8680940631436	-16.1025288063617
			28.8792919274039	-16.1025288063617
			28.8904897916643	-16.1025288063617
			28.9016876559246	-16.1137266706221
			28.912885520185	-16.1137266706221
			28.9240833844453	-16.1249245348824
			28.9352812487056	-16.1249245348824
			28.946479112966	-16.1361223991427
			28.9576769772263	-16.1361223991427
			28.9688748414866	-16.1473202634031
			28.980072705747	-16.1473202634031
			28.9912705700073	-16.1585181276634
			29.0024684342676	-16.1697159919237
			29.013666298528	-16.1809138561841
			29.0248641627883	-16.1921117204444
			29.0360620270486	-16.1921117204444
			29.047259891309	-16.2033095847047
			29.0584577555693	-16.2145074489651
			29.0696556198296	-16.2257053132254
			29.08085348409	-16.2369031774857
			29.0920513483503	-16.2369031774857
			29.1032492126106	-16.2481010417461
			29.114447076871	-16.2592989060064
			29.1256449411313	-16.2704967702667
			29.1368428053917	-16.2816946345271
			29.148040669652	-16.2928924987874
			29.1592385339123	-16.3040903630477
			29.1704363981727	-16.3152882273081
			29.181634262433	-16.3264860915684
			29.181634262433	-16.3376839558288
			29.1928321266933	-16.3488818200891
			29.2040299909537	-16.3600796843494
			29.215227855214	-16.3712775486098
			29.215227855214	-16.3824754128701
			29.2264257194743	-16.3936732771304
			29.2264257194743	-16.4048711413908
			29.2376235837347	-16.4160690056511
			29.2376235837347	-16.4272668699114
			29.248821447995	-16.4272668699114
			29.248821447995	-16.4384647341718
			29.2600193122553	-16.4496625984321
			29.2600193122553	-16.4608604626924
			29.2600193122553	-16.4720583269528
			29.2712171765157	-16.4832561912131
			29.2712171765157	-16.4944540554734
			29.282415040776	-16.5056519197338
			29.282415040776	-16.5168497839941
			29.282415040776	-16.5280476482545
			29.282415040776	-16.5392455125148
			29.2936129050363	-16.5504433767751
			29.2936129050363	-16.5616412410355
			29.2936129050363	-16.5728391052958
			29.2936129050363	-16.5840369695561
			29.3048107692967	-16.5952348338165
			29.3048107692967	-16.6064326980768
		</Outline3>
		<Outline4 type=matrix rownames=FALSE colnames=FALSE nrow=134 ncol=2 as.numeric=TRUE >
			29.3048107692967	-16.6064326980768
			29.3048107692967	-16.6176305623371
			29.316008633557	-16.6288284265975
			29.316008633557	-16.6400262908578
			29.316008633557	-16.6512241551181
			29.316008633557	-16.6624220193785
			29.3272064978173	-16.6736198836388
			29.3272064978173	-16.6848177478991
			29.3272064978173	-16.6960156121595
			29.3272064978173	-16.7072134764198
			29.3272064978173	-16.7184113406801
			29.3384043620777	-16.7184113406801
			29.3384043620777	-16.7296092049405
			29.3384043620777	-16.7408070692008
			29.3384043620777	-16.7520049334612
			29.3384043620777	-16.7632027977215
			29.3384043620777	-16.7744006619818
			29.3384043620777	-16.7855985262422
			29.349602226338	-16.7967963905025
			29.349602226338	-16.8079942547628
			29.349602226338	-16.8191921190232
			29.349602226338	-16.8303899832835
			29.349602226338	-16.8415878475438
			29.349602226338	-16.8527857118042
			29.349602226338	-16.8639835760645
			29.349602226338	-16.8751814403248
			29.349602226338	-16.8863793045852
			29.349602226338	-16.8975771688455
			29.349602226338	-16.9087750331058
			29.349602226338	-16.9199728973662
			29.349602226338	-16.9311707616265
			29.349602226338	-16.9423686258868
			29.349602226338	-16.9535664901472
			29.349602226338	-16.9647643544075
			29.349602226338	-16.9759622186678
			29.349602226338	-16.9871600829282
			29.349602226338	-16.9983579471885
			29.349602226338	-17.0095558114489
			29.349602226338	-17.0207536757092
			29.349602226338	-17.0319515399695
			29.349602226338	-17.0431494042299
			29.349602226338	-17.0543472684902
			29.349602226338	-17.0655451327505
			29.349602226338	-17.0767429970109
			29.349602226338	-17.0879408612712
			29.349602226338	-17.0991387255315
			29.349602226338	-17.1103365897919
			29.349602226338	-17.1215344540522
			29.349602226338	-17.1327323183125
			29.349602226338	-17.1439301825729
			29.349602226338	-17.1551280468332
			29.349602226338	-17.1663259110935
			29.349602226338	-17.1775237753539
			29.3384043620777	-17.1887216396142
			29.3384043620777	-17.1999195038746
			29.3384043620777	-17.2111173681349
			29.3272064978173	-17.2223152323952
			29.3272064978173	-17.2335130966556
			29.3272064978173	-17.2447109609159
			29.316008633557	-17.2559088251762
			29.316008633557	-17.2671066894366
			29.316008633557	-17.2783045536969
			29.3048107692967	-17.2895024179572
			29.3048107692967	-17.3007002822176
			29.2936129050363	-17.3118981464779
			29.2936129050363	-17.3230960107382
			29.282415040776	-17.3342938749986
			29.2712171765157	-17.3454917392589
			29.2600193122553	-17.3566896035192
			29.2600193122553	-17.3678874677796
			29.248821447995	-17.3678874677796
			29.248821447995	-17.3790853320399
			29.2376235837347	-17.3902831963002
			29.2264257194743	-17.4014810605606
			29.215227855214	-17.4126789248209
			29.215227855214	-17.4238767890812
			29.2040299909537	-17.4350746533416
			29.1928321266933	-17.4462725176019
			29.181634262433	-17.4574703818623
			29.181634262433	-17.4686682461226
			29.1704363981727	-17.4798661103829
			29.1592385339123	-17.4798661103829
			29.1592385339123	-17.4910639746433
			29.148040669652	-17.5022618389036
			29.1368428053917	-17.5134597031639
			29.1256449411313	-17.5246575674243
			29.114447076871	-17.5358554316846
			29.1032492126106	-17.5358554316846
			29.0920513483503	-17.5470532959449
			29.0920513483503	-17.5582511602053
			29.08085348409	-17.5582511602053
			29.0696556198296	-17.5694490244656
			29.0584577555693	-17.5694490244656
			29.0584577555693	-17.5806468887259
			29.047259891309	-17.5806468887259
			29.0360620270486	-17.5918447529863
			29.0248641627883	-17.6030426172466
			29.013666298528	-17.6142404815069
			29.0024684342676	-17.6142404815069
			28.9912705700073	-17.6254383457673
			28.980072705747	-17.6254383457673
			28.9688748414866	-17.6366362100276
			28.9576769772263	-17.6366362100276
			28.946479112966	-17.6478340742879
			28.9352812487056	-17.6478340742879
			28.9240833844453	-17.6590319385483
			28.912885520185	-17.6590319385483
			28.9016876559246	-17.6702298028086
			28.8904897916643	-17.681427667069
			28.8792919274039	-17.6926255313293
			28.8680940631436	-17.6926255313293
			28.8568961988833	-17.7038233955896
			28.8456983346229	-17.7038233955896
			28.8345004703626	-17.71502125985
			28.8233026061023	-17.71502125985
			28.8121047418419	-17.7262191241103
			28.8009068775816	-17.7262191241103
			28.7897090133213	-17.7262191241103
			28.7785111490609	-17.7374169883706
			28.7673132848006	-17.7374169883706
			28.7561154205403	-17.7374169883706
			28.7449175562799	-17.748614852631
			28.7337196920196	-17.748614852631
			28.7225218277593	-17.748614852631
			28.7113239634989	-17.7598127168913
			28.7001260992386	-17.7598127168913
			28.6889282349783	-17.7598127168913
			28.6889282349783	-17.7710105811516
			28.6777303707179	-17.782208445412
			28.6665325064576	-17.782208445412
			28.6665325064576	-17.7934063096723
			28.6553346421972	-17.7934063096723
			28.6441367779369	-17.8046041739326
			28.6329389136766	-17.815802038193
		</Outline4>
	</curves.scaled>
	<ruler.points type=matrix rownames=TRUE colnames=FALSE nrow=2 ncol=2 as.numeric=TRUE >
		Ruler point 1	3124	2494
		Ruler point 2	2231	2501
	</ruler.points>
</shapes>

