<shapes type=list>
	<ruler.pixel type=vector names=FALSE length=1 as.numeric=TRUE >882.020407927164</ruler.pixel>
	<ruler.interval type=vector names=FALSE length=1 as.numeric=TRUE >10</ruler.interval>
	<scaling.units type=vector names=FALSE length=1 as.numeric=FALSE >mm</scaling.units>
	<scaling type=vector names=FALSE length=1 as.numeric=TRUE >0.0113376061484802</scaling>
	<landmarks.pixel type=matrix rownames=TRUE colnames=FALSE nrow=4 ncol=2 as.numeric=TRUE >
		Labial	2502	1674
		Posterior	2405	1622
		Lingual	2461	1529
		Anterior	2565	1576
	</landmarks.pixel>
	<landmarks.scaled type=matrix rownames=TRUE colnames=FALSE nrow=4 ncol=2 as.numeric=TRUE >
		Labial	28.3666905834974	-18.9791526925558
		Posterior	27.2669427870948	-18.3895971728348
		Lingual	27.9018487314097	-17.3351998010262
		Anterior	29.0809597708516	-17.8680672900048
	</landmarks.scaled>
	<curves.control type=list>
		<Outline1 type=matrix rownames=FALSE colnames=FALSE nrow=17 ncol=2 as.numeric=TRUE >
			2502	1674
			2496	1680
			2490	1687
			2484	1693
			2477	1697
			2468	1699
			2459	1698
			2451	1695
			2443	1691
			2436	1685
			2430	1676
			2426	1666
			2422	1658
			2417	1650
			2412	1643
			2408	1634
			2405	1622
		</Outline1>
		<Outline2 type=matrix rownames=FALSE colnames=FALSE nrow=13 ncol=2 as.numeric=TRUE >
			2405	1622
			2403	1612
			2405	1598
			2408	1585
			2411	1573
			2414	1561
			2418	1551
			2423	1544
			2429	1539
			2437	1535
			2444	1533
			2452	1530
			2461	1529
		</Outline2>
		<Outline3 type=matrix rownames=FALSE colnames=FALSE nrow=17 ncol=2 as.numeric=TRUE >
			2461	1529
			2471	1528
			2481	1528
			2488	1527
			2497	1522
			2507	1518
			2518	1516
			2529	1516
			2540	1520
			2548	1524
			2552	1529
			2556	1536
			2558	1543
			2560	1552
			2561	1559
			2563	1566
			2565	1576
		</Outline3>
		<Outline4 type=matrix rownames=FALSE colnames=FALSE nrow=17 ncol=2 as.numeric=TRUE >
			2565	1576
			2567	1585
			2568	1595
			2569	1606
			2567	1618
			2562	1634
			2557	1645
			2551	1655
			2544	1661
			2536	1666
			2529	1668
			2521	1668
			2516	1666
			2512	1666
			2507	1669
			2505	1671
			2502	1674
		</Outline4>
	</curves.control>
	<curves.pixel type=list>
		<Outline1 type=matrix rownames=FALSE colnames=FALSE nrow=134 ncol=2 as.numeric=TRUE >
			2502	1674
			2501	1675
			2500	1676
			2499	1677
			2498	1678
			2497	1679
			2496	1680
			2496	1681
			2495	1681
			2494	1682
			2493	1683
			2493	1684
			2492	1685
			2491	1686
			2490	1687
			2489	1688
			2488	1689
			2487	1690
			2486	1691
			2485	1692
			2484	1692
			2483	1693
			2482	1694
			2481	1695
			2480	1695
			2479	1696
			2478	1697
			2477	1697
			2476	1697
			2475	1697
			2474	1698
			2473	1698
			2472	1698
			2471	1698
			2470	1698
			2469	1698
			2468	1698
			2467	1698
			2466	1698
			2465	1698
			2464	1698
			2463	1698
			2462	1698
			2461	1698
			2460	1698
			2459	1698
			2458	1698
			2457	1697
			2456	1697
			2455	1697
			2454	1696
			2453	1696
			2453	1695
			2452	1695
			2451	1695
			2450	1694
			2449	1694
			2448	1693
			2447	1693
			2446	1693
			2445	1692
			2444	1691
			2443	1691
			2442	1690
			2441	1689
			2440	1688
			2439	1687
			2438	1686
			2437	1685
			2436	1684
			2436	1683
			2435	1682
			2434	1681
			2433	1680
			2432	1679
			2431	1678
			2431	1677
			2430	1676
			2429	1675
			2429	1674
			2429	1673
			2429	1672
			2428	1672
			2428	1671
			2428	1670
			2427	1669
			2427	1668
			2426	1667
			2426	1666
			2425	1665
			2425	1664
			2424	1663
			2424	1662
			2423	1661
			2423	1660
			2422	1659
			2422	1658
			2421	1657
			2421	1656
			2420	1655
			2420	1654
			2419	1654
			2419	1653
			2418	1652
			2417	1651
			2417	1650
			2416	1649
			2416	1648
			2415	1647
			2414	1646
			2413	1645
			2413	1644
			2412	1643
			2411	1642
			2411	1641
			2411	1640
			2410	1639
			2410	1638
			2409	1637
			2409	1636
			2409	1635
			2408	1634
			2408	1633
			2408	1632
			2407	1631
			2407	1630
			2407	1629
			2407	1628
			2406	1627
			2406	1626
			2406	1625
			2406	1624
			2405	1623
			2405	1622
		</Outline1>
		<Outline2 type=matrix rownames=FALSE colnames=FALSE nrow=119 ncol=2 as.numeric=TRUE >
			2405	1622
			2405	1621
			2405	1620
			2405	1619
			2404	1618
			2404	1617
			2404	1616
			2404	1615
			2404	1614
			2404	1613
			2404	1612
			2404	1611
			2404	1610
			2404	1609
			2404	1608
			2404	1607
			2404	1606
			2404	1605
			2404	1604
			2404	1603
			2404	1602
			2405	1602
			2405	1601
			2405	1600
			2405	1599
			2405	1598
			2405	1597
			2405	1596
			2406	1595
			2406	1594
			2406	1593
			2406	1592
			2407	1591
			2407	1590
			2407	1589
			2407	1588
			2408	1587
			2408	1586
			2408	1585
			2408	1584
			2409	1583
			2409	1582
			2409	1581
			2409	1580
			2410	1579
			2410	1578
			2410	1577
			2410	1576
			2411	1575
			2411	1574
			2411	1573
			2411	1572
			2411	1571
			2412	1570
			2412	1569
			2412	1568
			2413	1567
			2413	1566
			2413	1565
			2414	1564
			2414	1563
			2414	1562
			2415	1561
			2415	1560
			2415	1559
			2416	1558
			2416	1557
			2416	1556
			2417	1555
			2417	1554
			2417	1553
			2418	1552
			2418	1551
			2418	1550
			2419	1550
			2419	1549
			2420	1549
			2420	1548
			2421	1547
			2422	1546
			2423	1545
			2424	1544
			2425	1543
			2426	1542
			2427	1541
			2428	1540
			2429	1539
			2430	1538
			2431	1538
			2432	1538
			2433	1537
			2434	1537
			2435	1536
			2436	1536
			2437	1535
			2438	1535
			2439	1535
			2440	1534
			2441	1534
			2442	1534
			2443	1533
			2444	1533
			2445	1533
			2446	1532
			2447	1532
			2448	1532
			2449	1531
			2450	1531
			2451	1531
			2452	1530
			2453	1530
			2454	1530
			2455	1530
			2456	1530
			2457	1530
			2458	1529
			2459	1529
			2460	1529
			2461	1529
		</Outline2>
		<Outline3 type=matrix rownames=FALSE colnames=FALSE nrow=142 ncol=2 as.numeric=TRUE >
			2461	1529
			2462	1529
			2463	1529
			2464	1529
			2465	1529
			2466	1529
			2467	1528
			2468	1528
			2469	1528
			2470	1528
			2471	1528
			2472	1528
			2473	1528
			2474	1528
			2475	1528
			2476	1528
			2477	1528
			2478	1528
			2479	1528
			2480	1528
			2481	1528
			2482	1528
			2483	1528
			2484	1527
			2485	1527
			2486	1527
			2487	1527
			2488	1526
			2489	1526
			2490	1526
			2491	1525
			2492	1525
			2493	1524
			2494	1523
			2495	1523
			2496	1523
			2497	1522
			2498	1522
			2499	1521
			2500	1521
			2501	1520
			2502	1520
			2503	1520
			2504	1519
			2505	1519
			2506	1519
			2507	1518
			2508	1518
			2509	1518
			2510	1518
			2511	1517
			2512	1517
			2513	1517
			2514	1517
			2515	1517
			2516	1516
			2517	1516
			2518	1516
			2519	1516
			2520	1516
			2521	1516
			2522	1516
			2523	1516
			2524	1516
			2525	1516
			2526	1516
			2527	1517
			2528	1517
			2529	1517
			2530	1517
			2531	1517
			2532	1518
			2533	1518
			2534	1518
			2535	1518
			2536	1519
			2537	1519
			2538	1519
			2539	1520
			2540	1520
			2541	1520
			2541	1521
			2542	1521
			2543	1521
			2543	1522
			2544	1522
			2545	1523
			2546	1523
			2547	1524
			2548	1525
			2549	1526
			2550	1527
			2551	1527
			2551	1528
			2552	1529
			2553	1530
			2553	1531
			2554	1532
			2554	1533
			2555	1534
			2555	1535
			2555	1536
			2556	1537
			2556	1538
			2557	1539
			2557	1540
			2558	1541
			2558	1542
			2558	1543
			2558	1544
			2558	1545
			2559	1546
			2559	1547
			2559	1548
			2559	1549
			2559	1550
			2560	1551
			2560	1552
			2560	1553
			2560	1554
			2560	1555
			2561	1556
			2561	1557
			2561	1558
			2561	1559
			2561	1560
			2562	1561
			2562	1562
			2562	1563
			2562	1564
			2563	1565
			2563	1566
			2563	1567
			2563	1568
			2564	1569
			2564	1570
			2564	1571
			2564	1572
			2564	1573
			2565	1574
			2565	1575
			2565	1576
		</Outline3>
		<Outline4 type=matrix rownames=FALSE colnames=FALSE nrow=132 ncol=2 as.numeric=TRUE >
			2565	1576
			2565	1577
			2565	1578
			2566	1579
			2566	1580
			2566	1581
			2566	1582
			2566	1583
			2567	1584
			2567	1585
			2567	1586
			2567	1587
			2567	1588
			2567	1589
			2567	1590
			2568	1591
			2568	1592
			2568	1593
			2568	1594
			2568	1595
			2568	1596
			2568	1597
			2568	1598
			2568	1599
			2568	1600
			2568	1601
			2568	1602
			2568	1603
			2568	1604
			2568	1605
			2568	1606
			2568	1607
			2568	1608
			2568	1609
			2568	1610
			2568	1611
			2568	1612
			2568	1613
			2568	1614
			2567	1615
			2567	1616
			2567	1617
			2567	1618
			2567	1619
			2566	1620
			2566	1621
			2566	1622
			2565	1623
			2565	1624
			2565	1625
			2564	1626
			2564	1627
			2564	1628
			2563	1629
			2563	1630
			2563	1631
			2562	1632
			2562	1633
			2561	1634
			2561	1635
			2561	1636
			2560	1637
			2560	1638
			2560	1639
			2559	1640
			2559	1641
			2558	1642
			2558	1643
			2557	1644
			2557	1645
			2556	1646
			2556	1647
			2555	1648
			2555	1649
			2554	1649
			2554	1650
			2553	1651
			2552	1652
			2552	1653
			2551	1653
			2551	1654
			2550	1655
			2549	1656
			2548	1657
			2547	1658
			2546	1659
			2546	1660
			2545	1660
			2544	1661
			2543	1661
			2542	1662
			2541	1663
			2540	1664
			2539	1664
			2538	1665
			2537	1665
			2536	1665
			2535	1666
			2534	1666
			2533	1667
			2532	1667
			2531	1667
			2530	1668
			2529	1668
			2528	1668
			2527	1668
			2526	1668
			2525	1668
			2524	1668
			2523	1668
			2522	1667
			2521	1667
			2520	1667
			2519	1667
			2518	1667
			2517	1666
			2516	1666
			2515	1666
			2514	1666
			2513	1666
			2512	1667
			2511	1667
			2510	1667
			2510	1668
			2509	1668
			2508	1669
			2507	1669
			2506	1670
			2505	1671
			2504	1672
			2503	1673
			2502	1674
		</Outline4>
	</curves.pixel>
	<curves.scaled type=list>
		<Outline1 type=matrix rownames=FALSE colnames=FALSE nrow=134 ncol=2 as.numeric=TRUE >
			28.3666905834974	-18.9791526925558
			28.3553529773489	-18.9904902987043
			28.3440153712004	-19.0018279048528
			28.332677765052	-19.0131655110013
			28.3213401589035	-19.0245031171497
			28.310002552755	-19.0358407232982
			28.2986649466065	-19.0471783294467
			28.2986649466065	-19.0585159355952
			28.287327340458	-19.0585159355952
			28.2759897343096	-19.0698535417437
			28.2646521281611	-19.0811911478921
			28.2646521281611	-19.0925287540406
			28.2533145220126	-19.1038663601891
			28.2419769158641	-19.1152039663376
			28.2306393097156	-19.1265415724861
			28.2193017035672	-19.1378791786345
			28.2079640974187	-19.149216784783
			28.1966264912702	-19.1605543909315
			28.1852888851217	-19.17189199708
			28.1739512789732	-19.1832296032285
			28.1626136728247	-19.1832296032285
			28.1512760666763	-19.1945672093769
			28.1399384605278	-19.2059048155254
			28.1286008543793	-19.2172424216739
			28.1172632482308	-19.2172424216739
			28.1059256420823	-19.2285800278224
			28.0945880359339	-19.2399176339709
			28.0832504297854	-19.2399176339709
			28.0719128236369	-19.2399176339709
			28.0605752174884	-19.2399176339709
			28.0492376113399	-19.2512552401193
			28.0379000051915	-19.2512552401193
			28.026562399043	-19.2512552401193
			28.0152247928945	-19.2512552401193
			28.003887186746	-19.2512552401193
			27.9925495805975	-19.2512552401193
			27.9812119744491	-19.2512552401193
			27.9698743683006	-19.2512552401193
			27.9585367621521	-19.2512552401193
			27.9471991560036	-19.2512552401193
			27.9358615498551	-19.2512552401193
			27.9245239437067	-19.2512552401193
			27.9131863375582	-19.2512552401193
			27.9018487314097	-19.2512552401193
			27.8905111252612	-19.2512552401193
			27.8791735191127	-19.2512552401193
			27.8678359129643	-19.2512552401193
			27.8564983068158	-19.2399176339709
			27.8451607006673	-19.2399176339709
			27.8338230945188	-19.2399176339709
			27.8224854883703	-19.2285800278224
			27.8111478822219	-19.2285800278224
			27.8111478822219	-19.2172424216739
			27.7998102760734	-19.2172424216739
			27.7884726699249	-19.2172424216739
			27.7771350637764	-19.2059048155254
			27.7657974576279	-19.2059048155254
			27.7544598514795	-19.1945672093769
			27.743122245331	-19.1945672093769
			27.7317846391825	-19.1945672093769
			27.720447033034	-19.1832296032285
			27.7091094268855	-19.17189199708
			27.6977718207371	-19.17189199708
			27.6864342145886	-19.1605543909315
			27.6750966084401	-19.149216784783
			27.6637590022916	-19.1378791786345
			27.6524213961431	-19.1265415724861
			27.6410837899947	-19.1152039663376
			27.6297461838462	-19.1038663601891
			27.6184085776977	-19.0925287540406
			27.6184085776977	-19.0811911478921
			27.6070709715492	-19.0698535417437
			27.5957333654007	-19.0585159355952
			27.5843957592523	-19.0471783294467
			27.5730581531038	-19.0358407232982
			27.5617205469553	-19.0245031171497
			27.5617205469553	-19.0131655110013
			27.5503829408068	-19.0018279048528
			27.5390453346583	-18.9904902987043
			27.5390453346583	-18.9791526925558
			27.5390453346583	-18.9678150864073
			27.5390453346583	-18.9564774802588
			27.5277077285099	-18.9564774802588
			27.5277077285099	-18.9451398741104
			27.5277077285099	-18.9338022679619
			27.5163701223614	-18.9224646618134
			27.5163701223614	-18.9111270556649
			27.5050325162129	-18.8997894495164
			27.5050325162129	-18.888451843368
			27.4936949100644	-18.8771142372195
			27.4936949100644	-18.865776631071
			27.4823573039159	-18.8544390249225
			27.4823573039159	-18.843101418774
			27.4710196977675	-18.8317638126256
			27.4710196977675	-18.8204262064771
			27.459682091619	-18.8090886003286
			27.459682091619	-18.7977509941801
			27.4483444854705	-18.7864133880316
			27.4483444854705	-18.7750757818832
			27.437006879322	-18.7637381757347
			27.437006879322	-18.7524005695862
			27.4256692731735	-18.7524005695862
			27.4256692731735	-18.7410629634377
			27.4143316670251	-18.7297253572892
			27.4029940608766	-18.7183877511408
			27.4029940608766	-18.7070501449923
			27.3916564547281	-18.6957125388438
			27.3916564547281	-18.6843749326953
			27.3803188485796	-18.6730373265468
			27.3689812424311	-18.6616997203984
			27.3576436362827	-18.6503621142499
			27.3576436362827	-18.6390245081014
			27.3463060301342	-18.6276869019529
			27.3349684239857	-18.6163492958044
			27.3349684239857	-18.605011689656
			27.3349684239857	-18.5936740835075
			27.3236308178372	-18.582336477359
			27.3236308178372	-18.5709988712105
			27.3122932116887	-18.559661265062
			27.3122932116887	-18.5483236589136
			27.3122932116887	-18.5369860527651
			27.3009556055403	-18.5256484466166
			27.3009556055403	-18.5143108404681
			27.3009556055403	-18.5029732343196
			27.2896179993918	-18.4916356281712
			27.2896179993918	-18.4802980220227
			27.2896179993918	-18.4689604158742
			27.2896179993918	-18.4576228097257
			27.2782803932433	-18.4462852035772
			27.2782803932433	-18.4349475974288
			27.2782803932433	-18.4236099912803
			27.2782803932433	-18.4122723851318
			27.2669427870948	-18.4009347789833
			27.2669427870948	-18.3895971728348
		</Outline1>
		<Outline2 type=matrix rownames=FALSE colnames=FALSE nrow=119 ncol=2 as.numeric=TRUE >
			27.2669427870948	-18.3895971728348
			27.2669427870948	-18.3782595666864
			27.2669427870948	-18.3669219605379
			27.2669427870948	-18.3555843543894
			27.2556051809463	-18.3442467482409
			27.2556051809463	-18.3329091420924
			27.2556051809463	-18.321571535944
			27.2556051809463	-18.3102339297955
			27.2556051809463	-18.298896323647
			27.2556051809463	-18.2875587174985
			27.2556051809463	-18.27622111135
			27.2556051809463	-18.2648835052016
			27.2556051809463	-18.2535458990531
			27.2556051809463	-18.2422082929046
			27.2556051809463	-18.2308706867561
			27.2556051809463	-18.2195330806076
			27.2556051809463	-18.2081954744592
			27.2556051809463	-18.1968578683107
			27.2556051809463	-18.1855202621622
			27.2556051809463	-18.1741826560137
			27.2556051809463	-18.1628450498652
			27.2669427870948	-18.1628450498652
			27.2669427870948	-18.1515074437168
			27.2669427870948	-18.1401698375683
			27.2669427870948	-18.1288322314198
			27.2669427870948	-18.1174946252713
			27.2669427870948	-18.1061570191228
			27.2669427870948	-18.0948194129744
			27.2782803932433	-18.0834818068259
			27.2782803932433	-18.0721442006774
			27.2782803932433	-18.0608065945289
			27.2782803932433	-18.0494689883804
			27.2896179993918	-18.038131382232
			27.2896179993918	-18.0267937760835
			27.2896179993918	-18.015456169935
			27.2896179993918	-18.0041185637865
			27.3009556055403	-17.992780957638
			27.3009556055403	-17.9814433514896
			27.3009556055403	-17.9701057453411
			27.3009556055403	-17.9587681391926
			27.3122932116887	-17.9474305330441
			27.3122932116887	-17.9360929268956
			27.3122932116887	-17.9247553207472
			27.3122932116887	-17.9134177145987
			27.3236308178372	-17.9020801084502
			27.3236308178372	-17.8907425023017
			27.3236308178372	-17.8794048961532
			27.3236308178372	-17.8680672900048
			27.3349684239857	-17.8567296838563
			27.3349684239857	-17.8453920777078
			27.3349684239857	-17.8340544715593
			27.3349684239857	-17.8227168654108
			27.3349684239857	-17.8113792592624
			27.3463060301342	-17.8000416531139
			27.3463060301342	-17.7887040469654
			27.3463060301342	-17.7773664408169
			27.3576436362827	-17.7660288346684
			27.3576436362827	-17.7546912285199
			27.3576436362827	-17.7433536223715
			27.3689812424311	-17.732016016223
			27.3689812424311	-17.7206784100745
			27.3689812424311	-17.709340803926
			27.3803188485796	-17.6980031977775
			27.3803188485796	-17.6866655916291
			27.3803188485796	-17.6753279854806
			27.3916564547281	-17.6639903793321
			27.3916564547281	-17.6526527731836
			27.3916564547281	-17.6413151670351
			27.4029940608766	-17.6299775608867
			27.4029940608766	-17.6186399547382
			27.4029940608766	-17.6073023485897
			27.4143316670251	-17.5959647424412
			27.4143316670251	-17.5846271362927
			27.4143316670251	-17.5732895301443
			27.4256692731735	-17.5732895301443
			27.4256692731735	-17.5619519239958
			27.437006879322	-17.5619519239958
			27.437006879322	-17.5506143178473
			27.4483444854705	-17.5392767116988
			27.459682091619	-17.5279391055503
			27.4710196977675	-17.5166014994019
			27.4823573039159	-17.5052638932534
			27.4936949100644	-17.4939262871049
			27.5050325162129	-17.4825886809564
			27.5163701223614	-17.4712510748079
			27.5277077285099	-17.4599134686595
			27.5390453346583	-17.448575862511
			27.5503829408068	-17.4372382563625
			27.5617205469553	-17.4372382563625
			27.5730581531038	-17.4372382563625
			27.5843957592523	-17.425900650214
			27.5957333654007	-17.425900650214
			27.6070709715492	-17.4145630440655
			27.6184085776977	-17.4145630440655
			27.6297461838462	-17.4032254379171
			27.6410837899947	-17.4032254379171
			27.6524213961431	-17.4032254379171
			27.6637590022916	-17.3918878317686
			27.6750966084401	-17.3918878317686
			27.6864342145886	-17.3918878317686
			27.6977718207371	-17.3805502256201
			27.7091094268855	-17.3805502256201
			27.720447033034	-17.3805502256201
			27.7317846391825	-17.3692126194716
			27.743122245331	-17.3692126194716
			27.7544598514795	-17.3692126194716
			27.7657974576279	-17.3578750133231
			27.7771350637764	-17.3578750133231
			27.7884726699249	-17.3578750133231
			27.7998102760734	-17.3465374071747
			27.8111478822219	-17.3465374071747
			27.8224854883703	-17.3465374071747
			27.8338230945188	-17.3465374071747
			27.8451607006673	-17.3465374071747
			27.8564983068158	-17.3465374071747
			27.8678359129643	-17.3351998010262
			27.8791735191127	-17.3351998010262
			27.8905111252612	-17.3351998010262
			27.9018487314097	-17.3351998010262
		</Outline2>
		<Outline3 type=matrix rownames=FALSE colnames=FALSE nrow=142 ncol=2 as.numeric=TRUE >
			27.9018487314097	-17.3351998010262
			27.9131863375582	-17.3351998010262
			27.9245239437067	-17.3351998010262
			27.9358615498551	-17.3351998010262
			27.9471991560036	-17.3351998010262
			27.9585367621521	-17.3351998010262
			27.9698743683006	-17.3238621948777
			27.9812119744491	-17.3238621948777
			27.9925495805975	-17.3238621948777
			28.003887186746	-17.3238621948777
			28.0152247928945	-17.3238621948777
			28.026562399043	-17.3238621948777
			28.0379000051915	-17.3238621948777
			28.0492376113399	-17.3238621948777
			28.0605752174884	-17.3238621948777
			28.0719128236369	-17.3238621948777
			28.0832504297854	-17.3238621948777
			28.0945880359339	-17.3238621948777
			28.1059256420823	-17.3238621948777
			28.1172632482308	-17.3238621948777
			28.1286008543793	-17.3238621948777
			28.1399384605278	-17.3238621948777
			28.1512760666763	-17.3238621948777
			28.1626136728247	-17.3125245887292
			28.1739512789732	-17.3125245887292
			28.1852888851217	-17.3125245887292
			28.1966264912702	-17.3125245887292
			28.2079640974187	-17.3011869825807
			28.2193017035672	-17.3011869825807
			28.2306393097156	-17.3011869825807
			28.2419769158641	-17.2898493764323
			28.2533145220126	-17.2898493764323
			28.2646521281611	-17.2785117702838
			28.2759897343096	-17.2671741641353
			28.287327340458	-17.2671741641353
			28.2986649466065	-17.2671741641353
			28.310002552755	-17.2558365579868
			28.3213401589035	-17.2558365579868
			28.332677765052	-17.2444989518383
			28.3440153712004	-17.2444989518383
			28.3553529773489	-17.2331613456899
			28.3666905834974	-17.2331613456899
			28.3780281896459	-17.2331613456899
			28.3893657957944	-17.2218237395414
			28.4007034019428	-17.2218237395414
			28.4120410080913	-17.2218237395414
			28.4233786142398	-17.2104861333929
			28.4347162203883	-17.2104861333929
			28.4460538265368	-17.2104861333929
			28.4573914326852	-17.2104861333929
			28.4687290388337	-17.1991485272444
			28.4800666449822	-17.1991485272444
			28.4914042511307	-17.1991485272444
			28.5027418572792	-17.1991485272444
			28.5140794634276	-17.1991485272444
			28.5254170695761	-17.1878109210959
			28.5367546757246	-17.1878109210959
			28.5480922818731	-17.1878109210959
			28.5594298880216	-17.1878109210959
			28.57076749417	-17.1878109210959
			28.5821051003185	-17.1878109210959
			28.593442706467	-17.1878109210959
			28.6047803126155	-17.1878109210959
			28.616117918764	-17.1878109210959
			28.6274555249124	-17.1878109210959
			28.6387931310609	-17.1878109210959
			28.6501307372094	-17.1991485272444
			28.6614683433579	-17.1991485272444
			28.6728059495064	-17.1991485272444
			28.6841435556548	-17.1991485272444
			28.6954811618033	-17.1991485272444
			28.7068187679518	-17.2104861333929
			28.7181563741003	-17.2104861333929
			28.7294939802488	-17.2104861333929
			28.7408315863972	-17.2104861333929
			28.7521691925457	-17.2218237395414
			28.7635067986942	-17.2218237395414
			28.7748444048427	-17.2218237395414
			28.7861820109912	-17.2331613456899
			28.7975196171396	-17.2331613456899
			28.8088572232881	-17.2331613456899
			28.8088572232881	-17.2444989518383
			28.8201948294366	-17.2444989518383
			28.8315324355851	-17.2444989518383
			28.8315324355851	-17.2558365579868
			28.8428700417336	-17.2558365579868
			28.854207647882	-17.2671741641353
			28.8655452540305	-17.2671741641353
			28.876882860179	-17.2785117702838
			28.8882204663275	-17.2898493764323
			28.899558072476	-17.3011869825807
			28.9108956786244	-17.3125245887292
			28.9222332847729	-17.3125245887292
			28.9222332847729	-17.3238621948777
			28.9335708909214	-17.3351998010262
			28.9449084970699	-17.3465374071747
			28.9449084970699	-17.3578750133231
			28.9562461032184	-17.3692126194716
			28.9562461032184	-17.3805502256201
			28.9675837093668	-17.3918878317686
			28.9675837093668	-17.4032254379171
			28.9675837093668	-17.4145630440655
			28.9789213155153	-17.425900650214
			28.9789213155153	-17.4372382563625
			28.9902589216638	-17.448575862511
			28.9902589216638	-17.4599134686595
			29.0015965278123	-17.4712510748079
			29.0015965278123	-17.4825886809564
			29.0015965278123	-17.4939262871049
			29.0015965278123	-17.5052638932534
			29.0015965278123	-17.5166014994019
			29.0129341339608	-17.5279391055503
			29.0129341339608	-17.5392767116988
			29.0129341339608	-17.5506143178473
			29.0129341339608	-17.5619519239958
			29.0129341339608	-17.5732895301443
			29.0242717401092	-17.5846271362927
			29.0242717401092	-17.5959647424412
			29.0242717401092	-17.6073023485897
			29.0242717401092	-17.6186399547382
			29.0242717401092	-17.6299775608867
			29.0356093462577	-17.6413151670351
			29.0356093462577	-17.6526527731836
			29.0356093462577	-17.6639903793321
			29.0356093462577	-17.6753279854806
			29.0356093462577	-17.6866655916291
			29.0469469524062	-17.6980031977775
			29.0469469524062	-17.709340803926
			29.0469469524062	-17.7206784100745
			29.0469469524062	-17.732016016223
			29.0582845585547	-17.7433536223715
			29.0582845585547	-17.7546912285199
			29.0582845585547	-17.7660288346684
			29.0582845585547	-17.7773664408169
			29.0696221647032	-17.7887040469654
			29.0696221647032	-17.8000416531139
			29.0696221647032	-17.8113792592624
			29.0696221647032	-17.8227168654108
			29.0696221647032	-17.8340544715593
			29.0809597708516	-17.8453920777078
			29.0809597708516	-17.8567296838563
			29.0809597708516	-17.8680672900048
		</Outline3>
		<Outline4 type=matrix rownames=FALSE colnames=FALSE nrow=132 ncol=2 as.numeric=TRUE >
			29.0809597708516	-17.8680672900048
			29.0809597708516	-17.8794048961532
			29.0809597708516	-17.8907425023017
			29.0922973770001	-17.9020801084502
			29.0922973770001	-17.9134177145987
			29.0922973770001	-17.9247553207472
			29.0922973770001	-17.9360929268956
			29.0922973770001	-17.9474305330441
			29.1036349831486	-17.9587681391926
			29.1036349831486	-17.9701057453411
			29.1036349831486	-17.9814433514896
			29.1036349831486	-17.992780957638
			29.1036349831486	-18.0041185637865
			29.1036349831486	-18.015456169935
			29.1036349831486	-18.0267937760835
			29.1149725892971	-18.038131382232
			29.1149725892971	-18.0494689883804
			29.1149725892971	-18.0608065945289
			29.1149725892971	-18.0721442006774
			29.1149725892971	-18.0834818068259
			29.1149725892971	-18.0948194129744
			29.1149725892971	-18.1061570191228
			29.1149725892971	-18.1174946252713
			29.1149725892971	-18.1288322314198
			29.1149725892971	-18.1401698375683
			29.1149725892971	-18.1515074437168
			29.1149725892971	-18.1628450498652
			29.1149725892971	-18.1741826560137
			29.1149725892971	-18.1855202621622
			29.1149725892971	-18.1968578683107
			29.1149725892971	-18.2081954744592
			29.1149725892971	-18.2195330806076
			29.1149725892971	-18.2308706867561
			29.1149725892971	-18.2422082929046
			29.1149725892971	-18.2535458990531
			29.1149725892971	-18.2648835052016
			29.1149725892971	-18.27622111135
			29.1149725892971	-18.2875587174985
			29.1149725892971	-18.298896323647
			29.1036349831486	-18.3102339297955
			29.1036349831486	-18.321571535944
			29.1036349831486	-18.3329091420924
			29.1036349831486	-18.3442467482409
			29.1036349831486	-18.3555843543894
			29.0922973770001	-18.3669219605379
			29.0922973770001	-18.3782595666864
			29.0922973770001	-18.3895971728348
			29.0809597708516	-18.4009347789833
			29.0809597708516	-18.4122723851318
			29.0809597708516	-18.4236099912803
			29.0696221647032	-18.4349475974288
			29.0696221647032	-18.4462852035772
			29.0696221647032	-18.4576228097257
			29.0582845585547	-18.4689604158742
			29.0582845585547	-18.4802980220227
			29.0582845585547	-18.4916356281712
			29.0469469524062	-18.5029732343196
			29.0469469524062	-18.5143108404681
			29.0356093462577	-18.5256484466166
			29.0356093462577	-18.5369860527651
			29.0356093462577	-18.5483236589136
			29.0242717401092	-18.559661265062
			29.0242717401092	-18.5709988712105
			29.0242717401092	-18.582336477359
			29.0129341339608	-18.5936740835075
			29.0129341339608	-18.605011689656
			29.0015965278123	-18.6163492958044
			29.0015965278123	-18.6276869019529
			28.9902589216638	-18.6390245081014
			28.9902589216638	-18.6503621142499
			28.9789213155153	-18.6616997203984
			28.9789213155153	-18.6730373265468
			28.9675837093668	-18.6843749326953
			28.9675837093668	-18.6957125388438
			28.9562461032184	-18.6957125388438
			28.9562461032184	-18.7070501449923
			28.9449084970699	-18.7183877511408
			28.9335708909214	-18.7297253572892
			28.9335708909214	-18.7410629634377
			28.9222332847729	-18.7410629634377
			28.9222332847729	-18.7524005695862
			28.9108956786244	-18.7637381757347
			28.899558072476	-18.7750757818832
			28.8882204663275	-18.7864133880316
			28.876882860179	-18.7977509941801
			28.8655452540305	-18.8090886003286
			28.8655452540305	-18.8204262064771
			28.854207647882	-18.8204262064771
			28.8428700417336	-18.8317638126256
			28.8315324355851	-18.8317638126256
			28.8201948294366	-18.843101418774
			28.8088572232881	-18.8544390249225
			28.7975196171396	-18.865776631071
			28.7861820109912	-18.865776631071
			28.7748444048427	-18.8771142372195
			28.7635067986942	-18.8771142372195
			28.7521691925457	-18.8771142372195
			28.7408315863972	-18.888451843368
			28.7294939802488	-18.888451843368
			28.7181563741003	-18.8997894495164
			28.7068187679518	-18.8997894495164
			28.6954811618033	-18.8997894495164
			28.6841435556548	-18.9111270556649
			28.6728059495064	-18.9111270556649
			28.6614683433579	-18.9111270556649
			28.6501307372094	-18.9111270556649
			28.6387931310609	-18.9111270556649
			28.6274555249124	-18.9111270556649
			28.616117918764	-18.9111270556649
			28.6047803126155	-18.9111270556649
			28.593442706467	-18.8997894495164
			28.5821051003185	-18.8997894495164
			28.57076749417	-18.8997894495164
			28.5594298880216	-18.8997894495164
			28.5480922818731	-18.8997894495164
			28.5367546757246	-18.888451843368
			28.5254170695761	-18.888451843368
			28.5140794634276	-18.888451843368
			28.5027418572792	-18.888451843368
			28.4914042511307	-18.888451843368
			28.4800666449822	-18.8997894495164
			28.4687290388337	-18.8997894495164
			28.4573914326852	-18.8997894495164
			28.4573914326852	-18.9111270556649
			28.4460538265368	-18.9111270556649
			28.4347162203883	-18.9224646618134
			28.4233786142398	-18.9224646618134
			28.4120410080913	-18.9338022679619
			28.4007034019428	-18.9451398741104
			28.3893657957944	-18.9564774802588
			28.3780281896459	-18.9678150864073
			28.3666905834974	-18.9791526925558
		</Outline4>
	</curves.scaled>
	<ruler.points type=matrix rownames=TRUE colnames=FALSE nrow=2 ncol=2 as.numeric=TRUE >
		Ruler point 1	3041	2518
		Ruler point 2	2159	2512
	</ruler.points>
</shapes>

