<shapes type=list>
	<ruler.pixel type=vector names=FALSE length=1 as.numeric=TRUE >583.05488592413</ruler.pixel>
	<ruler.interval type=vector names=FALSE length=1 as.numeric=TRUE >10</ruler.interval>
	<scaling.units type=vector names=FALSE length=1 as.numeric=FALSE >mm</scaling.units>
	<scaling type=vector names=FALSE length=1 as.numeric=TRUE >0.0171510439950267</scaling>
	<landmarks.pixel type=matrix rownames=TRUE colnames=FALSE nrow=4 ncol=2 as.numeric=TRUE >
		Labial	2639	1663
		Posterior	2531	1588
		Lingual	2621	1491
		Anterior	2735	1567
	</landmarks.pixel>
	<landmarks.scaled type=matrix rownames=TRUE colnames=FALSE nrow=4 ncol=2 as.numeric=TRUE >
		Labial	45.2616051028754	-28.5221861637293
		Posterior	43.4092923514125	-27.2358578641023
		Lingual	44.9528863109649	-25.5722065965847
		Anterior	46.9081053263979	-26.8756859402068
	</landmarks.scaled>
	<curves.control type=list>
		<Outline1 type=matrix rownames=FALSE colnames=FALSE nrow=19 ncol=2 as.numeric=TRUE >
			2639	1663
			2631	1665
			2622	1669
			2612	1673
			2603	1678
			2593	1682
			2581	1683
			2569	1682
			2557	1677
			2546	1670
			2538	1660
			2533	1652
			2528	1643
			2526	1631
			2526	1623
			2529	1613
			2531	1603
			2531	1594
			2531	1588
		</Outline1>
		<Outline2 type=matrix rownames=FALSE colnames=FALSE nrow=17 ncol=2 as.numeric=TRUE >
			2531	1588
			2531	1575
			2532	1564
			2534	1553
			2536	1543
			2539	1533
			2542	1523
			2547	1515
			2552	1509
			2559	1503
			2567	1497
			2575	1493
			2582	1491
			2590	1489
			2598	1489
			2608	1489
			2621	1491
		</Outline2>
		<Outline3 type=matrix rownames=FALSE colnames=FALSE nrow=17 ncol=2 as.numeric=TRUE >
			2621	1491
			2630	1491
			2640	1491
			2651	1491
			2661	1491
			2673	1493
			2682	1496
			2691	1499
			2701	1504
			2709	1508
			2715	1514
			2720	1521
			2725	1527
			2729	1534
			2731	1544
			2733	1553
			2735	1567
		</Outline3>
		<Outline4 type=matrix rownames=FALSE colnames=FALSE nrow=15 ncol=2 as.numeric=TRUE >
			2735	1567
			2736	1580
			2735	1589
			2733	1600
			2729	1611
			2723	1621
			2717	1629
			2710	1637
			2703	1642
			2693	1649
			2683	1653
			2675	1656
			2665	1659
			2653	1661
			2639	1663
		</Outline4>
	</curves.control>
	<curves.pixel type=list>
		<Outline1 type=matrix rownames=FALSE colnames=FALSE nrow=187 ncol=2 as.numeric=TRUE >
			2639	1663
			2638	1663
			2637	1663
			2637	1664
			2636	1664
			2635	1664
			2634	1664
			2634	1665
			2633	1665
			2632	1665
			2631	1665
			2630	1666
			2629	1666
			2628	1667
			2627	1667
			2626	1667
			2625	1668
			2624	1668
			2623	1669
			2622	1669
			2621	1670
			2620	1670
			2619	1670
			2618	1670
			2618	1671
			2617	1671
			2616	1671
			2616	1672
			2615	1672
			2614	1672
			2614	1673
			2613	1673
			2612	1673
			2611	1674
			2610	1674
			2609	1675
			2608	1675
			2607	1676
			2606	1676
			2606	1677
			2605	1677
			2604	1677
			2603	1678
			2602	1678
			2602	1679
			2601	1679
			2600	1679
			2599	1679
			2598	1680
			2597	1680
			2596	1680
			2595	1681
			2594	1681
			2593	1681
			2592	1681
			2591	1682
			2590	1682
			2589	1682
			2588	1682
			2587	1682
			2586	1682
			2585	1683
			2584	1683
			2583	1683
			2582	1683
			2581	1683
			2580	1683
			2579	1683
			2578	1683
			2577	1682
			2576	1682
			2575	1682
			2574	1682
			2573	1682
			2572	1682
			2571	1681
			2570	1681
			2569	1681
			2568	1681
			2567	1680
			2566	1680
			2565	1680
			2564	1680
			2563	1679
			2562	1679
			2561	1678
			2560	1678
			2559	1678
			2558	1677
			2557	1677
			2556	1676
			2555	1676
			2554	1675
			2553	1674
			2552	1673
			2551	1673
			2550	1672
			2549	1671
			2548	1671
			2548	1670
			2547	1669
			2546	1669
			2545	1668
			2545	1667
			2544	1667
			2543	1666
			2543	1665
			2542	1665
			2541	1664
			2541	1663
			2540	1662
			2539	1662
			2539	1661
			2538	1660
			2537	1659
			2537	1658
			2536	1657
			2536	1656
			2535	1655
			2534	1654
			2534	1653
			2533	1652
			2533	1651
			2532	1650
			2531	1649
			2531	1648
			2530	1647
			2530	1646
			2529	1645
			2529	1644
			2528	1643
			2528	1642
			2528	1641
			2528	1640
			2527	1639
			2527	1638
			2527	1637
			2527	1636
			2527	1635
			2527	1634
			2527	1633
			2527	1632
			2526	1631
			2526	1630
			2526	1629
			2526	1628
			2526	1627
			2526	1626
			2526	1625
			2526	1624
			2526	1623
			2526	1622
			2527	1621
			2527	1620
			2527	1619
			2527	1618
			2528	1618
			2528	1617
			2528	1616
			2528	1615
			2529	1614
			2529	1613
			2529	1612
			2529	1611
			2529	1610
			2530	1609
			2530	1608
			2530	1607
			2530	1606
			2531	1605
			2531	1604
			2531	1603
			2531	1602
			2531	1601
			2531	1600
			2531	1599
			2531	1598
			2531	1597
			2531	1596
			2531	1595
			2531	1594
			2531	1593
			2531	1592
			2531	1591
			2531	1590
			2531	1589
			2531	1588
		</Outline1>
		<Outline2 type=matrix rownames=FALSE colnames=FALSE nrow=154 ncol=2 as.numeric=TRUE >
			2531	1588
			2531	1587
			2531	1586
			2531	1585
			2531	1584
			2531	1583
			2531	1582
			2531	1581
			2531	1580
			2531	1579
			2531	1578
			2531	1577
			2531	1576
			2531	1575
			2531	1574
			2531	1573
			2531	1572
			2531	1571
			2532	1570
			2532	1569
			2532	1568
			2532	1567
			2532	1566
			2532	1565
			2532	1564
			2532	1563
			2532	1562
			2533	1561
			2533	1560
			2533	1559
			2533	1558
			2533	1557
			2534	1556
			2534	1555
			2534	1554
			2534	1553
			2534	1552
			2534	1551
			2535	1550
			2535	1549
			2535	1548
			2535	1547
			2535	1546
			2536	1545
			2536	1544
			2536	1543
			2536	1542
			2537	1541
			2537	1540
			2537	1539
			2538	1538
			2538	1537
			2538	1536
			2538	1535
			2539	1534
			2539	1533
			2539	1532
			2540	1531
			2540	1530
			2540	1529
			2540	1528
			2541	1527
			2541	1526
			2541	1525
			2542	1524
			2542	1523
			2543	1522
			2543	1521
			2544	1520
			2544	1519
			2545	1518
			2546	1518
			2546	1517
			2547	1516
			2547	1515
			2548	1514
			2549	1513
			2550	1512
			2550	1511
			2551	1510
			2552	1509
			2553	1508
			2554	1507
			2555	1507
			2555	1506
			2556	1506
			2557	1505
			2558	1504
			2559	1503
			2560	1502
			2561	1502
			2562	1501
			2563	1500
			2564	1499
			2565	1498
			2566	1498
			2566	1497
			2567	1497
			2568	1497
			2568	1496
			2569	1496
			2570	1496
			2570	1495
			2571	1495
			2572	1495
			2573	1494
			2574	1494
			2575	1493
			2576	1493
			2577	1493
			2578	1492
			2579	1492
			2580	1492
			2581	1491
			2582	1491
			2583	1491
			2584	1491
			2585	1490
			2586	1490
			2587	1490
			2588	1490
			2589	1490
			2590	1490
			2591	1489
			2592	1489
			2593	1489
			2594	1489
			2595	1489
			2596	1489
			2597	1489
			2598	1489
			2599	1489
			2600	1489
			2601	1489
			2602	1489
			2603	1489
			2604	1489
			2605	1489
			2606	1489
			2607	1489
			2608	1489
			2609	1490
			2610	1490
			2611	1490
			2612	1490
			2613	1490
			2614	1490
			2615	1490
			2616	1490
			2617	1490
			2618	1491
			2619	1491
			2620	1491
			2621	1491
		</Outline2>
		<Outline3 type=matrix rownames=FALSE colnames=FALSE nrow=150 ncol=2 as.numeric=TRUE >
			2621	1491
			2622	1491
			2623	1491
			2624	1491
			2625	1491
			2626	1491
			2627	1491
			2628	1491
			2629	1491
			2630	1491
			2631	1491
			2632	1491
			2633	1491
			2634	1491
			2635	1491
			2636	1491
			2637	1491
			2638	1491
			2639	1491
			2640	1491
			2641	1491
			2642	1491
			2643	1491
			2644	1491
			2645	1491
			2646	1491
			2647	1491
			2648	1491
			2649	1491
			2650	1491
			2651	1491
			2652	1491
			2653	1491
			2654	1491
			2655	1491
			2656	1491
			2657	1491
			2658	1491
			2659	1491
			2660	1491
			2661	1491
			2662	1491
			2663	1491
			2664	1491
			2665	1492
			2666	1492
			2667	1492
			2668	1492
			2669	1492
			2670	1493
			2671	1493
			2672	1493
			2673	1493
			2674	1494
			2675	1494
			2676	1494
			2677	1494
			2678	1495
			2679	1495
			2680	1495
			2681	1496
			2682	1496
			2683	1496
			2684	1497
			2685	1497
			2686	1498
			2687	1498
			2688	1498
			2689	1499
			2690	1499
			2691	1499
			2692	1500
			2693	1500
			2694	1501
			2695	1501
			2696	1502
			2697	1502
			2698	1503
			2699	1503
			2700	1503
			2701	1504
			2702	1504
			2702	1505
			2703	1505
			2704	1506
			2705	1506
			2706	1507
			2707	1507
			2708	1508
			2709	1509
			2710	1509
			2710	1510
			2711	1510
			2712	1511
			2713	1512
			2714	1513
			2715	1514
			2716	1515
			2716	1516
			2717	1517
			2718	1518
			2718	1519
			2719	1520
			2720	1521
			2721	1522
			2722	1523
			2723	1524
			2724	1525
			2725	1526
			2725	1527
			2725	1528
			2726	1529
			2727	1530
			2727	1531
			2727	1532
			2728	1533
			2728	1534
			2729	1535
			2729	1536
			2729	1537
			2730	1538
			2730	1539
			2730	1540
			2730	1541
			2731	1542
			2731	1543
			2731	1544
			2731	1545
			2731	1546
			2732	1547
			2732	1548
			2732	1549
			2732	1550
			2732	1551
			2733	1552
			2733	1553
			2733	1554
			2733	1555
			2733	1556
			2733	1557
			2734	1558
			2734	1559
			2734	1560
			2734	1561
			2734	1562
			2734	1563
			2735	1564
			2735	1565
			2735	1566
			2735	1567
		</Outline3>
		<Outline4 type=matrix rownames=FALSE colnames=FALSE nrow=145 ncol=2 as.numeric=TRUE >
			2735	1567
			2735	1568
			2735	1569
			2735	1570
			2735	1571
			2735	1572
			2735	1573
			2735	1574
			2735	1575
			2735	1576
			2735	1577
			2735	1578
			2735	1579
			2735	1580
			2735	1581
			2735	1582
			2735	1583
			2735	1584
			2735	1585
			2735	1586
			2735	1587
			2735	1588
			2735	1589
			2735	1590
			2735	1591
			2734	1592
			2734	1593
			2734	1594
			2734	1595
			2734	1596
			2733	1597
			2733	1598
			2733	1599
			2732	1600
			2732	1601
			2732	1602
			2732	1603
			2731	1604
			2731	1605
			2731	1606
			2730	1607
			2730	1608
			2730	1609
			2729	1610
			2729	1611
			2728	1612
			2728	1613
			2727	1614
			2726	1615
			2726	1616
			2725	1617
			2725	1618
			2724	1619
			2724	1620
			2723	1620
			2723	1621
			2722	1622
			2721	1623
			2721	1624
			2720	1625
			2719	1626
			2718	1627
			2718	1628
			2717	1629
			2716	1630
			2716	1631
			2715	1632
			2714	1632
			2713	1633
			2712	1634
			2712	1635
			2711	1636
			2710	1636
			2709	1637
			2708	1638
			2707	1639
			2706	1640
			2705	1641
			2704	1641
			2703	1642
			2702	1643
			2701	1644
			2700	1644
			2699	1645
			2698	1645
			2698	1646
			2697	1646
			2696	1647
			2695	1647
			2694	1648
			2693	1648
			2692	1649
			2691	1649
			2690	1650
			2689	1650
			2688	1651
			2687	1651
			2686	1652
			2685	1652
			2684	1653
			2683	1653
			2682	1653
			2681	1654
			2680	1654
			2679	1655
			2678	1655
			2677	1655
			2676	1656
			2675	1656
			2674	1656
			2673	1657
			2672	1657
			2671	1657
			2670	1657
			2669	1658
			2668	1658
			2667	1658
			2666	1659
			2665	1659
			2664	1659
			2663	1659
			2662	1659
			2661	1660
			2660	1660
			2659	1660
			2658	1660
			2657	1660
			2656	1660
			2655	1661
			2654	1661
			2653	1661
			2652	1661
			2651	1661
			2650	1661
			2649	1662
			2648	1662
			2647	1662
			2646	1662
			2645	1662
			2644	1662
			2643	1662
			2642	1663
			2641	1663
			2640	1663
			2639	1663
		</Outline4>
	</curves.pixel>
	<curves.scaled type=list>
		<Outline1 type=matrix rownames=FALSE colnames=FALSE nrow=187 ncol=2 as.numeric=TRUE >
			45.2616051028754	-28.5221861637293
			45.2444540588803	-28.5221861637293
			45.2273030148853	-28.5221861637293
			45.2273030148853	-28.5393372077244
			45.2101519708903	-28.5393372077244
			45.1930009268952	-28.5393372077244
			45.1758498829002	-28.5393372077244
			45.1758498829002	-28.5564882517194
			45.1586988389052	-28.5564882517194
			45.1415477949102	-28.5564882517194
			45.1243967509151	-28.5564882517194
			45.1072457069201	-28.5736392957144
			45.0900946629251	-28.5736392957144
			45.0729436189301	-28.5907903397094
			45.055792574935	-28.5907903397094
			45.03864153094	-28.5907903397094
			45.021490486945	-28.6079413837045
			45.00433944295	-28.6079413837045
			44.9871883989549	-28.6250924276995
			44.9700373549599	-28.6250924276995
			44.9528863109649	-28.6422434716945
			44.9357352669698	-28.6422434716945
			44.9185842229748	-28.6422434716945
			44.9014331789798	-28.6422434716945
			44.9014331789798	-28.6593945156895
			44.8842821349848	-28.6593945156895
			44.8671310909897	-28.6593945156895
			44.8671310909897	-28.6765455596846
			44.8499800469947	-28.6765455596846
			44.8328290029997	-28.6765455596846
			44.8328290029997	-28.6936966036796
			44.8156779590047	-28.6936966036796
			44.7985269150096	-28.6936966036796
			44.7813758710146	-28.7108476476746
			44.7642248270196	-28.7108476476746
			44.7470737830246	-28.7279986916697
			44.7299227390295	-28.7279986916697
			44.7127716950345	-28.7451497356647
			44.6956206510395	-28.7451497356647
			44.6956206510395	-28.7623007796597
			44.6784696070444	-28.7623007796597
			44.6613185630494	-28.7623007796597
			44.6441675190544	-28.7794518236547
			44.6270164750594	-28.7794518236547
			44.6270164750594	-28.7966028676498
			44.6098654310643	-28.7966028676498
			44.5927143870693	-28.7966028676498
			44.5755633430743	-28.7966028676498
			44.5584122990793	-28.8137539116448
			44.5412612550842	-28.8137539116448
			44.5241102110892	-28.8137539116448
			44.5069591670942	-28.8309049556398
			44.4898081230992	-28.8309049556398
			44.4726570791041	-28.8309049556398
			44.4555060351091	-28.8309049556398
			44.4383549911141	-28.8480559996348
			44.421203947119	-28.8480559996348
			44.404052903124	-28.8480559996348
			44.386901859129	-28.8480559996348
			44.369750815134	-28.8480559996348
			44.3525997711389	-28.8480559996348
			44.3354487271439	-28.8652070436299
			44.3182976831489	-28.8652070436299
			44.3011466391539	-28.8652070436299
			44.2839955951588	-28.8652070436299
			44.2668445511638	-28.8652070436299
			44.2496935071688	-28.8652070436299
			44.2325424631738	-28.8652070436299
			44.2153914191787	-28.8652070436299
			44.1982403751837	-28.8480559996348
			44.1810893311887	-28.8480559996348
			44.1639382871936	-28.8480559996348
			44.1467872431986	-28.8480559996348
			44.1296361992036	-28.8480559996348
			44.1124851552086	-28.8480559996348
			44.0953341112135	-28.8309049556398
			44.0781830672185	-28.8309049556398
			44.0610320232235	-28.8309049556398
			44.0438809792285	-28.8309049556398
			44.0267299352334	-28.8137539116448
			44.0095788912384	-28.8137539116448
			43.9924278472434	-28.8137539116448
			43.9752768032484	-28.8137539116448
			43.9581257592533	-28.7966028676498
			43.9409747152583	-28.7966028676498
			43.9238236712633	-28.7794518236547
			43.9066726272683	-28.7794518236547
			43.8895215832732	-28.7794518236547
			43.8723705392782	-28.7623007796597
			43.8552194952832	-28.7623007796597
			43.8380684512881	-28.7451497356647
			43.8209174072931	-28.7451497356647
			43.8037663632981	-28.7279986916697
			43.7866153193031	-28.7108476476746
			43.769464275308	-28.6936966036796
			43.752313231313	-28.6936966036796
			43.735162187318	-28.6765455596846
			43.718011143323	-28.6593945156895
			43.7008600993279	-28.6593945156895
			43.7008600993279	-28.6422434716945
			43.6837090553329	-28.6250924276995
			43.6665580113379	-28.6250924276995
			43.6494069673428	-28.6079413837045
			43.6494069673428	-28.5907903397094
			43.6322559233478	-28.5907903397094
			43.6151048793528	-28.5736392957144
			43.6151048793528	-28.5564882517194
			43.5979538353578	-28.5564882517194
			43.5808027913627	-28.5393372077244
			43.5808027913627	-28.5221861637293
			43.5636517473677	-28.5050351197343
			43.5465007033727	-28.5050351197343
			43.5465007033727	-28.4878840757393
			43.5293496593777	-28.4707330317443
			43.5121986153826	-28.4535819877492
			43.5121986153826	-28.4364309437542
			43.4950475713876	-28.4192798997592
			43.4950475713876	-28.4021288557641
			43.4778965273926	-28.3849778117691
			43.4607454833976	-28.3678267677741
			43.4607454833976	-28.3506757237791
			43.4435944394025	-28.333524679784
			43.4435944394025	-28.316373635789
			43.4264433954075	-28.299222591794
			43.4092923514125	-28.282071547799
			43.4092923514125	-28.2649205038039
			43.3921413074174	-28.2477694598089
			43.3921413074174	-28.2306184158139
			43.3749902634224	-28.2134673718189
			43.3749902634224	-28.1963163278238
			43.3578392194274	-28.1791652838288
			43.3578392194274	-28.1620142398338
			43.3578392194274	-28.1448631958387
			43.3578392194274	-28.1277121518437
			43.3406881754324	-28.1105611078487
			43.3406881754324	-28.0934100638537
			43.3406881754324	-28.0762590198586
			43.3406881754324	-28.0591079758636
			43.3406881754324	-28.0419569318686
			43.3406881754324	-28.0248058878736
			43.3406881754324	-28.0076548438785
			43.3406881754324	-27.9905037998835
			43.3235371314373	-27.9733527558885
			43.3235371314373	-27.9562017118935
			43.3235371314373	-27.9390506678984
			43.3235371314373	-27.9218996239034
			43.3235371314373	-27.9047485799084
			43.3235371314373	-27.8875975359133
			43.3235371314373	-27.8704464919183
			43.3235371314373	-27.8532954479233
			43.3235371314373	-27.8361444039283
			43.3235371314373	-27.8189933599332
			43.3406881754324	-27.8018423159382
			43.3406881754324	-27.7846912719432
			43.3406881754324	-27.7675402279482
			43.3406881754324	-27.7503891839531
			43.3578392194274	-27.7503891839531
			43.3578392194274	-27.7332381399581
			43.3578392194274	-27.7160870959631
			43.3578392194274	-27.6989360519681
			43.3749902634224	-27.681785007973
			43.3749902634224	-27.664633963978
			43.3749902634224	-27.647482919983
			43.3749902634224	-27.6303318759879
			43.3749902634224	-27.6131808319929
			43.3921413074174	-27.5960297879979
			43.3921413074174	-27.5788787440029
			43.3921413074174	-27.5617277000078
			43.3921413074174	-27.5445766560128
			43.4092923514125	-27.5274256120178
			43.4092923514125	-27.5102745680228
			43.4092923514125	-27.4931235240277
			43.4092923514125	-27.4759724800327
			43.4092923514125	-27.4588214360377
			43.4092923514125	-27.4416703920427
			43.4092923514125	-27.4245193480476
			43.4092923514125	-27.4073683040526
			43.4092923514125	-27.3902172600576
			43.4092923514125	-27.3730662160625
			43.4092923514125	-27.3559151720675
			43.4092923514125	-27.3387641280725
			43.4092923514125	-27.3216130840775
			43.4092923514125	-27.3044620400824
			43.4092923514125	-27.2873109960874
			43.4092923514125	-27.2701599520924
			43.4092923514125	-27.2530089080974
			43.4092923514125	-27.2358578641023
		</Outline1>
		<Outline2 type=matrix rownames=FALSE colnames=FALSE nrow=154 ncol=2 as.numeric=TRUE >
			43.4092923514125	-27.2358578641023
			43.4092923514125	-27.2187068201073
			43.4092923514125	-27.2015557761123
			43.4092923514125	-27.1844047321173
			43.4092923514125	-27.1672536881222
			43.4092923514125	-27.1501026441272
			43.4092923514125	-27.1329516001322
			43.4092923514125	-27.1158005561371
			43.4092923514125	-27.0986495121421
			43.4092923514125	-27.0814984681471
			43.4092923514125	-27.0643474241521
			43.4092923514125	-27.047196380157
			43.4092923514125	-27.030045336162
			43.4092923514125	-27.012894292167
			43.4092923514125	-26.995743248172
			43.4092923514125	-26.9785922041769
			43.4092923514125	-26.9614411601819
			43.4092923514125	-26.9442901161869
			43.4264433954075	-26.9271390721919
			43.4264433954075	-26.9099880281968
			43.4264433954075	-26.8928369842018
			43.4264433954075	-26.8756859402068
			43.4264433954075	-26.8585348962117
			43.4264433954075	-26.8413838522167
			43.4264433954075	-26.8242328082217
			43.4264433954075	-26.8070817642267
			43.4264433954075	-26.7899307202316
			43.4435944394025	-26.7727796762366
			43.4435944394025	-26.7556286322416
			43.4435944394025	-26.7384775882466
			43.4435944394025	-26.7213265442515
			43.4435944394025	-26.7041755002565
			43.4607454833976	-26.6870244562615
			43.4607454833976	-26.6698734122665
			43.4607454833976	-26.6527223682714
			43.4607454833976	-26.6355713242764
			43.4607454833976	-26.6184202802814
			43.4607454833976	-26.6012692362863
			43.4778965273926	-26.5841181922913
			43.4778965273926	-26.5669671482963
			43.4778965273926	-26.5498161043013
			43.4778965273926	-26.5326650603062
			43.4778965273926	-26.5155140163112
			43.4950475713876	-26.4983629723162
			43.4950475713876	-26.4812119283212
			43.4950475713876	-26.4640608843261
			43.4950475713876	-26.4469098403311
			43.5121986153826	-26.4297587963361
			43.5121986153826	-26.4126077523411
			43.5121986153826	-26.395456708346
			43.5293496593777	-26.378305664351
			43.5293496593777	-26.361154620356
			43.5293496593777	-26.3440035763609
			43.5293496593777	-26.3268525323659
			43.5465007033727	-26.3097014883709
			43.5465007033727	-26.2925504443759
			43.5465007033727	-26.2753994003808
			43.5636517473677	-26.2582483563858
			43.5636517473677	-26.2410973123908
			43.5636517473677	-26.2239462683958
			43.5636517473677	-26.2067952244007
			43.5808027913627	-26.1896441804057
			43.5808027913627	-26.1724931364107
			43.5808027913627	-26.1553420924157
			43.5979538353578	-26.1381910484206
			43.5979538353578	-26.1210400044256
			43.6151048793528	-26.1038889604306
			43.6151048793528	-26.0867379164355
			43.6322559233478	-26.0695868724405
			43.6322559233478	-26.0524358284455
			43.6494069673428	-26.0352847844505
			43.6665580113379	-26.0352847844505
			43.6665580113379	-26.0181337404554
			43.6837090553329	-26.0009826964604
			43.6837090553329	-25.9838316524654
			43.7008600993279	-25.9666806084704
			43.718011143323	-25.9495295644753
			43.735162187318	-25.9323785204803
			43.735162187318	-25.9152274764853
			43.752313231313	-25.8980764324903
			43.769464275308	-25.8809253884952
			43.7866153193031	-25.8637743445002
			43.8037663632981	-25.8466233005052
			43.8209174072931	-25.8466233005052
			43.8209174072931	-25.8294722565102
			43.8380684512881	-25.8294722565102
			43.8552194952832	-25.8123212125151
			43.8723705392782	-25.7951701685201
			43.8895215832732	-25.7780191245251
			43.9066726272683	-25.76086808053
			43.9238236712633	-25.76086808053
			43.9409747152583	-25.743717036535
			43.9581257592533	-25.72656599254
			43.9752768032484	-25.709414948545
			43.9924278472434	-25.6922639045499
			44.0095788912384	-25.6922639045499
			44.0095788912384	-25.6751128605549
			44.0267299352334	-25.6751128605549
			44.0438809792285	-25.6751128605549
			44.0438809792285	-25.6579618165599
			44.0610320232235	-25.6579618165599
			44.0781830672185	-25.6579618165599
			44.0781830672185	-25.6408107725649
			44.0953341112135	-25.6408107725649
			44.1124851552086	-25.6408107725649
			44.1296361992036	-25.6236597285698
			44.1467872431986	-25.6236597285698
			44.1639382871936	-25.6065086845748
			44.1810893311887	-25.6065086845748
			44.1982403751837	-25.6065086845748
			44.2153914191787	-25.5893576405798
			44.2325424631738	-25.5893576405798
			44.2496935071688	-25.5893576405798
			44.2668445511638	-25.5722065965847
			44.2839955951588	-25.5722065965847
			44.3011466391539	-25.5722065965847
			44.3182976831489	-25.5722065965847
			44.3354487271439	-25.5550555525897
			44.3525997711389	-25.5550555525897
			44.369750815134	-25.5550555525897
			44.386901859129	-25.5550555525897
			44.404052903124	-25.5550555525897
			44.421203947119	-25.5550555525897
			44.4383549911141	-25.5379045085947
			44.4555060351091	-25.5379045085947
			44.4726570791041	-25.5379045085947
			44.4898081230992	-25.5379045085947
			44.5069591670942	-25.5379045085947
			44.5241102110892	-25.5379045085947
			44.5412612550842	-25.5379045085947
			44.5584122990793	-25.5379045085947
			44.5755633430743	-25.5379045085947
			44.5927143870693	-25.5379045085947
			44.6098654310643	-25.5379045085947
			44.6270164750594	-25.5379045085947
			44.6441675190544	-25.5379045085947
			44.6613185630494	-25.5379045085947
			44.6784696070444	-25.5379045085947
			44.6956206510395	-25.5379045085947
			44.7127716950345	-25.5379045085947
			44.7299227390295	-25.5379045085947
			44.7470737830246	-25.5550555525897
			44.7642248270196	-25.5550555525897
			44.7813758710146	-25.5550555525897
			44.7985269150096	-25.5550555525897
			44.8156779590047	-25.5550555525897
			44.8328290029997	-25.5550555525897
			44.8499800469947	-25.5550555525897
			44.8671310909897	-25.5550555525897
			44.8842821349848	-25.5550555525897
			44.9014331789798	-25.5722065965847
			44.9185842229748	-25.5722065965847
			44.9357352669698	-25.5722065965847
			44.9528863109649	-25.5722065965847
		</Outline2>
		<Outline3 type=matrix rownames=FALSE colnames=FALSE nrow=150 ncol=2 as.numeric=TRUE >
			44.9528863109649	-25.5722065965847
			44.9700373549599	-25.5722065965847
			44.9871883989549	-25.5722065965847
			45.00433944295	-25.5722065965847
			45.021490486945	-25.5722065965847
			45.03864153094	-25.5722065965847
			45.055792574935	-25.5722065965847
			45.0729436189301	-25.5722065965847
			45.0900946629251	-25.5722065965847
			45.1072457069201	-25.5722065965847
			45.1243967509151	-25.5722065965847
			45.1415477949102	-25.5722065965847
			45.1586988389052	-25.5722065965847
			45.1758498829002	-25.5722065965847
			45.1930009268952	-25.5722065965847
			45.2101519708903	-25.5722065965847
			45.2273030148853	-25.5722065965847
			45.2444540588803	-25.5722065965847
			45.2616051028754	-25.5722065965847
			45.2787561468704	-25.5722065965847
			45.2959071908654	-25.5722065965847
			45.3130582348604	-25.5722065965847
			45.3302092788555	-25.5722065965847
			45.3473603228505	-25.5722065965847
			45.3645113668455	-25.5722065965847
			45.3816624108405	-25.5722065965847
			45.3988134548356	-25.5722065965847
			45.4159644988306	-25.5722065965847
			45.4331155428256	-25.5722065965847
			45.4502665868206	-25.5722065965847
			45.4674176308157	-25.5722065965847
			45.4845686748107	-25.5722065965847
			45.5017197188057	-25.5722065965847
			45.5188707628008	-25.5722065965847
			45.5360218067958	-25.5722065965847
			45.5531728507908	-25.5722065965847
			45.5703238947858	-25.5722065965847
			45.5874749387809	-25.5722065965847
			45.6046259827759	-25.5722065965847
			45.6217770267709	-25.5722065965847
			45.6389280707659	-25.5722065965847
			45.656079114761	-25.5722065965847
			45.673230158756	-25.5722065965847
			45.690381202751	-25.5722065965847
			45.707532246746	-25.5893576405798
			45.7246832907411	-25.5893576405798
			45.7418343347361	-25.5893576405798
			45.7589853787311	-25.5893576405798
			45.7761364227262	-25.5893576405798
			45.7932874667212	-25.6065086845748
			45.8104385107162	-25.6065086845748
			45.8275895547112	-25.6065086845748
			45.8447405987063	-25.6065086845748
			45.8618916427013	-25.6236597285698
			45.8790426866963	-25.6236597285698
			45.8961937306913	-25.6236597285698
			45.9133447746864	-25.6236597285698
			45.9304958186814	-25.6408107725649
			45.9476468626764	-25.6408107725649
			45.9647979066714	-25.6408107725649
			45.9819489506665	-25.6579618165599
			45.9990999946615	-25.6579618165599
			46.0162510386565	-25.6579618165599
			46.0334020826516	-25.6751128605549
			46.0505531266466	-25.6751128605549
			46.0677041706416	-25.6922639045499
			46.0848552146366	-25.6922639045499
			46.1020062586317	-25.6922639045499
			46.1191573026267	-25.709414948545
			46.1363083466217	-25.709414948545
			46.1534593906167	-25.709414948545
			46.1706104346118	-25.72656599254
			46.1877614786068	-25.72656599254
			46.2049125226018	-25.743717036535
			46.2220635665968	-25.743717036535
			46.2392146105919	-25.76086808053
			46.2563656545869	-25.76086808053
			46.2735166985819	-25.7780191245251
			46.290667742577	-25.7780191245251
			46.307818786572	-25.7780191245251
			46.324969830567	-25.7951701685201
			46.342120874562	-25.7951701685201
			46.342120874562	-25.8123212125151
			46.3592719185571	-25.8123212125151
			46.3764229625521	-25.8294722565102
			46.3935740065471	-25.8294722565102
			46.4107250505421	-25.8466233005052
			46.4278760945372	-25.8466233005052
			46.4450271385322	-25.8637743445002
			46.4621781825272	-25.8809253884952
			46.4793292265222	-25.8809253884952
			46.4793292265222	-25.8980764324903
			46.4964802705173	-25.8980764324903
			46.5136313145123	-25.9152274764853
			46.5307823585073	-25.9323785204803
			46.5479334025024	-25.9495295644753
			46.5650844464974	-25.9666806084704
			46.5822354904924	-25.9838316524654
			46.5822354904924	-26.0009826964604
			46.5993865344874	-26.0181337404554
			46.6165375784825	-26.0352847844505
			46.6165375784825	-26.0524358284455
			46.6336886224775	-26.0695868724405
			46.6508396664725	-26.0867379164355
			46.6679907104675	-26.1038889604306
			46.6851417544626	-26.1210400044256
			46.7022927984576	-26.1381910484206
			46.7194438424526	-26.1553420924157
			46.7365948864476	-26.1724931364107
			46.7365948864476	-26.1896441804057
			46.7365948864476	-26.2067952244007
			46.7537459304427	-26.2239462683958
			46.7708969744377	-26.2410973123908
			46.7708969744377	-26.2582483563858
			46.7708969744377	-26.2753994003808
			46.7880480184327	-26.2925504443759
			46.7880480184327	-26.3097014883709
			46.8051990624278	-26.3268525323659
			46.8051990624278	-26.3440035763609
			46.8051990624278	-26.361154620356
			46.8223501064228	-26.378305664351
			46.8223501064228	-26.395456708346
			46.8223501064228	-26.4126077523411
			46.8223501064228	-26.4297587963361
			46.8395011504178	-26.4469098403311
			46.8395011504178	-26.4640608843261
			46.8395011504178	-26.4812119283212
			46.8395011504178	-26.4983629723162
			46.8395011504178	-26.5155140163112
			46.8566521944128	-26.5326650603062
			46.8566521944128	-26.5498161043013
			46.8566521944128	-26.5669671482963
			46.8566521944128	-26.5841181922913
			46.8566521944128	-26.6012692362863
			46.8738032384079	-26.6184202802814
			46.8738032384079	-26.6355713242764
			46.8738032384079	-26.6527223682714
			46.8738032384079	-26.6698734122665
			46.8738032384079	-26.6870244562615
			46.8738032384079	-26.7041755002565
			46.8909542824029	-26.7213265442515
			46.8909542824029	-26.7384775882466
			46.8909542824029	-26.7556286322416
			46.8909542824029	-26.7727796762366
			46.8909542824029	-26.7899307202316
			46.8909542824029	-26.8070817642267
			46.9081053263979	-26.8242328082217
			46.9081053263979	-26.8413838522167
			46.9081053263979	-26.8585348962117
			46.9081053263979	-26.8756859402068
		</Outline3>
		<Outline4 type=matrix rownames=FALSE colnames=FALSE nrow=145 ncol=2 as.numeric=TRUE >
			46.9081053263979	-26.8756859402068
			46.9081053263979	-26.8928369842018
			46.9081053263979	-26.9099880281968
			46.9081053263979	-26.9271390721919
			46.9081053263979	-26.9442901161869
			46.9081053263979	-26.9614411601819
			46.9081053263979	-26.9785922041769
			46.9081053263979	-26.995743248172
			46.9081053263979	-27.012894292167
			46.9081053263979	-27.030045336162
			46.9081053263979	-27.047196380157
			46.9081053263979	-27.0643474241521
			46.9081053263979	-27.0814984681471
			46.9081053263979	-27.0986495121421
			46.9081053263979	-27.1158005561371
			46.9081053263979	-27.1329516001322
			46.9081053263979	-27.1501026441272
			46.9081053263979	-27.1672536881222
			46.9081053263979	-27.1844047321173
			46.9081053263979	-27.2015557761123
			46.9081053263979	-27.2187068201073
			46.9081053263979	-27.2358578641023
			46.9081053263979	-27.2530089080974
			46.9081053263979	-27.2701599520924
			46.9081053263979	-27.2873109960874
			46.8909542824029	-27.3044620400824
			46.8909542824029	-27.3216130840775
			46.8909542824029	-27.3387641280725
			46.8909542824029	-27.3559151720675
			46.8909542824029	-27.3730662160625
			46.8738032384079	-27.3902172600576
			46.8738032384079	-27.4073683040526
			46.8738032384079	-27.4245193480476
			46.8566521944128	-27.4416703920427
			46.8566521944128	-27.4588214360377
			46.8566521944128	-27.4759724800327
			46.8566521944128	-27.4931235240277
			46.8395011504178	-27.5102745680228
			46.8395011504178	-27.5274256120178
			46.8395011504178	-27.5445766560128
			46.8223501064228	-27.5617277000078
			46.8223501064228	-27.5788787440029
			46.8223501064228	-27.5960297879979
			46.8051990624278	-27.6131808319929
			46.8051990624278	-27.6303318759879
			46.7880480184327	-27.647482919983
			46.7880480184327	-27.664633963978
			46.7708969744377	-27.681785007973
			46.7537459304427	-27.6989360519681
			46.7537459304427	-27.7160870959631
			46.7365948864476	-27.7332381399581
			46.7365948864476	-27.7503891839531
			46.7194438424526	-27.7675402279482
			46.7194438424526	-27.7846912719432
			46.7022927984576	-27.7846912719432
			46.7022927984576	-27.8018423159382
			46.6851417544626	-27.8189933599332
			46.6679907104675	-27.8361444039283
			46.6679907104675	-27.8532954479233
			46.6508396664725	-27.8704464919183
			46.6336886224775	-27.8875975359133
			46.6165375784825	-27.9047485799084
			46.6165375784825	-27.9218996239034
			46.5993865344874	-27.9390506678984
			46.5822354904924	-27.9562017118935
			46.5822354904924	-27.9733527558885
			46.5650844464974	-27.9905037998835
			46.5479334025024	-27.9905037998835
			46.5307823585073	-28.0076548438785
			46.5136313145123	-28.0248058878736
			46.5136313145123	-28.0419569318686
			46.4964802705173	-28.0591079758636
			46.4793292265222	-28.0591079758636
			46.4621781825272	-28.0762590198586
			46.4450271385322	-28.0934100638537
			46.4278760945372	-28.1105611078487
			46.4107250505421	-28.1277121518437
			46.3935740065471	-28.1448631958387
			46.3764229625521	-28.1448631958387
			46.3592719185571	-28.1620142398338
			46.342120874562	-28.1791652838288
			46.324969830567	-28.1963163278238
			46.307818786572	-28.1963163278238
			46.290667742577	-28.2134673718189
			46.2735166985819	-28.2134673718189
			46.2735166985819	-28.2306184158139
			46.2563656545869	-28.2306184158139
			46.2392146105919	-28.2477694598089
			46.2220635665968	-28.2477694598089
			46.2049125226018	-28.2649205038039
			46.1877614786068	-28.2649205038039
			46.1706104346118	-28.282071547799
			46.1534593906167	-28.282071547799
			46.1363083466217	-28.299222591794
			46.1191573026267	-28.299222591794
			46.1020062586317	-28.316373635789
			46.0848552146366	-28.316373635789
			46.0677041706416	-28.333524679784
			46.0505531266466	-28.333524679784
			46.0334020826516	-28.3506757237791
			46.0162510386565	-28.3506757237791
			45.9990999946615	-28.3506757237791
			45.9819489506665	-28.3678267677741
			45.9647979066714	-28.3678267677741
			45.9476468626764	-28.3849778117691
			45.9304958186814	-28.3849778117691
			45.9133447746864	-28.3849778117691
			45.8961937306913	-28.4021288557641
			45.8790426866963	-28.4021288557641
			45.8618916427013	-28.4021288557641
			45.8447405987063	-28.4192798997592
			45.8275895547112	-28.4192798997592
			45.8104385107162	-28.4192798997592
			45.7932874667212	-28.4192798997592
			45.7761364227262	-28.4364309437542
			45.7589853787311	-28.4364309437542
			45.7418343347361	-28.4364309437542
			45.7246832907411	-28.4535819877492
			45.707532246746	-28.4535819877492
			45.690381202751	-28.4535819877492
			45.673230158756	-28.4535819877492
			45.656079114761	-28.4535819877492
			45.6389280707659	-28.4707330317443
			45.6217770267709	-28.4707330317443
			45.6046259827759	-28.4707330317443
			45.5874749387809	-28.4707330317443
			45.5703238947858	-28.4707330317443
			45.5531728507908	-28.4707330317443
			45.5360218067958	-28.4878840757393
			45.5188707628008	-28.4878840757393
			45.5017197188057	-28.4878840757393
			45.4845686748107	-28.4878840757393
			45.4674176308157	-28.4878840757393
			45.4502665868206	-28.4878840757393
			45.4331155428256	-28.5050351197343
			45.4159644988306	-28.5050351197343
			45.3988134548356	-28.5050351197343
			45.3816624108405	-28.5050351197343
			45.3645113668455	-28.5050351197343
			45.3473603228505	-28.5050351197343
			45.3302092788555	-28.5050351197343
			45.3130582348604	-28.5221861637293
			45.2959071908654	-28.5221861637293
			45.2787561468704	-28.5221861637293
			45.2616051028754	-28.5221861637293
		</Outline4>
	</curves.scaled>
	<ruler.points type=matrix rownames=TRUE colnames=FALSE nrow=2 ncol=2 as.numeric=TRUE >
		Ruler point 1	3078	2597
		Ruler point 2	2495	2589
	</ruler.points>
</shapes>

