<shapes type=list>
	<ruler.pixel type=vector names=FALSE length=1 as.numeric=TRUE >1048.09350727881</ruler.pixel>
	<ruler.interval type=vector names=FALSE length=1 as.numeric=TRUE >10</ruler.interval>
	<scaling.units type=vector names=FALSE length=1 as.numeric=FALSE >mm</scaling.units>
	<scaling type=vector names=FALSE length=1 as.numeric=TRUE >0.00954113342993911</scaling>
	<landmarks.pixel type=matrix rownames=TRUE colnames=FALSE nrow=4 ncol=2 as.numeric=TRUE >
		Labial	2286	1631
		Posterior	2220	1578
		Lingual	2279	1520
		Anterior	2347	1571
	</landmarks.pixel>
	<landmarks.scaled type=matrix rownames=TRUE colnames=FALSE nrow=4 ncol=2 as.numeric=TRUE >
		Labial	21.8110310208408	-15.5615886242307
		Posterior	21.1813162144648	-15.0559085524439
		Lingual	21.7442430868312	-14.5025228135074
		Anterior	22.3930401600671	-14.9891206184343
	</landmarks.scaled>
	<curves.control type=list>
		<Outline1 type=matrix rownames=FALSE colnames=FALSE nrow=15 ncol=2 as.numeric=TRUE >
			2286	1631
			2280	1633
			2273	1634
			2268	1637
			2261	1640
			2253	1642
			2244	1640
			2237	1637
			2232	1633
			2227	1628
			2224	1623
			2222	1616
			2221	1610
			2220	1593
			2220	1578
		</Outline1>
		<Outline2 type=matrix rownames=FALSE colnames=FALSE nrow=13 ncol=2 as.numeric=TRUE >
			2220	1578
			2219	1567
			2220	1559
			2222	1549
			2225	1541
			2231	1534
			2237	1530
			2243	1526
			2250	1523
			2258	1520
			2264	1519
			2272	1519
			2279	1520
		</Outline2>
		<Outline3 type=matrix rownames=FALSE colnames=FALSE nrow=15 ncol=2 as.numeric=TRUE >
			2279	1520
			2286	1522
			2292	1524
			2298	1525
			2305	1525
			2313	1525
			2319	1526
			2326	1529
			2330	1532
			2335	1537
			2339	1542
			2343	1548
			2345	1553
			2347	1559
			2347	1571
		</Outline3>
		<Outline4 type=matrix rownames=FALSE colnames=FALSE nrow=15 ncol=2 as.numeric=TRUE >
			2347	1571
			2346	1580
			2345	1587
			2344	1594
			2341	1602
			2338	1609
			2333	1615
			2328	1619
			2322	1623
			2317	1625
			2310	1626
			2304	1626
			2298	1627
			2292	1629
			2286	1631
		</Outline4>
	</curves.control>
	<curves.pixel type=list>
		<Outline1 type=matrix rownames=FALSE colnames=FALSE nrow=112 ncol=2 as.numeric=TRUE >
			2286	1631
			2285	1631
			2284	1632
			2283	1632
			2282	1632
			2281	1632
			2280	1633
			2279	1633
			2278	1633
			2277	1633
			2276	1633
			2275	1634
			2274	1634
			2273	1634
			2272	1635
			2271	1635
			2270	1636
			2269	1636
			2268	1637
			2267	1637
			2266	1638
			2265	1638
			2264	1639
			2263	1639
			2262	1640
			2261	1640
			2260	1640
			2259	1640
			2258	1641
			2257	1641
			2256	1641
			2255	1641
			2254	1641
			2253	1641
			2252	1641
			2251	1641
			2250	1641
			2249	1641
			2248	1641
			2247	1641
			2246	1640
			2245	1640
			2244	1640
			2243	1639
			2242	1639
			2241	1639
			2240	1638
			2239	1638
			2238	1637
			2237	1636
			2236	1636
			2235	1636
			2235	1635
			2234	1635
			2233	1634
			2232	1633
			2231	1632
			2230	1631
			2229	1630
			2229	1629
			2228	1629
			2227	1628
			2227	1627
			2226	1626
			2225	1625
			2224	1624
			2224	1623
			2224	1622
			2223	1621
			2223	1620
			2223	1619
			2223	1618
			2222	1617
			2222	1616
			2222	1615
			2222	1614
			2222	1613
			2221	1612
			2221	1611
			2221	1610
			2221	1609
			2221	1608
			2221	1607
			2221	1606
			2221	1605
			2221	1604
			2221	1603
			2221	1602
			2221	1601
			2220	1600
			2220	1599
			2220	1598
			2220	1597
			2220	1596
			2220	1595
			2220	1594
			2220	1593
			2220	1592
			2220	1591
			2220	1590
			2220	1589
			2220	1588
			2220	1587
			2220	1586
			2220	1585
			2220	1584
			2220	1583
			2220	1582
			2220	1581
			2220	1580
			2220	1579
			2220	1578
		</Outline1>
		<Outline2 type=matrix rownames=FALSE colnames=FALSE nrow=94 ncol=2 as.numeric=TRUE >
			2220	1578
			2220	1577
			2220	1576
			2220	1575
			2220	1574
			2220	1573
			2220	1572
			2220	1571
			2220	1570
			2220	1569
			2220	1568
			2220	1567
			2220	1566
			2220	1565
			2220	1564
			2220	1563
			2220	1562
			2220	1561
			2220	1560
			2220	1559
			2220	1558
			2220	1557
			2221	1556
			2221	1555
			2221	1554
			2221	1553
			2221	1552
			2222	1552
			2222	1551
			2222	1550
			2222	1549
			2223	1548
			2223	1547
			2223	1546
			2224	1545
			2224	1544
			2224	1543
			2225	1542
			2225	1541
			2226	1540
			2227	1539
			2228	1538
			2228	1537
			2229	1536
			2230	1536
			2231	1535
			2232	1534
			2233	1533
			2234	1532
			2235	1531
			2236	1531
			2237	1530
			2238	1529
			2239	1529
			2240	1528
			2241	1528
			2242	1527
			2243	1526
			2244	1526
			2245	1525
			2246	1525
			2247	1524
			2248	1524
			2249	1523
			2250	1523
			2251	1523
			2252	1522
			2253	1522
			2254	1522
			2255	1521
			2256	1521
			2257	1521
			2258	1520
			2259	1520
			2260	1520
			2261	1520
			2262	1519
			2263	1519
			2264	1519
			2265	1519
			2266	1519
			2267	1519
			2268	1519
			2269	1519
			2270	1519
			2271	1519
			2272	1519
			2273	1519
			2274	1519
			2275	1519
			2276	1520
			2277	1520
			2278	1520
			2279	1520
		</Outline2>
		<Outline3 type=matrix rownames=FALSE colnames=FALSE nrow=92 ncol=2 as.numeric=TRUE >
			2279	1520
			2280	1520
			2281	1521
			2282	1521
			2283	1521
			2284	1521
			2285	1522
			2286	1522
			2287	1522
			2288	1523
			2289	1523
			2290	1523
			2291	1524
			2292	1524
			2293	1524
			2294	1524
			2295	1524
			2296	1525
			2297	1525
			2298	1525
			2299	1525
			2300	1525
			2301	1525
			2302	1525
			2303	1525
			2304	1525
			2305	1525
			2306	1525
			2307	1525
			2308	1525
			2309	1525
			2310	1525
			2311	1525
			2312	1525
			2313	1525
			2314	1525
			2315	1525
			2316	1526
			2317	1526
			2318	1526
			2319	1526
			2320	1527
			2321	1527
			2322	1528
			2323	1528
			2324	1528
			2325	1529
			2326	1529
			2327	1530
			2328	1531
			2329	1531
			2330	1532
			2331	1533
			2332	1534
			2332	1535
			2333	1535
			2334	1536
			2335	1537
			2336	1538
			2337	1539
			2337	1540
			2338	1541
			2339	1542
			2340	1543
			2340	1544
			2341	1545
			2342	1546
			2342	1547
			2343	1548
			2343	1549
			2344	1550
			2344	1551
			2345	1552
			2345	1553
			2345	1554
			2346	1555
			2346	1556
			2346	1557
			2346	1558
			2346	1559
			2346	1560
			2347	1561
			2347	1562
			2347	1563
			2347	1564
			2347	1565
			2347	1566
			2347	1567
			2347	1568
			2347	1569
			2347	1570
			2347	1571
		</Outline3>
		<Outline4 type=matrix rownames=FALSE colnames=FALSE nrow=95 ncol=2 as.numeric=TRUE >
			2347	1571
			2347	1572
			2347	1573
			2347	1574
			2347	1575
			2346	1576
			2346	1577
			2346	1578
			2346	1579
			2346	1580
			2346	1581
			2346	1582
			2346	1583
			2345	1584
			2345	1585
			2345	1586
			2345	1587
			2345	1588
			2345	1589
			2344	1590
			2344	1591
			2344	1592
			2344	1593
			2343	1594
			2343	1595
			2343	1596
			2343	1597
			2343	1598
			2342	1598
			2342	1599
			2342	1600
			2341	1601
			2341	1602
			2341	1603
			2340	1603
			2340	1604
			2340	1605
			2339	1606
			2339	1607
			2338	1608
			2337	1609
			2337	1610
			2336	1611
			2336	1612
			2335	1612
			2334	1613
			2334	1614
			2333	1615
			2332	1616
			2331	1617
			2330	1618
			2329	1618
			2328	1619
			2327	1619
			2326	1620
			2325	1621
			2324	1622
			2323	1623
			2322	1623
			2321	1624
			2320	1624
			2319	1624
			2318	1624
			2317	1625
			2316	1625
			2315	1625
			2314	1625
			2313	1625
			2312	1626
			2311	1626
			2310	1626
			2309	1626
			2308	1626
			2307	1626
			2306	1626
			2305	1626
			2304	1626
			2303	1626
			2302	1626
			2301	1627
			2300	1627
			2299	1627
			2298	1627
			2297	1627
			2296	1628
			2295	1628
			2294	1628
			2293	1629
			2292	1629
			2291	1629
			2290	1630
			2289	1630
			2288	1630
			2287	1631
			2286	1631
		</Outline4>
	</curves.pixel>
	<curves.scaled type=list>
		<Outline1 type=matrix rownames=FALSE colnames=FALSE nrow=112 ncol=2 as.numeric=TRUE >
			21.8110310208408	-15.5615886242307
			21.8014898874109	-15.5615886242307
			21.7919487539809	-15.5711297576606
			21.782407620551	-15.5711297576606
			21.772866487121	-15.5711297576606
			21.7633253536911	-15.5711297576606
			21.7537842202612	-15.5806708910906
			21.7442430868312	-15.5806708910906
			21.7347019534013	-15.5806708910906
			21.7251608199714	-15.5806708910906
			21.7156196865414	-15.5806708910906
			21.7060785531115	-15.5902120245205
			21.6965374196815	-15.5902120245205
			21.6869962862516	-15.5902120245205
			21.6774551528217	-15.5997531579504
			21.6679140193917	-15.5997531579504
			21.6583728859618	-15.6092942913804
			21.6488317525318	-15.6092942913804
			21.6392906191019	-15.6188354248103
			21.629749485672	-15.6188354248103
			21.620208352242	-15.6283765582403
			21.6106672188121	-15.6283765582403
			21.6011260853821	-15.6379176916702
			21.5915849519522	-15.6379176916702
			21.5820438185223	-15.6474588251001
			21.5725026850923	-15.6474588251001
			21.5629615516624	-15.6474588251001
			21.5534204182325	-15.6474588251001
			21.5438792848025	-15.6569999585301
			21.5343381513726	-15.6569999585301
			21.5247970179426	-15.6569999585301
			21.5152558845127	-15.6569999585301
			21.5057147510828	-15.6569999585301
			21.4961736176528	-15.6569999585301
			21.4866324842229	-15.6569999585301
			21.4770913507929	-15.6569999585301
			21.467550217363	-15.6569999585301
			21.4580090839331	-15.6569999585301
			21.4484679505031	-15.6569999585301
			21.4389268170732	-15.6569999585301
			21.4293856836432	-15.6474588251001
			21.4198445502133	-15.6474588251001
			21.4103034167834	-15.6474588251001
			21.4007622833534	-15.6379176916702
			21.3912211499235	-15.6379176916702
			21.3816800164935	-15.6379176916702
			21.3721388830636	-15.6283765582403
			21.3625977496337	-15.6283765582403
			21.3530566162037	-15.6188354248103
			21.3435154827738	-15.6092942913804
			21.3339743493439	-15.6092942913804
			21.3244332159139	-15.6092942913804
			21.3244332159139	-15.5997531579504
			21.314892082484	-15.5997531579504
			21.305350949054	-15.5902120245205
			21.2958098156241	-15.5806708910906
			21.2862686821942	-15.5711297576606
			21.2767275487642	-15.5615886242307
			21.2671864153343	-15.5520474908008
			21.2671864153343	-15.5425063573708
			21.2576452819043	-15.5425063573708
			21.2481041484744	-15.5329652239409
			21.2481041484744	-15.5234240905109
			21.2385630150445	-15.513882957081
			21.2290218816145	-15.5043418236511
			21.2194807481846	-15.4948006902211
			21.2194807481846	-15.4852595567912
			21.2194807481846	-15.4757184233612
			21.2099396147546	-15.4661772899313
			21.2099396147546	-15.4566361565014
			21.2099396147546	-15.4470950230714
			21.2099396147546	-15.4375538896415
			21.2003984813247	-15.4280127562115
			21.2003984813247	-15.4184716227816
			21.2003984813247	-15.4089304893517
			21.2003984813247	-15.3993893559217
			21.2003984813247	-15.3898482224918
			21.1908573478948	-15.3803070890618
			21.1908573478948	-15.3707659556319
			21.1908573478948	-15.361224822202
			21.1908573478948	-15.351683688772
			21.1908573478948	-15.3421425553421
			21.1908573478948	-15.3326014219122
			21.1908573478948	-15.3230602884822
			21.1908573478948	-15.3135191550523
			21.1908573478948	-15.3039780216223
			21.1908573478948	-15.2944368881924
			21.1908573478948	-15.2848957547625
			21.1908573478948	-15.2753546213325
			21.1813162144648	-15.2658134879026
			21.1813162144648	-15.2562723544726
			21.1813162144648	-15.2467312210427
			21.1813162144648	-15.2371900876128
			21.1813162144648	-15.2276489541828
			21.1813162144648	-15.2181078207529
			21.1813162144648	-15.2085666873229
			21.1813162144648	-15.199025553893
			21.1813162144648	-15.1894844204631
			21.1813162144648	-15.1799432870331
			21.1813162144648	-15.1704021536032
			21.1813162144648	-15.1608610201732
			21.1813162144648	-15.1513198867433
			21.1813162144648	-15.1417787533134
			21.1813162144648	-15.1322376198834
			21.1813162144648	-15.1226964864535
			21.1813162144648	-15.1131553530236
			21.1813162144648	-15.1036142195936
			21.1813162144648	-15.0940730861637
			21.1813162144648	-15.0845319527337
			21.1813162144648	-15.0749908193038
			21.1813162144648	-15.0654496858739
			21.1813162144648	-15.0559085524439
		</Outline1>
		<Outline2 type=matrix rownames=FALSE colnames=FALSE nrow=94 ncol=2 as.numeric=TRUE >
			21.1813162144648	-15.0559085524439
			21.1813162144648	-15.046367419014
			21.1813162144648	-15.036826285584
			21.1813162144648	-15.0272851521541
			21.1813162144648	-15.0177440187242
			21.1813162144648	-15.0082028852942
			21.1813162144648	-14.9986617518643
			21.1813162144648	-14.9891206184343
			21.1813162144648	-14.9795794850044
			21.1813162144648	-14.9700383515745
			21.1813162144648	-14.9604972181445
			21.1813162144648	-14.9509560847146
			21.1813162144648	-14.9414149512846
			21.1813162144648	-14.9318738178547
			21.1813162144648	-14.9223326844248
			21.1813162144648	-14.9127915509948
			21.1813162144648	-14.9032504175649
			21.1813162144648	-14.893709284135
			21.1813162144648	-14.884168150705
			21.1813162144648	-14.8746270172751
			21.1813162144648	-14.8650858838451
			21.1813162144648	-14.8555447504152
			21.1908573478948	-14.8460036169853
			21.1908573478948	-14.8364624835553
			21.1908573478948	-14.8269213501254
			21.1908573478948	-14.8173802166954
			21.1908573478948	-14.8078390832655
			21.2003984813247	-14.8078390832655
			21.2003984813247	-14.7982979498356
			21.2003984813247	-14.7887568164056
			21.2003984813247	-14.7792156829757
			21.2099396147546	-14.7696745495457
			21.2099396147546	-14.7601334161158
			21.2099396147546	-14.7505922826859
			21.2194807481846	-14.7410511492559
			21.2194807481846	-14.731510015826
			21.2194807481846	-14.721968882396
			21.2290218816145	-14.7124277489661
			21.2290218816145	-14.7028866155362
			21.2385630150445	-14.6933454821062
			21.2481041484744	-14.6838043486763
			21.2576452819043	-14.6742632152464
			21.2576452819043	-14.6647220818164
			21.2671864153343	-14.6551809483865
			21.2767275487642	-14.6551809483865
			21.2862686821942	-14.6456398149565
			21.2958098156241	-14.6360986815266
			21.305350949054	-14.6265575480967
			21.314892082484	-14.6170164146667
			21.3244332159139	-14.6074752812368
			21.3339743493439	-14.6074752812368
			21.3435154827738	-14.5979341478068
			21.3530566162037	-14.5883930143769
			21.3625977496337	-14.5883930143769
			21.3721388830636	-14.578851880947
			21.3816800164935	-14.578851880947
			21.3912211499235	-14.569310747517
			21.4007622833534	-14.5597696140871
			21.4103034167834	-14.5597696140871
			21.4198445502133	-14.5502284806571
			21.4293856836432	-14.5502284806571
			21.4389268170732	-14.5406873472272
			21.4484679505031	-14.5406873472272
			21.4580090839331	-14.5311462137973
			21.467550217363	-14.5311462137973
			21.4770913507929	-14.5311462137973
			21.4866324842229	-14.5216050803673
			21.4961736176528	-14.5216050803673
			21.5057147510828	-14.5216050803673
			21.5152558845127	-14.5120639469374
			21.5247970179426	-14.5120639469374
			21.5343381513726	-14.5120639469374
			21.5438792848025	-14.5025228135074
			21.5534204182325	-14.5025228135074
			21.5629615516624	-14.5025228135074
			21.5725026850923	-14.5025228135074
			21.5820438185223	-14.4929816800775
			21.5915849519522	-14.4929816800775
			21.6011260853821	-14.4929816800775
			21.6106672188121	-14.4929816800775
			21.620208352242	-14.4929816800775
			21.629749485672	-14.4929816800775
			21.6392906191019	-14.4929816800775
			21.6488317525318	-14.4929816800775
			21.6583728859618	-14.4929816800775
			21.6679140193917	-14.4929816800775
			21.6774551528217	-14.4929816800775
			21.6869962862516	-14.4929816800775
			21.6965374196815	-14.4929816800775
			21.7060785531115	-14.4929816800775
			21.7156196865414	-14.5025228135074
			21.7251608199714	-14.5025228135074
			21.7347019534013	-14.5025228135074
			21.7442430868312	-14.5025228135074
		</Outline2>
		<Outline3 type=matrix rownames=FALSE colnames=FALSE nrow=92 ncol=2 as.numeric=TRUE >
			21.7442430868312	-14.5025228135074
			21.7537842202612	-14.5025228135074
			21.7633253536911	-14.5120639469374
			21.772866487121	-14.5120639469374
			21.782407620551	-14.5120639469374
			21.7919487539809	-14.5120639469374
			21.8014898874109	-14.5216050803673
			21.8110310208408	-14.5216050803673
			21.8205721542707	-14.5216050803673
			21.8301132877007	-14.5311462137973
			21.8396544211306	-14.5311462137973
			21.8491955545606	-14.5311462137973
			21.8587366879905	-14.5406873472272
			21.8682778214204	-14.5406873472272
			21.8778189548504	-14.5406873472272
			21.8873600882803	-14.5406873472272
			21.8969012217103	-14.5406873472272
			21.9064423551402	-14.5502284806571
			21.9159834885701	-14.5502284806571
			21.9255246220001	-14.5502284806571
			21.93506575543	-14.5502284806571
			21.94460688886	-14.5502284806571
			21.9541480222899	-14.5502284806571
			21.9636891557198	-14.5502284806571
			21.9732302891498	-14.5502284806571
			21.9827714225797	-14.5502284806571
			21.9923125560097	-14.5502284806571
			22.0018536894396	-14.5502284806571
			22.0113948228695	-14.5502284806571
			22.0209359562995	-14.5502284806571
			22.0304770897294	-14.5502284806571
			22.0400182231593	-14.5502284806571
			22.0495593565893	-14.5502284806571
			22.0591004900192	-14.5502284806571
			22.0686416234492	-14.5502284806571
			22.0781827568791	-14.5502284806571
			22.087723890309	-14.5502284806571
			22.097265023739	-14.5597696140871
			22.1068061571689	-14.5597696140871
			22.1163472905989	-14.5597696140871
			22.1258884240288	-14.5597696140871
			22.1354295574587	-14.569310747517
			22.1449706908887	-14.569310747517
			22.1545118243186	-14.578851880947
			22.1640529577486	-14.578851880947
			22.1735940911785	-14.578851880947
			22.1831352246084	-14.5883930143769
			22.1926763580384	-14.5883930143769
			22.2022174914683	-14.5979341478068
			22.2117586248982	-14.6074752812368
			22.2212997583282	-14.6074752812368
			22.2308408917581	-14.6170164146667
			22.2403820251881	-14.6265575480967
			22.249923158618	-14.6360986815266
			22.249923158618	-14.6456398149565
			22.2594642920479	-14.6456398149565
			22.2690054254779	-14.6551809483865
			22.2785465589078	-14.6647220818164
			22.2880876923378	-14.6742632152464
			22.2976288257677	-14.6838043486763
			22.2976288257677	-14.6933454821062
			22.3071699591976	-14.7028866155362
			22.3167110926276	-14.7124277489661
			22.3262522260575	-14.721968882396
			22.3262522260575	-14.731510015826
			22.3357933594875	-14.7410511492559
			22.3453344929174	-14.7505922826859
			22.3453344929174	-14.7601334161158
			22.3548756263473	-14.7696745495457
			22.3548756263473	-14.7792156829757
			22.3644167597773	-14.7887568164056
			22.3644167597773	-14.7982979498356
			22.3739578932072	-14.8078390832655
			22.3739578932072	-14.8173802166954
			22.3739578932072	-14.8269213501254
			22.3834990266372	-14.8364624835553
			22.3834990266372	-14.8460036169853
			22.3834990266372	-14.8555447504152
			22.3834990266372	-14.8650858838451
			22.3834990266372	-14.8746270172751
			22.3834990266372	-14.884168150705
			22.3930401600671	-14.893709284135
			22.3930401600671	-14.9032504175649
			22.3930401600671	-14.9127915509948
			22.3930401600671	-14.9223326844248
			22.3930401600671	-14.9318738178547
			22.3930401600671	-14.9414149512846
			22.3930401600671	-14.9509560847146
			22.3930401600671	-14.9604972181445
			22.3930401600671	-14.9700383515745
			22.3930401600671	-14.9795794850044
			22.3930401600671	-14.9891206184343
		</Outline3>
		<Outline4 type=matrix rownames=FALSE colnames=FALSE nrow=95 ncol=2 as.numeric=TRUE >
			22.3930401600671	-14.9891206184343
			22.3930401600671	-14.9986617518643
			22.3930401600671	-15.0082028852942
			22.3930401600671	-15.0177440187242
			22.3930401600671	-15.0272851521541
			22.3834990266372	-15.036826285584
			22.3834990266372	-15.046367419014
			22.3834990266372	-15.0559085524439
			22.3834990266372	-15.0654496858739
			22.3834990266372	-15.0749908193038
			22.3834990266372	-15.0845319527337
			22.3834990266372	-15.0940730861637
			22.3834990266372	-15.1036142195936
			22.3739578932072	-15.1131553530236
			22.3739578932072	-15.1226964864535
			22.3739578932072	-15.1322376198834
			22.3739578932072	-15.1417787533134
			22.3739578932072	-15.1513198867433
			22.3739578932072	-15.1608610201732
			22.3644167597773	-15.1704021536032
			22.3644167597773	-15.1799432870331
			22.3644167597773	-15.1894844204631
			22.3644167597773	-15.199025553893
			22.3548756263473	-15.2085666873229
			22.3548756263473	-15.2181078207529
			22.3548756263473	-15.2276489541828
			22.3548756263473	-15.2371900876128
			22.3548756263473	-15.2467312210427
			22.3453344929174	-15.2467312210427
			22.3453344929174	-15.2562723544726
			22.3453344929174	-15.2658134879026
			22.3357933594875	-15.2753546213325
			22.3357933594875	-15.2848957547625
			22.3357933594875	-15.2944368881924
			22.3262522260575	-15.2944368881924
			22.3262522260575	-15.3039780216223
			22.3262522260575	-15.3135191550523
			22.3167110926276	-15.3230602884822
			22.3167110926276	-15.3326014219122
			22.3071699591976	-15.3421425553421
			22.2976288257677	-15.351683688772
			22.2976288257677	-15.361224822202
			22.2880876923378	-15.3707659556319
			22.2880876923378	-15.3803070890618
			22.2785465589078	-15.3803070890618
			22.2690054254779	-15.3898482224918
			22.2690054254779	-15.3993893559217
			22.2594642920479	-15.4089304893517
			22.249923158618	-15.4184716227816
			22.2403820251881	-15.4280127562115
			22.2308408917581	-15.4375538896415
			22.2212997583282	-15.4375538896415
			22.2117586248982	-15.4470950230714
			22.2022174914683	-15.4470950230714
			22.1926763580384	-15.4566361565014
			22.1831352246084	-15.4661772899313
			22.1735940911785	-15.4757184233612
			22.1640529577486	-15.4852595567912
			22.1545118243186	-15.4852595567912
			22.1449706908887	-15.4948006902211
			22.1354295574587	-15.4948006902211
			22.1258884240288	-15.4948006902211
			22.1163472905989	-15.4948006902211
			22.1068061571689	-15.5043418236511
			22.097265023739	-15.5043418236511
			22.087723890309	-15.5043418236511
			22.0781827568791	-15.5043418236511
			22.0686416234492	-15.5043418236511
			22.0591004900192	-15.513882957081
			22.0495593565893	-15.513882957081
			22.0400182231593	-15.513882957081
			22.0304770897294	-15.513882957081
			22.0209359562995	-15.513882957081
			22.0113948228695	-15.513882957081
			22.0018536894396	-15.513882957081
			21.9923125560097	-15.513882957081
			21.9827714225797	-15.513882957081
			21.9732302891498	-15.513882957081
			21.9636891557198	-15.513882957081
			21.9541480222899	-15.5234240905109
			21.94460688886	-15.5234240905109
			21.93506575543	-15.5234240905109
			21.9255246220001	-15.5234240905109
			21.9159834885701	-15.5234240905109
			21.9064423551402	-15.5329652239409
			21.8969012217103	-15.5329652239409
			21.8873600882803	-15.5329652239409
			21.8778189548504	-15.5425063573708
			21.8682778214204	-15.5425063573708
			21.8587366879905	-15.5425063573708
			21.8491955545606	-15.5520474908008
			21.8396544211306	-15.5520474908008
			21.8301132877007	-15.5520474908008
			21.8205721542707	-15.5615886242307
			21.8110310208408	-15.5615886242307
		</Outline4>
	</curves.scaled>
	<ruler.points type=matrix rownames=TRUE colnames=FALSE nrow=2 ncol=2 as.numeric=TRUE >
		Ruler point 1	3285	2376
		Ruler point 2	2237	2390
	</ruler.points>
</shapes>

