<shapes type=list>
	<ruler.pixel type=vector names=FALSE length=1 as.numeric=TRUE >687.002911201983</ruler.pixel>
	<ruler.interval type=vector names=FALSE length=1 as.numeric=TRUE >10</ruler.interval>
	<scaling.units type=vector names=FALSE length=1 as.numeric=FALSE >mm</scaling.units>
	<scaling type=vector names=FALSE length=1 as.numeric=TRUE >0.0145559790751162</scaling>
	<landmarks.pixel type=matrix rownames=TRUE colnames=FALSE nrow=4 ncol=2 as.numeric=TRUE >
		Labial	2600	1929
		Posterior	2501	1877
		Lingual	2582	1797
		Anterior	2681	1853
	</landmarks.pixel>
	<landmarks.scaled type=matrix rownames=TRUE colnames=FALSE nrow=4 ncol=2 as.numeric=TRUE >
		Labial	37.8455455953022	-28.0784836358992
		Posterior	36.4045036668657	-27.3215727239932
		Lingual	37.5835379719501	-26.1570943979839
		Anterior	39.0245799003866	-26.9722292261904
	</landmarks.scaled>
	<curves.control type=list>
		<Outline1 type=matrix rownames=FALSE colnames=FALSE nrow=21 ncol=2 as.numeric=TRUE >
			2600	1929
			2596	1934
			2592	1940
			2588	1947
			2581	1955
			2576	1958
			2569	1961
			2562	1962
			2553	1961
			2546	1959
			2539	1955
			2533	1952
			2528	1948
			2521	1942
			2516	1934
			2512	1926
			2508	1919
			2505	1911
			2503	1904
			2501	1894
			2501	1877
		</Outline1>
		<Outline2 type=matrix rownames=FALSE colnames=FALSE nrow=17 ncol=2 as.numeric=TRUE >
			2501	1877
			2501	1867
			2503	1856
			2505	1845
			2509	1835
			2513	1829
			2517	1823
			2523	1817
			2530	1812
			2535	1809
			2540	1805
			2547	1801
			2553	1799
			2561	1797
			2568	1797
			2575	1797
			2582	1797
		</Outline2>
		<Outline3 type=matrix rownames=FALSE colnames=FALSE nrow=19 ncol=2 as.numeric=TRUE >
			2582	1797
			2589	1797
			2595	1797
			2602	1797
			2610	1796
			2618	1796
			2626	1798
			2633	1799
			2640	1801
			2648	1804
			2654	1807
			2661	1811
			2666	1814
			2670	1817
			2673	1823
			2676	1829
			2678	1835
			2680	1842
			2681	1853
		</Outline3>
		<Outline4 type=matrix rownames=FALSE colnames=FALSE nrow=23 ncol=2 as.numeric=TRUE >
			2681	1853
			2682	1862
			2682	1869
			2682	1875
			2680	1883
			2678	1890
			2675	1896
			2672	1903
			2669	1910
			2665	1916
			2660	1922
			2653	1927
			2646	1929
			2641	1930
			2636	1933
			2630	1935
			2623	1934
			2617	1932
			2612	1930
			2608	1927
			2604	1927
			2602	1927
			2600	1929
		</Outline4>
	</curves.control>
	<curves.pixel type=list>
		<Outline1 type=matrix rownames=FALSE colnames=FALSE nrow=159 ncol=2 as.numeric=TRUE >
			2600	1929
			2600	1930
			2599	1930
			2599	1931
			2598	1931
			2598	1932
			2597	1933
			2596	1934
			2595	1935
			2595	1936
			2594	1937
			2594	1938
			2593	1939
			2592	1939
			2592	1940
			2591	1941
			2591	1942
			2590	1943
			2589	1944
			2589	1945
			2588	1946
			2587	1947
			2587	1948
			2586	1948
			2586	1949
			2585	1950
			2584	1951
			2583	1952
			2583	1953
			2582	1954
			2581	1955
			2580	1956
			2579	1956
			2578	1957
			2577	1957
			2576	1958
			2575	1958
			2574	1959
			2573	1959
			2572	1959
			2572	1960
			2571	1960
			2570	1961
			2569	1961
			2568	1961
			2567	1961
			2566	1961
			2565	1961
			2564	1961
			2563	1961
			2562	1961
			2561	1961
			2560	1961
			2559	1961
			2558	1961
			2557	1961
			2556	1961
			2555	1961
			2554	1961
			2553	1961
			2552	1961
			2551	1960
			2550	1960
			2549	1960
			2548	1959
			2547	1959
			2546	1958
			2545	1958
			2544	1957
			2543	1957
			2542	1957
			2542	1956
			2541	1956
			2540	1956
			2540	1955
			2539	1955
			2538	1955
			2538	1954
			2537	1954
			2536	1954
			2535	1953
			2534	1952
			2533	1952
			2532	1951
			2531	1950
			2530	1950
			2529	1949
			2528	1948
			2527	1947
			2526	1946
			2525	1945
			2524	1944
			2523	1943
			2522	1942
			2521	1941
			2520	1940
			2519	1939
			2519	1938
			2518	1937
			2517	1936
			2517	1935
			2516	1934
			2515	1933
			2515	1932
			2514	1931
			2514	1930
			2513	1929
			2513	1928
			2512	1927
			2512	1926
			2511	1925
			2511	1924
			2510	1923
			2510	1922
			2509	1921
			2508	1920
			2508	1919
			2508	1918
			2507	1917
			2507	1916
			2506	1915
			2506	1914
			2506	1913
			2505	1912
			2505	1911
			2505	1910
			2504	1909
			2504	1908
			2504	1907
			2504	1906
			2503	1905
			2503	1904
			2503	1903
			2503	1902
			2502	1901
			2502	1900
			2502	1899
			2502	1898
			2502	1897
			2502	1896
			2502	1895
			2502	1894
			2502	1893
			2501	1892
			2501	1891
			2501	1890
			2501	1889
			2501	1888
			2501	1887
			2501	1886
			2501	1885
			2501	1884
			2501	1883
			2501	1882
			2501	1881
			2501	1880
			2501	1879
			2501	1878
			2501	1877
		</Outline1>
		<Outline2 type=matrix rownames=FALSE colnames=FALSE nrow=122 ncol=2 as.numeric=TRUE >
			2501	1877
			2501	1876
			2501	1875
			2501	1874
			2501	1873
			2501	1872
			2501	1871
			2501	1870
			2501	1869
			2501	1868
			2501	1867
			2502	1866
			2502	1865
			2502	1864
			2502	1863
			2502	1862
			2502	1861
			2502	1860
			2503	1859
			2503	1858
			2503	1857
			2503	1856
			2503	1855
			2503	1854
			2504	1853
			2504	1852
			2504	1851
			2504	1850
			2505	1849
			2505	1848
			2505	1847
			2505	1846
			2506	1845
			2506	1844
			2506	1843
			2506	1842
			2507	1841
			2507	1840
			2507	1839
			2508	1838
			2508	1837
			2508	1836
			2509	1835
			2510	1834
			2510	1833
			2511	1832
			2512	1831
			2512	1830
			2513	1829
			2514	1828
			2514	1827
			2515	1826
			2516	1825
			2517	1824
			2517	1823
			2518	1822
			2519	1821
			2520	1820
			2521	1819
			2522	1818
			2523	1817
			2524	1816
			2525	1815
			2526	1815
			2527	1814
			2528	1814
			2528	1813
			2529	1813
			2530	1812
			2531	1812
			2532	1811
			2533	1810
			2534	1810
			2535	1809
			2536	1808
			2537	1807
			2538	1806
			2539	1806
			2539	1805
			2540	1805
			2541	1804
			2542	1804
			2543	1803
			2544	1803
			2545	1802
			2546	1802
			2547	1802
			2548	1801
			2549	1800
			2550	1800
			2551	1800
			2552	1799
			2553	1799
			2554	1799
			2555	1799
			2556	1798
			2557	1798
			2558	1798
			2559	1798
			2560	1798
			2561	1797
			2562	1797
			2563	1797
			2564	1797
			2565	1797
			2566	1797
			2567	1797
			2568	1797
			2569	1797
			2570	1797
			2571	1797
			2572	1797
			2573	1797
			2574	1797
			2575	1797
			2576	1797
			2577	1797
			2578	1797
			2579	1797
			2580	1797
			2581	1797
			2582	1797
		</Outline2>
		<Outline3 type=matrix rownames=FALSE colnames=FALSE nrow=129 ncol=2 as.numeric=TRUE >
			2582	1797
			2583	1797
			2584	1797
			2585	1797
			2586	1797
			2587	1797
			2588	1797
			2589	1797
			2590	1797
			2591	1797
			2592	1797
			2593	1797
			2594	1797
			2595	1797
			2596	1797
			2597	1797
			2598	1797
			2599	1797
			2600	1797
			2601	1797
			2602	1797
			2603	1797
			2604	1797
			2605	1796
			2606	1796
			2607	1796
			2608	1796
			2609	1796
			2610	1796
			2611	1796
			2612	1796
			2613	1796
			2614	1796
			2615	1796
			2616	1796
			2617	1796
			2618	1797
			2619	1797
			2620	1797
			2621	1797
			2622	1797
			2623	1797
			2624	1798
			2625	1798
			2626	1798
			2627	1798
			2628	1798
			2629	1798
			2630	1799
			2631	1799
			2632	1799
			2633	1799
			2634	1800
			2635	1800
			2636	1800
			2637	1800
			2638	1800
			2638	1801
			2639	1801
			2640	1801
			2641	1801
			2642	1802
			2643	1802
			2644	1803
			2645	1803
			2646	1803
			2647	1804
			2648	1804
			2649	1805
			2650	1805
			2651	1805
			2651	1806
			2652	1806
			2653	1807
			2654	1807
			2655	1807
			2656	1808
			2657	1809
			2658	1809
			2659	1810
			2660	1811
			2661	1811
			2662	1812
			2663	1812
			2664	1813
			2665	1814
			2666	1814
			2667	1815
			2668	1815
			2668	1816
			2669	1817
			2670	1818
			2671	1819
			2672	1820
			2672	1821
			2672	1822
			2673	1823
			2673	1824
			2674	1824
			2674	1825
			2674	1826
			2675	1827
			2675	1828
			2676	1829
			2676	1830
			2677	1831
			2677	1832
			2677	1833
			2678	1834
			2678	1835
			2678	1836
			2679	1837
			2679	1838
			2679	1839
			2679	1840
			2679	1841
			2679	1842
			2680	1842
			2680	1843
			2680	1844
			2680	1845
			2680	1846
			2680	1847
			2680	1848
			2681	1849
			2681	1850
			2681	1851
			2681	1852
			2681	1853
		</Outline3>
		<Outline4 type=matrix rownames=FALSE colnames=FALSE nrow=132 ncol=2 as.numeric=TRUE >
			2681	1853
			2681	1854
			2681	1855
			2681	1856
			2681	1857
			2681	1858
			2682	1858
			2682	1859
			2682	1860
			2682	1861
			2682	1862
			2682	1863
			2682	1864
			2682	1865
			2682	1866
			2682	1867
			2682	1868
			2682	1869
			2682	1870
			2682	1871
			2682	1872
			2682	1873
			2682	1874
			2682	1875
			2681	1876
			2681	1877
			2681	1878
			2681	1879
			2681	1880
			2681	1881
			2680	1882
			2680	1883
			2680	1884
			2679	1885
			2679	1886
			2679	1887
			2678	1888
			2678	1889
			2678	1890
			2677	1891
			2677	1892
			2677	1893
			2676	1894
			2675	1895
			2675	1896
			2675	1897
			2674	1898
			2674	1899
			2673	1900
			2673	1901
			2673	1902
			2672	1903
			2671	1904
			2671	1905
			2671	1906
			2670	1907
			2670	1908
			2669	1909
			2669	1910
			2668	1911
			2667	1912
			2667	1913
			2666	1914
			2666	1915
			2665	1916
			2664	1917
			2663	1918
			2662	1919
			2661	1920
			2661	1921
			2660	1922
			2659	1923
			2658	1923
			2657	1924
			2656	1925
			2655	1925
			2654	1926
			2653	1926
			2652	1927
			2651	1927
			2650	1928
			2649	1928
			2648	1928
			2647	1929
			2646	1929
			2645	1929
			2644	1929
			2643	1930
			2642	1930
			2641	1930
			2640	1931
			2639	1931
			2638	1932
			2637	1933
			2636	1933
			2635	1933
			2634	1933
			2634	1934
			2633	1934
			2632	1934
			2631	1934
			2630	1934
			2629	1934
			2628	1934
			2627	1934
			2626	1934
			2625	1934
			2624	1934
			2623	1934
			2622	1934
			2621	1933
			2620	1933
			2619	1932
			2618	1932
			2617	1932
			2616	1932
			2615	1931
			2614	1931
			2613	1930
			2612	1930
			2611	1929
			2610	1929
			2609	1928
			2608	1928
			2607	1927
			2606	1927
			2605	1927
			2604	1927
			2603	1927
			2602	1927
			2601	1928
			2600	1929
		</Outline4>
	</curves.pixel>
	<curves.scaled type=list>
		<Outline1 type=matrix rownames=FALSE colnames=FALSE nrow=159 ncol=2 as.numeric=TRUE >
			37.8455455953022	-28.0784836358992
			37.8455455953022	-28.0930396149743
			37.8309896162271	-28.0930396149743
			37.8309896162271	-28.1075955940494
			37.816433637152	-28.1075955940494
			37.816433637152	-28.1221515731246
			37.8018776580768	-28.1367075521997
			37.7873216790017	-28.1512635312748
			37.7727656999266	-28.1658195103499
			37.7727656999266	-28.180375489425
			37.7582097208515	-28.1949314685001
			37.7582097208515	-28.2094874475752
			37.7436537417764	-28.2240434266504
			37.7290977627013	-28.2240434266504
			37.7290977627013	-28.2385994057255
			37.7145417836261	-28.2531553848006
			37.7145417836261	-28.2677113638757
			37.699985804551	-28.2822673429508
			37.6854298254759	-28.2968233220259
			37.6854298254759	-28.3113793011011
			37.6708738464008	-28.3259352801762
			37.6563178673257	-28.3404912592513
			37.6563178673257	-28.3550472383264
			37.6417618882506	-28.3550472383264
			37.6417618882506	-28.3696032174015
			37.6272059091755	-28.3841591964766
			37.6126499301003	-28.3987151755518
			37.5980939510252	-28.4132711546269
			37.5980939510252	-28.427827133702
			37.5835379719501	-28.4423831127771
			37.568981992875	-28.4569390918522
			37.5544260137999	-28.4714950709273
			37.5398700347247	-28.4714950709273
			37.5253140556496	-28.4860510500025
			37.5107580765745	-28.4860510500025
			37.4962020974994	-28.5006070290776
			37.4816461184243	-28.5006070290776
			37.4670901393492	-28.5151630081527
			37.4525341602741	-28.5151630081527
			37.4379781811989	-28.5151630081527
			37.4379781811989	-28.5297189872278
			37.4234222021238	-28.5297189872278
			37.4088662230487	-28.5442749663029
			37.3943102439736	-28.5442749663029
			37.3797542648985	-28.5442749663029
			37.3651982858234	-28.5442749663029
			37.3506423067482	-28.5442749663029
			37.3360863276731	-28.5442749663029
			37.321530348598	-28.5442749663029
			37.3069743695229	-28.5442749663029
			37.2924183904478	-28.5442749663029
			37.2778624113727	-28.5442749663029
			37.2633064322975	-28.5442749663029
			37.2487504532224	-28.5442749663029
			37.2341944741473	-28.5442749663029
			37.2196384950722	-28.5442749663029
			37.2050825159971	-28.5442749663029
			37.190526536922	-28.5442749663029
			37.1759705578468	-28.5442749663029
			37.1614145787717	-28.5442749663029
			37.1468585996966	-28.5442749663029
			37.1323026206215	-28.5297189872278
			37.1177466415464	-28.5297189872278
			37.1031906624713	-28.5297189872278
			37.0886346833962	-28.5151630081527
			37.074078704321	-28.5151630081527
			37.0595227252459	-28.5006070290776
			37.0449667461708	-28.5006070290776
			37.0304107670957	-28.4860510500025
			37.0158547880206	-28.4860510500025
			37.0012988089454	-28.4860510500025
			37.0012988089454	-28.4714950709273
			36.9867428298703	-28.4714950709273
			36.9721868507952	-28.4714950709273
			36.9721868507952	-28.4569390918522
			36.9576308717201	-28.4569390918522
			36.943074892645	-28.4569390918522
			36.943074892645	-28.4423831127771
			36.9285189135699	-28.4423831127771
			36.9139629344948	-28.4423831127771
			36.8994069554196	-28.427827133702
			36.8848509763445	-28.4132711546269
			36.8702949972694	-28.4132711546269
			36.8557390181943	-28.3987151755518
			36.8411830391192	-28.3841591964766
			36.8266270600441	-28.3841591964766
			36.8120710809689	-28.3696032174015
			36.7975151018938	-28.3550472383264
			36.7829591228187	-28.3404912592513
			36.7684031437436	-28.3259352801762
			36.7538471646685	-28.3113793011011
			36.7392911855934	-28.2968233220259
			36.7247352065182	-28.2822673429508
			36.7101792274431	-28.2677113638757
			36.695623248368	-28.2531553848006
			36.6810672692929	-28.2385994057255
			36.6665112902178	-28.2240434266504
			36.6665112902178	-28.2094874475752
			36.6519553111427	-28.1949314685001
			36.6373993320675	-28.180375489425
			36.6373993320675	-28.1658195103499
			36.6228433529924	-28.1512635312748
			36.6082873739173	-28.1367075521997
			36.6082873739173	-28.1221515731246
			36.5937313948422	-28.1075955940494
			36.5937313948422	-28.0930396149743
			36.5791754157671	-28.0784836358992
			36.5791754157671	-28.0639276568241
			36.564619436692	-28.049371677749
			36.564619436692	-28.0348156986739
			36.5500634576169	-28.0202597195987
			36.5500634576169	-28.0057037405236
			36.5355074785417	-27.9911477614485
			36.5355074785417	-27.9765917823734
			36.5209514994666	-27.9620358032983
			36.5063955203915	-27.9474798242232
			36.5063955203915	-27.932923845148
			36.5063955203915	-27.9183678660729
			36.4918395413164	-27.9038118869978
			36.4918395413164	-27.8892559079227
			36.4772835622413	-27.8746999288476
			36.4772835622413	-27.8601439497725
			36.4772835622413	-27.8455879706973
			36.4627275831661	-27.8310319916222
			36.4627275831661	-27.8164760125471
			36.4627275831661	-27.801920033472
			36.448171604091	-27.7873640543969
			36.448171604091	-27.7728080753218
			36.448171604091	-27.7582520962466
			36.448171604091	-27.7436961171715
			36.4336156250159	-27.7291401380964
			36.4336156250159	-27.7145841590213
			36.4336156250159	-27.7000281799462
			36.4336156250159	-27.6854722008711
			36.4190596459408	-27.6709162217959
			36.4190596459408	-27.6563602427208
			36.4190596459408	-27.6418042636457
			36.4190596459408	-27.6272482845706
			36.4190596459408	-27.6126923054955
			36.4190596459408	-27.5981363264204
			36.4190596459408	-27.5835803473453
			36.4190596459408	-27.5690243682701
			36.4190596459408	-27.554468389195
			36.4045036668657	-27.5399124101199
			36.4045036668657	-27.5253564310448
			36.4045036668657	-27.5108004519697
			36.4045036668657	-27.4962444728946
			36.4045036668657	-27.4816884938194
			36.4045036668657	-27.4671325147443
			36.4045036668657	-27.4525765356692
			36.4045036668657	-27.4380205565941
			36.4045036668657	-27.423464577519
			36.4045036668657	-27.4089085984439
			36.4045036668657	-27.3943526193687
			36.4045036668657	-27.3797966402936
			36.4045036668657	-27.3652406612185
			36.4045036668657	-27.3506846821434
			36.4045036668657	-27.3361287030683
			36.4045036668657	-27.3215727239932
		</Outline1>
		<Outline2 type=matrix rownames=FALSE colnames=FALSE nrow=122 ncol=2 as.numeric=TRUE >
			36.4045036668657	-27.3215727239932
			36.4045036668657	-27.307016744918
			36.4045036668657	-27.2924607658429
			36.4045036668657	-27.2779047867678
			36.4045036668657	-27.2633488076927
			36.4045036668657	-27.2487928286176
			36.4045036668657	-27.2342368495425
			36.4045036668657	-27.2196808704673
			36.4045036668657	-27.2051248913922
			36.4045036668657	-27.1905689123171
			36.4045036668657	-27.176012933242
			36.4190596459408	-27.1614569541669
			36.4190596459408	-27.1469009750918
			36.4190596459408	-27.1323449960166
			36.4190596459408	-27.1177890169415
			36.4190596459408	-27.1032330378664
			36.4190596459408	-27.0886770587913
			36.4190596459408	-27.0741210797162
			36.4336156250159	-27.0595651006411
			36.4336156250159	-27.045009121566
			36.4336156250159	-27.0304531424908
			36.4336156250159	-27.0158971634157
			36.4336156250159	-27.0013411843406
			36.4336156250159	-26.9867852052655
			36.448171604091	-26.9722292261904
			36.448171604091	-26.9576732471153
			36.448171604091	-26.9431172680401
			36.448171604091	-26.928561288965
			36.4627275831661	-26.9140053098899
			36.4627275831661	-26.8994493308148
			36.4627275831661	-26.8848933517397
			36.4627275831661	-26.8703373726646
			36.4772835622413	-26.8557813935894
			36.4772835622413	-26.8412254145143
			36.4772835622413	-26.8266694354392
			36.4772835622413	-26.8121134563641
			36.4918395413164	-26.797557477289
			36.4918395413164	-26.7830014982139
			36.4918395413164	-26.7684455191387
			36.5063955203915	-26.7538895400636
			36.5063955203915	-26.7393335609885
			36.5063955203915	-26.7247775819134
			36.5209514994666	-26.7102216028383
			36.5355074785417	-26.6956656237632
			36.5355074785417	-26.681109644688
			36.5500634576169	-26.6665536656129
			36.564619436692	-26.6519976865378
			36.564619436692	-26.6374417074627
			36.5791754157671	-26.6228857283876
			36.5937313948422	-26.6083297493125
			36.5937313948422	-26.5937737702373
			36.6082873739173	-26.5792177911622
			36.6228433529924	-26.5646618120871
			36.6373993320675	-26.550105833012
			36.6373993320675	-26.5355498539369
			36.6519553111427	-26.5209938748618
			36.6665112902178	-26.5064378957867
			36.6810672692929	-26.4918819167115
			36.695623248368	-26.4773259376364
			36.7101792274431	-26.4627699585613
			36.7247352065182	-26.4482139794862
			36.7392911855934	-26.4336580004111
			36.7538471646685	-26.419102021336
			36.7684031437436	-26.419102021336
			36.7829591228187	-26.4045460422608
			36.7975151018938	-26.4045460422608
			36.7975151018938	-26.3899900631857
			36.8120710809689	-26.3899900631857
			36.8266270600441	-26.3754340841106
			36.8411830391192	-26.3754340841106
			36.8557390181943	-26.3608781050355
			36.8702949972694	-26.3463221259604
			36.8848509763445	-26.3463221259604
			36.8994069554196	-26.3317661468853
			36.9139629344948	-26.3172101678101
			36.9285189135699	-26.302654188735
			36.943074892645	-26.2880982096599
			36.9576308717201	-26.2880982096599
			36.9576308717201	-26.2735422305848
			36.9721868507952	-26.2735422305848
			36.9867428298703	-26.2589862515097
			37.0012988089454	-26.2589862515097
			37.0158547880206	-26.2444302724346
			37.0304107670957	-26.2444302724346
			37.0449667461708	-26.2298742933594
			37.0595227252459	-26.2298742933594
			37.074078704321	-26.2298742933594
			37.0886346833962	-26.2153183142843
			37.1031906624713	-26.2007623352092
			37.1177466415464	-26.2007623352092
			37.1323026206215	-26.2007623352092
			37.1468585996966	-26.1862063561341
			37.1614145787717	-26.1862063561341
			37.1759705578468	-26.1862063561341
			37.190526536922	-26.1862063561341
			37.2050825159971	-26.171650377059
			37.2196384950722	-26.171650377059
			37.2341944741473	-26.171650377059
			37.2487504532224	-26.171650377059
			37.2633064322975	-26.171650377059
			37.2778624113727	-26.1570943979839
			37.2924183904478	-26.1570943979839
			37.3069743695229	-26.1570943979839
			37.321530348598	-26.1570943979839
			37.3360863276731	-26.1570943979839
			37.3506423067482	-26.1570943979839
			37.3651982858234	-26.1570943979839
			37.3797542648985	-26.1570943979839
			37.3943102439736	-26.1570943979839
			37.4088662230487	-26.1570943979839
			37.4234222021238	-26.1570943979839
			37.4379781811989	-26.1570943979839
			37.4525341602741	-26.1570943979839
			37.4670901393492	-26.1570943979839
			37.4816461184243	-26.1570943979839
			37.4962020974994	-26.1570943979839
			37.5107580765745	-26.1570943979839
			37.5253140556496	-26.1570943979839
			37.5398700347247	-26.1570943979839
			37.5544260137999	-26.1570943979839
			37.568981992875	-26.1570943979839
			37.5835379719501	-26.1570943979839
		</Outline2>
		<Outline3 type=matrix rownames=FALSE colnames=FALSE nrow=129 ncol=2 as.numeric=TRUE >
			37.5835379719501	-26.1570943979839
			37.5980939510252	-26.1570943979839
			37.6126499301003	-26.1570943979839
			37.6272059091755	-26.1570943979839
			37.6417618882506	-26.1570943979839
			37.6563178673257	-26.1570943979839
			37.6708738464008	-26.1570943979839
			37.6854298254759	-26.1570943979839
			37.699985804551	-26.1570943979839
			37.7145417836261	-26.1570943979839
			37.7290977627013	-26.1570943979839
			37.7436537417764	-26.1570943979839
			37.7582097208515	-26.1570943979839
			37.7727656999266	-26.1570943979839
			37.7873216790017	-26.1570943979839
			37.8018776580768	-26.1570943979839
			37.816433637152	-26.1570943979839
			37.8309896162271	-26.1570943979839
			37.8455455953022	-26.1570943979839
			37.8601015743773	-26.1570943979839
			37.8746575534524	-26.1570943979839
			37.8892135325275	-26.1570943979839
			37.9037695116027	-26.1570943979839
			37.9183254906778	-26.1425384189087
			37.9328814697529	-26.1425384189087
			37.947437448828	-26.1425384189087
			37.9619934279031	-26.1425384189087
			37.9765494069782	-26.1425384189087
			37.9911053860534	-26.1425384189087
			38.0056613651285	-26.1425384189087
			38.0202173442036	-26.1425384189087
			38.0347733232787	-26.1425384189087
			38.0493293023538	-26.1425384189087
			38.0638852814289	-26.1425384189087
			38.0784412605041	-26.1425384189087
			38.0929972395792	-26.1425384189087
			38.1075532186543	-26.1570943979839
			38.1221091977294	-26.1570943979839
			38.1366651768045	-26.1570943979839
			38.1512211558796	-26.1570943979839
			38.1657771349548	-26.1570943979839
			38.1803331140299	-26.1570943979839
			38.194889093105	-26.171650377059
			38.2094450721801	-26.171650377059
			38.2240010512552	-26.171650377059
			38.2385570303303	-26.171650377059
			38.2531130094054	-26.171650377059
			38.2676689884806	-26.171650377059
			38.2822249675557	-26.1862063561341
			38.2967809466308	-26.1862063561341
			38.3113369257059	-26.1862063561341
			38.325892904781	-26.1862063561341
			38.3404488838561	-26.2007623352092
			38.3550048629313	-26.2007623352092
			38.3695608420064	-26.2007623352092
			38.3841168210815	-26.2007623352092
			38.3986728001566	-26.2007623352092
			38.3986728001566	-26.2153183142843
			38.4132287792317	-26.2153183142843
			38.4277847583068	-26.2153183142843
			38.442340737382	-26.2153183142843
			38.4568967164571	-26.2298742933594
			38.4714526955322	-26.2298742933594
			38.4860086746073	-26.2444302724346
			38.5005646536824	-26.2444302724346
			38.5151206327575	-26.2444302724346
			38.5296766118327	-26.2589862515097
			38.5442325909078	-26.2589862515097
			38.5587885699829	-26.2735422305848
			38.573344549058	-26.2735422305848
			38.5879005281331	-26.2735422305848
			38.5879005281331	-26.2880982096599
			38.6024565072082	-26.2880982096599
			38.6170124862834	-26.302654188735
			38.6315684653585	-26.302654188735
			38.6461244444336	-26.302654188735
			38.6606804235087	-26.3172101678101
			38.6752364025838	-26.3317661468853
			38.6897923816589	-26.3317661468853
			38.7043483607341	-26.3463221259604
			38.7189043398092	-26.3608781050355
			38.7334603188843	-26.3608781050355
			38.7480162979594	-26.3754340841106
			38.7625722770345	-26.3754340841106
			38.7771282561096	-26.3899900631857
			38.7916842351847	-26.4045460422608
			38.8062402142599	-26.4045460422608
			38.820796193335	-26.419102021336
			38.8353521724101	-26.419102021336
			38.8353521724101	-26.4336580004111
			38.8499081514852	-26.4482139794862
			38.8644641305603	-26.4627699585613
			38.8790201096354	-26.4773259376364
			38.8935760887106	-26.4918819167115
			38.8935760887106	-26.5064378957867
			38.8935760887106	-26.5209938748618
			38.9081320677857	-26.5355498539369
			38.9081320677857	-26.550105833012
			38.9226880468608	-26.550105833012
			38.9226880468608	-26.5646618120871
			38.9226880468608	-26.5792177911622
			38.9372440259359	-26.5937737702373
			38.9372440259359	-26.6083297493125
			38.951800005011	-26.6228857283876
			38.951800005011	-26.6374417074627
			38.9663559840861	-26.6519976865378
			38.9663559840861	-26.6665536656129
			38.9663559840861	-26.681109644688
			38.9809119631613	-26.6956656237632
			38.9809119631613	-26.7102216028383
			38.9809119631613	-26.7247775819134
			38.9954679422364	-26.7393335609885
			38.9954679422364	-26.7538895400636
			38.9954679422364	-26.7684455191387
			38.9954679422364	-26.7830014982139
			38.9954679422364	-26.797557477289
			38.9954679422364	-26.8121134563641
			39.0100239213115	-26.8121134563641
			39.0100239213115	-26.8266694354392
			39.0100239213115	-26.8412254145143
			39.0100239213115	-26.8557813935894
			39.0100239213115	-26.8703373726646
			39.0100239213115	-26.8848933517397
			39.0100239213115	-26.8994493308148
			39.0245799003866	-26.9140053098899
			39.0245799003866	-26.928561288965
			39.0245799003866	-26.9431172680401
			39.0245799003866	-26.9576732471153
			39.0245799003866	-26.9722292261904
		</Outline3>
		<Outline4 type=matrix rownames=FALSE colnames=FALSE nrow=132 ncol=2 as.numeric=TRUE >
			39.0245799003866	-26.9722292261904
			39.0245799003866	-26.9867852052655
			39.0245799003866	-27.0013411843406
			39.0245799003866	-27.0158971634157
			39.0245799003866	-27.0304531424908
			39.0245799003866	-27.045009121566
			39.0391358794617	-27.045009121566
			39.0391358794617	-27.0595651006411
			39.0391358794617	-27.0741210797162
			39.0391358794617	-27.0886770587913
			39.0391358794617	-27.1032330378664
			39.0391358794617	-27.1177890169415
			39.0391358794617	-27.1323449960166
			39.0391358794617	-27.1469009750918
			39.0391358794617	-27.1614569541669
			39.0391358794617	-27.176012933242
			39.0391358794617	-27.1905689123171
			39.0391358794617	-27.2051248913922
			39.0391358794617	-27.2196808704673
			39.0391358794617	-27.2342368495425
			39.0391358794617	-27.2487928286176
			39.0391358794617	-27.2633488076927
			39.0391358794617	-27.2779047867678
			39.0391358794617	-27.2924607658429
			39.0245799003866	-27.307016744918
			39.0245799003866	-27.3215727239932
			39.0245799003866	-27.3361287030683
			39.0245799003866	-27.3506846821434
			39.0245799003866	-27.3652406612185
			39.0245799003866	-27.3797966402936
			39.0100239213115	-27.3943526193687
			39.0100239213115	-27.4089085984439
			39.0100239213115	-27.423464577519
			38.9954679422364	-27.4380205565941
			38.9954679422364	-27.4525765356692
			38.9954679422364	-27.4671325147443
			38.9809119631613	-27.4816884938194
			38.9809119631613	-27.4962444728946
			38.9809119631613	-27.5108004519697
			38.9663559840861	-27.5253564310448
			38.9663559840861	-27.5399124101199
			38.9663559840861	-27.554468389195
			38.951800005011	-27.5690243682701
			38.9372440259359	-27.5835803473453
			38.9372440259359	-27.5981363264204
			38.9372440259359	-27.6126923054955
			38.9226880468608	-27.6272482845706
			38.9226880468608	-27.6418042636457
			38.9081320677857	-27.6563602427208
			38.9081320677857	-27.6709162217959
			38.9081320677857	-27.6854722008711
			38.8935760887106	-27.7000281799462
			38.8790201096354	-27.7145841590213
			38.8790201096354	-27.7291401380964
			38.8790201096354	-27.7436961171715
			38.8644641305603	-27.7582520962466
			38.8644641305603	-27.7728080753218
			38.8499081514852	-27.7873640543969
			38.8499081514852	-27.801920033472
			38.8353521724101	-27.8164760125471
			38.820796193335	-27.8310319916222
			38.820796193335	-27.8455879706973
			38.8062402142599	-27.8601439497725
			38.8062402142599	-27.8746999288476
			38.7916842351847	-27.8892559079227
			38.7771282561096	-27.9038118869978
			38.7625722770345	-27.9183678660729
			38.7480162979594	-27.932923845148
			38.7334603188843	-27.9474798242232
			38.7334603188843	-27.9620358032983
			38.7189043398092	-27.9765917823734
			38.7043483607341	-27.9911477614485
			38.6897923816589	-27.9911477614485
			38.6752364025838	-28.0057037405236
			38.6606804235087	-28.0202597195987
			38.6461244444336	-28.0202597195987
			38.6315684653585	-28.0348156986739
			38.6170124862834	-28.0348156986739
			38.6024565072082	-28.049371677749
			38.5879005281331	-28.049371677749
			38.573344549058	-28.0639276568241
			38.5587885699829	-28.0639276568241
			38.5442325909078	-28.0639276568241
			38.5296766118327	-28.0784836358992
			38.5151206327575	-28.0784836358992
			38.5005646536824	-28.0784836358992
			38.4860086746073	-28.0784836358992
			38.4714526955322	-28.0930396149743
			38.4568967164571	-28.0930396149743
			38.442340737382	-28.0930396149743
			38.4277847583068	-28.1075955940494
			38.4132287792317	-28.1075955940494
			38.3986728001566	-28.1221515731246
			38.3841168210815	-28.1367075521997
			38.3695608420064	-28.1367075521997
			38.3550048629313	-28.1367075521997
			38.3404488838561	-28.1367075521997
			38.3404488838561	-28.1512635312748
			38.325892904781	-28.1512635312748
			38.3113369257059	-28.1512635312748
			38.2967809466308	-28.1512635312748
			38.2822249675557	-28.1512635312748
			38.2676689884806	-28.1512635312748
			38.2531130094054	-28.1512635312748
			38.2385570303303	-28.1512635312748
			38.2240010512552	-28.1512635312748
			38.2094450721801	-28.1512635312748
			38.194889093105	-28.1512635312748
			38.1803331140299	-28.1512635312748
			38.1657771349548	-28.1512635312748
			38.1512211558796	-28.1367075521997
			38.1366651768045	-28.1367075521997
			38.1221091977294	-28.1221515731246
			38.1075532186543	-28.1221515731246
			38.0929972395792	-28.1221515731246
			38.0784412605041	-28.1221515731246
			38.0638852814289	-28.1075955940494
			38.0493293023538	-28.1075955940494
			38.0347733232787	-28.0930396149743
			38.0202173442036	-28.0930396149743
			38.0056613651285	-28.0784836358992
			37.9911053860534	-28.0784836358992
			37.9765494069782	-28.0639276568241
			37.9619934279031	-28.0639276568241
			37.947437448828	-28.049371677749
			37.9328814697529	-28.049371677749
			37.9183254906778	-28.049371677749
			37.9037695116027	-28.049371677749
			37.8892135325275	-28.049371677749
			37.8746575534524	-28.049371677749
			37.8601015743773	-28.0639276568241
			37.8455455953022	-28.0784836358992
		</Outline4>
	</curves.scaled>
	<ruler.points type=matrix rownames=TRUE colnames=FALSE nrow=2 ncol=2 as.numeric=TRUE >
		Ruler point 1	2959	677
		Ruler point 2	2272	675
	</ruler.points>
</shapes>

