<shapes type=list>
	<ruler.pixel type=vector names=FALSE length=1 as.numeric=TRUE >582.000859105895</ruler.pixel>
	<ruler.interval type=vector names=FALSE length=1 as.numeric=TRUE >10</ruler.interval>
	<scaling.units type=vector names=FALSE length=1 as.numeric=FALSE >mm</scaling.units>
	<scaling type=vector names=FALSE length=1 as.numeric=TRUE >0.0171821052212236</scaling>
	<landmarks.pixel type=matrix rownames=TRUE colnames=FALSE nrow=4 ncol=2 as.numeric=TRUE >
		Labial	2418	1670
		Posterior	2339	1645
		Lingual	2369	1568
		Anterior	2452	1591
	</landmarks.pixel>
	<landmarks.scaled type=matrix rownames=TRUE colnames=FALSE nrow=4 ncol=2 as.numeric=TRUE >
		Labial	41.5463304249186	-28.6941157194433
		Posterior	40.1889441124419	-28.2645630889128
		Lingual	40.7044072690786	-26.9415409868785
		Anterior	42.1305220024402	-27.3367294069667
	</landmarks.scaled>
	<curves.control type=list>
		<Outline1 type=matrix rownames=FALSE colnames=FALSE nrow=17 ncol=2 as.numeric=TRUE >
			2418	1670
			2413	1675
			2406	1680
			2401	1684
			2395	1688
			2388	1691
			2381	1692
			2374	1693
			2367	1691
			2361	1689
			2354	1685
			2349	1681
			2345	1677
			2342	1673
			2340	1668
			2339	1662
			2339	1645
		</Outline1>
		<Outline2 type=matrix rownames=FALSE colnames=FALSE nrow=13 ncol=2 as.numeric=TRUE >
			2339	1645
			2339	1636
			2339	1627
			2340	1618
			2341	1609
			2342	1601
			2345	1594
			2348	1588
			2352	1582
			2356	1576
			2360	1573
			2364	1569
			2369	1568
		</Outline2>
		<Outline3 type=matrix rownames=FALSE colnames=FALSE nrow=17 ncol=2 as.numeric=TRUE >
			2369	1568
			2375	1567
			2382	1566
			2390	1565
			2398	1565
			2406	1565
			2413	1565
			2419	1565
			2426	1566
			2432	1568
			2437	1571
			2441	1573
			2444	1577
			2448	1582
			2449	1585
			2451	1588
			2452	1591
		</Outline3>
		<Outline4 type=matrix rownames=FALSE colnames=FALSE nrow=17 ncol=2 as.numeric=TRUE >
			2452	1591
			2455	1597
			2457	1602
			2459	1610
			2459	1617
			2459	1623
			2458	1629
			2456	1635
			2453	1640
			2450	1645
			2446	1650
			2441	1654
			2437	1656
			2433	1658
			2428	1661
			2424	1665
			2418	1670
		</Outline4>
	</curves.control>
	<curves.pixel type=list>
		<Outline1 type=matrix rownames=FALSE colnames=FALSE nrow=107 ncol=2 as.numeric=TRUE >
			2418	1670
			2417	1671
			2416	1672
			2415	1673
			2414	1674
			2413	1674
			2412	1675
			2411	1676
			2410	1677
			2409	1678
			2408	1679
			2407	1679
			2406	1680
			2405	1681
			2404	1681
			2403	1682
			2402	1683
			2401	1684
			2400	1685
			2399	1685
			2398	1686
			2397	1687
			2396	1687
			2395	1688
			2394	1688
			2393	1689
			2392	1689
			2391	1689
			2390	1690
			2389	1690
			2388	1690
			2387	1691
			2386	1691
			2385	1691
			2384	1691
			2383	1692
			2382	1692
			2381	1692
			2380	1692
			2379	1692
			2378	1692
			2377	1692
			2376	1692
			2375	1692
			2374	1692
			2373	1692
			2372	1692
			2371	1692
			2370	1692
			2369	1691
			2368	1691
			2367	1691
			2366	1691
			2365	1690
			2364	1690
			2363	1690
			2362	1689
			2361	1689
			2360	1688
			2359	1688
			2358	1687
			2357	1687
			2356	1686
			2355	1686
			2354	1685
			2353	1684
			2352	1683
			2351	1683
			2350	1682
			2350	1681
			2349	1681
			2348	1680
			2347	1679
			2346	1678
			2345	1677
			2344	1676
			2343	1675
			2343	1674
			2342	1673
			2342	1672
			2341	1671
			2341	1670
			2340	1669
			2340	1668
			2340	1667
			2340	1666
			2340	1665
			2340	1664
			2339	1663
			2339	1662
			2339	1661
			2339	1660
			2339	1659
			2339	1658
			2339	1657
			2339	1656
			2339	1655
			2339	1654
			2339	1653
			2339	1652
			2339	1651
			2339	1650
			2339	1649
			2339	1648
			2339	1647
			2339	1646
			2339	1645
		</Outline1>
		<Outline2 type=matrix rownames=FALSE colnames=FALSE nrow=86 ncol=2 as.numeric=TRUE >
			2339	1645
			2339	1644
			2339	1643
			2339	1642
			2339	1641
			2339	1640
			2339	1639
			2339	1638
			2339	1637
			2339	1636
			2339	1635
			2339	1634
			2339	1633
			2339	1632
			2339	1631
			2339	1630
			2339	1629
			2339	1628
			2339	1627
			2339	1626
			2339	1625
			2339	1624
			2339	1623
			2340	1622
			2340	1621
			2340	1620
			2340	1619
			2340	1618
			2340	1617
			2340	1616
			2340	1615
			2340	1614
			2341	1613
			2341	1612
			2341	1611
			2341	1610
			2341	1609
			2341	1608
			2341	1607
			2341	1606
			2342	1605
			2342	1604
			2342	1603
			2342	1602
			2342	1601
			2343	1601
			2343	1600
			2343	1599
			2343	1598
			2344	1597
			2344	1596
			2345	1595
			2345	1594
			2345	1593
			2346	1593
			2346	1592
			2347	1591
			2347	1590
			2348	1589
			2348	1588
			2349	1587
			2349	1586
			2350	1585
			2351	1584
			2351	1583
			2352	1582
			2353	1581
			2354	1580
			2354	1579
			2355	1578
			2356	1577
			2357	1576
			2357	1575
			2358	1575
			2359	1574
			2359	1573
			2360	1573
			2361	1572
			2362	1571
			2363	1570
			2364	1570
			2365	1569
			2366	1569
			2367	1568
			2368	1568
			2369	1568
		</Outline2>
		<Outline3 type=matrix rownames=FALSE colnames=FALSE nrow=91 ncol=2 as.numeric=TRUE >
			2369	1568
			2370	1568
			2371	1568
			2372	1567
			2373	1567
			2374	1567
			2375	1567
			2376	1567
			2377	1567
			2378	1567
			2379	1566
			2380	1566
			2381	1566
			2382	1566
			2383	1566
			2384	1566
			2385	1566
			2386	1566
			2387	1565
			2388	1565
			2389	1565
			2390	1565
			2391	1565
			2392	1565
			2393	1565
			2394	1565
			2395	1565
			2396	1565
			2397	1565
			2398	1565
			2399	1565
			2400	1565
			2401	1565
			2402	1565
			2403	1565
			2404	1565
			2405	1565
			2406	1565
			2407	1565
			2408	1565
			2409	1565
			2410	1565
			2411	1565
			2412	1565
			2413	1565
			2414	1565
			2415	1565
			2416	1565
			2417	1565
			2418	1565
			2419	1565
			2420	1565
			2421	1565
			2422	1565
			2423	1566
			2424	1566
			2425	1566
			2426	1566
			2427	1566
			2428	1567
			2429	1567
			2430	1567
			2430	1568
			2431	1568
			2432	1568
			2433	1569
			2434	1569
			2435	1570
			2436	1570
			2437	1571
			2438	1572
			2439	1572
			2440	1573
			2441	1574
			2442	1575
			2443	1576
			2444	1577
			2445	1578
			2446	1579
			2446	1580
			2447	1581
			2447	1582
			2448	1583
			2449	1584
			2449	1585
			2450	1586
			2450	1587
			2451	1588
			2451	1589
			2452	1590
			2452	1591
		</Outline3>
		<Outline4 type=matrix rownames=FALSE colnames=FALSE nrow=89 ncol=2 as.numeric=TRUE >
			2452	1591
			2452	1592
			2453	1593
			2453	1594
			2454	1595
			2454	1596
			2455	1597
			2455	1598
			2456	1599
			2456	1600
			2457	1601
			2457	1602
			2457	1603
			2458	1604
			2458	1605
			2458	1606
			2458	1607
			2458	1608
			2458	1609
			2458	1610
			2459	1611
			2459	1612
			2459	1613
			2459	1614
			2459	1615
			2459	1616
			2459	1617
			2459	1618
			2459	1619
			2459	1620
			2459	1621
			2459	1622
			2459	1623
			2459	1624
			2459	1625
			2458	1626
			2458	1627
			2458	1628
			2458	1629
			2458	1630
			2457	1631
			2457	1632
			2456	1633
			2456	1634
			2456	1635
			2455	1636
			2455	1637
			2454	1638
			2454	1639
			2453	1640
			2452	1641
			2452	1642
			2451	1643
			2450	1644
			2449	1645
			2449	1646
			2448	1647
			2447	1648
			2446	1649
			2446	1650
			2445	1651
			2444	1652
			2443	1653
			2442	1653
			2441	1654
			2440	1654
			2439	1655
			2438	1655
			2437	1656
			2436	1657
			2435	1657
			2434	1658
			2433	1658
			2432	1659
			2431	1659
			2430	1660
			2429	1660
			2428	1661
			2427	1662
			2426	1663
			2425	1663
			2425	1664
			2424	1665
			2423	1666
			2422	1667
			2421	1667
			2420	1668
			2419	1669
			2418	1670
		</Outline4>
	</curves.pixel>
	<curves.scaled type=list>
		<Outline1 type=matrix rownames=FALSE colnames=FALSE nrow=107 ncol=2 as.numeric=TRUE >
			41.5463304249186	-28.6941157194433
			41.5291483196973	-28.7112978246646
			41.5119662144761	-28.7284799298858
			41.4947841092549	-28.745662035107
			41.4776020040337	-28.7628441403282
			41.4604198988124	-28.7628441403282
			41.4432377935912	-28.7800262455495
			41.42605568837	-28.7972083507707
			41.4088735831488	-28.8143904559919
			41.3916914779276	-28.8315725612131
			41.3745093727063	-28.8487546664344
			41.3573272674851	-28.8487546664344
			41.3401451622639	-28.8659367716556
			41.3229630570427	-28.8831188768768
			41.3057809518214	-28.8831188768768
			41.2885988466002	-28.900300982098
			41.271416741379	-28.9174830873193
			41.2542346361578	-28.9346651925405
			41.2370525309365	-28.9518472977617
			41.2198704257153	-28.9518472977617
			41.2026883204941	-28.9690294029829
			41.1855062152729	-28.9862115082041
			41.1683241100516	-28.9862115082041
			41.1511420048304	-29.0033936134254
			41.1339598996092	-29.0033936134254
			41.116777794388	-29.0205757186466
			41.0995956891668	-29.0205757186466
			41.0824135839455	-29.0205757186466
			41.0652314787243	-29.0377578238678
			41.0480493735031	-29.0377578238678
			41.0308672682819	-29.0377578238678
			41.0136851630606	-29.054939929089
			40.9965030578394	-29.054939929089
			40.9793209526182	-29.054939929089
			40.962138847397	-29.054939929089
			40.9449567421757	-29.0721220343103
			40.9277746369545	-29.0721220343103
			40.9105925317333	-29.0721220343103
			40.8934104265121	-29.0721220343103
			40.8762283212908	-29.0721220343103
			40.8590462160696	-29.0721220343103
			40.8418641108484	-29.0721220343103
			40.8246820056272	-29.0721220343103
			40.807499900406	-29.0721220343103
			40.7903177951847	-29.0721220343103
			40.7731356899635	-29.0721220343103
			40.7559535847423	-29.0721220343103
			40.7387714795211	-29.0721220343103
			40.7215893742998	-29.0721220343103
			40.7044072690786	-29.054939929089
			40.6872251638574	-29.054939929089
			40.6700430586362	-29.054939929089
			40.6528609534149	-29.054939929089
			40.6356788481937	-29.0377578238678
			40.6184967429725	-29.0377578238678
			40.6013146377513	-29.0377578238678
			40.58413253253	-29.0205757186466
			40.5669504273088	-29.0205757186466
			40.5497683220876	-29.0033936134254
			40.5325862168664	-29.0033936134254
			40.5154041116452	-28.9862115082041
			40.4982220064239	-28.9862115082041
			40.4810399012027	-28.9690294029829
			40.4638577959815	-28.9690294029829
			40.4466756907603	-28.9518472977617
			40.429493585539	-28.9346651925405
			40.4123114803178	-28.9174830873193
			40.3951293750966	-28.9174830873193
			40.3779472698754	-28.900300982098
			40.3779472698754	-28.8831188768768
			40.3607651646541	-28.8831188768768
			40.3435830594329	-28.8659367716556
			40.3264009542117	-28.8487546664344
			40.3092188489905	-28.8315725612131
			40.2920367437692	-28.8143904559919
			40.274854638548	-28.7972083507707
			40.2576725333268	-28.7800262455495
			40.2576725333268	-28.7628441403282
			40.2404904281056	-28.745662035107
			40.2404904281056	-28.7284799298858
			40.2233083228844	-28.7112978246646
			40.2233083228844	-28.6941157194433
			40.2061262176631	-28.6769336142221
			40.2061262176631	-28.6597515090009
			40.2061262176631	-28.6425694037797
			40.2061262176631	-28.6253872985585
			40.2061262176631	-28.6082051933372
			40.2061262176631	-28.591023088116
			40.1889441124419	-28.5738409828948
			40.1889441124419	-28.5566588776736
			40.1889441124419	-28.5394767724523
			40.1889441124419	-28.5222946672311
			40.1889441124419	-28.5051125620099
			40.1889441124419	-28.4879304567887
			40.1889441124419	-28.4707483515674
			40.1889441124419	-28.4535662463462
			40.1889441124419	-28.436384141125
			40.1889441124419	-28.4192020359038
			40.1889441124419	-28.4020199306825
			40.1889441124419	-28.3848378254613
			40.1889441124419	-28.3676557202401
			40.1889441124419	-28.3504736150189
			40.1889441124419	-28.3332915097977
			40.1889441124419	-28.3161094045764
			40.1889441124419	-28.2989272993552
			40.1889441124419	-28.281745194134
			40.1889441124419	-28.2645630889128
		</Outline1>
		<Outline2 type=matrix rownames=FALSE colnames=FALSE nrow=86 ncol=2 as.numeric=TRUE >
			40.1889441124419	-28.2645630889128
			40.1889441124419	-28.2473809836915
			40.1889441124419	-28.2301988784703
			40.1889441124419	-28.2130167732491
			40.1889441124419	-28.1958346680279
			40.1889441124419	-28.1786525628066
			40.1889441124419	-28.1614704575854
			40.1889441124419	-28.1442883523642
			40.1889441124419	-28.127106247143
			40.1889441124419	-28.1099241419217
			40.1889441124419	-28.0927420367005
			40.1889441124419	-28.0755599314793
			40.1889441124419	-28.0583778262581
			40.1889441124419	-28.0411957210368
			40.1889441124419	-28.0240136158156
			40.1889441124419	-28.0068315105944
			40.1889441124419	-27.9896494053732
			40.1889441124419	-27.972467300152
			40.1889441124419	-27.9552851949307
			40.1889441124419	-27.9381030897095
			40.1889441124419	-27.9209209844883
			40.1889441124419	-27.9037388792671
			40.1889441124419	-27.8865567740458
			40.2061262176631	-27.8693746688246
			40.2061262176631	-27.8521925636034
			40.2061262176631	-27.8350104583822
			40.2061262176631	-27.8178283531609
			40.2061262176631	-27.8006462479397
			40.2061262176631	-27.7834641427185
			40.2061262176631	-27.7662820374973
			40.2061262176631	-27.749099932276
			40.2061262176631	-27.7319178270548
			40.2233083228844	-27.7147357218336
			40.2233083228844	-27.6975536166124
			40.2233083228844	-27.6803715113912
			40.2233083228844	-27.6631894061699
			40.2233083228844	-27.6460073009487
			40.2233083228844	-27.6288251957275
			40.2233083228844	-27.6116430905063
			40.2233083228844	-27.594460985285
			40.2404904281056	-27.5772788800638
			40.2404904281056	-27.5600967748426
			40.2404904281056	-27.5429146696214
			40.2404904281056	-27.5257325644001
			40.2404904281056	-27.5085504591789
			40.2576725333268	-27.5085504591789
			40.2576725333268	-27.4913683539577
			40.2576725333268	-27.4741862487365
			40.2576725333268	-27.4570041435152
			40.274854638548	-27.439822038294
			40.274854638548	-27.4226399330728
			40.2920367437692	-27.4054578278516
			40.2920367437692	-27.3882757226304
			40.2920367437692	-27.3710936174091
			40.3092188489905	-27.3710936174091
			40.3092188489905	-27.3539115121879
			40.3264009542117	-27.3367294069667
			40.3264009542117	-27.3195473017455
			40.3435830594329	-27.3023651965242
			40.3435830594329	-27.285183091303
			40.3607651646541	-27.2680009860818
			40.3607651646541	-27.2508188808606
			40.3779472698754	-27.2336367756393
			40.3951293750966	-27.2164546704181
			40.3951293750966	-27.1992725651969
			40.4123114803178	-27.1820904599757
			40.429493585539	-27.1649083547544
			40.4466756907603	-27.1477262495332
			40.4466756907603	-27.130544144312
			40.4638577959815	-27.1133620390908
			40.4810399012027	-27.0961799338696
			40.4982220064239	-27.0789978286483
			40.4982220064239	-27.0618157234271
			40.5154041116452	-27.0618157234271
			40.5325862168664	-27.0446336182059
			40.5325862168664	-27.0274515129847
			40.5497683220876	-27.0274515129847
			40.5669504273088	-27.0102694077634
			40.58413253253	-26.9930873025422
			40.6013146377513	-26.975905197321
			40.6184967429725	-26.975905197321
			40.6356788481937	-26.9587230920998
			40.6528609534149	-26.9587230920998
			40.6700430586362	-26.9415409868785
			40.6872251638574	-26.9415409868785
			40.7044072690786	-26.9415409868785
		</Outline2>
		<Outline3 type=matrix rownames=FALSE colnames=FALSE nrow=91 ncol=2 as.numeric=TRUE >
			40.7044072690786	-26.9415409868785
			40.7215893742998	-26.9415409868785
			40.7387714795211	-26.9415409868785
			40.7559535847423	-26.9243588816573
			40.7731356899635	-26.9243588816573
			40.7903177951847	-26.9243588816573
			40.807499900406	-26.9243588816573
			40.8246820056272	-26.9243588816573
			40.8418641108484	-26.9243588816573
			40.8590462160696	-26.9243588816573
			40.8762283212908	-26.9071767764361
			40.8934104265121	-26.9071767764361
			40.9105925317333	-26.9071767764361
			40.9277746369545	-26.9071767764361
			40.9449567421757	-26.9071767764361
			40.962138847397	-26.9071767764361
			40.9793209526182	-26.9071767764361
			40.9965030578394	-26.9071767764361
			41.0136851630606	-26.8899946712149
			41.0308672682819	-26.8899946712149
			41.0480493735031	-26.8899946712149
			41.0652314787243	-26.8899946712149
			41.0824135839455	-26.8899946712149
			41.0995956891668	-26.8899946712149
			41.116777794388	-26.8899946712149
			41.1339598996092	-26.8899946712149
			41.1511420048304	-26.8899946712149
			41.1683241100516	-26.8899946712149
			41.1855062152729	-26.8899946712149
			41.2026883204941	-26.8899946712149
			41.2198704257153	-26.8899946712149
			41.2370525309365	-26.8899946712149
			41.2542346361578	-26.8899946712149
			41.271416741379	-26.8899946712149
			41.2885988466002	-26.8899946712149
			41.3057809518214	-26.8899946712149
			41.3229630570427	-26.8899946712149
			41.3401451622639	-26.8899946712149
			41.3573272674851	-26.8899946712149
			41.3745093727063	-26.8899946712149
			41.3916914779276	-26.8899946712149
			41.4088735831488	-26.8899946712149
			41.42605568837	-26.8899946712149
			41.4432377935912	-26.8899946712149
			41.4604198988124	-26.8899946712149
			41.4776020040337	-26.8899946712149
			41.4947841092549	-26.8899946712149
			41.5119662144761	-26.8899946712149
			41.5291483196973	-26.8899946712149
			41.5463304249186	-26.8899946712149
			41.5635125301398	-26.8899946712149
			41.580694635361	-26.8899946712149
			41.5978767405822	-26.8899946712149
			41.6150588458035	-26.8899946712149
			41.6322409510247	-26.9071767764361
			41.6494230562459	-26.9071767764361
			41.6666051614671	-26.9071767764361
			41.6837872666884	-26.9071767764361
			41.7009693719096	-26.9071767764361
			41.7181514771308	-26.9243588816573
			41.735333582352	-26.9243588816573
			41.7525156875733	-26.9243588816573
			41.7525156875733	-26.9415409868785
			41.7696977927945	-26.9415409868785
			41.7868798980157	-26.9415409868785
			41.8040620032369	-26.9587230920998
			41.8212441084581	-26.9587230920998
			41.8384262136794	-26.975905197321
			41.8556083189006	-26.975905197321
			41.8727904241218	-26.9930873025422
			41.889972529343	-27.0102694077634
			41.9071546345643	-27.0102694077634
			41.9243367397855	-27.0274515129847
			41.9415188450067	-27.0446336182059
			41.9587009502279	-27.0618157234271
			41.9758830554492	-27.0789978286483
			41.9930651606704	-27.0961799338696
			42.0102472658916	-27.1133620390908
			42.0274293711128	-27.130544144312
			42.0274293711128	-27.1477262495332
			42.0446114763341	-27.1649083547544
			42.0446114763341	-27.1820904599757
			42.0617935815553	-27.1992725651969
			42.0789756867765	-27.2164546704181
			42.0789756867765	-27.2336367756393
			42.0961577919977	-27.2508188808606
			42.0961577919977	-27.2680009860818
			42.1133398972189	-27.285183091303
			42.1133398972189	-27.3023651965242
			42.1305220024402	-27.3195473017455
			42.1305220024402	-27.3367294069667
		</Outline3>
		<Outline4 type=matrix rownames=FALSE colnames=FALSE nrow=89 ncol=2 as.numeric=TRUE >
			42.1305220024402	-27.3367294069667
			42.1305220024402	-27.3539115121879
			42.1477041076614	-27.3710936174091
			42.1477041076614	-27.3882757226304
			42.1648862128826	-27.4054578278516
			42.1648862128826	-27.4226399330728
			42.1820683181038	-27.439822038294
			42.1820683181038	-27.4570041435152
			42.1992504233251	-27.4741862487365
			42.1992504233251	-27.4913683539577
			42.2164325285463	-27.5085504591789
			42.2164325285463	-27.5257325644001
			42.2164325285463	-27.5429146696214
			42.2336146337675	-27.5600967748426
			42.2336146337675	-27.5772788800638
			42.2336146337675	-27.594460985285
			42.2336146337675	-27.6116430905063
			42.2336146337675	-27.6288251957275
			42.2336146337675	-27.6460073009487
			42.2336146337675	-27.6631894061699
			42.2507967389887	-27.6803715113912
			42.2507967389887	-27.6975536166124
			42.2507967389887	-27.7147357218336
			42.2507967389887	-27.7319178270548
			42.2507967389887	-27.749099932276
			42.2507967389887	-27.7662820374973
			42.2507967389887	-27.7834641427185
			42.2507967389887	-27.8006462479397
			42.2507967389887	-27.8178283531609
			42.2507967389887	-27.8350104583822
			42.2507967389887	-27.8521925636034
			42.2507967389887	-27.8693746688246
			42.2507967389887	-27.8865567740458
			42.2507967389887	-27.9037388792671
			42.2507967389887	-27.9209209844883
			42.2336146337675	-27.9381030897095
			42.2336146337675	-27.9552851949307
			42.2336146337675	-27.972467300152
			42.2336146337675	-27.9896494053732
			42.2336146337675	-28.0068315105944
			42.2164325285463	-28.0240136158156
			42.2164325285463	-28.0411957210368
			42.1992504233251	-28.0583778262581
			42.1992504233251	-28.0755599314793
			42.1992504233251	-28.0927420367005
			42.1820683181038	-28.1099241419217
			42.1820683181038	-28.127106247143
			42.1648862128826	-28.1442883523642
			42.1648862128826	-28.1614704575854
			42.1477041076614	-28.1786525628066
			42.1305220024402	-28.1958346680279
			42.1305220024402	-28.2130167732491
			42.1133398972189	-28.2301988784703
			42.0961577919977	-28.2473809836915
			42.0789756867765	-28.2645630889128
			42.0789756867765	-28.281745194134
			42.0617935815553	-28.2989272993552
			42.0446114763341	-28.3161094045764
			42.0274293711128	-28.3332915097977
			42.0274293711128	-28.3504736150189
			42.0102472658916	-28.3676557202401
			41.9930651606704	-28.3848378254613
			41.9758830554492	-28.4020199306825
			41.9587009502279	-28.4020199306825
			41.9415188450067	-28.4192020359038
			41.9243367397855	-28.4192020359038
			41.9071546345643	-28.436384141125
			41.889972529343	-28.436384141125
			41.8727904241218	-28.4535662463462
			41.8556083189006	-28.4707483515674
			41.8384262136794	-28.4707483515674
			41.8212441084581	-28.4879304567887
			41.8040620032369	-28.4879304567887
			41.7868798980157	-28.5051125620099
			41.7696977927945	-28.5051125620099
			41.7525156875733	-28.5222946672311
			41.735333582352	-28.5222946672311
			41.7181514771308	-28.5394767724523
			41.7009693719096	-28.5566588776736
			41.6837872666884	-28.5738409828948
			41.6666051614671	-28.5738409828948
			41.6666051614671	-28.591023088116
			41.6494230562459	-28.6082051933372
			41.6322409510247	-28.6253872985585
			41.6150588458035	-28.6425694037797
			41.5978767405822	-28.6425694037797
			41.580694635361	-28.6597515090009
			41.5635125301398	-28.6769336142221
			41.5463304249186	-28.6941157194433
		</Outline4>
	</curves.scaled>
	<ruler.points type=matrix rownames=TRUE colnames=FALSE nrow=2 ncol=2 as.numeric=TRUE >
		Ruler point 1	2898	2505
		Ruler point 2	2316	2506
	</ruler.points>
</shapes>

