<shapes type=list>
	<ruler.pixel type=vector names=FALSE length=1 as.numeric=TRUE >1237.04890768312</ruler.pixel>
	<ruler.interval type=vector names=FALSE length=1 as.numeric=TRUE >10</ruler.interval>
	<scaling.units type=vector names=FALSE length=1 as.numeric=FALSE >mm</scaling.units>
	<scaling type=vector names=FALSE length=1 as.numeric=TRUE >0.0080837547633659</scaling>
	<landmarks.pixel type=matrix rownames=TRUE colnames=FALSE nrow=4 ncol=2 as.numeric=TRUE >
		Labial	2522	1708
		Posterior	2425	1662
		Lingual	2485	1571
		Anterior	2588	1619
	</landmarks.pixel>
	<landmarks.scaled type=matrix rownames=TRUE colnames=FALSE nrow=4 ncol=2 as.numeric=TRUE >
		Labial	20.3872295132088	-13.807053135829
		Posterior	19.6031053011623	-13.4352004167141
		Lingual	20.0881305869643	-12.6995787332478
		Anterior	20.9207573275909	-13.0875989618894
	</landmarks.scaled>
	<curves.control type=list>
		<Outline1 type=matrix rownames=FALSE colnames=FALSE nrow=19 ncol=2 as.numeric=TRUE >
			2522	1708
			2517	1711
			2512	1715
			2507	1721
			2502	1726
			2496	1732
			2488	1737
			2481	1741
			2474	1744
			2467	1745
			2460	1744
			2452	1742
			2445	1740
			2438	1737
			2431	1731
			2425	1725
			2423	1717
			2421	1707
			2425	1662
		</Outline1>
		<Outline2 type=matrix rownames=FALSE colnames=FALSE nrow=13 ncol=2 as.numeric=TRUE >
			2425	1662
			2425	1653
			2426	1642
			2429	1593
			2434	1587
			2438	1582
			2443	1579
			2449	1576
			2457	1574
			2466	1573
			2474	1572
			2480	1572
			2485	1571
		</Outline2>
		<Outline3 type=matrix rownames=FALSE colnames=FALSE nrow=21 ncol=2 as.numeric=TRUE >
			2485	1571
			2490	1570
			2497	1569
			2504	1568
			2510	1567
			2516	1566
			2523	1565
			2529	1564
			2537	1564
			2544	1565
			2552	1568
			2559	1571
			2565	1575
			2570	1579
			2574	1584
			2578	1590
			2581	1596
			2584	1603
			2585	1609
			2586	1614
			2588	1619
		</Outline3>
		<Outline4 type=matrix rownames=FALSE colnames=FALSE nrow=19 ncol=2 as.numeric=TRUE >
			2588	1619
			2591	1626
			2592	1633
			2592	1642
			2590	1651
			2587	1662
			2584	1671
			2579	1680
			2575	1687
			2571	1693
			2565	1701
			2560	1705
			2555	1707
			2548	1708
			2542	1707
			2535	1707
			2530	1707
			2526	1708
			2522	1708
		</Outline4>
	</curves.control>
	<curves.pixel type=list>
		<Outline1 type=matrix rownames=FALSE colnames=FALSE nrow=166 ncol=2 as.numeric=TRUE >
			2522	1708
			2521	1708
			2521	1709
			2520	1709
			2519	1710
			2518	1710
			2517	1711
			2516	1712
			2515	1712
			2514	1713
			2513	1714
			2512	1715
			2511	1716
			2510	1717
			2509	1718
			2508	1719
			2507	1720
			2506	1721
			2506	1722
			2505	1723
			2504	1724
			2503	1725
			2502	1726
			2501	1727
			2500	1728
			2499	1729
			2498	1729
			2497	1730
			2496	1731
			2495	1732
			2494	1733
			2493	1733
			2492	1734
			2491	1735
			2490	1736
			2489	1736
			2488	1737
			2487	1738
			2486	1738
			2485	1739
			2484	1739
			2483	1740
			2482	1740
			2481	1741
			2480	1741
			2479	1742
			2478	1742
			2477	1743
			2476	1743
			2475	1744
			2474	1744
			2473	1744
			2472	1744
			2471	1744
			2470	1744
			2469	1744
			2468	1744
			2467	1744
			2466	1744
			2465	1744
			2464	1744
			2463	1744
			2462	1744
			2461	1744
			2460	1744
			2459	1744
			2458	1744
			2457	1743
			2456	1743
			2455	1743
			2454	1742
			2453	1742
			2452	1742
			2451	1742
			2450	1741
			2449	1741
			2448	1741
			2447	1741
			2446	1740
			2445	1740
			2444	1740
			2443	1739
			2442	1739
			2441	1738
			2440	1737
			2439	1737
			2438	1736
			2437	1736
			2437	1735
			2436	1735
			2435	1734
			2434	1733
			2433	1732
			2432	1732
			2431	1731
			2430	1730
			2429	1729
			2428	1728
			2427	1727
			2427	1726
			2426	1725
			2426	1724
			2425	1723
			2425	1722
			2424	1721
			2424	1720
			2424	1719
			2423	1718
			2423	1717
			2423	1716
			2423	1715
			2423	1714
			2423	1713
			2422	1712
			2422	1711
			2422	1710
			2422	1709
			2422	1708
			2422	1707
			2422	1706
			2422	1705
			2422	1704
			2422	1703
			2422	1702
			2422	1701
			2422	1700
			2422	1699
			2422	1698
			2423	1698
			2423	1697
			2423	1696
			2423	1695
			2423	1694
			2423	1693
			2423	1692
			2423	1691
			2423	1690
			2423	1689
			2423	1688
			2423	1687
			2423	1686
			2423	1685
			2423	1684
			2423	1683
			2423	1682
			2423	1681
			2424	1681
			2424	1680
			2424	1679
			2424	1678
			2424	1677
			2424	1676
			2424	1675
			2424	1674
			2424	1673
			2424	1672
			2424	1671
			2424	1670
			2424	1669
			2424	1668
			2425	1667
			2425	1666
			2425	1665
			2425	1664
			2425	1663
			2425	1662
		</Outline1>
		<Outline2 type=matrix rownames=FALSE colnames=FALSE nrow=135 ncol=2 as.numeric=TRUE >
			2425	1662
			2425	1661
			2425	1660
			2425	1659
			2425	1658
			2425	1657
			2425	1656
			2425	1655
			2425	1654
			2425	1653
			2425	1652
			2425	1651
			2425	1650
			2425	1649
			2426	1648
			2426	1647
			2426	1646
			2426	1645
			2426	1644
			2426	1643
			2426	1642
			2426	1641
			2426	1640
			2426	1639
			2426	1638
			2426	1637
			2426	1636
			2426	1635
			2426	1634
			2427	1633
			2427	1632
			2427	1631
			2427	1630
			2427	1629
			2427	1628
			2427	1627
			2427	1626
			2427	1625
			2427	1624
			2427	1623
			2427	1622
			2428	1621
			2428	1620
			2428	1619
			2428	1618
			2428	1617
			2428	1616
			2428	1615
			2428	1614
			2428	1613
			2428	1612
			2429	1611
			2429	1610
			2429	1609
			2429	1608
			2429	1607
			2429	1606
			2429	1605
			2429	1604
			2430	1603
			2430	1602
			2430	1601
			2430	1600
			2430	1599
			2430	1598
			2431	1597
			2431	1596
			2431	1595
			2431	1594
			2431	1593
			2432	1593
			2432	1592
			2432	1591
			2432	1590
			2433	1589
			2433	1588
			2434	1587
			2434	1586
			2435	1586
			2436	1585
			2437	1584
			2437	1583
			2438	1582
			2439	1582
			2440	1581
			2441	1581
			2442	1580
			2442	1579
			2443	1579
			2444	1578
			2445	1578
			2446	1578
			2446	1577
			2447	1577
			2448	1577
			2449	1577
			2449	1576
			2450	1576
			2451	1576
			2452	1576
			2452	1575
			2453	1575
			2454	1575
			2455	1575
			2456	1574
			2457	1574
			2458	1574
			2459	1574
			2460	1574
			2461	1574
			2462	1573
			2463	1573
			2464	1573
			2465	1573
			2466	1573
			2467	1573
			2468	1573
			2469	1573
			2470	1573
			2471	1572
			2472	1572
			2473	1572
			2474	1572
			2475	1572
			2476	1572
			2477	1572
			2478	1572
			2479	1572
			2480	1572
			2481	1572
			2482	1572
			2482	1571
			2483	1571
			2484	1571
			2485	1571
		</Outline2>
		<Outline3 type=matrix rownames=FALSE colnames=FALSE nrow=129 ncol=2 as.numeric=TRUE >
			2485	1571
			2486	1571
			2487	1571
			2488	1570
			2489	1570
			2490	1570
			2491	1570
			2492	1570
			2493	1570
			2494	1569
			2495	1569
			2496	1569
			2497	1569
			2498	1569
			2499	1569
			2500	1569
			2500	1568
			2501	1568
			2502	1568
			2503	1568
			2504	1568
			2505	1568
			2506	1568
			2507	1567
			2508	1567
			2509	1567
			2510	1567
			2511	1567
			2512	1567
			2513	1567
			2514	1566
			2515	1566
			2516	1566
			2517	1566
			2518	1566
			2519	1566
			2520	1565
			2521	1565
			2522	1565
			2523	1565
			2524	1565
			2525	1565
			2526	1565
			2527	1564
			2528	1564
			2529	1564
			2530	1564
			2531	1564
			2532	1564
			2533	1564
			2534	1564
			2535	1564
			2536	1564
			2537	1564
			2538	1564
			2539	1564
			2540	1565
			2541	1565
			2542	1565
			2543	1565
			2544	1565
			2545	1566
			2546	1566
			2547	1566
			2548	1567
			2549	1567
			2550	1567
			2551	1568
			2552	1568
			2553	1569
			2554	1569
			2555	1569
			2556	1570
			2557	1570
			2558	1571
			2559	1571
			2560	1572
			2561	1573
			2562	1573
			2563	1574
			2564	1574
			2565	1575
			2566	1576
			2567	1576
			2568	1577
			2568	1578
			2569	1579
			2570	1579
			2570	1580
			2571	1581
			2572	1581
			2573	1582
			2573	1583
			2574	1584
			2574	1585
			2575	1586
			2576	1587
			2576	1588
			2577	1589
			2578	1590
			2578	1591
			2579	1592
			2580	1593
			2580	1594
			2580	1595
			2581	1596
			2581	1597
			2582	1598
			2582	1599
			2583	1600
			2583	1601
			2583	1602
			2583	1603
			2584	1604
			2584	1605
			2584	1606
			2585	1607
			2585	1608
			2585	1609
			2585	1610
			2585	1611
			2586	1612
			2586	1613
			2586	1614
			2587	1615
			2587	1616
			2587	1617
			2588	1618
			2588	1619
		</Outline3>
		<Outline4 type=matrix rownames=FALSE colnames=FALSE nrow=133 ncol=2 as.numeric=TRUE >
			2588	1619
			2588	1620
			2589	1621
			2589	1622
			2589	1623
			2590	1624
			2590	1625
			2590	1626
			2591	1627
			2591	1628
			2591	1629
			2591	1630
			2592	1630
			2592	1631
			2592	1632
			2592	1633
			2592	1634
			2592	1635
			2592	1636
			2592	1637
			2592	1638
			2592	1639
			2592	1640
			2592	1641
			2592	1642
			2591	1642
			2591	1643
			2591	1644
			2591	1645
			2591	1646
			2591	1647
			2591	1648
			2590	1649
			2590	1650
			2590	1651
			2590	1652
			2589	1653
			2589	1654
			2589	1655
			2589	1656
			2588	1657
			2588	1658
			2588	1659
			2587	1660
			2587	1661
			2587	1662
			2587	1663
			2586	1663
			2586	1664
			2586	1665
			2586	1666
			2585	1667
			2585	1668
			2585	1669
			2584	1670
			2584	1671
			2583	1672
			2583	1673
			2582	1674
			2582	1675
			2581	1676
			2581	1677
			2580	1677
			2580	1678
			2579	1679
			2579	1680
			2579	1681
			2578	1682
			2577	1683
			2577	1684
			2576	1685
			2576	1686
			2575	1687
			2575	1688
			2574	1688
			2574	1689
			2573	1690
			2572	1691
			2572	1692
			2571	1692
			2571	1693
			2570	1694
			2569	1695
			2569	1696
			2568	1697
			2567	1698
			2567	1699
			2566	1700
			2565	1701
			2564	1702
			2563	1703
			2562	1703
			2561	1704
			2560	1704
			2560	1705
			2559	1705
			2558	1706
			2557	1706
			2556	1707
			2555	1707
			2554	1707
			2553	1707
			2552	1707
			2551	1707
			2550	1707
			2549	1707
			2548	1707
			2547	1707
			2546	1707
			2545	1707
			2544	1707
			2543	1707
			2542	1707
			2541	1707
			2540	1707
			2539	1707
			2538	1707
			2537	1707
			2536	1707
			2535	1707
			2534	1707
			2533	1707
			2532	1707
			2531	1707
			2530	1707
			2529	1707
			2528	1707
			2527	1708
			2526	1708
			2525	1708
			2524	1708
			2523	1708
			2522	1708
		</Outline4>
	</curves.pixel>
	<curves.scaled type=list>
		<Outline1 type=matrix rownames=FALSE colnames=FALSE nrow=166 ncol=2 as.numeric=TRUE >
			20.3872295132088	-13.807053135829
			20.3791457584454	-13.807053135829
			20.3791457584454	-13.8151368905923
			20.3710620036821	-13.8151368905923
			20.3629782489187	-13.8232206453557
			20.3548944941553	-13.8232206453557
			20.346810739392	-13.8313044001191
			20.3387269846286	-13.8393881548824
			20.3306432298652	-13.8393881548824
			20.3225594751019	-13.8474719096458
			20.3144757203385	-13.8555556644092
			20.3063919655751	-13.8636394191725
			20.2983082108118	-13.8717231739359
			20.2902244560484	-13.8798069286992
			20.282140701285	-13.8878906834626
			20.2740569465217	-13.895974438226
			20.2659731917583	-13.9040581929893
			20.2578894369949	-13.9121419477527
			20.2578894369949	-13.9202257025161
			20.2498056822316	-13.9283094572794
			20.2417219274682	-13.9363932120428
			20.2336381727048	-13.9444769668062
			20.2255544179415	-13.9525607215695
			20.2174706631781	-13.9606444763329
			20.2093869084147	-13.9687282310963
			20.2013031536514	-13.9768119858596
			20.193219398888	-13.9768119858596
			20.1851356441246	-13.984895740623
			20.1770518893613	-13.9929794953864
			20.1689681345979	-14.0010632501497
			20.1608843798346	-14.0091470049131
			20.1528006250712	-14.0091470049131
			20.1447168703078	-14.0172307596765
			20.1366331155445	-14.0253145144398
			20.1285493607811	-14.0333982692032
			20.1204656060177	-14.0333982692032
			20.1123818512544	-14.0414820239666
			20.104298096491	-14.0495657787299
			20.0962143417276	-14.0495657787299
			20.0881305869643	-14.0576495334933
			20.0800468322009	-14.0576495334933
			20.0719630774375	-14.0657332882567
			20.0638793226742	-14.0657332882567
			20.0557955679108	-14.07381704302
			20.0477118131474	-14.07381704302
			20.0396280583841	-14.0819007977834
			20.0315443036207	-14.0819007977834
			20.0234605488573	-14.0899845525468
			20.015376794094	-14.0899845525468
			20.0072930393306	-14.0980683073101
			19.9992092845672	-14.0980683073101
			19.9911255298039	-14.0980683073101
			19.9830417750405	-14.0980683073101
			19.9749580202771	-14.0980683073101
			19.9668742655138	-14.0980683073101
			19.9587905107504	-14.0980683073101
			19.950706755987	-14.0980683073101
			19.9426230012237	-14.0980683073101
			19.9345392464603	-14.0980683073101
			19.9264554916969	-14.0980683073101
			19.9183717369336	-14.0980683073101
			19.9102879821702	-14.0980683073101
			19.9022042274068	-14.0980683073101
			19.8941204726435	-14.0980683073101
			19.8860367178801	-14.0980683073101
			19.8779529631167	-14.0980683073101
			19.8698692083534	-14.0980683073101
			19.86178545359	-14.0899845525468
			19.8537016988266	-14.0899845525468
			19.8456179440633	-14.0899845525468
			19.8375341892999	-14.0819007977834
			19.8294504345366	-14.0819007977834
			19.8213666797732	-14.0819007977834
			19.8132829250098	-14.0819007977834
			19.8051991702464	-14.07381704302
			19.7971154154831	-14.07381704302
			19.7890316607197	-14.07381704302
			19.7809479059564	-14.07381704302
			19.772864151193	-14.0657332882567
			19.7647803964296	-14.0657332882567
			19.7566966416663	-14.0657332882567
			19.7486128869029	-14.0576495334933
			19.7405291321395	-14.0576495334933
			19.7324453773762	-14.0495657787299
			19.7243616226128	-14.0414820239666
			19.7162778678494	-14.0414820239666
			19.7081941130861	-14.0333982692032
			19.7001103583227	-14.0333982692032
			19.7001103583227	-14.0253145144398
			19.6920266035593	-14.0253145144398
			19.683942848796	-14.0172307596765
			19.6758590940326	-14.0091470049131
			19.6677753392692	-14.0010632501497
			19.6596915845059	-14.0010632501497
			19.6516078297425	-13.9929794953864
			19.6435240749791	-13.984895740623
			19.6354403202158	-13.9768119858596
			19.6273565654524	-13.9687282310963
			19.619272810689	-13.9606444763329
			19.619272810689	-13.9525607215695
			19.6111890559257	-13.9444769668062
			19.6111890559257	-13.9363932120428
			19.6031053011623	-13.9283094572794
			19.6031053011623	-13.9202257025161
			19.5950215463989	-13.9121419477527
			19.5950215463989	-13.9040581929893
			19.5950215463989	-13.895974438226
			19.5869377916356	-13.8878906834626
			19.5869377916356	-13.8798069286992
			19.5869377916356	-13.8717231739359
			19.5869377916356	-13.8636394191725
			19.5869377916356	-13.8555556644092
			19.5869377916356	-13.8474719096458
			19.5788540368722	-13.8393881548824
			19.5788540368722	-13.8313044001191
			19.5788540368722	-13.8232206453557
			19.5788540368722	-13.8151368905923
			19.5788540368722	-13.807053135829
			19.5788540368722	-13.7989693810656
			19.5788540368722	-13.7908856263022
			19.5788540368722	-13.7828018715389
			19.5788540368722	-13.7747181167755
			19.5788540368722	-13.7666343620121
			19.5788540368722	-13.7585506072488
			19.5788540368722	-13.7504668524854
			19.5788540368722	-13.742383097722
			19.5788540368722	-13.7342993429587
			19.5788540368722	-13.7262155881953
			19.5869377916356	-13.7262155881953
			19.5869377916356	-13.7181318334319
			19.5869377916356	-13.7100480786686
			19.5869377916356	-13.7019643239052
			19.5869377916356	-13.6938805691418
			19.5869377916356	-13.6857968143785
			19.5869377916356	-13.6777130596151
			19.5869377916356	-13.6696293048517
			19.5869377916356	-13.6615455500884
			19.5869377916356	-13.653461795325
			19.5869377916356	-13.6453780405616
			19.5869377916356	-13.6372942857983
			19.5869377916356	-13.6292105310349
			19.5869377916356	-13.6211267762715
			19.5869377916356	-13.6130430215082
			19.5869377916356	-13.6049592667448
			19.5869377916356	-13.5968755119814
			19.5869377916356	-13.5887917572181
			19.5950215463989	-13.5887917572181
			19.5950215463989	-13.5807080024547
			19.5950215463989	-13.5726242476913
			19.5950215463989	-13.564540492928
			19.5950215463989	-13.5564567381646
			19.5950215463989	-13.5483729834012
			19.5950215463989	-13.5402892286379
			19.5950215463989	-13.5322054738745
			19.5950215463989	-13.5241217191111
			19.5950215463989	-13.5160379643478
			19.5950215463989	-13.5079542095844
			19.5950215463989	-13.499870454821
			19.5950215463989	-13.4917867000577
			19.5950215463989	-13.4837029452943
			19.6031053011623	-13.475619190531
			19.6031053011623	-13.4675354357676
			19.6031053011623	-13.4594516810042
			19.6031053011623	-13.4513679262409
			19.6031053011623	-13.4432841714775
			19.6031053011623	-13.4352004167141
		</Outline1>
		<Outline2 type=matrix rownames=FALSE colnames=FALSE nrow=135 ncol=2 as.numeric=TRUE >
			19.6031053011623	-13.4352004167141
			19.6031053011623	-13.4271166619508
			19.6031053011623	-13.4190329071874
			19.6031053011623	-13.410949152424
			19.6031053011623	-13.4028653976607
			19.6031053011623	-13.3947816428973
			19.6031053011623	-13.3866978881339
			19.6031053011623	-13.3786141333706
			19.6031053011623	-13.3705303786072
			19.6031053011623	-13.3624466238438
			19.6031053011623	-13.3543628690805
			19.6031053011623	-13.3462791143171
			19.6031053011623	-13.3381953595537
			19.6031053011623	-13.3301116047904
			19.6111890559257	-13.322027850027
			19.6111890559257	-13.3139440952636
			19.6111890559257	-13.3058603405003
			19.6111890559257	-13.2977765857369
			19.6111890559257	-13.2896928309735
			19.6111890559257	-13.2816090762102
			19.6111890559257	-13.2735253214468
			19.6111890559257	-13.2654415666834
			19.6111890559257	-13.2573578119201
			19.6111890559257	-13.2492740571567
			19.6111890559257	-13.2411903023933
			19.6111890559257	-13.23310654763
			19.6111890559257	-13.2250227928666
			19.6111890559257	-13.2169390381032
			19.6111890559257	-13.2088552833399
			19.619272810689	-13.2007715285765
			19.619272810689	-13.1926877738131
			19.619272810689	-13.1846040190498
			19.619272810689	-13.1765202642864
			19.619272810689	-13.168436509523
			19.619272810689	-13.1603527547597
			19.619272810689	-13.1522689999963
			19.619272810689	-13.144185245233
			19.619272810689	-13.1361014904696
			19.619272810689	-13.1280177357062
			19.619272810689	-13.1199339809429
			19.619272810689	-13.1118502261795
			19.6273565654524	-13.1037664714161
			19.6273565654524	-13.0956827166528
			19.6273565654524	-13.0875989618894
			19.6273565654524	-13.079515207126
			19.6273565654524	-13.0714314523627
			19.6273565654524	-13.0633476975993
			19.6273565654524	-13.0552639428359
			19.6273565654524	-13.0471801880726
			19.6273565654524	-13.0390964333092
			19.6273565654524	-13.0310126785458
			19.6354403202158	-13.0229289237825
			19.6354403202158	-13.0148451690191
			19.6354403202158	-13.0067614142557
			19.6354403202158	-12.9986776594924
			19.6354403202158	-12.990593904729
			19.6354403202158	-12.9825101499656
			19.6354403202158	-12.9744263952023
			19.6354403202158	-12.9663426404389
			19.6435240749791	-12.9582588856755
			19.6435240749791	-12.9501751309122
			19.6435240749791	-12.9420913761488
			19.6435240749791	-12.9340076213854
			19.6435240749791	-12.9259238666221
			19.6435240749791	-12.9178401118587
			19.6516078297425	-12.9097563570953
			19.6516078297425	-12.901672602332
			19.6516078297425	-12.8935888475686
			19.6516078297425	-12.8855050928052
			19.6516078297425	-12.8774213380419
			19.6596915845059	-12.8774213380419
			19.6596915845059	-12.8693375832785
			19.6596915845059	-12.8612538285151
			19.6596915845059	-12.8531700737518
			19.6677753392692	-12.8450863189884
			19.6677753392692	-12.837002564225
			19.6758590940326	-12.8289188094617
			19.6758590940326	-12.8208350546983
			19.683942848796	-12.8208350546983
			19.6920266035593	-12.8127512999349
			19.7001103583227	-12.8046675451716
			19.7001103583227	-12.7965837904082
			19.7081941130861	-12.7885000356449
			19.7162778678494	-12.7885000356449
			19.7243616226128	-12.7804162808815
			19.7324453773762	-12.7804162808815
			19.7405291321395	-12.7723325261181
			19.7405291321395	-12.7642487713548
			19.7486128869029	-12.7642487713548
			19.7566966416663	-12.7561650165914
			19.7647803964296	-12.7561650165914
			19.772864151193	-12.7561650165914
			19.772864151193	-12.748081261828
			19.7809479059564	-12.748081261828
			19.7890316607197	-12.748081261828
			19.7971154154831	-12.748081261828
			19.7971154154831	-12.7399975070647
			19.8051991702464	-12.7399975070647
			19.8132829250098	-12.7399975070647
			19.8213666797732	-12.7399975070647
			19.8213666797732	-12.7319137523013
			19.8294504345366	-12.7319137523013
			19.8375341892999	-12.7319137523013
			19.8456179440633	-12.7319137523013
			19.8537016988266	-12.7238299975379
			19.86178545359	-12.7238299975379
			19.8698692083534	-12.7238299975379
			19.8779529631167	-12.7238299975379
			19.8860367178801	-12.7238299975379
			19.8941204726435	-12.7238299975379
			19.9022042274068	-12.7157462427746
			19.9102879821702	-12.7157462427746
			19.9183717369336	-12.7157462427746
			19.9264554916969	-12.7157462427746
			19.9345392464603	-12.7157462427746
			19.9426230012237	-12.7157462427746
			19.950706755987	-12.7157462427746
			19.9587905107504	-12.7157462427746
			19.9668742655138	-12.7157462427746
			19.9749580202771	-12.7076624880112
			19.9830417750405	-12.7076624880112
			19.9911255298039	-12.7076624880112
			19.9992092845672	-12.7076624880112
			20.0072930393306	-12.7076624880112
			20.015376794094	-12.7076624880112
			20.0234605488573	-12.7076624880112
			20.0315443036207	-12.7076624880112
			20.0396280583841	-12.7076624880112
			20.0477118131474	-12.7076624880112
			20.0557955679108	-12.7076624880112
			20.0638793226742	-12.7076624880112
			20.0638793226742	-12.6995787332478
			20.0719630774375	-12.6995787332478
			20.0800468322009	-12.6995787332478
			20.0881305869643	-12.6995787332478
		</Outline2>
		<Outline3 type=matrix rownames=FALSE colnames=FALSE nrow=129 ncol=2 as.numeric=TRUE >
			20.0881305869643	-12.6995787332478
			20.0962143417276	-12.6995787332478
			20.104298096491	-12.6995787332478
			20.1123818512544	-12.6914949784845
			20.1204656060177	-12.6914949784845
			20.1285493607811	-12.6914949784845
			20.1366331155445	-12.6914949784845
			20.1447168703078	-12.6914949784845
			20.1528006250712	-12.6914949784845
			20.1608843798346	-12.6834112237211
			20.1689681345979	-12.6834112237211
			20.1770518893613	-12.6834112237211
			20.1851356441246	-12.6834112237211
			20.193219398888	-12.6834112237211
			20.2013031536514	-12.6834112237211
			20.2093869084147	-12.6834112237211
			20.2093869084147	-12.6753274689577
			20.2174706631781	-12.6753274689577
			20.2255544179415	-12.6753274689577
			20.2336381727048	-12.6753274689577
			20.2417219274682	-12.6753274689577
			20.2498056822316	-12.6753274689577
			20.2578894369949	-12.6753274689577
			20.2659731917583	-12.6672437141944
			20.2740569465217	-12.6672437141944
			20.282140701285	-12.6672437141944
			20.2902244560484	-12.6672437141944
			20.2983082108118	-12.6672437141944
			20.3063919655751	-12.6672437141944
			20.3144757203385	-12.6672437141944
			20.3225594751019	-12.659159959431
			20.3306432298652	-12.659159959431
			20.3387269846286	-12.659159959431
			20.346810739392	-12.659159959431
			20.3548944941553	-12.659159959431
			20.3629782489187	-12.659159959431
			20.3710620036821	-12.6510762046676
			20.3791457584454	-12.6510762046676
			20.3872295132088	-12.6510762046676
			20.3953132679722	-12.6510762046676
			20.4033970227355	-12.6510762046676
			20.4114807774989	-12.6510762046676
			20.4195645322623	-12.6510762046676
			20.4276482870256	-12.6429924499043
			20.435732041789	-12.6429924499043
			20.4438157965524	-12.6429924499043
			20.4518995513157	-12.6429924499043
			20.4599833060791	-12.6429924499043
			20.4680670608425	-12.6429924499043
			20.4761508156058	-12.6429924499043
			20.4842345703692	-12.6429924499043
			20.4923183251326	-12.6429924499043
			20.5004020798959	-12.6429924499043
			20.5084858346593	-12.6429924499043
			20.5165695894227	-12.6429924499043
			20.524653344186	-12.6429924499043
			20.5327370989494	-12.6510762046676
			20.5408208537127	-12.6510762046676
			20.5489046084761	-12.6510762046676
			20.5569883632395	-12.6510762046676
			20.5650721180028	-12.6510762046676
			20.5731558727662	-12.659159959431
			20.5812396275296	-12.659159959431
			20.5893233822929	-12.659159959431
			20.5974071370563	-12.6672437141944
			20.6054908918197	-12.6672437141944
			20.613574646583	-12.6672437141944
			20.6216584013464	-12.6753274689577
			20.6297421561098	-12.6753274689577
			20.6378259108731	-12.6834112237211
			20.6459096656365	-12.6834112237211
			20.6539934203999	-12.6834112237211
			20.6620771751632	-12.6914949784845
			20.6701609299266	-12.6914949784845
			20.67824468469	-12.6995787332478
			20.6863284394533	-12.6995787332478
			20.6944121942167	-12.7076624880112
			20.7024959489801	-12.7157462427746
			20.7105797037434	-12.7157462427746
			20.7186634585068	-12.7238299975379
			20.7267472132702	-12.7238299975379
			20.7348309680335	-12.7319137523013
			20.7429147227969	-12.7399975070647
			20.7509984775603	-12.7399975070647
			20.7590822323236	-12.748081261828
			20.7590822323236	-12.7561650165914
			20.767165987087	-12.7642487713548
			20.7752497418504	-12.7642487713548
			20.7752497418504	-12.7723325261181
			20.7833334966137	-12.7804162808815
			20.7914172513771	-12.7804162808815
			20.7995010061405	-12.7885000356449
			20.7995010061405	-12.7965837904082
			20.8075847609038	-12.8046675451716
			20.8075847609038	-12.8127512999349
			20.8156685156672	-12.8208350546983
			20.8237522704306	-12.8289188094617
			20.8237522704306	-12.837002564225
			20.8318360251939	-12.8450863189884
			20.8399197799573	-12.8531700737518
			20.8399197799573	-12.8612538285151
			20.8480035347207	-12.8693375832785
			20.856087289484	-12.8774213380419
			20.856087289484	-12.8855050928052
			20.856087289484	-12.8935888475686
			20.8641710442474	-12.901672602332
			20.8641710442474	-12.9097563570953
			20.8722547990108	-12.9178401118587
			20.8722547990108	-12.9259238666221
			20.8803385537741	-12.9340076213854
			20.8803385537741	-12.9420913761488
			20.8803385537741	-12.9501751309122
			20.8803385537741	-12.9582588856755
			20.8884223085375	-12.9663426404389
			20.8884223085375	-12.9744263952023
			20.8884223085375	-12.9825101499656
			20.8965060633008	-12.990593904729
			20.8965060633008	-12.9986776594924
			20.8965060633008	-13.0067614142557
			20.8965060633008	-13.0148451690191
			20.8965060633008	-13.0229289237825
			20.9045898180642	-13.0310126785458
			20.9045898180642	-13.0390964333092
			20.9045898180642	-13.0471801880726
			20.9126735728276	-13.0552639428359
			20.9126735728276	-13.0633476975993
			20.9126735728276	-13.0714314523627
			20.9207573275909	-13.079515207126
			20.9207573275909	-13.0875989618894
		</Outline3>
		<Outline4 type=matrix rownames=FALSE colnames=FALSE nrow=133 ncol=2 as.numeric=TRUE >
			20.9207573275909	-13.0875989618894
			20.9207573275909	-13.0956827166528
			20.9288410823543	-13.1037664714161
			20.9288410823543	-13.1118502261795
			20.9288410823543	-13.1199339809429
			20.9369248371177	-13.1280177357062
			20.9369248371177	-13.1361014904696
			20.9369248371177	-13.144185245233
			20.945008591881	-13.1522689999963
			20.945008591881	-13.1603527547597
			20.945008591881	-13.168436509523
			20.945008591881	-13.1765202642864
			20.9530923466444	-13.1765202642864
			20.9530923466444	-13.1846040190498
			20.9530923466444	-13.1926877738131
			20.9530923466444	-13.2007715285765
			20.9530923466444	-13.2088552833399
			20.9530923466444	-13.2169390381032
			20.9530923466444	-13.2250227928666
			20.9530923466444	-13.23310654763
			20.9530923466444	-13.2411903023933
			20.9530923466444	-13.2492740571567
			20.9530923466444	-13.2573578119201
			20.9530923466444	-13.2654415666834
			20.9530923466444	-13.2735253214468
			20.945008591881	-13.2735253214468
			20.945008591881	-13.2816090762102
			20.945008591881	-13.2896928309735
			20.945008591881	-13.2977765857369
			20.945008591881	-13.3058603405003
			20.945008591881	-13.3139440952636
			20.945008591881	-13.322027850027
			20.9369248371177	-13.3301116047904
			20.9369248371177	-13.3381953595537
			20.9369248371177	-13.3462791143171
			20.9369248371177	-13.3543628690805
			20.9288410823543	-13.3624466238438
			20.9288410823543	-13.3705303786072
			20.9288410823543	-13.3786141333706
			20.9288410823543	-13.3866978881339
			20.9207573275909	-13.3947816428973
			20.9207573275909	-13.4028653976607
			20.9207573275909	-13.410949152424
			20.9126735728276	-13.4190329071874
			20.9126735728276	-13.4271166619508
			20.9126735728276	-13.4352004167141
			20.9126735728276	-13.4432841714775
			20.9045898180642	-13.4432841714775
			20.9045898180642	-13.4513679262409
			20.9045898180642	-13.4594516810042
			20.9045898180642	-13.4675354357676
			20.8965060633008	-13.475619190531
			20.8965060633008	-13.4837029452943
			20.8965060633008	-13.4917867000577
			20.8884223085375	-13.499870454821
			20.8884223085375	-13.5079542095844
			20.8803385537741	-13.5160379643478
			20.8803385537741	-13.5241217191111
			20.8722547990108	-13.5322054738745
			20.8722547990108	-13.5402892286379
			20.8641710442474	-13.5483729834012
			20.8641710442474	-13.5564567381646
			20.856087289484	-13.5564567381646
			20.856087289484	-13.564540492928
			20.8480035347207	-13.5726242476913
			20.8480035347207	-13.5807080024547
			20.8480035347207	-13.5887917572181
			20.8399197799573	-13.5968755119814
			20.8318360251939	-13.6049592667448
			20.8318360251939	-13.6130430215082
			20.8237522704306	-13.6211267762715
			20.8237522704306	-13.6292105310349
			20.8156685156672	-13.6372942857983
			20.8156685156672	-13.6453780405616
			20.8075847609038	-13.6453780405616
			20.8075847609038	-13.653461795325
			20.7995010061405	-13.6615455500884
			20.7914172513771	-13.6696293048517
			20.7914172513771	-13.6777130596151
			20.7833334966137	-13.6777130596151
			20.7833334966137	-13.6857968143785
			20.7752497418504	-13.6938805691418
			20.767165987087	-13.7019643239052
			20.767165987087	-13.7100480786686
			20.7590822323236	-13.7181318334319
			20.7509984775603	-13.7262155881953
			20.7509984775603	-13.7342993429587
			20.7429147227969	-13.742383097722
			20.7348309680335	-13.7504668524854
			20.7267472132702	-13.7585506072488
			20.7186634585068	-13.7666343620121
			20.7105797037434	-13.7666343620121
			20.7024959489801	-13.7747181167755
			20.6944121942167	-13.7747181167755
			20.6944121942167	-13.7828018715389
			20.6863284394533	-13.7828018715389
			20.67824468469	-13.7908856263022
			20.6701609299266	-13.7908856263022
			20.6620771751632	-13.7989693810656
			20.6539934203999	-13.7989693810656
			20.6459096656365	-13.7989693810656
			20.6378259108731	-13.7989693810656
			20.6297421561098	-13.7989693810656
			20.6216584013464	-13.7989693810656
			20.613574646583	-13.7989693810656
			20.6054908918197	-13.7989693810656
			20.5974071370563	-13.7989693810656
			20.5893233822929	-13.7989693810656
			20.5812396275296	-13.7989693810656
			20.5731558727662	-13.7989693810656
			20.5650721180028	-13.7989693810656
			20.5569883632395	-13.7989693810656
			20.5489046084761	-13.7989693810656
			20.5408208537127	-13.7989693810656
			20.5327370989494	-13.7989693810656
			20.524653344186	-13.7989693810656
			20.5165695894227	-13.7989693810656
			20.5084858346593	-13.7989693810656
			20.5004020798959	-13.7989693810656
			20.4923183251326	-13.7989693810656
			20.4842345703692	-13.7989693810656
			20.4761508156058	-13.7989693810656
			20.4680670608425	-13.7989693810656
			20.4599833060791	-13.7989693810656
			20.4518995513157	-13.7989693810656
			20.4438157965524	-13.7989693810656
			20.435732041789	-13.7989693810656
			20.4276482870256	-13.807053135829
			20.4195645322623	-13.807053135829
			20.4114807774989	-13.807053135829
			20.4033970227355	-13.807053135829
			20.3953132679722	-13.807053135829
			20.3872295132088	-13.807053135829
		</Outline4>
	</curves.scaled>
	<ruler.points type=matrix rownames=TRUE colnames=FALSE nrow=2 ncol=2 as.numeric=TRUE >
		Ruler point 1	3505	2569
		Ruler point 2	2268	2558
	</ruler.points>
</shapes>

