<shapes type=list>
	<ruler.pixel type=vector names=FALSE length=1 as.numeric=TRUE >677.106343198762</ruler.pixel>
	<ruler.interval type=vector names=FALSE length=1 as.numeric=TRUE >10</ruler.interval>
	<scaling.units type=vector names=FALSE length=1 as.numeric=FALSE >mm</scaling.units>
	<scaling type=vector names=FALSE length=1 as.numeric=TRUE >0.0147687288716841</scaling>
	<landmarks.pixel type=matrix rownames=TRUE colnames=FALSE nrow=4 ncol=2 as.numeric=TRUE >
		Labial	2227	1910
		Posterior	2138	1751
		Lingual	2243	1595
		Anterior	2326	1761
	</landmarks.pixel>
	<landmarks.scaled type=matrix rownames=TRUE colnames=FALSE nrow=4 ncol=2 as.numeric=TRUE >
		Labial	32.8899591972405	-28.2082721449166
		Posterior	31.5755423276606	-25.8600442543189
		Lingual	33.1262588591874	-23.5561225503361
		Anterior	34.3520633555372	-26.0077315430357
	</landmarks.scaled>
	<curves.control type=list>
		<Outline1 type=matrix rownames=FALSE colnames=FALSE nrow=15 ncol=2 as.numeric=TRUE >
			2227	1910
			2214	1912
			2199	1912
			2182	1909
			2169	1903
			2157	1896
			2149	1885
			2145	1870
			2141	1857
			2139	1842
			2136	1827
			2135	1813
			2133	1796
			2135	1773
			2138	1751
		</Outline1>
		<Outline2 type=matrix rownames=FALSE colnames=FALSE nrow=19 ncol=2 as.numeric=TRUE >
			2138	1751
			2143	1731
			2146	1710
			2150	1691
			2151	1674
			2154	1658
			2157	1645
			2160	1635
			2166	1626
			2175	1621
			2182	1619
			2192	1617
			2202	1616
			2211	1615
			2219	1613
			2228	1609
			2234	1605
			2238	1599
			2243	1595
		</Outline2>
		<Outline3 type=matrix rownames=FALSE colnames=FALSE nrow=15 ncol=2 as.numeric=TRUE >
			2243	1595
			2252	1590
			2263	1589
			2275	1590
			2284	1597
			2292	1607
			2300	1621
			2311	1644
			2318	1663
			2324	1685
			2328	1706
			2330	1725
			2328	1740
			2328	1751
			2326	1761
		</Outline3>
		<Outline4 type=matrix rownames=FALSE colnames=FALSE nrow=13 ncol=2 as.numeric=TRUE >
			2326	1761
			2322	1782
			2317	1798
			2310	1816
			2304	1835
			2295	1854
			2284	1867
			2271	1879
			2261	1889
			2248	1897
			2239	1903
			2232	1907
			2227	1910
		</Outline4>
	</curves.control>
	<curves.pixel type=list>
		<Outline1 type=matrix rownames=FALSE colnames=FALSE nrow=218 ncol=2 as.numeric=TRUE >
			2227	1910
			2226	1910
			2225	1910
			2224	1910
			2223	1911
			2222	1911
			2221	1911
			2220	1911
			2219	1911
			2218	1911
			2217	1911
			2216	1911
			2215	1911
			2214	1911
			2213	1912
			2212	1912
			2211	1912
			2210	1912
			2209	1912
			2208	1912
			2207	1912
			2206	1912
			2205	1912
			2204	1912
			2203	1912
			2202	1912
			2201	1912
			2200	1912
			2199	1912
			2198	1912
			2197	1912
			2196	1911
			2195	1911
			2194	1911
			2193	1911
			2192	1911
			2191	1910
			2190	1910
			2189	1910
			2188	1910
			2187	1909
			2186	1909
			2185	1909
			2184	1908
			2183	1908
			2182	1908
			2181	1908
			2180	1907
			2179	1907
			2178	1907
			2177	1906
			2176	1906
			2175	1906
			2174	1905
			2173	1905
			2172	1904
			2171	1904
			2170	1903
			2169	1903
			2168	1902
			2167	1902
			2166	1901
			2165	1901
			2164	1900
			2163	1899
			2162	1898
			2161	1897
			2160	1896
			2159	1896
			2158	1895
			2157	1894
			2156	1893
			2155	1892
			2154	1891
			2153	1890
			2152	1889
			2152	1888
			2151	1887
			2150	1886
			2149	1885
			2149	1884
			2148	1883
			2148	1882
			2148	1881
			2148	1880
			2148	1879
			2147	1879
			2147	1878
			2147	1877
			2147	1876
			2146	1875
			2146	1874
			2146	1873
			2145	1872
			2145	1871
			2145	1870
			2145	1869
			2144	1868
			2144	1867
			2144	1866
			2143	1865
			2143	1864
			2143	1863
			2142	1862
			2142	1861
			2142	1860
			2142	1859
			2141	1859
			2141	1858
			2141	1857
			2141	1856
			2141	1855
			2141	1854
			2140	1853
			2140	1852
			2140	1851
			2140	1850
			2140	1849
			2140	1848
			2140	1847
			2139	1846
			2139	1845
			2139	1844
			2139	1843
			2139	1842
			2139	1841
			2138	1840
			2138	1839
			2138	1838
			2138	1837
			2138	1836
			2138	1835
			2137	1835
			2137	1834
			2137	1833
			2137	1832
			2137	1831
			2137	1830
			2136	1829
			2136	1828
			2136	1827
			2136	1826
			2136	1825
			2136	1824
			2136	1823
			2136	1822
			2136	1821
			2135	1820
			2135	1819
			2135	1818
			2135	1817
			2135	1816
			2135	1815
			2135	1814
			2135	1813
			2135	1812
			2135	1811
			2135	1810
			2134	1809
			2134	1808
			2134	1807
			2134	1806
			2134	1805
			2134	1804
			2134	1803
			2134	1802
			2134	1801
			2133	1800
			2133	1799
			2133	1798
			2133	1797
			2133	1796
			2133	1795
			2133	1794
			2133	1793
			2133	1792
			2133	1791
			2134	1790
			2134	1789
			2134	1788
			2134	1787
			2134	1786
			2134	1785
			2134	1784
			2134	1783
			2134	1782
			2134	1781
			2134	1780
			2135	1780
			2135	1779
			2135	1778
			2135	1777
			2135	1776
			2135	1775
			2135	1774
			2135	1773
			2135	1772
			2136	1771
			2136	1770
			2136	1769
			2136	1768
			2136	1767
			2136	1766
			2136	1765
			2136	1764
			2136	1763
			2137	1762
			2137	1761
			2137	1760
			2137	1759
			2137	1758
			2137	1757
			2137	1756
			2137	1755
			2138	1754
			2138	1753
			2138	1752
			2138	1751
		</Outline1>
		<Outline2 type=matrix rownames=FALSE colnames=FALSE nrow=214 ncol=2 as.numeric=TRUE >
			2138	1751
			2138	1750
			2138	1749
			2139	1748
			2139	1747
			2139	1746
			2139	1745
			2140	1744
			2140	1743
			2140	1742
			2140	1741
			2141	1740
			2141	1739
			2141	1738
			2141	1737
			2141	1736
			2142	1735
			2142	1734
			2142	1733
			2142	1732
			2143	1731
			2143	1730
			2143	1729
			2143	1728
			2143	1727
			2143	1726
			2144	1725
			2144	1724
			2144	1723
			2144	1722
			2144	1721
			2144	1720
			2145	1719
			2145	1718
			2145	1717
			2145	1716
			2145	1715
			2145	1714
			2145	1713
			2146	1713
			2146	1712
			2146	1711
			2146	1710
			2146	1709
			2146	1708
			2147	1707
			2147	1706
			2147	1705
			2147	1704
			2147	1703
			2148	1702
			2148	1701
			2148	1700
			2148	1699
			2148	1698
			2148	1697
			2149	1696
			2149	1695
			2149	1694
			2149	1693
			2149	1692
			2149	1691
			2149	1690
			2150	1689
			2150	1688
			2150	1687
			2150	1686
			2150	1685
			2150	1684
			2150	1683
			2150	1682
			2150	1681
			2151	1680
			2151	1679
			2151	1678
			2151	1677
			2151	1676
			2151	1675
			2151	1674
			2151	1673
			2151	1672
			2152	1671
			2152	1670
			2152	1669
			2152	1668
			2152	1667
			2153	1666
			2153	1665
			2153	1664
			2153	1663
			2153	1662
			2154	1661
			2154	1660
			2154	1659
			2154	1658
			2154	1657
			2155	1656
			2155	1655
			2155	1654
			2155	1653
			2155	1652
			2156	1652
			2156	1651
			2156	1650
			2156	1649
			2156	1648
			2157	1647
			2157	1646
			2157	1645
			2157	1644
			2158	1643
			2158	1642
			2158	1641
			2159	1640
			2159	1639
			2159	1638
			2160	1637
			2160	1636
			2161	1635
			2161	1634
			2162	1634
			2162	1633
			2162	1632
			2163	1631
			2163	1630
			2164	1629
			2164	1628
			2165	1628
			2166	1627
			2166	1626
			2167	1625
			2168	1625
			2169	1625
			2169	1624
			2170	1624
			2171	1623
			2172	1623
			2173	1623
			2173	1622
			2174	1622
			2175	1622
			2176	1621
			2177	1621
			2178	1620
			2179	1620
			2180	1620
			2181	1619
			2182	1619
			2183	1619
			2184	1619
			2185	1618
			2186	1618
			2187	1618
			2188	1618
			2189	1618
			2190	1618
			2191	1617
			2192	1617
			2193	1617
			2194	1617
			2195	1617
			2196	1617
			2197	1617
			2198	1616
			2199	1616
			2200	1616
			2201	1616
			2202	1616
			2203	1616
			2204	1616
			2205	1616
			2206	1616
			2206	1615
			2207	1615
			2208	1615
			2209	1615
			2210	1615
			2211	1615
			2212	1614
			2213	1614
			2214	1614
			2215	1614
			2216	1614
			2217	1613
			2218	1613
			2219	1613
			2220	1613
			2221	1612
			2222	1612
			2223	1611
			2224	1611
			2225	1610
			2226	1610
			2227	1609
			2228	1609
			2228	1608
			2229	1608
			2230	1607
			2231	1607
			2232	1607
			2232	1606
			2233	1606
			2234	1605
			2234	1604
			2235	1604
			2235	1603
			2236	1602
			2237	1601
			2238	1600
			2239	1599
			2240	1598
			2241	1597
			2242	1596
			2243	1595
		</Outline2>
		<Outline3 type=matrix rownames=FALSE colnames=FALSE nrow=212 ncol=2 as.numeric=TRUE >
			2243	1595
			2244	1595
			2244	1594
			2245	1594
			2246	1593
			2247	1593
			2248	1592
			2249	1592
			2250	1592
			2251	1592
			2251	1591
			2252	1591
			2253	1591
			2254	1591
			2254	1590
			2255	1590
			2256	1590
			2257	1590
			2258	1590
			2259	1589
			2260	1589
			2261	1589
			2262	1589
			2263	1589
			2264	1589
			2265	1589
			2266	1589
			2267	1590
			2268	1590
			2269	1590
			2270	1590
			2271	1590
			2271	1591
			2272	1591
			2273	1591
			2274	1591
			2275	1592
			2276	1592
			2277	1592
			2277	1593
			2278	1593
			2279	1594
			2280	1594
			2281	1595
			2282	1596
			2283	1596
			2284	1597
			2285	1598
			2285	1599
			2286	1600
			2287	1601
			2288	1602
			2288	1603
			2289	1604
			2290	1605
			2291	1606
			2292	1607
			2292	1608
			2293	1609
			2293	1610
			2294	1611
			2295	1612
			2296	1613
			2296	1614
			2297	1615
			2297	1616
			2298	1617
			2298	1618
			2299	1619
			2299	1620
			2300	1621
			2301	1622
			2301	1623
			2302	1624
			2302	1625
			2302	1626
			2303	1627
			2303	1628
			2304	1629
			2304	1630
			2305	1631
			2305	1632
			2305	1633
			2306	1634
			2307	1635
			2307	1636
			2308	1637
			2308	1638
			2308	1639
			2309	1640
			2309	1641
			2310	1642
			2310	1643
			2310	1644
			2311	1644
			2311	1645
			2311	1646
			2312	1647
			2312	1648
			2313	1649
			2313	1650
			2313	1651
			2314	1652
			2314	1653
			2314	1654
			2315	1655
			2315	1656
			2316	1657
			2316	1658
			2317	1659
			2317	1660
			2317	1661
			2318	1662
			2318	1663
			2318	1664
			2319	1665
			2319	1666
			2319	1667
			2319	1668
			2320	1669
			2320	1670
			2320	1671
			2320	1672
			2321	1673
			2321	1674
			2321	1675
			2321	1676
			2322	1677
			2322	1678
			2322	1679
			2322	1680
			2323	1681
			2323	1682
			2323	1683
			2323	1684
			2324	1685
			2324	1686
			2324	1687
			2324	1688
			2324	1689
			2325	1690
			2325	1691
			2325	1692
			2325	1693
			2326	1694
			2326	1695
			2326	1696
			2326	1697
			2327	1698
			2327	1699
			2327	1700
			2327	1701
			2327	1702
			2327	1703
			2328	1704
			2328	1705
			2328	1706
			2328	1707
			2328	1708
			2328	1709
			2328	1710
			2328	1711
			2329	1712
			2329	1713
			2329	1714
			2329	1715
			2329	1716
			2329	1717
			2329	1718
			2329	1719
			2329	1720
			2329	1721
			2329	1722
			2329	1723
			2329	1724
			2329	1725
			2329	1726
			2329	1727
			2329	1728
			2329	1729
			2329	1730
			2329	1731
			2329	1732
			2329	1733
			2329	1734
			2329	1735
			2328	1736
			2328	1737
			2328	1738
			2328	1739
			2328	1740
			2328	1741
			2328	1742
			2328	1743
			2328	1744
			2328	1745
			2328	1746
			2328	1747
			2328	1748
			2328	1749
			2328	1750
			2327	1751
			2327	1752
			2327	1753
			2327	1754
			2327	1755
			2327	1756
			2327	1757
			2326	1758
			2326	1759
			2326	1760
			2326	1761
		</Outline3>
		<Outline4 type=matrix rownames=FALSE colnames=FALSE nrow=173 ncol=2 as.numeric=TRUE >
			2326	1761
			2326	1762
			2326	1763
			2325	1764
			2325	1765
			2325	1766
			2325	1767
			2325	1768
			2324	1769
			2324	1770
			2324	1771
			2324	1772
			2324	1773
			2323	1774
			2323	1775
			2323	1776
			2323	1777
			2322	1778
			2322	1779
			2322	1780
			2322	1781
			2321	1782
			2321	1783
			2321	1784
			2321	1785
			2321	1786
			2320	1786
			2320	1787
			2320	1788
			2320	1789
			2319	1790
			2319	1791
			2319	1792
			2319	1793
			2318	1794
			2318	1795
			2318	1796
			2317	1797
			2317	1798
			2317	1799
			2316	1800
			2316	1801
			2315	1802
			2315	1803
			2315	1804
			2314	1805
			2314	1806
			2313	1807
			2313	1808
			2313	1809
			2313	1810
			2312	1810
			2312	1811
			2312	1812
			2311	1813
			2311	1814
			2311	1815
			2310	1816
			2310	1817
			2310	1818
			2309	1819
			2309	1820
			2309	1821
			2308	1822
			2308	1823
			2308	1824
			2307	1825
			2307	1826
			2307	1827
			2306	1827
			2306	1828
			2306	1829
			2306	1830
			2305	1831
			2305	1832
			2305	1833
			2304	1834
			2304	1835
			2304	1836
			2303	1837
			2303	1838
			2302	1839
			2302	1840
			2301	1841
			2300	1842
			2300	1843
			2299	1844
			2299	1845
			2298	1846
			2297	1847
			2297	1848
			2296	1849
			2296	1850
			2295	1851
			2295	1852
			2294	1853
			2293	1854
			2293	1855
			2292	1856
			2292	1857
			2291	1858
			2290	1859
			2290	1860
			2289	1861
			2288	1861
			2288	1862
			2287	1863
			2287	1864
			2286	1865
			2285	1866
			2284	1867
			2283	1868
			2282	1869
			2281	1870
			2280	1870
			2279	1871
			2278	1872
			2278	1873
			2277	1874
			2276	1875
			2275	1875
			2274	1876
			2273	1877
			2272	1878
			2272	1879
			2271	1879
			2270	1880
			2269	1881
			2268	1882
			2267	1883
			2266	1884
			2265	1885
			2264	1886
			2263	1887
			2262	1888
			2261	1889
			2260	1889
			2259	1890
			2258	1891
			2257	1891
			2256	1892
			2255	1893
			2254	1893
			2253	1894
			2252	1895
			2251	1895
			2250	1896
			2249	1896
			2248	1897
			2247	1898
			2246	1898
			2246	1899
			2245	1899
			2244	1900
			2243	1900
			2242	1901
			2241	1902
			2240	1902
			2240	1903
			2239	1903
			2238	1903
			2238	1904
			2237	1904
			2236	1905
			2235	1905
			2234	1906
			2233	1907
			2232	1907
			2231	1908
			2230	1908
			2229	1909
			2228	1909
			2227	1910
		</Outline4>
	</curves.pixel>
	<curves.scaled type=list>
		<Outline1 type=matrix rownames=FALSE colnames=FALSE nrow=218 ncol=2 as.numeric=TRUE >
			32.8899591972405	-28.2082721449166
			32.8751904683688	-28.2082721449166
			32.8604217394971	-28.2082721449166
			32.8456530106254	-28.2082721449166
			32.8308842817537	-28.2230408737883
			32.8161155528821	-28.2230408737883
			32.8013468240104	-28.2230408737883
			32.7865780951387	-28.2230408737883
			32.771809366267	-28.2230408737883
			32.7570406373953	-28.2230408737883
			32.7422719085236	-28.2230408737883
			32.727503179652	-28.2230408737883
			32.7127344507803	-28.2230408737883
			32.6979657219086	-28.2230408737883
			32.6831969930369	-28.23780960266
			32.6684282641652	-28.23780960266
			32.6536595352935	-28.23780960266
			32.6388908064218	-28.23780960266
			32.6241220775502	-28.23780960266
			32.6093533486785	-28.23780960266
			32.5945846198068	-28.23780960266
			32.5798158909351	-28.23780960266
			32.5650471620634	-28.23780960266
			32.5502784331917	-28.23780960266
			32.5355097043201	-28.23780960266
			32.5207409754484	-28.23780960266
			32.5059722465767	-28.23780960266
			32.491203517705	-28.23780960266
			32.4764347888333	-28.23780960266
			32.4616660599616	-28.23780960266
			32.44689733109	-28.23780960266
			32.4321286022183	-28.2230408737883
			32.4173598733466	-28.2230408737883
			32.4025911444749	-28.2230408737883
			32.3878224156032	-28.2230408737883
			32.3730536867315	-28.2230408737883
			32.3582849578599	-28.2082721449166
			32.3435162289882	-28.2082721449166
			32.3287475001165	-28.2082721449166
			32.3139787712448	-28.2082721449166
			32.2992100423731	-28.1935034160449
			32.2844413135014	-28.1935034160449
			32.2696725846297	-28.1935034160449
			32.2549038557581	-28.1787346871733
			32.2401351268864	-28.1787346871733
			32.2253663980147	-28.1787346871733
			32.210597669143	-28.1787346871733
			32.1958289402713	-28.1639659583016
			32.1810602113996	-28.1639659583016
			32.166291482528	-28.1639659583016
			32.1515227536563	-28.1491972294299
			32.1367540247846	-28.1491972294299
			32.1219852959129	-28.1491972294299
			32.1072165670412	-28.1344285005582
			32.0924478381695	-28.1344285005582
			32.0776791092979	-28.1196597716865
			32.0629103804262	-28.1196597716865
			32.0481416515545	-28.1048910428148
			32.0333729226828	-28.1048910428148
			32.0186041938111	-28.0901223139431
			32.0038354649394	-28.0901223139431
			31.9890667360677	-28.0753535850715
			31.9742980071961	-28.0753535850715
			31.9595292783244	-28.0605848561998
			31.9447605494527	-28.0458161273281
			31.929991820581	-28.0310473984564
			31.9152230917093	-28.0162786695847
			31.9004543628376	-28.001509940713
			31.885685633966	-28.001509940713
			31.8709169050943	-27.9867412118414
			31.8561481762226	-27.9719724829697
			31.8413794473509	-27.957203754098
			31.8266107184792	-27.9424350252263
			31.8118419896075	-27.9276662963546
			31.7970732607359	-27.9128975674829
			31.7823045318642	-27.8981288386113
			31.7823045318642	-27.8833601097396
			31.7675358029925	-27.8685913808679
			31.7527670741208	-27.8538226519962
			31.7379983452491	-27.8390539231245
			31.7379983452491	-27.8242851942528
			31.7232296163774	-27.8095164653812
			31.7232296163774	-27.7947477365095
			31.7232296163774	-27.7799790076378
			31.7232296163774	-27.7652102787661
			31.7232296163774	-27.7504415498944
			31.7084608875058	-27.7504415498944
			31.7084608875058	-27.7356728210227
			31.7084608875058	-27.720904092151
			31.7084608875058	-27.7061353632794
			31.6936921586341	-27.6913666344077
			31.6936921586341	-27.676597905536
			31.6936921586341	-27.6618291766643
			31.6789234297624	-27.6470604477926
			31.6789234297624	-27.6322917189209
			31.6789234297624	-27.6175229900493
			31.6789234297624	-27.6027542611776
			31.6641547008907	-27.5879855323059
			31.6641547008907	-27.5732168034342
			31.6641547008907	-27.5584480745625
			31.649385972019	-27.5436793456908
			31.649385972019	-27.5289106168192
			31.649385972019	-27.5141418879475
			31.6346172431473	-27.4993731590758
			31.6346172431473	-27.4846044302041
			31.6346172431473	-27.4698357013324
			31.6346172431473	-27.4550669724607
			31.6198485142756	-27.4550669724607
			31.6198485142756	-27.440298243589
			31.6198485142756	-27.4255295147174
			31.6198485142756	-27.4107607858457
			31.6198485142756	-27.395992056974
			31.6198485142756	-27.3812233281023
			31.605079785404	-27.3664545992306
			31.605079785404	-27.3516858703589
			31.605079785404	-27.3369171414873
			31.605079785404	-27.3221484126156
			31.605079785404	-27.3073796837439
			31.605079785404	-27.2926109548722
			31.605079785404	-27.2778422260005
			31.5903110565323	-27.2630734971288
			31.5903110565323	-27.2483047682572
			31.5903110565323	-27.2335360393855
			31.5903110565323	-27.2187673105138
			31.5903110565323	-27.2039985816421
			31.5903110565323	-27.1892298527704
			31.5755423276606	-27.1744611238987
			31.5755423276606	-27.1596923950271
			31.5755423276606	-27.1449236661554
			31.5755423276606	-27.1301549372837
			31.5755423276606	-27.115386208412
			31.5755423276606	-27.1006174795403
			31.5607735987889	-27.1006174795403
			31.5607735987889	-27.0858487506686
			31.5607735987889	-27.0710800217969
			31.5607735987889	-27.0563112929253
			31.5607735987889	-27.0415425640536
			31.5607735987889	-27.0267738351819
			31.5460048699172	-27.0120051063102
			31.5460048699172	-26.9972363774385
			31.5460048699172	-26.9824676485668
			31.5460048699172	-26.9676989196952
			31.5460048699172	-26.9529301908235
			31.5460048699172	-26.9381614619518
			31.5460048699172	-26.9233927330801
			31.5460048699172	-26.9086240042084
			31.5460048699172	-26.8938552753367
			31.5312361410455	-26.8790865464651
			31.5312361410455	-26.8643178175934
			31.5312361410455	-26.8495490887217
			31.5312361410455	-26.83478035985
			31.5312361410455	-26.8200116309783
			31.5312361410455	-26.8052429021066
			31.5312361410455	-26.7904741732349
			31.5312361410455	-26.7757054443633
			31.5312361410455	-26.7609367154916
			31.5312361410455	-26.7461679866199
			31.5312361410455	-26.7313992577482
			31.5164674121739	-26.7166305288765
			31.5164674121739	-26.7018618000048
			31.5164674121739	-26.6870930711332
			31.5164674121739	-26.6723243422615
			31.5164674121739	-26.6575556133898
			31.5164674121739	-26.6427868845181
			31.5164674121739	-26.6280181556464
			31.5164674121739	-26.6132494267747
			31.5164674121739	-26.5984806979031
			31.5016986833022	-26.5837119690314
			31.5016986833022	-26.5689432401597
			31.5016986833022	-26.554174511288
			31.5016986833022	-26.5394057824163
			31.5016986833022	-26.5246370535446
			31.5016986833022	-26.509868324673
			31.5016986833022	-26.4950995958013
			31.5016986833022	-26.4803308669296
			31.5016986833022	-26.4655621380579
			31.5016986833022	-26.4507934091862
			31.5164674121739	-26.4360246803145
			31.5164674121739	-26.4212559514428
			31.5164674121739	-26.4064872225712
			31.5164674121739	-26.3917184936995
			31.5164674121739	-26.3769497648278
			31.5164674121739	-26.3621810359561
			31.5164674121739	-26.3474123070844
			31.5164674121739	-26.3326435782127
			31.5164674121739	-26.3178748493411
			31.5164674121739	-26.3031061204694
			31.5164674121739	-26.2883373915977
			31.5312361410455	-26.2883373915977
			31.5312361410455	-26.273568662726
			31.5312361410455	-26.2587999338543
			31.5312361410455	-26.2440312049826
			31.5312361410455	-26.229262476111
			31.5312361410455	-26.2144937472393
			31.5312361410455	-26.1997250183676
			31.5312361410455	-26.1849562894959
			31.5312361410455	-26.1701875606242
			31.5460048699172	-26.1554188317525
			31.5460048699172	-26.1406501028808
			31.5460048699172	-26.1258813740092
			31.5460048699172	-26.1111126451375
			31.5460048699172	-26.0963439162658
			31.5460048699172	-26.0815751873941
			31.5460048699172	-26.0668064585224
			31.5460048699172	-26.0520377296507
			31.5460048699172	-26.0372690007791
			31.5607735987889	-26.0225002719074
			31.5607735987889	-26.0077315430357
			31.5607735987889	-25.992962814164
			31.5607735987889	-25.9781940852923
			31.5607735987889	-25.9634253564206
			31.5607735987889	-25.948656627549
			31.5607735987889	-25.9338878986773
			31.5607735987889	-25.9191191698056
			31.5755423276606	-25.9043504409339
			31.5755423276606	-25.8895817120622
			31.5755423276606	-25.8748129831905
			31.5755423276606	-25.8600442543189
		</Outline1>
		<Outline2 type=matrix rownames=FALSE colnames=FALSE nrow=214 ncol=2 as.numeric=TRUE >
			31.5755423276606	-25.8600442543189
			31.5755423276606	-25.8452755254472
			31.5755423276606	-25.8305067965755
			31.5903110565323	-25.8157380677038
			31.5903110565323	-25.8009693388321
			31.5903110565323	-25.7862006099604
			31.5903110565323	-25.7714318810887
			31.605079785404	-25.7566631522171
			31.605079785404	-25.7418944233454
			31.605079785404	-25.7271256944737
			31.605079785404	-25.712356965602
			31.6198485142756	-25.6975882367303
			31.6198485142756	-25.6828195078586
			31.6198485142756	-25.668050778987
			31.6198485142756	-25.6532820501153
			31.6198485142756	-25.6385133212436
			31.6346172431473	-25.6237445923719
			31.6346172431473	-25.6089758635002
			31.6346172431473	-25.5942071346285
			31.6346172431473	-25.5794384057569
			31.649385972019	-25.5646696768852
			31.649385972019	-25.5499009480135
			31.649385972019	-25.5351322191418
			31.649385972019	-25.5203634902701
			31.649385972019	-25.5055947613984
			31.649385972019	-25.4908260325267
			31.6641547008907	-25.4760573036551
			31.6641547008907	-25.4612885747834
			31.6641547008907	-25.4465198459117
			31.6641547008907	-25.43175111704
			31.6641547008907	-25.4169823881683
			31.6641547008907	-25.4022136592966
			31.6789234297624	-25.387444930425
			31.6789234297624	-25.3726762015533
			31.6789234297624	-25.3579074726816
			31.6789234297624	-25.3431387438099
			31.6789234297624	-25.3283700149382
			31.6789234297624	-25.3136012860665
			31.6789234297624	-25.2988325571949
			31.6936921586341	-25.2988325571949
			31.6936921586341	-25.2840638283232
			31.6936921586341	-25.2692950994515
			31.6936921586341	-25.2545263705798
			31.6936921586341	-25.2397576417081
			31.6936921586341	-25.2249889128364
			31.7084608875058	-25.2102201839648
			31.7084608875058	-25.1954514550931
			31.7084608875058	-25.1806827262214
			31.7084608875058	-25.1659139973497
			31.7084608875058	-25.151145268478
			31.7232296163774	-25.1363765396063
			31.7232296163774	-25.1216078107346
			31.7232296163774	-25.106839081863
			31.7232296163774	-25.0920703529913
			31.7232296163774	-25.0773016241196
			31.7232296163774	-25.0625328952479
			31.7379983452491	-25.0477641663762
			31.7379983452491	-25.0329954375045
			31.7379983452491	-25.0182267086329
			31.7379983452491	-25.0034579797612
			31.7379983452491	-24.9886892508895
			31.7379983452491	-24.9739205220178
			31.7379983452491	-24.9591517931461
			31.7527670741208	-24.9443830642744
			31.7527670741208	-24.9296143354028
			31.7527670741208	-24.9148456065311
			31.7527670741208	-24.9000768776594
			31.7527670741208	-24.8853081487877
			31.7527670741208	-24.870539419916
			31.7527670741208	-24.8557706910443
			31.7527670741208	-24.8410019621726
			31.7527670741208	-24.826233233301
			31.7675358029925	-24.8114645044293
			31.7675358029925	-24.7966957755576
			31.7675358029925	-24.7819270466859
			31.7675358029925	-24.7671583178142
			31.7675358029925	-24.7523895889425
			31.7675358029925	-24.7376208600709
			31.7675358029925	-24.7228521311992
			31.7675358029925	-24.7080834023275
			31.7675358029925	-24.6933146734558
			31.7823045318642	-24.6785459445841
			31.7823045318642	-24.6637772157124
			31.7823045318642	-24.6490084868408
			31.7823045318642	-24.6342397579691
			31.7823045318642	-24.6194710290974
			31.7970732607359	-24.6047023002257
			31.7970732607359	-24.589933571354
			31.7970732607359	-24.5751648424823
			31.7970732607359	-24.5603961136107
			31.7970732607359	-24.545627384739
			31.8118419896075	-24.5308586558673
			31.8118419896075	-24.5160899269956
			31.8118419896075	-24.5013211981239
			31.8118419896075	-24.4865524692522
			31.8118419896075	-24.4717837403805
			31.8266107184792	-24.4570150115089
			31.8266107184792	-24.4422462826372
			31.8266107184792	-24.4274775537655
			31.8266107184792	-24.4127088248938
			31.8266107184792	-24.3979400960221
			31.8413794473509	-24.3979400960221
			31.8413794473509	-24.3831713671504
			31.8413794473509	-24.3684026382788
			31.8413794473509	-24.3536339094071
			31.8413794473509	-24.3388651805354
			31.8561481762226	-24.3240964516637
			31.8561481762226	-24.309327722792
			31.8561481762226	-24.2945589939203
			31.8561481762226	-24.2797902650487
			31.8709169050943	-24.265021536177
			31.8709169050943	-24.2502528073053
			31.8709169050943	-24.2354840784336
			31.885685633966	-24.2207153495619
			31.885685633966	-24.2059466206902
			31.885685633966	-24.1911778918185
			31.9004543628376	-24.1764091629469
			31.9004543628376	-24.1616404340752
			31.9152230917093	-24.1468717052035
			31.9152230917093	-24.1321029763318
			31.929991820581	-24.1321029763318
			31.929991820581	-24.1173342474601
			31.929991820581	-24.1025655185884
			31.9447605494527	-24.0877967897168
			31.9447605494527	-24.0730280608451
			31.9595292783244	-24.0582593319734
			31.9595292783244	-24.0434906031017
			31.9742980071961	-24.0434906031017
			31.9890667360677	-24.02872187423
			31.9890667360677	-24.0139531453583
			32.0038354649394	-23.9991844164867
			32.0186041938111	-23.9991844164867
			32.0333729226828	-23.9991844164867
			32.0333729226828	-23.984415687615
			32.0481416515545	-23.984415687615
			32.0629103804262	-23.9696469587433
			32.0776791092979	-23.9696469587433
			32.0924478381695	-23.9696469587433
			32.0924478381695	-23.9548782298716
			32.1072165670412	-23.9548782298716
			32.1219852959129	-23.9548782298716
			32.1367540247846	-23.9401095009999
			32.1515227536563	-23.9401095009999
			32.166291482528	-23.9253407721282
			32.1810602113996	-23.9253407721282
			32.1958289402713	-23.9253407721282
			32.210597669143	-23.9105720432566
			32.2253663980147	-23.9105720432566
			32.2401351268864	-23.9105720432566
			32.2549038557581	-23.9105720432566
			32.2696725846297	-23.8958033143849
			32.2844413135014	-23.8958033143849
			32.2992100423731	-23.8958033143849
			32.3139787712448	-23.8958033143849
			32.3287475001165	-23.8958033143849
			32.3435162289882	-23.8958033143849
			32.3582849578599	-23.8810345855132
			32.3730536867315	-23.8810345855132
			32.3878224156032	-23.8810345855132
			32.4025911444749	-23.8810345855132
			32.4173598733466	-23.8810345855132
			32.4321286022183	-23.8810345855132
			32.44689733109	-23.8810345855132
			32.4616660599616	-23.8662658566415
			32.4764347888333	-23.8662658566415
			32.491203517705	-23.8662658566415
			32.5059722465767	-23.8662658566415
			32.5207409754484	-23.8662658566415
			32.5355097043201	-23.8662658566415
			32.5502784331917	-23.8662658566415
			32.5650471620634	-23.8662658566415
			32.5798158909351	-23.8662658566415
			32.5798158909351	-23.8514971277698
			32.5945846198068	-23.8514971277698
			32.6093533486785	-23.8514971277698
			32.6241220775502	-23.8514971277698
			32.6388908064218	-23.8514971277698
			32.6536595352935	-23.8514971277698
			32.6684282641652	-23.8367283988981
			32.6831969930369	-23.8367283988981
			32.6979657219086	-23.8367283988981
			32.7127344507803	-23.8367283988981
			32.727503179652	-23.8367283988981
			32.7422719085236	-23.8219596700264
			32.7570406373953	-23.8219596700264
			32.771809366267	-23.8219596700264
			32.7865780951387	-23.8219596700264
			32.8013468240104	-23.8071909411548
			32.8161155528821	-23.8071909411548
			32.8308842817537	-23.7924222122831
			32.8456530106254	-23.7924222122831
			32.8604217394971	-23.7776534834114
			32.8751904683688	-23.7776534834114
			32.8899591972405	-23.7628847545397
			32.9047279261122	-23.7628847545397
			32.9047279261122	-23.748116025668
			32.9194966549838	-23.748116025668
			32.9342653838555	-23.7333472967963
			32.9490341127272	-23.7333472967963
			32.9638028415989	-23.7333472967963
			32.9638028415989	-23.7185785679247
			32.9785715704706	-23.7185785679247
			32.9933402993423	-23.703809839053
			32.9933402993423	-23.6890411101813
			33.008109028214	-23.6890411101813
			33.008109028214	-23.6742723813096
			33.0228777570856	-23.6595036524379
			33.0376464859573	-23.6447349235662
			33.052415214829	-23.6299661946946
			33.0671839437007	-23.6151974658229
			33.0819526725724	-23.6004287369512
			33.0967214014441	-23.5856600080795
			33.1114901303157	-23.5708912792078
			33.1262588591874	-23.5561225503361
		</Outline2>
		<Outline3 type=matrix rownames=FALSE colnames=FALSE nrow=212 ncol=2 as.numeric=TRUE >
			33.1262588591874	-23.5561225503361
			33.1410275880591	-23.5561225503361
			33.1410275880591	-23.5413538214644
			33.1557963169308	-23.5413538214644
			33.1705650458025	-23.5265850925928
			33.1853337746742	-23.5265850925928
			33.2001025035458	-23.5118163637211
			33.2148712324175	-23.5118163637211
			33.2296399612892	-23.5118163637211
			33.2444086901609	-23.5118163637211
			33.2444086901609	-23.4970476348494
			33.2591774190326	-23.4970476348494
			33.2739461479043	-23.4970476348494
			33.2887148767759	-23.4970476348494
			33.2887148767759	-23.4822789059777
			33.3034836056476	-23.4822789059777
			33.3182523345193	-23.4822789059777
			33.333021063391	-23.4822789059777
			33.3477897922627	-23.4822789059777
			33.3625585211344	-23.467510177106
			33.3773272500061	-23.467510177106
			33.3920959788777	-23.467510177106
			33.4068647077494	-23.467510177106
			33.4216334366211	-23.467510177106
			33.4364021654928	-23.467510177106
			33.4511708943645	-23.467510177106
			33.4659396232362	-23.467510177106
			33.4807083521078	-23.4822789059777
			33.4954770809795	-23.4822789059777
			33.5102458098512	-23.4822789059777
			33.5250145387229	-23.4822789059777
			33.5397832675946	-23.4822789059777
			33.5397832675946	-23.4970476348494
			33.5545519964663	-23.4970476348494
			33.5693207253379	-23.4970476348494
			33.5840894542096	-23.4970476348494
			33.5988581830813	-23.5118163637211
			33.613626911953	-23.5118163637211
			33.6283956408247	-23.5118163637211
			33.6283956408247	-23.5265850925928
			33.6431643696964	-23.5265850925928
			33.6579330985681	-23.5413538214644
			33.6727018274397	-23.5413538214644
			33.6874705563114	-23.5561225503361
			33.7022392851831	-23.5708912792078
			33.7170080140548	-23.5708912792078
			33.7317767429265	-23.5856600080795
			33.7465454717982	-23.6004287369512
			33.7465454717982	-23.6151974658229
			33.7613142006698	-23.6299661946946
			33.7760829295415	-23.6447349235662
			33.7908516584132	-23.6595036524379
			33.7908516584132	-23.6742723813096
			33.8056203872849	-23.6890411101813
			33.8203891161566	-23.703809839053
			33.8351578450283	-23.7185785679247
			33.8499265738999	-23.7333472967963
			33.8499265738999	-23.748116025668
			33.8646953027716	-23.7628847545397
			33.8646953027716	-23.7776534834114
			33.8794640316433	-23.7924222122831
			33.894232760515	-23.8071909411548
			33.9090014893867	-23.8219596700264
			33.9090014893867	-23.8367283988981
			33.9237702182584	-23.8514971277698
			33.9237702182584	-23.8662658566415
			33.93853894713	-23.8810345855132
			33.93853894713	-23.8958033143849
			33.9533076760017	-23.9105720432566
			33.9533076760017	-23.9253407721282
			33.9680764048734	-23.9401095009999
			33.9828451337451	-23.9548782298716
			33.9828451337451	-23.9696469587433
			33.9976138626168	-23.984415687615
			33.9976138626168	-23.9991844164867
			33.9976138626168	-24.0139531453583
			34.0123825914885	-24.02872187423
			34.0123825914885	-24.0434906031017
			34.0271513203602	-24.0582593319734
			34.0271513203602	-24.0730280608451
			34.0419200492318	-24.0877967897168
			34.0419200492318	-24.1025655185884
			34.0419200492318	-24.1173342474601
			34.0566887781035	-24.1321029763318
			34.0714575069752	-24.1468717052035
			34.0714575069752	-24.1616404340752
			34.0862262358469	-24.1764091629469
			34.0862262358469	-24.1911778918185
			34.0862262358469	-24.2059466206902
			34.1009949647186	-24.2207153495619
			34.1009949647186	-24.2354840784336
			34.1157636935903	-24.2502528073053
			34.1157636935903	-24.265021536177
			34.1157636935903	-24.2797902650487
			34.1305324224619	-24.2797902650487
			34.1305324224619	-24.2945589939203
			34.1305324224619	-24.309327722792
			34.1453011513336	-24.3240964516637
			34.1453011513336	-24.3388651805354
			34.1600698802053	-24.3536339094071
			34.1600698802053	-24.3684026382788
			34.1600698802053	-24.3831713671504
			34.174838609077	-24.3979400960221
			34.174838609077	-24.4127088248938
			34.174838609077	-24.4274775537655
			34.1896073379487	-24.4422462826372
			34.1896073379487	-24.4570150115089
			34.2043760668204	-24.4717837403805
			34.2043760668204	-24.4865524692522
			34.219144795692	-24.5013211981239
			34.219144795692	-24.5160899269956
			34.219144795692	-24.5308586558673
			34.2339135245637	-24.545627384739
			34.2339135245637	-24.5603961136107
			34.2339135245637	-24.5751648424823
			34.2486822534354	-24.589933571354
			34.2486822534354	-24.6047023002257
			34.2486822534354	-24.6194710290974
			34.2486822534354	-24.6342397579691
			34.2634509823071	-24.6490084868408
			34.2634509823071	-24.6637772157124
			34.2634509823071	-24.6785459445841
			34.2634509823071	-24.6933146734558
			34.2782197111788	-24.7080834023275
			34.2782197111788	-24.7228521311992
			34.2782197111788	-24.7376208600709
			34.2782197111788	-24.7523895889425
			34.2929884400505	-24.7671583178142
			34.2929884400505	-24.7819270466859
			34.2929884400505	-24.7966957755576
			34.2929884400505	-24.8114645044293
			34.3077571689222	-24.826233233301
			34.3077571689222	-24.8410019621726
			34.3077571689222	-24.8557706910443
			34.3077571689222	-24.870539419916
			34.3225258977938	-24.8853081487877
			34.3225258977938	-24.9000768776594
			34.3225258977938	-24.9148456065311
			34.3225258977938	-24.9296143354028
			34.3225258977938	-24.9443830642744
			34.3372946266655	-24.9591517931461
			34.3372946266655	-24.9739205220178
			34.3372946266655	-24.9886892508895
			34.3372946266655	-25.0034579797612
			34.3520633555372	-25.0182267086329
			34.3520633555372	-25.0329954375045
			34.3520633555372	-25.0477641663762
			34.3520633555372	-25.0625328952479
			34.3668320844089	-25.0773016241196
			34.3668320844089	-25.0920703529913
			34.3668320844089	-25.106839081863
			34.3668320844089	-25.1216078107346
			34.3668320844089	-25.1363765396063
			34.3668320844089	-25.151145268478
			34.3816008132806	-25.1659139973497
			34.3816008132806	-25.1806827262214
			34.3816008132806	-25.1954514550931
			34.3816008132806	-25.2102201839648
			34.3816008132806	-25.2249889128364
			34.3816008132806	-25.2397576417081
			34.3816008132806	-25.2545263705798
			34.3816008132806	-25.2692950994515
			34.3963695421523	-25.2840638283232
			34.3963695421523	-25.2988325571949
			34.3963695421523	-25.3136012860665
			34.3963695421523	-25.3283700149382
			34.3963695421523	-25.3431387438099
			34.3963695421523	-25.3579074726816
			34.3963695421523	-25.3726762015533
			34.3963695421523	-25.387444930425
			34.3963695421523	-25.4022136592966
			34.3963695421523	-25.4169823881683
			34.3963695421523	-25.43175111704
			34.3963695421523	-25.4465198459117
			34.3963695421523	-25.4612885747834
			34.3963695421523	-25.4760573036551
			34.3963695421523	-25.4908260325267
			34.3963695421523	-25.5055947613984
			34.3963695421523	-25.5203634902701
			34.3963695421523	-25.5351322191418
			34.3963695421523	-25.5499009480135
			34.3963695421523	-25.5646696768852
			34.3963695421523	-25.5794384057569
			34.3963695421523	-25.5942071346285
			34.3963695421523	-25.6089758635002
			34.3963695421523	-25.6237445923719
			34.3816008132806	-25.6385133212436
			34.3816008132806	-25.6532820501153
			34.3816008132806	-25.668050778987
			34.3816008132806	-25.6828195078586
			34.3816008132806	-25.6975882367303
			34.3816008132806	-25.712356965602
			34.3816008132806	-25.7271256944737
			34.3816008132806	-25.7418944233454
			34.3816008132806	-25.7566631522171
			34.3816008132806	-25.7714318810887
			34.3816008132806	-25.7862006099604
			34.3816008132806	-25.8009693388321
			34.3816008132806	-25.8157380677038
			34.3816008132806	-25.8305067965755
			34.3816008132806	-25.8452755254472
			34.3668320844089	-25.8600442543189
			34.3668320844089	-25.8748129831905
			34.3668320844089	-25.8895817120622
			34.3668320844089	-25.9043504409339
			34.3668320844089	-25.9191191698056
			34.3668320844089	-25.9338878986773
			34.3668320844089	-25.948656627549
			34.3520633555372	-25.9634253564206
			34.3520633555372	-25.9781940852923
			34.3520633555372	-25.992962814164
			34.3520633555372	-26.0077315430357
		</Outline3>
		<Outline4 type=matrix rownames=FALSE colnames=FALSE nrow=173 ncol=2 as.numeric=TRUE >
			34.3520633555372	-26.0077315430357
			34.3520633555372	-26.0225002719074
			34.3520633555372	-26.0372690007791
			34.3372946266655	-26.0520377296507
			34.3372946266655	-26.0668064585224
			34.3372946266655	-26.0815751873941
			34.3372946266655	-26.0963439162658
			34.3372946266655	-26.1111126451375
			34.3225258977938	-26.1258813740092
			34.3225258977938	-26.1406501028808
			34.3225258977938	-26.1554188317525
			34.3225258977938	-26.1701875606242
			34.3225258977938	-26.1849562894959
			34.3077571689222	-26.1997250183676
			34.3077571689222	-26.2144937472393
			34.3077571689222	-26.229262476111
			34.3077571689222	-26.2440312049826
			34.2929884400505	-26.2587999338543
			34.2929884400505	-26.273568662726
			34.2929884400505	-26.2883373915977
			34.2929884400505	-26.3031061204694
			34.2782197111788	-26.3178748493411
			34.2782197111788	-26.3326435782127
			34.2782197111788	-26.3474123070844
			34.2782197111788	-26.3621810359561
			34.2782197111788	-26.3769497648278
			34.2634509823071	-26.3769497648278
			34.2634509823071	-26.3917184936995
			34.2634509823071	-26.4064872225712
			34.2634509823071	-26.4212559514428
			34.2486822534354	-26.4360246803145
			34.2486822534354	-26.4507934091862
			34.2486822534354	-26.4655621380579
			34.2486822534354	-26.4803308669296
			34.2339135245637	-26.4950995958013
			34.2339135245637	-26.509868324673
			34.2339135245637	-26.5246370535446
			34.219144795692	-26.5394057824163
			34.219144795692	-26.554174511288
			34.219144795692	-26.5689432401597
			34.2043760668204	-26.5837119690314
			34.2043760668204	-26.5984806979031
			34.1896073379487	-26.6132494267747
			34.1896073379487	-26.6280181556464
			34.1896073379487	-26.6427868845181
			34.174838609077	-26.6575556133898
			34.174838609077	-26.6723243422615
			34.1600698802053	-26.6870930711332
			34.1600698802053	-26.7018618000048
			34.1600698802053	-26.7166305288765
			34.1600698802053	-26.7313992577482
			34.1453011513336	-26.7313992577482
			34.1453011513336	-26.7461679866199
			34.1453011513336	-26.7609367154916
			34.1305324224619	-26.7757054443633
			34.1305324224619	-26.7904741732349
			34.1305324224619	-26.8052429021066
			34.1157636935903	-26.8200116309783
			34.1157636935903	-26.83478035985
			34.1157636935903	-26.8495490887217
			34.1009949647186	-26.8643178175934
			34.1009949647186	-26.8790865464651
			34.1009949647186	-26.8938552753367
			34.0862262358469	-26.9086240042084
			34.0862262358469	-26.9233927330801
			34.0862262358469	-26.9381614619518
			34.0714575069752	-26.9529301908235
			34.0714575069752	-26.9676989196952
			34.0714575069752	-26.9824676485668
			34.0566887781035	-26.9824676485668
			34.0566887781035	-26.9972363774385
			34.0566887781035	-27.0120051063102
			34.0566887781035	-27.0267738351819
			34.0419200492318	-27.0415425640536
			34.0419200492318	-27.0563112929253
			34.0419200492318	-27.0710800217969
			34.0271513203602	-27.0858487506686
			34.0271513203602	-27.1006174795403
			34.0271513203602	-27.115386208412
			34.0123825914885	-27.1301549372837
			34.0123825914885	-27.1449236661554
			33.9976138626168	-27.1596923950271
			33.9976138626168	-27.1744611238987
			33.9828451337451	-27.1892298527704
			33.9680764048734	-27.2039985816421
			33.9680764048734	-27.2187673105138
			33.9533076760017	-27.2335360393855
			33.9533076760017	-27.2483047682572
			33.93853894713	-27.2630734971288
			33.9237702182584	-27.2778422260005
			33.9237702182584	-27.2926109548722
			33.9090014893867	-27.3073796837439
			33.9090014893867	-27.3221484126156
			33.894232760515	-27.3369171414873
			33.894232760515	-27.3516858703589
			33.8794640316433	-27.3664545992306
			33.8646953027716	-27.3812233281023
			33.8646953027716	-27.395992056974
			33.8499265738999	-27.4107607858457
			33.8499265738999	-27.4255295147174
			33.8351578450283	-27.440298243589
			33.8203891161566	-27.4550669724607
			33.8203891161566	-27.4698357013324
			33.8056203872849	-27.4846044302041
			33.7908516584132	-27.4846044302041
			33.7908516584132	-27.4993731590758
			33.7760829295415	-27.5141418879475
			33.7760829295415	-27.5289106168192
			33.7613142006698	-27.5436793456908
			33.7465454717982	-27.5584480745625
			33.7317767429265	-27.5732168034342
			33.7170080140548	-27.5879855323059
			33.7022392851831	-27.6027542611776
			33.6874705563114	-27.6175229900493
			33.6727018274397	-27.6175229900493
			33.6579330985681	-27.6322917189209
			33.6431643696964	-27.6470604477926
			33.6431643696964	-27.6618291766643
			33.6283956408247	-27.676597905536
			33.613626911953	-27.6913666344077
			33.5988581830813	-27.6913666344077
			33.5840894542096	-27.7061353632794
			33.5693207253379	-27.720904092151
			33.5545519964663	-27.7356728210227
			33.5545519964663	-27.7504415498944
			33.5397832675946	-27.7504415498944
			33.5250145387229	-27.7652102787661
			33.5102458098512	-27.7799790076378
			33.4954770809795	-27.7947477365095
			33.4807083521078	-27.8095164653812
			33.4659396232362	-27.8242851942528
			33.4511708943645	-27.8390539231245
			33.4364021654928	-27.8538226519962
			33.4216334366211	-27.8685913808679
			33.4068647077494	-27.8833601097396
			33.3920959788777	-27.8981288386113
			33.3773272500061	-27.8981288386113
			33.3625585211344	-27.9128975674829
			33.3477897922627	-27.9276662963546
			33.333021063391	-27.9276662963546
			33.3182523345193	-27.9424350252263
			33.3034836056476	-27.957203754098
			33.2887148767759	-27.957203754098
			33.2739461479043	-27.9719724829697
			33.2591774190326	-27.9867412118414
			33.2444086901609	-27.9867412118414
			33.2296399612892	-28.001509940713
			33.2148712324175	-28.001509940713
			33.2001025035458	-28.0162786695847
			33.1853337746742	-28.0310473984564
			33.1705650458025	-28.0310473984564
			33.1705650458025	-28.0458161273281
			33.1557963169308	-28.0458161273281
			33.1410275880591	-28.0605848561998
			33.1262588591874	-28.0605848561998
			33.1114901303157	-28.0753535850715
			33.0967214014441	-28.0901223139431
			33.0819526725724	-28.0901223139431
			33.0819526725724	-28.1048910428148
			33.0671839437007	-28.1048910428148
			33.052415214829	-28.1048910428148
			33.052415214829	-28.1196597716865
			33.0376464859573	-28.1196597716865
			33.0228777570856	-28.1344285005582
			33.008109028214	-28.1344285005582
			32.9933402993423	-28.1491972294299
			32.9785715704706	-28.1639659583016
			32.9638028415989	-28.1639659583016
			32.9490341127272	-28.1787346871733
			32.9342653838555	-28.1787346871733
			32.9194966549838	-28.1935034160449
			32.9047279261122	-28.1935034160449
			32.8899591972405	-28.2082721449166
		</Outline4>
	</curves.scaled>
	<ruler.points type=matrix rownames=TRUE colnames=FALSE nrow=2 ncol=2 as.numeric=TRUE >
		Ruler point 1	3507	2494
		Ruler point 2	2830	2506
	</ruler.points>
</shapes>

