<shapes type=list>
	<ruler.pixel type=vector names=FALSE length=1 as.numeric=TRUE >1062.0018832375</ruler.pixel>
	<ruler.interval type=vector names=FALSE length=1 as.numeric=TRUE >10</ruler.interval>
	<scaling.units type=vector names=FALSE length=1 as.numeric=FALSE >mm</scaling.units>
	<scaling type=vector names=FALSE length=1 as.numeric=TRUE >0.00941617915922626</scaling>
	<landmarks.pixel type=matrix rownames=TRUE colnames=FALSE nrow=4 ncol=2 as.numeric=TRUE >
		Labial	2466	1361
		Posterior	2382	1330
		Lingual	2430	1254
		Anterior	2516	1288
	</landmarks.pixel>
	<landmarks.scaled type=matrix rownames=TRUE colnames=FALSE nrow=4 ncol=2 as.numeric=TRUE >
		Labial	23.2202978066519	-12.8154198357069
		Posterior	22.4293387572769	-12.5235182817709
		Lingual	22.8813153569198	-11.8078886656697
		Anterior	23.6911067646133	-12.1280387570834
	</landmarks.scaled>
	<curves.control type=list>
		<Outline1 type=matrix rownames=FALSE colnames=FALSE nrow=15 ncol=2 as.numeric=TRUE >
			2466	1361
			2460	1362
			2454	1367
			2448	1374
			2441	1379
			2433	1384
			2423	1387
			2413	1388
			2404	1386
			2396	1383
			2390	1378
			2385	1372
			2381	1365
			2379	1357
			2382	1330
		</Outline1>
		<Outline2 type=matrix rownames=FALSE colnames=FALSE nrow=11 ncol=2 as.numeric=TRUE >
			2382	1330
			2383	1320
			2385	1309
			2387	1299
			2389	1289
			2392	1280
			2397	1272
			2402	1265
			2410	1261
			2419	1256
			2430	1254
		</Outline2>
		<Outline3 type=matrix rownames=FALSE colnames=FALSE nrow=15 ncol=2 as.numeric=TRUE >
			2430	1254
			2439	1252
			2447	1249
			2457	1246
			2466	1244
			2475	1243
			2486	1244
			2495	1246
			2501	1250
			2507	1255
			2512	1262
			2515	1271
			2516	1277
			2516	1282
			2516	1288
		</Outline3>
		<Outline4 type=matrix rownames=FALSE colnames=FALSE nrow=13 ncol=2 as.numeric=TRUE >
			2516	1288
			2517	1295
			2518	1303
			2518	1311
			2518	1321
			2516	1328
			2512	1337
			2508	1344
			2503	1349
			2496	1353
			2488	1358
			2481	1360
			2466	1361
		</Outline4>
	</curves.control>
	<curves.pixel type=list>
		<Outline1 type=matrix rownames=FALSE colnames=FALSE nrow=126 ncol=2 as.numeric=TRUE >
			2466	1361
			2465	1361
			2464	1361
			2463	1362
			2462	1362
			2461	1363
			2460	1363
			2459	1364
			2458	1364
			2457	1365
			2456	1365
			2455	1366
			2454	1367
			2453	1368
			2453	1369
			2452	1370
			2451	1371
			2450	1371
			2449	1372
			2448	1373
			2447	1374
			2446	1375
			2445	1376
			2444	1377
			2443	1377
			2442	1378
			2441	1379
			2440	1380
			2439	1380
			2438	1381
			2437	1381
			2436	1382
			2435	1382
			2434	1383
			2433	1383
			2432	1384
			2431	1384
			2430	1384
			2429	1385
			2428	1385
			2427	1386
			2426	1386
			2425	1386
			2424	1387
			2423	1387
			2422	1387
			2421	1387
			2420	1387
			2419	1387
			2418	1387
			2417	1387
			2416	1387
			2415	1387
			2414	1387
			2413	1387
			2412	1387
			2411	1387
			2410	1387
			2409	1387
			2408	1387
			2407	1387
			2406	1386
			2405	1386
			2404	1386
			2403	1386
			2402	1385
			2401	1385
			2400	1384
			2399	1384
			2398	1383
			2397	1383
			2396	1382
			2395	1382
			2394	1381
			2393	1380
			2392	1379
			2391	1379
			2390	1378
			2389	1377
			2388	1376
			2388	1375
			2387	1374
			2386	1373
			2386	1372
			2385	1371
			2384	1370
			2384	1369
			2383	1368
			2382	1367
			2382	1366
			2381	1365
			2381	1364
			2381	1363
			2380	1362
			2380	1361
			2380	1360
			2380	1359
			2380	1358
			2380	1357
			2380	1356
			2380	1355
			2380	1354
			2380	1353
			2380	1352
			2380	1351
			2380	1350
			2380	1349
			2380	1348
			2380	1347
			2381	1346
			2381	1345
			2381	1344
			2381	1343
			2381	1342
			2381	1341
			2381	1340
			2381	1339
			2381	1338
			2381	1337
			2381	1336
			2381	1335
			2382	1334
			2382	1333
			2382	1332
			2382	1331
			2382	1330
		</Outline1>
		<Outline2 type=matrix rownames=FALSE colnames=FALSE nrow=96 ncol=2 as.numeric=TRUE >
			2382	1330
			2382	1329
			2382	1328
			2382	1327
			2382	1326
			2383	1325
			2383	1324
			2383	1323
			2383	1322
			2383	1321
			2383	1320
			2383	1319
			2384	1318
			2384	1317
			2384	1316
			2384	1315
			2384	1314
			2384	1313
			2384	1312
			2385	1311
			2385	1310
			2385	1309
			2385	1308
			2385	1307
			2386	1306
			2386	1305
			2386	1304
			2386	1303
			2386	1302
			2387	1301
			2387	1300
			2387	1299
			2387	1298
			2387	1297
			2388	1296
			2388	1295
			2388	1294
			2388	1293
			2388	1292
			2389	1291
			2389	1290
			2389	1289
			2389	1288
			2390	1287
			2390	1286
			2390	1285
			2391	1285
			2391	1284
			2391	1283
			2392	1282
			2392	1281
			2393	1280
			2393	1279
			2394	1278
			2394	1277
			2395	1276
			2395	1275
			2396	1274
			2397	1273
			2397	1272
			2398	1271
			2399	1270
			2399	1269
			2400	1268
			2401	1267
			2402	1267
			2403	1266
			2403	1265
			2404	1265
			2405	1264
			2406	1263
			2407	1263
			2408	1262
			2409	1262
			2410	1261
			2411	1260
			2412	1260
			2413	1259
			2414	1259
			2415	1259
			2415	1258
			2416	1258
			2417	1258
			2418	1257
			2419	1257
			2420	1257
			2421	1256
			2422	1256
			2423	1256
			2424	1255
			2425	1255
			2426	1255
			2427	1255
			2428	1254
			2429	1254
			2430	1254
		</Outline2>
		<Outline3 type=matrix rownames=FALSE colnames=FALSE nrow=113 ncol=2 as.numeric=TRUE >
			2430	1254
			2431	1254
			2432	1254
			2433	1253
			2434	1253
			2435	1253
			2436	1252
			2437	1252
			2438	1252
			2439	1252
			2440	1251
			2441	1251
			2442	1251
			2443	1250
			2444	1250
			2445	1250
			2446	1249
			2447	1249
			2448	1249
			2449	1248
			2450	1248
			2451	1248
			2452	1247
			2453	1247
			2454	1247
			2455	1247
			2456	1247
			2457	1246
			2458	1246
			2459	1246
			2460	1245
			2461	1245
			2462	1245
			2463	1245
			2464	1244
			2465	1244
			2466	1244
			2467	1244
			2468	1244
			2469	1244
			2470	1244
			2471	1244
			2472	1244
			2473	1244
			2474	1244
			2475	1244
			2476	1244
			2477	1244
			2478	1244
			2479	1244
			2480	1244
			2481	1244
			2482	1244
			2483	1244
			2484	1244
			2485	1244
			2486	1244
			2487	1244
			2488	1244
			2489	1245
			2490	1245
			2491	1245
			2492	1246
			2493	1246
			2494	1246
			2495	1247
			2496	1247
			2497	1248
			2498	1248
			2499	1249
			2500	1249
			2501	1250
			2502	1251
			2503	1252
			2504	1252
			2505	1253
			2505	1254
			2506	1255
			2507	1256
			2508	1257
			2509	1258
			2510	1259
			2510	1260
			2511	1261
			2512	1262
			2512	1263
			2513	1264
			2513	1265
			2513	1266
			2513	1267
			2514	1267
			2514	1268
			2514	1269
			2514	1270
			2515	1271
			2515	1272
			2515	1273
			2515	1274
			2516	1274
			2516	1275
			2516	1276
			2516	1277
			2516	1278
			2516	1279
			2516	1280
			2516	1281
			2516	1282
			2516	1283
			2516	1284
			2516	1285
			2516	1286
			2516	1287
			2516	1288
		</Outline3>
		<Outline4 type=matrix rownames=FALSE colnames=FALSE nrow=103 ncol=2 as.numeric=TRUE >
			2516	1288
			2516	1289
			2516	1290
			2516	1291
			2517	1292
			2517	1293
			2517	1294
			2517	1295
			2517	1296
			2517	1297
			2517	1298
			2518	1299
			2518	1300
			2518	1301
			2518	1302
			2518	1303
			2518	1304
			2518	1305
			2518	1306
			2518	1307
			2518	1308
			2518	1309
			2518	1310
			2518	1311
			2518	1312
			2518	1313
			2518	1314
			2518	1315
			2518	1316
			2518	1317
			2518	1318
			2518	1319
			2518	1320
			2518	1321
			2518	1322
			2517	1323
			2517	1324
			2517	1325
			2516	1326
			2516	1327
			2516	1328
			2515	1329
			2515	1330
			2515	1331
			2514	1332
			2514	1333
			2513	1334
			2513	1335
			2512	1336
			2512	1337
			2511	1338
			2511	1339
			2510	1340
			2510	1341
			2509	1341
			2509	1342
			2508	1343
			2508	1344
			2507	1344
			2507	1345
			2506	1346
			2505	1346
			2505	1347
			2504	1348
			2503	1349
			2502	1350
			2501	1350
			2500	1351
			2499	1351
			2498	1352
			2497	1353
			2496	1353
			2495	1354
			2494	1354
			2493	1355
			2492	1356
			2491	1356
			2490	1357
			2489	1357
			2488	1358
			2487	1358
			2486	1359
			2485	1359
			2484	1359
			2483	1359
			2482	1359
			2481	1359
			2481	1360
			2480	1360
			2479	1360
			2478	1360
			2477	1360
			2476	1360
			2475	1360
			2474	1360
			2473	1360
			2472	1360
			2471	1361
			2470	1361
			2469	1361
			2468	1361
			2467	1361
			2466	1361
		</Outline4>
	</curves.pixel>
	<curves.scaled type=list>
		<Outline1 type=matrix rownames=FALSE colnames=FALSE nrow=126 ncol=2 as.numeric=TRUE >
			23.2202978066519	-12.8154198357069
			23.2108816274927	-12.8154198357069
			23.2014654483335	-12.8154198357069
			23.1920492691743	-12.8248360148662
			23.182633090015	-12.8248360148662
			23.1732169108558	-12.8342521940254
			23.1638007316966	-12.8342521940254
			23.1543845525374	-12.8436683731846
			23.1449683733781	-12.8436683731846
			23.1355521942189	-12.8530845523438
			23.1261360150597	-12.8530845523438
			23.1167198359005	-12.8625007315031
			23.1073036567412	-12.8719169106623
			23.097887477582	-12.8813330898215
			23.097887477582	-12.8907492689807
			23.0884712984228	-12.90016544814
			23.0790551192636	-12.9095816272992
			23.0696389401043	-12.9095816272992
			23.0602227609451	-12.9189978064584
			23.0508065817859	-12.9284139856177
			23.0413904026267	-12.9378301647769
			23.0319742234674	-12.9472463439361
			23.0225580443082	-12.9566625230953
			23.013141865149	-12.9660787022546
			23.0037256859897	-12.9660787022546
			22.9943095068305	-12.9754948814138
			22.9848933276713	-12.984911060573
			22.9754771485121	-12.9943272397322
			22.9660609693528	-12.9943272397322
			22.9566447901936	-13.0037434188915
			22.9472286110344	-13.0037434188915
			22.9378124318752	-13.0131595980507
			22.9283962527159	-13.0131595980507
			22.9189800735567	-13.0225757772099
			22.9095638943975	-13.0225757772099
			22.9001477152383	-13.0319919563691
			22.890731536079	-13.0319919563691
			22.8813153569198	-13.0319919563691
			22.8718991777606	-13.0414081355284
			22.8624829986014	-13.0414081355284
			22.8530668194421	-13.0508243146876
			22.8436506402829	-13.0508243146876
			22.8342344611237	-13.0508243146876
			22.8248182819644	-13.0602404938468
			22.8154021028052	-13.0602404938468
			22.805985923646	-13.0602404938468
			22.7965697444868	-13.0602404938468
			22.7871535653275	-13.0602404938468
			22.7777373861683	-13.0602404938468
			22.7683212070091	-13.0602404938468
			22.7589050278499	-13.0602404938468
			22.7494888486906	-13.0602404938468
			22.7400726695314	-13.0602404938468
			22.7306564903722	-13.0602404938468
			22.721240311213	-13.0602404938468
			22.7118241320537	-13.0602404938468
			22.7024079528945	-13.0602404938468
			22.6929917737353	-13.0602404938468
			22.6835755945761	-13.0602404938468
			22.6741594154168	-13.0602404938468
			22.6647432362576	-13.0602404938468
			22.6553270570984	-13.0508243146876
			22.6459108779391	-13.0508243146876
			22.6364946987799	-13.0508243146876
			22.6270785196207	-13.0508243146876
			22.6176623404615	-13.0414081355284
			22.6082461613022	-13.0414081355284
			22.598829982143	-13.0319919563691
			22.5894138029838	-13.0319919563691
			22.5799976238246	-13.0225757772099
			22.5705814446653	-13.0225757772099
			22.5611652655061	-13.0131595980507
			22.5517490863469	-13.0131595980507
			22.5423329071877	-13.0037434188915
			22.5329167280284	-12.9943272397322
			22.5235005488692	-12.984911060573
			22.51408436971	-12.984911060573
			22.5046681905508	-12.9754948814138
			22.4952520113915	-12.9660787022546
			22.4858358322323	-12.9566625230953
			22.4858358322323	-12.9472463439361
			22.4764196530731	-12.9378301647769
			22.4670034739138	-12.9284139856177
			22.4670034739138	-12.9189978064584
			22.4575872947546	-12.9095816272992
			22.4481711155954	-12.90016544814
			22.4481711155954	-12.8907492689807
			22.4387549364362	-12.8813330898215
			22.4293387572769	-12.8719169106623
			22.4293387572769	-12.8625007315031
			22.4199225781177	-12.8530845523438
			22.4199225781177	-12.8436683731846
			22.4199225781177	-12.8342521940254
			22.4105063989585	-12.8248360148662
			22.4105063989585	-12.8154198357069
			22.4105063989585	-12.8060036565477
			22.4105063989585	-12.7965874773885
			22.4105063989585	-12.7871712982293
			22.4105063989585	-12.77775511907
			22.4105063989585	-12.7683389399108
			22.4105063989585	-12.7589227607516
			22.4105063989585	-12.7495065815924
			22.4105063989585	-12.7400904024331
			22.4105063989585	-12.7306742232739
			22.4105063989585	-12.7212580441147
			22.4105063989585	-12.7118418649554
			22.4105063989585	-12.7024256857962
			22.4105063989585	-12.693009506637
			22.4105063989585	-12.6835933274778
			22.4199225781177	-12.6741771483185
			22.4199225781177	-12.6647609691593
			22.4199225781177	-12.6553447900001
			22.4199225781177	-12.6459286108409
			22.4199225781177	-12.6365124316816
			22.4199225781177	-12.6270962525224
			22.4199225781177	-12.6176800733632
			22.4199225781177	-12.608263894204
			22.4199225781177	-12.5988477150447
			22.4199225781177	-12.5894315358855
			22.4199225781177	-12.5800153567263
			22.4199225781177	-12.5705991775671
			22.4293387572769	-12.5611829984078
			22.4293387572769	-12.5517668192486
			22.4293387572769	-12.5423506400894
			22.4293387572769	-12.5329344609301
			22.4293387572769	-12.5235182817709
		</Outline1>
		<Outline2 type=matrix rownames=FALSE colnames=FALSE nrow=96 ncol=2 as.numeric=TRUE >
			22.4293387572769	-12.5235182817709
			22.4293387572769	-12.5141021026117
			22.4293387572769	-12.5046859234525
			22.4293387572769	-12.4952697442932
			22.4293387572769	-12.485853565134
			22.4387549364362	-12.4764373859748
			22.4387549364362	-12.4670212068156
			22.4387549364362	-12.4576050276563
			22.4387549364362	-12.4481888484971
			22.4387549364362	-12.4387726693379
			22.4387549364362	-12.4293564901787
			22.4387549364362	-12.4199403110194
			22.4481711155954	-12.4105241318602
			22.4481711155954	-12.401107952701
			22.4481711155954	-12.3916917735418
			22.4481711155954	-12.3822755943825
			22.4481711155954	-12.3728594152233
			22.4481711155954	-12.3634432360641
			22.4481711155954	-12.3540270569048
			22.4575872947546	-12.3446108777456
			22.4575872947546	-12.3351946985864
			22.4575872947546	-12.3257785194272
			22.4575872947546	-12.3163623402679
			22.4575872947546	-12.3069461611087
			22.4670034739138	-12.2975299819495
			22.4670034739138	-12.2881138027903
			22.4670034739138	-12.278697623631
			22.4670034739138	-12.2692814444718
			22.4670034739138	-12.2598652653126
			22.4764196530731	-12.2504490861534
			22.4764196530731	-12.2410329069941
			22.4764196530731	-12.2316167278349
			22.4764196530731	-12.2222005486757
			22.4764196530731	-12.2127843695165
			22.4858358322323	-12.2033681903572
			22.4858358322323	-12.193952011198
			22.4858358322323	-12.1845358320388
			22.4858358322323	-12.1751196528796
			22.4858358322323	-12.1657034737203
			22.4952520113915	-12.1562872945611
			22.4952520113915	-12.1468711154019
			22.4952520113915	-12.1374549362426
			22.4952520113915	-12.1280387570834
			22.5046681905508	-12.1186225779242
			22.5046681905508	-12.109206398765
			22.5046681905508	-12.0997902196057
			22.51408436971	-12.0997902196057
			22.51408436971	-12.0903740404465
			22.51408436971	-12.0809578612873
			22.5235005488692	-12.0715416821281
			22.5235005488692	-12.0621255029688
			22.5329167280284	-12.0527093238096
			22.5329167280284	-12.0432931446504
			22.5423329071877	-12.0338769654912
			22.5423329071877	-12.0244607863319
			22.5517490863469	-12.0150446071727
			22.5517490863469	-12.0056284280135
			22.5611652655061	-11.9962122488543
			22.5705814446653	-11.986796069695
			22.5705814446653	-11.9773798905358
			22.5799976238246	-11.9679637113766
			22.5894138029838	-11.9585475322173
			22.5894138029838	-11.9491313530581
			22.598829982143	-11.9397151738989
			22.6082461613022	-11.9302989947397
			22.6176623404615	-11.9302989947397
			22.6270785196207	-11.9208828155804
			22.6270785196207	-11.9114666364212
			22.6364946987799	-11.9114666364212
			22.6459108779391	-11.902050457262
			22.6553270570984	-11.8926342781028
			22.6647432362576	-11.8926342781028
			22.6741594154168	-11.8832180989435
			22.6835755945761	-11.8832180989435
			22.6929917737353	-11.8738019197843
			22.7024079528945	-11.8643857406251
			22.7118241320537	-11.8643857406251
			22.721240311213	-11.8549695614659
			22.7306564903722	-11.8549695614659
			22.7400726695314	-11.8549695614659
			22.7400726695314	-11.8455533823066
			22.7494888486906	-11.8455533823066
			22.7589050278499	-11.8455533823066
			22.7683212070091	-11.8361372031474
			22.7777373861683	-11.8361372031474
			22.7871535653275	-11.8361372031474
			22.7965697444868	-11.8267210239882
			22.805985923646	-11.8267210239882
			22.8154021028052	-11.8267210239882
			22.8248182819644	-11.817304844829
			22.8342344611237	-11.817304844829
			22.8436506402829	-11.817304844829
			22.8530668194421	-11.817304844829
			22.8624829986014	-11.8078886656697
			22.8718991777606	-11.8078886656697
			22.8813153569198	-11.8078886656697
		</Outline2>
		<Outline3 type=matrix rownames=FALSE colnames=FALSE nrow=113 ncol=2 as.numeric=TRUE >
			22.8813153569198	-11.8078886656697
			22.890731536079	-11.8078886656697
			22.9001477152383	-11.8078886656697
			22.9095638943975	-11.7984724865105
			22.9189800735567	-11.7984724865105
			22.9283962527159	-11.7984724865105
			22.9378124318752	-11.7890563073513
			22.9472286110344	-11.7890563073513
			22.9566447901936	-11.7890563073513
			22.9660609693528	-11.7890563073513
			22.9754771485121	-11.779640128192
			22.9848933276713	-11.779640128192
			22.9943095068305	-11.779640128192
			23.0037256859897	-11.7702239490328
			23.013141865149	-11.7702239490328
			23.0225580443082	-11.7702239490328
			23.0319742234674	-11.7608077698736
			23.0413904026267	-11.7608077698736
			23.0508065817859	-11.7608077698736
			23.0602227609451	-11.7513915907144
			23.0696389401043	-11.7513915907144
			23.0790551192636	-11.7513915907144
			23.0884712984228	-11.7419754115551
			23.097887477582	-11.7419754115551
			23.1073036567412	-11.7419754115551
			23.1167198359005	-11.7419754115551
			23.1261360150597	-11.7419754115551
			23.1355521942189	-11.7325592323959
			23.1449683733781	-11.7325592323959
			23.1543845525374	-11.7325592323959
			23.1638007316966	-11.7231430532367
			23.1732169108558	-11.7231430532367
			23.182633090015	-11.7231430532367
			23.1920492691743	-11.7231430532367
			23.2014654483335	-11.7137268740775
			23.2108816274927	-11.7137268740775
			23.2202978066519	-11.7137268740775
			23.2297139858112	-11.7137268740775
			23.2391301649704	-11.7137268740775
			23.2485463441296	-11.7137268740775
			23.2579625232889	-11.7137268740775
			23.2673787024481	-11.7137268740775
			23.2767948816073	-11.7137268740775
			23.2862110607665	-11.7137268740775
			23.2956272399258	-11.7137268740775
			23.305043419085	-11.7137268740775
			23.3144595982442	-11.7137268740775
			23.3238757774034	-11.7137268740775
			23.3332919565627	-11.7137268740775
			23.3427081357219	-11.7137268740775
			23.3521243148811	-11.7137268740775
			23.3615404940403	-11.7137268740775
			23.3709566731996	-11.7137268740775
			23.3803728523588	-11.7137268740775
			23.389789031518	-11.7137268740775
			23.3992052106772	-11.7137268740775
			23.4086213898365	-11.7137268740775
			23.4180375689957	-11.7137268740775
			23.4274537481549	-11.7137268740775
			23.4368699273142	-11.7231430532367
			23.4462861064734	-11.7231430532367
			23.4557022856326	-11.7231430532367
			23.4651184647918	-11.7325592323959
			23.4745346439511	-11.7325592323959
			23.4839508231103	-11.7325592323959
			23.4933670022695	-11.7419754115551
			23.5027831814287	-11.7419754115551
			23.512199360588	-11.7513915907144
			23.5216155397472	-11.7513915907144
			23.5310317189064	-11.7608077698736
			23.5404478980656	-11.7608077698736
			23.5498640772249	-11.7702239490328
			23.5592802563841	-11.779640128192
			23.5686964355433	-11.7890563073513
			23.5781126147025	-11.7890563073513
			23.5875287938618	-11.7984724865105
			23.5875287938618	-11.8078886656697
			23.596944973021	-11.817304844829
			23.6063611521802	-11.8267210239882
			23.6157773313395	-11.8361372031474
			23.6251935104987	-11.8455533823066
			23.6346096896579	-11.8549695614659
			23.6346096896579	-11.8643857406251
			23.6440258688171	-11.8738019197843
			23.6534420479764	-11.8832180989435
			23.6534420479764	-11.8926342781028
			23.6628582271356	-11.902050457262
			23.6628582271356	-11.9114666364212
			23.6628582271356	-11.9208828155804
			23.6628582271356	-11.9302989947397
			23.6722744062948	-11.9302989947397
			23.6722744062948	-11.9397151738989
			23.6722744062948	-11.9491313530581
			23.6722744062948	-11.9585475322173
			23.681690585454	-11.9679637113766
			23.681690585454	-11.9773798905358
			23.681690585454	-11.986796069695
			23.681690585454	-11.9962122488543
			23.6911067646133	-11.9962122488543
			23.6911067646133	-12.0056284280135
			23.6911067646133	-12.0150446071727
			23.6911067646133	-12.0244607863319
			23.6911067646133	-12.0338769654912
			23.6911067646133	-12.0432931446504
			23.6911067646133	-12.0527093238096
			23.6911067646133	-12.0621255029688
			23.6911067646133	-12.0715416821281
			23.6911067646133	-12.0809578612873
			23.6911067646133	-12.0903740404465
			23.6911067646133	-12.0997902196057
			23.6911067646133	-12.109206398765
			23.6911067646133	-12.1186225779242
			23.6911067646133	-12.1280387570834
		</Outline3>
		<Outline4 type=matrix rownames=FALSE colnames=FALSE nrow=103 ncol=2 as.numeric=TRUE >
			23.6911067646133	-12.1280387570834
			23.6911067646133	-12.1374549362426
			23.6911067646133	-12.1468711154019
			23.6911067646133	-12.1562872945611
			23.7005229437725	-12.1657034737203
			23.7005229437725	-12.1751196528796
			23.7005229437725	-12.1845358320388
			23.7005229437725	-12.193952011198
			23.7005229437725	-12.2033681903572
			23.7005229437725	-12.2127843695165
			23.7005229437725	-12.2222005486757
			23.7099391229317	-12.2316167278349
			23.7099391229317	-12.2410329069941
			23.7099391229317	-12.2504490861534
			23.7099391229317	-12.2598652653126
			23.7099391229317	-12.2692814444718
			23.7099391229317	-12.278697623631
			23.7099391229317	-12.2881138027903
			23.7099391229317	-12.2975299819495
			23.7099391229317	-12.3069461611087
			23.7099391229317	-12.3163623402679
			23.7099391229317	-12.3257785194272
			23.7099391229317	-12.3351946985864
			23.7099391229317	-12.3446108777456
			23.7099391229317	-12.3540270569048
			23.7099391229317	-12.3634432360641
			23.7099391229317	-12.3728594152233
			23.7099391229317	-12.3822755943825
			23.7099391229317	-12.3916917735418
			23.7099391229317	-12.401107952701
			23.7099391229317	-12.4105241318602
			23.7099391229317	-12.4199403110194
			23.7099391229317	-12.4293564901787
			23.7099391229317	-12.4387726693379
			23.7099391229317	-12.4481888484971
			23.7005229437725	-12.4576050276563
			23.7005229437725	-12.4670212068156
			23.7005229437725	-12.4764373859748
			23.6911067646133	-12.485853565134
			23.6911067646133	-12.4952697442932
			23.6911067646133	-12.5046859234525
			23.681690585454	-12.5141021026117
			23.681690585454	-12.5235182817709
			23.681690585454	-12.5329344609301
			23.6722744062948	-12.5423506400894
			23.6722744062948	-12.5517668192486
			23.6628582271356	-12.5611829984078
			23.6628582271356	-12.5705991775671
			23.6534420479764	-12.5800153567263
			23.6534420479764	-12.5894315358855
			23.6440258688171	-12.5988477150447
			23.6440258688171	-12.608263894204
			23.6346096896579	-12.6176800733632
			23.6346096896579	-12.6270962525224
			23.6251935104987	-12.6270962525224
			23.6251935104987	-12.6365124316816
			23.6157773313395	-12.6459286108409
			23.6157773313395	-12.6553447900001
			23.6063611521802	-12.6553447900001
			23.6063611521802	-12.6647609691593
			23.596944973021	-12.6741771483185
			23.5875287938618	-12.6741771483185
			23.5875287938618	-12.6835933274778
			23.5781126147025	-12.693009506637
			23.5686964355433	-12.7024256857962
			23.5592802563841	-12.7118418649554
			23.5498640772249	-12.7118418649554
			23.5404478980656	-12.7212580441147
			23.5310317189064	-12.7212580441147
			23.5216155397472	-12.7306742232739
			23.512199360588	-12.7400904024331
			23.5027831814287	-12.7400904024331
			23.4933670022695	-12.7495065815924
			23.4839508231103	-12.7495065815924
			23.4745346439511	-12.7589227607516
			23.4651184647918	-12.7683389399108
			23.4557022856326	-12.7683389399108
			23.4462861064734	-12.77775511907
			23.4368699273142	-12.77775511907
			23.4274537481549	-12.7871712982293
			23.4180375689957	-12.7871712982293
			23.4086213898365	-12.7965874773885
			23.3992052106772	-12.7965874773885
			23.389789031518	-12.7965874773885
			23.3803728523588	-12.7965874773885
			23.3709566731996	-12.7965874773885
			23.3615404940403	-12.7965874773885
			23.3615404940403	-12.8060036565477
			23.3521243148811	-12.8060036565477
			23.3427081357219	-12.8060036565477
			23.3332919565627	-12.8060036565477
			23.3238757774034	-12.8060036565477
			23.3144595982442	-12.8060036565477
			23.305043419085	-12.8060036565477
			23.2956272399258	-12.8060036565477
			23.2862110607665	-12.8060036565477
			23.2767948816073	-12.8060036565477
			23.2673787024481	-12.8154198357069
			23.2579625232889	-12.8154198357069
			23.2485463441296	-12.8154198357069
			23.2391301649704	-12.8154198357069
			23.2297139858112	-12.8154198357069
			23.2202978066519	-12.8154198357069
		</Outline4>
	</curves.scaled>
	<ruler.points type=matrix rownames=TRUE colnames=FALSE nrow=2 ncol=2 as.numeric=TRUE >
		Ruler point 1	2958	2414
		Ruler point 2	1896	2412
	</ruler.points>
</shapes>

