<shapes type=list>
	<ruler.pixel type=vector names=FALSE length=1 as.numeric=TRUE >685.01167873256</ruler.pixel>
	<ruler.interval type=vector names=FALSE length=1 as.numeric=TRUE >10</ruler.interval>
	<scaling.units type=vector names=FALSE length=1 as.numeric=FALSE >mm</scaling.units>
	<scaling type=vector names=FALSE length=1 as.numeric=TRUE >0.0145982912561468</scaling>
	<landmarks.pixel type=matrix rownames=TRUE colnames=FALSE nrow=4 ncol=2 as.numeric=TRUE >
		Labial	2465	1644
		Posterior	2381	1599
		Lingual	2432	1520
		Anterior	2522	1560
	</landmarks.pixel>
	<landmarks.scaled type=matrix rownames=TRUE colnames=FALSE nrow=4 ncol=2 as.numeric=TRUE >
		Labial	35.984787946402	-23.9995908251054
		Posterior	34.7585314808856	-23.3426677185788
		Lingual	35.5030443349491	-22.1894027093432
		Anterior	36.8168905480023	-22.7733343595891
	</landmarks.scaled>
	<curves.control type=list>
		<Outline1 type=matrix rownames=FALSE colnames=FALSE nrow=13 ncol=2 as.numeric=TRUE >
			2465	1644
			2457	1647
			2448	1650
			2438	1654
			2429	1656
			2421	1657
			2413	1656
			2405	1654
			2399	1649
			2394	1644
			2389	1639
			2386	1634
			2381	1599
		</Outline1>
		<Outline2 type=matrix rownames=FALSE colnames=FALSE nrow=15 ncol=2 as.numeric=TRUE >
			2381	1599
			2380	1587
			2379	1575
			2378	1563
			2378	1553
			2379	1545
			2382	1537
			2387	1531
			2392	1528
			2399	1526
			2406	1525
			2413	1524
			2421	1522
			2426	1521
			2432	1520
		</Outline2>
		<Outline3 type=matrix rownames=FALSE colnames=FALSE nrow=13 ncol=2 as.numeric=TRUE >
			2432	1520
			2440	1518
			2450	1517
			2460	1517
			2469	1519
			2478	1522
			2486	1526
			2496	1530
			2504	1536
			2511	1542
			2516	1546
			2520	1552
			2522	1560
		</Outline3>
		<Outline4 type=matrix rownames=FALSE colnames=FALSE nrow=13 ncol=2 as.numeric=TRUE >
			2522	1560
			2523	1567
			2523	1577
			2523	1586
			2521	1595
			2517	1607
			2510	1615
			2501	1622
			2493	1627
			2485	1634
			2477	1638
			2472	1641
			2465	1644
		</Outline4>
	</curves.control>
	<curves.pixel type=list>
		<Outline1 type=matrix rownames=FALSE colnames=FALSE nrow=117 ncol=2 as.numeric=TRUE >
			2465	1644
			2464	1644
			2463	1645
			2462	1645
			2461	1645
			2460	1646
			2459	1646
			2458	1647
			2457	1647
			2456	1647
			2455	1648
			2454	1648
			2453	1648
			2452	1649
			2451	1649
			2450	1649
			2449	1650
			2448	1650
			2447	1650
			2446	1651
			2445	1651
			2444	1652
			2443	1652
			2442	1652
			2441	1653
			2440	1653
			2439	1653
			2438	1654
			2437	1654
			2436	1654
			2435	1655
			2434	1655
			2433	1655
			2432	1655
			2431	1655
			2430	1656
			2429	1656
			2428	1656
			2427	1656
			2426	1656
			2425	1656
			2424	1656
			2423	1656
			2422	1656
			2421	1656
			2420	1656
			2419	1656
			2418	1656
			2417	1656
			2416	1656
			2415	1656
			2414	1656
			2413	1656
			2412	1656
			2411	1655
			2410	1655
			2409	1655
			2408	1654
			2407	1654
			2406	1653
			2405	1653
			2404	1653
			2403	1652
			2402	1651
			2401	1650
			2400	1650
			2399	1649
			2398	1648
			2397	1647
			2396	1646
			2395	1645
			2394	1644
			2393	1643
			2392	1642
			2391	1641
			2390	1640
			2389	1639
			2389	1638
			2388	1637
			2388	1636
			2387	1635
			2387	1634
			2387	1633
			2387	1632
			2386	1631
			2386	1630
			2386	1629
			2386	1628
			2386	1627
			2385	1626
			2385	1625
			2385	1624
			2385	1623
			2385	1622
			2384	1621
			2384	1620
			2384	1619
			2384	1618
			2384	1617
			2384	1616
			2383	1615
			2383	1614
			2383	1613
			2383	1612
			2383	1611
			2383	1610
			2383	1609
			2382	1608
			2382	1607
			2382	1606
			2382	1605
			2382	1604
			2382	1603
			2381	1602
			2381	1601
			2381	1600
			2381	1599
		</Outline1>
		<Outline2 type=matrix rownames=FALSE colnames=FALSE nrow=117 ncol=2 as.numeric=TRUE >
			2381	1599
			2381	1598
			2381	1597
			2381	1596
			2381	1595
			2381	1594
			2381	1593
			2380	1592
			2380	1591
			2380	1590
			2380	1589
			2380	1588
			2380	1587
			2380	1586
			2380	1585
			2380	1584
			2380	1583
			2380	1582
			2379	1581
			2379	1580
			2379	1579
			2379	1578
			2379	1577
			2379	1576
			2379	1575
			2379	1574
			2379	1573
			2379	1572
			2379	1571
			2379	1570
			2379	1569
			2378	1568
			2378	1567
			2378	1566
			2378	1565
			2378	1564
			2378	1563
			2378	1562
			2378	1561
			2378	1560
			2378	1559
			2378	1558
			2378	1557
			2378	1556
			2378	1555
			2378	1554
			2378	1553
			2378	1552
			2378	1551
			2378	1550
			2379	1549
			2379	1548
			2379	1547
			2379	1546
			2379	1545
			2380	1544
			2380	1543
			2380	1542
			2381	1541
			2381	1540
			2381	1539
			2382	1538
			2382	1537
			2383	1536
			2384	1535
			2385	1534
			2386	1533
			2386	1532
			2387	1532
			2388	1531
			2389	1530
			2390	1530
			2390	1529
			2391	1529
			2392	1528
			2393	1528
			2394	1527
			2395	1527
			2396	1527
			2397	1527
			2398	1527
			2398	1526
			2399	1526
			2400	1526
			2401	1526
			2402	1526
			2403	1525
			2404	1525
			2405	1525
			2406	1525
			2407	1525
			2408	1525
			2409	1525
			2410	1524
			2411	1524
			2412	1524
			2413	1524
			2414	1524
			2415	1523
			2416	1523
			2417	1523
			2418	1523
			2419	1523
			2419	1522
			2420	1522
			2421	1522
			2422	1522
			2423	1522
			2424	1521
			2425	1521
			2426	1521
			2427	1521
			2428	1521
			2429	1520
			2430	1520
			2431	1520
			2432	1520
		</Outline2>
		<Outline3 type=matrix rownames=FALSE colnames=FALSE nrow=102 ncol=2 as.numeric=TRUE >
			2432	1520
			2433	1520
			2434	1520
			2435	1519
			2436	1519
			2437	1519
			2438	1519
			2439	1519
			2440	1518
			2441	1518
			2442	1518
			2443	1518
			2444	1518
			2445	1518
			2446	1517
			2447	1517
			2448	1517
			2449	1517
			2450	1517
			2451	1517
			2452	1517
			2453	1517
			2454	1517
			2455	1517
			2456	1517
			2457	1517
			2458	1517
			2459	1517
			2460	1517
			2460	1518
			2461	1518
			2462	1518
			2463	1518
			2464	1518
			2465	1518
			2466	1518
			2467	1519
			2468	1519
			2469	1519
			2470	1519
			2471	1520
			2472	1520
			2473	1521
			2474	1521
			2475	1521
			2476	1522
			2477	1522
			2478	1523
			2479	1523
			2480	1523
			2481	1524
			2482	1524
			2483	1525
			2484	1525
			2485	1526
			2486	1526
			2487	1526
			2488	1527
			2489	1527
			2490	1528
			2491	1528
			2492	1529
			2493	1529
			2494	1530
			2495	1530
			2496	1531
			2497	1531
			2498	1532
			2499	1532
			2500	1533
			2501	1534
			2502	1535
			2503	1535
			2504	1536
			2505	1537
			2506	1538
			2507	1538
			2507	1539
			2508	1540
			2509	1540
			2510	1541
			2511	1542
			2512	1543
			2513	1543
			2514	1544
			2514	1545
			2515	1545
			2516	1546
			2516	1547
			2517	1548
			2518	1549
			2519	1550
			2519	1551
			2519	1552
			2520	1553
			2520	1554
			2520	1555
			2521	1556
			2521	1557
			2521	1558
			2522	1559
			2522	1560
		</Outline3>
		<Outline4 type=matrix rownames=FALSE colnames=FALSE nrow=109 ncol=2 as.numeric=TRUE >
			2522	1560
			2522	1561
			2522	1562
			2522	1563
			2522	1564
			2523	1565
			2523	1566
			2523	1567
			2523	1568
			2523	1569
			2523	1570
			2523	1571
			2523	1572
			2523	1573
			2523	1574
			2523	1575
			2523	1576
			2523	1577
			2523	1578
			2523	1579
			2523	1580
			2523	1581
			2523	1582
			2523	1583
			2523	1584
			2523	1585
			2522	1586
			2522	1587
			2522	1588
			2522	1589
			2522	1590
			2522	1591
			2522	1592
			2521	1593
			2521	1594
			2521	1595
			2521	1596
			2520	1597
			2520	1598
			2519	1599
			2519	1600
			2519	1601
			2518	1602
			2518	1603
			2517	1604
			2517	1605
			2516	1606
			2516	1607
			2515	1608
			2514	1609
			2514	1610
			2513	1611
			2513	1612
			2512	1613
			2511	1613
			2511	1614
			2510	1615
			2509	1616
			2508	1616
			2508	1617
			2507	1618
			2506	1618
			2505	1619
			2504	1619
			2503	1620
			2503	1621
			2502	1621
			2501	1622
			2500	1622
			2499	1623
			2498	1623
			2498	1624
			2497	1625
			2496	1625
			2495	1626
			2494	1626
			2494	1627
			2493	1627
			2492	1628
			2491	1628
			2491	1629
			2490	1630
			2489	1630
			2488	1631
			2487	1632
			2486	1633
			2485	1633
			2484	1634
			2483	1635
			2482	1635
			2481	1636
			2480	1636
			2479	1637
			2478	1637
			2478	1638
			2477	1638
			2476	1638
			2476	1639
			2475	1639
			2474	1640
			2473	1640
			2472	1641
			2471	1641
			2470	1642
			2469	1642
			2468	1643
			2467	1643
			2466	1643
			2465	1644
		</Outline4>
	</curves.pixel>
	<curves.scaled type=list>
		<Outline1 type=matrix rownames=FALSE colnames=FALSE nrow=117 ncol=2 as.numeric=TRUE >
			35.984787946402	-23.9995908251054
			35.9701896551458	-23.9995908251054
			35.9555913638897	-24.0141891163616
			35.9409930726335	-24.0141891163616
			35.9263947813774	-24.0141891163616
			35.9117964901212	-24.0287874076177
			35.8971981988651	-24.0287874076177
			35.8825999076089	-24.0433856988738
			35.8680016163528	-24.0433856988738
			35.8534033250966	-24.0433856988738
			35.8388050338405	-24.05798399013
			35.8242067425844	-24.05798399013
			35.8096084513282	-24.05798399013
			35.7950101600721	-24.0725822813861
			35.7804118688159	-24.0725822813861
			35.7658135775598	-24.0725822813861
			35.7512152863036	-24.0871805726423
			35.7366169950475	-24.0871805726423
			35.7220187037913	-24.0871805726423
			35.7074204125352	-24.1017788638984
			35.692822121279	-24.1017788638984
			35.6782238300229	-24.1163771551546
			35.6636255387667	-24.1163771551546
			35.6490272475106	-24.1163771551546
			35.6344289562544	-24.1309754464107
			35.6198306649983	-24.1309754464107
			35.6052323737421	-24.1309754464107
			35.590634082486	-24.1455737376669
			35.5760357912299	-24.1455737376669
			35.5614374999737	-24.1455737376669
			35.5468392087176	-24.160172028923
			35.5322409174614	-24.160172028923
			35.5176426262053	-24.160172028923
			35.5030443349491	-24.160172028923
			35.488446043693	-24.160172028923
			35.4738477524368	-24.1747703201792
			35.4592494611807	-24.1747703201792
			35.4446511699245	-24.1747703201792
			35.4300528786684	-24.1747703201792
			35.4154545874122	-24.1747703201792
			35.4008562961561	-24.1747703201792
			35.3862580048999	-24.1747703201792
			35.3716597136438	-24.1747703201792
			35.3570614223877	-24.1747703201792
			35.3424631311315	-24.1747703201792
			35.3278648398754	-24.1747703201792
			35.3132665486192	-24.1747703201792
			35.2986682573631	-24.1747703201792
			35.2840699661069	-24.1747703201792
			35.2694716748508	-24.1747703201792
			35.2548733835946	-24.1747703201792
			35.2402750923385	-24.1747703201792
			35.2256768010823	-24.1747703201792
			35.2110785098262	-24.1747703201792
			35.19648021857	-24.160172028923
			35.1818819273139	-24.160172028923
			35.1672836360577	-24.160172028923
			35.1526853448016	-24.1455737376669
			35.1380870535454	-24.1455737376669
			35.1234887622893	-24.1309754464107
			35.1088904710332	-24.1309754464107
			35.094292179777	-24.1309754464107
			35.0796938885209	-24.1163771551546
			35.0650955972647	-24.1017788638984
			35.0504973060086	-24.0871805726423
			35.0358990147524	-24.0871805726423
			35.0213007234963	-24.0725822813861
			35.0067024322401	-24.05798399013
			34.992104140984	-24.0433856988738
			34.9775058497278	-24.0287874076177
			34.9629075584717	-24.0141891163616
			34.9483092672155	-23.9995908251054
			34.9337109759594	-23.9849925338493
			34.9191126847033	-23.9703942425931
			34.9045143934471	-23.955795951337
			34.889916102191	-23.9411976600808
			34.8753178109348	-23.9265993688247
			34.8753178109348	-23.9120010775685
			34.8607195196787	-23.8974027863124
			34.8607195196787	-23.8828044950562
			34.8461212284225	-23.8682062038001
			34.8461212284225	-23.8536079125439
			34.8461212284225	-23.8390096212878
			34.8461212284225	-23.8244113300316
			34.8315229371664	-23.8098130387755
			34.8315229371664	-23.7952147475194
			34.8315229371664	-23.7806164562632
			34.8315229371664	-23.7660181650071
			34.8315229371664	-23.7514198737509
			34.8169246459102	-23.7368215824948
			34.8169246459102	-23.7222232912386
			34.8169246459102	-23.7076249999825
			34.8169246459102	-23.6930267087263
			34.8169246459102	-23.6784284174702
			34.8023263546541	-23.663830126214
			34.8023263546541	-23.6492318349579
			34.8023263546541	-23.6346335437017
			34.8023263546541	-23.6200352524456
			34.8023263546541	-23.6054369611894
			34.8023263546541	-23.5908386699333
			34.7877280633979	-23.5762403786772
			34.7877280633979	-23.561642087421
			34.7877280633979	-23.5470437961649
			34.7877280633979	-23.5324455049087
			34.7877280633979	-23.5178472136526
			34.7877280633979	-23.5032489223964
			34.7877280633979	-23.4886506311403
			34.7731297721418	-23.4740523398841
			34.7731297721418	-23.459454048628
			34.7731297721418	-23.4448557573718
			34.7731297721418	-23.4302574661157
			34.7731297721418	-23.4156591748595
			34.7731297721418	-23.4010608836034
			34.7585314808856	-23.3864625923472
			34.7585314808856	-23.3718643010911
			34.7585314808856	-23.3572660098349
			34.7585314808856	-23.3426677185788
		</Outline1>
		<Outline2 type=matrix rownames=FALSE colnames=FALSE nrow=117 ncol=2 as.numeric=TRUE >
			34.7585314808856	-23.3426677185788
			34.7585314808856	-23.3280694273227
			34.7585314808856	-23.3134711360665
			34.7585314808856	-23.2988728448104
			34.7585314808856	-23.2842745535542
			34.7585314808856	-23.2696762622981
			34.7585314808856	-23.2550779710419
			34.7439331896295	-23.2404796797858
			34.7439331896295	-23.2258813885296
			34.7439331896295	-23.2112830972735
			34.7439331896295	-23.1966848060173
			34.7439331896295	-23.1820865147612
			34.7439331896295	-23.167488223505
			34.7439331896295	-23.1528899322489
			34.7439331896295	-23.1382916409927
			34.7439331896295	-23.1236933497366
			34.7439331896295	-23.1090950584805
			34.7439331896295	-23.0944967672243
			34.7293348983733	-23.0798984759682
			34.7293348983733	-23.065300184712
			34.7293348983733	-23.0507018934559
			34.7293348983733	-23.0361036021997
			34.7293348983733	-23.0215053109436
			34.7293348983733	-23.0069070196874
			34.7293348983733	-22.9923087284313
			34.7293348983733	-22.9777104371751
			34.7293348983733	-22.963112145919
			34.7293348983733	-22.9485138546628
			34.7293348983733	-22.9339155634067
			34.7293348983733	-22.9193172721505
			34.7293348983733	-22.9047189808944
			34.7147366071172	-22.8901206896382
			34.7147366071172	-22.8755223983821
			34.7147366071172	-22.860924107126
			34.7147366071172	-22.8463258158698
			34.7147366071172	-22.8317275246137
			34.7147366071172	-22.8171292333575
			34.7147366071172	-22.8025309421014
			34.7147366071172	-22.7879326508452
			34.7147366071172	-22.7733343595891
			34.7147366071172	-22.7587360683329
			34.7147366071172	-22.7441377770768
			34.7147366071172	-22.7295394858206
			34.7147366071172	-22.7149411945645
			34.7147366071172	-22.7003429033083
			34.7147366071172	-22.6857446120522
			34.7147366071172	-22.671146320796
			34.7147366071172	-22.6565480295399
			34.7147366071172	-22.6419497382838
			34.7147366071172	-22.6273514470276
			34.7293348983733	-22.6127531557715
			34.7293348983733	-22.5981548645153
			34.7293348983733	-22.5835565732592
			34.7293348983733	-22.568958282003
			34.7293348983733	-22.5543599907469
			34.7439331896295	-22.5397616994907
			34.7439331896295	-22.5251634082346
			34.7439331896295	-22.5105651169784
			34.7585314808856	-22.4959668257223
			34.7585314808856	-22.4813685344661
			34.7585314808856	-22.46677024321
			34.7731297721418	-22.4521719519538
			34.7731297721418	-22.4375736606977
			34.7877280633979	-22.4229753694416
			34.8023263546541	-22.4083770781854
			34.8169246459102	-22.3937787869293
			34.8315229371664	-22.3791804956731
			34.8315229371664	-22.364582204417
			34.8461212284225	-22.364582204417
			34.8607195196787	-22.3499839131608
			34.8753178109348	-22.3353856219047
			34.889916102191	-22.3353856219047
			34.889916102191	-22.3207873306485
			34.9045143934471	-22.3207873306485
			34.9191126847033	-22.3061890393924
			34.9337109759594	-22.3061890393924
			34.9483092672155	-22.2915907481362
			34.9629075584717	-22.2915907481362
			34.9775058497278	-22.2915907481362
			34.992104140984	-22.2915907481362
			35.0067024322401	-22.2915907481362
			35.0067024322401	-22.2769924568801
			35.0213007234963	-22.2769924568801
			35.0358990147524	-22.2769924568801
			35.0504973060086	-22.2769924568801
			35.0650955972647	-22.2769924568801
			35.0796938885209	-22.2623941656239
			35.094292179777	-22.2623941656239
			35.1088904710332	-22.2623941656239
			35.1234887622893	-22.2623941656239
			35.1380870535454	-22.2623941656239
			35.1526853448016	-22.2623941656239
			35.1672836360577	-22.2623941656239
			35.1818819273139	-22.2477958743678
			35.19648021857	-22.2477958743678
			35.2110785098262	-22.2477958743678
			35.2256768010823	-22.2477958743678
			35.2402750923385	-22.2477958743678
			35.2548733835946	-22.2331975831116
			35.2694716748508	-22.2331975831116
			35.2840699661069	-22.2331975831116
			35.2986682573631	-22.2331975831116
			35.3132665486192	-22.2331975831116
			35.3132665486192	-22.2185992918555
			35.3278648398754	-22.2185992918555
			35.3424631311315	-22.2185992918555
			35.3570614223877	-22.2185992918555
			35.3716597136438	-22.2185992918555
			35.3862580048999	-22.2040010005993
			35.4008562961561	-22.2040010005993
			35.4154545874122	-22.2040010005993
			35.4300528786684	-22.2040010005993
			35.4446511699245	-22.2040010005993
			35.4592494611807	-22.1894027093432
			35.4738477524368	-22.1894027093432
			35.488446043693	-22.1894027093432
			35.5030443349491	-22.1894027093432
		</Outline2>
		<Outline3 type=matrix rownames=FALSE colnames=FALSE nrow=102 ncol=2 as.numeric=TRUE >
			35.5030443349491	-22.1894027093432
			35.5176426262053	-22.1894027093432
			35.5322409174614	-22.1894027093432
			35.5468392087176	-22.1748044180871
			35.5614374999737	-22.1748044180871
			35.5760357912299	-22.1748044180871
			35.590634082486	-22.1748044180871
			35.6052323737421	-22.1748044180871
			35.6198306649983	-22.1602061268309
			35.6344289562544	-22.1602061268309
			35.6490272475106	-22.1602061268309
			35.6636255387667	-22.1602061268309
			35.6782238300229	-22.1602061268309
			35.692822121279	-22.1602061268309
			35.7074204125352	-22.1456078355748
			35.7220187037913	-22.1456078355748
			35.7366169950475	-22.1456078355748
			35.7512152863036	-22.1456078355748
			35.7658135775598	-22.1456078355748
			35.7804118688159	-22.1456078355748
			35.7950101600721	-22.1456078355748
			35.8096084513282	-22.1456078355748
			35.8242067425844	-22.1456078355748
			35.8388050338405	-22.1456078355748
			35.8534033250966	-22.1456078355748
			35.8680016163528	-22.1456078355748
			35.8825999076089	-22.1456078355748
			35.8971981988651	-22.1456078355748
			35.9117964901212	-22.1456078355748
			35.9117964901212	-22.1602061268309
			35.9263947813774	-22.1602061268309
			35.9409930726335	-22.1602061268309
			35.9555913638897	-22.1602061268309
			35.9701896551458	-22.1602061268309
			35.984787946402	-22.1602061268309
			35.9993862376581	-22.1602061268309
			36.0139845289143	-22.1748044180871
			36.0285828201704	-22.1748044180871
			36.0431811114266	-22.1748044180871
			36.0577794026827	-22.1748044180871
			36.0723776939388	-22.1894027093432
			36.086975985195	-22.1894027093432
			36.1015742764511	-22.2040010005993
			36.1161725677073	-22.2040010005993
			36.1307708589634	-22.2040010005993
			36.1453691502196	-22.2185992918555
			36.1599674414757	-22.2185992918555
			36.1745657327319	-22.2331975831116
			36.189164023988	-22.2331975831116
			36.2037623152442	-22.2331975831116
			36.2183606065003	-22.2477958743678
			36.2329588977565	-22.2477958743678
			36.2475571890126	-22.2623941656239
			36.2621554802688	-22.2623941656239
			36.2767537715249	-22.2769924568801
			36.2913520627811	-22.2769924568801
			36.3059503540372	-22.2769924568801
			36.3205486452933	-22.2915907481362
			36.3351469365495	-22.2915907481362
			36.3497452278056	-22.3061890393924
			36.3643435190618	-22.3061890393924
			36.3789418103179	-22.3207873306485
			36.3935401015741	-22.3207873306485
			36.4081383928302	-22.3353856219047
			36.4227366840864	-22.3353856219047
			36.4373349753425	-22.3499839131608
			36.4519332665987	-22.3499839131608
			36.4665315578548	-22.364582204417
			36.481129849111	-22.364582204417
			36.4957281403671	-22.3791804956731
			36.5103264316233	-22.3937787869293
			36.5249247228794	-22.4083770781854
			36.5395230141355	-22.4083770781854
			36.5541213053917	-22.4229753694416
			36.5687195966478	-22.4375736606977
			36.583317887904	-22.4521719519538
			36.5979161791601	-22.4521719519538
			36.5979161791601	-22.46677024321
			36.6125144704163	-22.4813685344661
			36.6271127616724	-22.4813685344661
			36.6417110529286	-22.4959668257223
			36.6563093441847	-22.5105651169784
			36.6709076354409	-22.5251634082346
			36.685505926697	-22.5251634082346
			36.7001042179532	-22.5397616994907
			36.7001042179532	-22.5543599907469
			36.7147025092093	-22.5543599907469
			36.7293008004655	-22.568958282003
			36.7293008004655	-22.5835565732592
			36.7438990917216	-22.5981548645153
			36.7584973829778	-22.6127531557715
			36.7730956742339	-22.6273514470276
			36.7730956742339	-22.6419497382838
			36.7730956742339	-22.6565480295399
			36.78769396549	-22.671146320796
			36.78769396549	-22.6857446120522
			36.78769396549	-22.7003429033083
			36.8022922567462	-22.7149411945645
			36.8022922567462	-22.7295394858206
			36.8022922567462	-22.7441377770768
			36.8168905480023	-22.7587360683329
			36.8168905480023	-22.7733343595891
		</Outline3>
		<Outline4 type=matrix rownames=FALSE colnames=FALSE nrow=109 ncol=2 as.numeric=TRUE >
			36.8168905480023	-22.7733343595891
			36.8168905480023	-22.7879326508452
			36.8168905480023	-22.8025309421014
			36.8168905480023	-22.8171292333575
			36.8168905480023	-22.8317275246137
			36.8314888392585	-22.8463258158698
			36.8314888392585	-22.860924107126
			36.8314888392585	-22.8755223983821
			36.8314888392585	-22.8901206896382
			36.8314888392585	-22.9047189808944
			36.8314888392585	-22.9193172721505
			36.8314888392585	-22.9339155634067
			36.8314888392585	-22.9485138546628
			36.8314888392585	-22.963112145919
			36.8314888392585	-22.9777104371751
			36.8314888392585	-22.9923087284313
			36.8314888392585	-23.0069070196874
			36.8314888392585	-23.0215053109436
			36.8314888392585	-23.0361036021997
			36.8314888392585	-23.0507018934559
			36.8314888392585	-23.065300184712
			36.8314888392585	-23.0798984759682
			36.8314888392585	-23.0944967672243
			36.8314888392585	-23.1090950584805
			36.8314888392585	-23.1236933497366
			36.8314888392585	-23.1382916409927
			36.8168905480023	-23.1528899322489
			36.8168905480023	-23.167488223505
			36.8168905480023	-23.1820865147612
			36.8168905480023	-23.1966848060173
			36.8168905480023	-23.2112830972735
			36.8168905480023	-23.2258813885296
			36.8168905480023	-23.2404796797858
			36.8022922567462	-23.2550779710419
			36.8022922567462	-23.2696762622981
			36.8022922567462	-23.2842745535542
			36.8022922567462	-23.2988728448104
			36.78769396549	-23.3134711360665
			36.78769396549	-23.3280694273227
			36.7730956742339	-23.3426677185788
			36.7730956742339	-23.3572660098349
			36.7730956742339	-23.3718643010911
			36.7584973829778	-23.3864625923472
			36.7584973829778	-23.4010608836034
			36.7438990917216	-23.4156591748595
			36.7438990917216	-23.4302574661157
			36.7293008004655	-23.4448557573718
			36.7293008004655	-23.459454048628
			36.7147025092093	-23.4740523398841
			36.7001042179532	-23.4886506311403
			36.7001042179532	-23.5032489223964
			36.685505926697	-23.5178472136526
			36.685505926697	-23.5324455049087
			36.6709076354409	-23.5470437961649
			36.6563093441847	-23.5470437961649
			36.6563093441847	-23.561642087421
			36.6417110529286	-23.5762403786772
			36.6271127616724	-23.5908386699333
			36.6125144704163	-23.5908386699333
			36.6125144704163	-23.6054369611894
			36.5979161791601	-23.6200352524456
			36.583317887904	-23.6200352524456
			36.5687195966478	-23.6346335437017
			36.5541213053917	-23.6346335437017
			36.5395230141355	-23.6492318349579
			36.5395230141355	-23.663830126214
			36.5249247228794	-23.663830126214
			36.5103264316233	-23.6784284174702
			36.4957281403671	-23.6784284174702
			36.481129849111	-23.6930267087263
			36.4665315578548	-23.6930267087263
			36.4665315578548	-23.7076249999825
			36.4519332665987	-23.7222232912386
			36.4373349753425	-23.7222232912386
			36.4227366840864	-23.7368215824948
			36.4081383928302	-23.7368215824948
			36.4081383928302	-23.7514198737509
			36.3935401015741	-23.7514198737509
			36.3789418103179	-23.7660181650071
			36.3643435190618	-23.7660181650071
			36.3643435190618	-23.7806164562632
			36.3497452278056	-23.7952147475194
			36.3351469365495	-23.7952147475194
			36.3205486452933	-23.8098130387755
			36.3059503540372	-23.8244113300316
			36.2913520627811	-23.8390096212878
			36.2767537715249	-23.8390096212878
			36.2621554802688	-23.8536079125439
			36.2475571890126	-23.8682062038001
			36.2329588977565	-23.8682062038001
			36.2183606065003	-23.8828044950562
			36.2037623152442	-23.8828044950562
			36.189164023988	-23.8974027863124
			36.1745657327319	-23.8974027863124
			36.1745657327319	-23.9120010775685
			36.1599674414757	-23.9120010775685
			36.1453691502196	-23.9120010775685
			36.1453691502196	-23.9265993688247
			36.1307708589634	-23.9265993688247
			36.1161725677073	-23.9411976600808
			36.1015742764511	-23.9411976600808
			36.086975985195	-23.955795951337
			36.0723776939388	-23.955795951337
			36.0577794026827	-23.9703942425931
			36.0431811114266	-23.9703942425931
			36.0285828201704	-23.9849925338493
			36.0139845289143	-23.9849925338493
			35.9993862376581	-23.9849925338493
			35.984787946402	-23.9995908251054
		</Outline4>
	</curves.scaled>
	<ruler.points type=matrix rownames=TRUE colnames=FALSE nrow=2 ncol=2 as.numeric=TRUE >
		Ruler point 1	2995	2436
		Ruler point 2	2310	2440
	</ruler.points>
</shapes>

