<shapes type=list>
	<ruler.pixel type=vector names=FALSE length=1 as.numeric=TRUE >591.084596314267</ruler.pixel>
	<ruler.interval type=vector names=FALSE length=1 as.numeric=TRUE >10</ruler.interval>
	<scaling.units type=vector names=FALSE length=1 as.numeric=FALSE >mm</scaling.units>
	<scaling type=vector names=FALSE length=1 as.numeric=TRUE >0.0171525577320404</scaling>
	<landmarks.pixel type=matrix rownames=TRUE colnames=FALSE nrow=4 ncol=2 as.numeric=TRUE >
		Labial	2625	1809
		Posterior	2486	1758
		Lingual	2563	1628
		Anterior	2707	1683
	</landmarks.pixel>
	<landmarks.scaled type=matrix rownames=TRUE colnames=FALSE nrow=4 ncol=2 as.numeric=TRUE >
		Labial	45.0254640466059	-31.028976937261
		Posterior	42.6412585218523	-30.1541964929269
		Lingual	43.9620054672194	-27.9243639877617
		Anterior	46.4319737806332	-28.8677546630239
	</landmarks.scaled>
	<curves.control type=list>
		<Outline1 type=matrix rownames=FALSE colnames=FALSE nrow=19 ncol=2 as.numeric=TRUE >
			2625	1809
			2617	1816
			2604	1827
			2593	1837
			2583	1844
			2572	1851
			2560	1855
			2548	1857
			2535	1856
			2522	1853
			2510	1849
			2499	1843
			2492	1829
			2489	1813
			2490	1797
			2490	1789
			2489	1780
			2487	1767
			2486	1758
		</Outline1>
		<Outline2 type=matrix rownames=FALSE colnames=FALSE nrow=17 ncol=2 as.numeric=TRUE >
			2486	1758
			2485	1744
			2485	1732
			2484	1720
			2483	1707
			2484	1695
			2487	1683
			2490	1670
			2494	1659
			2501	1649
			2509	1641
			2520	1636
			2530	1633
			2540	1630
			2548	1629
			2556	1628
			2563	1628
		</Outline2>
		<Outline3 type=matrix rownames=FALSE colnames=FALSE nrow=15 ncol=2 as.numeric=TRUE >
			2563	1628
			2571	1628
			2583	1625
			2598	1622
			2617	1619
			2631	1617
			2644	1616
			2658	1617
			2670	1622
			2680	1627
			2690	1635
			2698	1644
			2702	1654
			2705	1664
			2707	1683
		</Outline3>
		<Outline4 type=matrix rownames=FALSE colnames=FALSE nrow=15 ncol=2 as.numeric=TRUE >
			2707	1683
			2709	1696
			2709	1712
			2707	1723
			2705	1734
			2703	1749
			2700	1760
			2693	1773
			2683	1783
			2674	1790
			2665	1796
			2654	1800
			2644	1804
			2635	1806
			2625	1809
		</Outline4>
	</curves.control>
	<curves.pixel type=list>
		<Outline1 type=matrix rownames=FALSE colnames=FALSE nrow=213 ncol=2 as.numeric=TRUE >
			2625	1809
			2624	1810
			2623	1811
			2622	1812
			2621	1813
			2620	1813
			2619	1814
			2618	1815
			2617	1816
			2616	1817
			2615	1817
			2614	1818
			2613	1819
			2612	1820
			2611	1821
			2610	1822
			2609	1823
			2608	1824
			2607	1825
			2606	1825
			2605	1826
			2604	1827
			2603	1828
			2602	1829
			2601	1830
			2600	1831
			2599	1831
			2598	1832
			2598	1833
			2597	1833
			2596	1834
			2595	1835
			2594	1836
			2593	1836
			2592	1837
			2591	1838
			2590	1839
			2589	1840
			2588	1841
			2587	1841
			2586	1842
			2585	1843
			2584	1843
			2583	1844
			2582	1845
			2581	1845
			2580	1846
			2579	1846
			2578	1847
			2577	1848
			2576	1848
			2575	1849
			2574	1849
			2573	1850
			2572	1850
			2571	1851
			2570	1851
			2569	1852
			2568	1852
			2567	1852
			2566	1853
			2565	1853
			2564	1854
			2563	1854
			2562	1854
			2561	1855
			2560	1855
			2559	1855
			2558	1855
			2557	1855
			2556	1856
			2555	1856
			2554	1856
			2553	1856
			2552	1856
			2551	1856
			2550	1856
			2549	1856
			2548	1856
			2547	1856
			2546	1856
			2545	1856
			2544	1856
			2543	1856
			2542	1856
			2541	1856
			2540	1856
			2539	1856
			2538	1856
			2537	1856
			2536	1856
			2535	1856
			2534	1856
			2533	1856
			2532	1855
			2531	1855
			2530	1855
			2529	1855
			2529	1854
			2528	1854
			2527	1854
			2526	1854
			2525	1853
			2524	1853
			2523	1853
			2522	1853
			2521	1852
			2520	1852
			2519	1852
			2518	1852
			2518	1851
			2517	1851
			2516	1851
			2515	1851
			2514	1850
			2513	1850
			2512	1850
			2511	1849
			2510	1849
			2509	1848
			2508	1848
			2507	1847
			2506	1846
			2505	1846
			2504	1845
			2503	1844
			2502	1843
			2501	1842
			2500	1841
			2499	1840
			2498	1839
			2497	1838
			2497	1837
			2496	1836
			2495	1835
			2495	1834
			2494	1833
			2494	1832
			2493	1831
			2493	1830
			2492	1829
			2492	1828
			2492	1827
			2491	1826
			2491	1825
			2491	1824
			2491	1823
			2491	1822
			2491	1821
			2491	1820
			2491	1819
			2490	1818
			2490	1817
			2490	1816
			2490	1815
			2490	1814
			2490	1813
			2490	1812
			2490	1811
			2490	1810
			2490	1809
			2490	1808
			2490	1807
			2490	1806
			2490	1805
			2490	1804
			2490	1803
			2490	1802
			2490	1801
			2490	1800
			2490	1799
			2490	1798
			2490	1797
			2490	1796
			2490	1795
			2490	1794
			2490	1793
			2490	1792
			2490	1791
			2490	1790
			2490	1789
			2490	1788
			2490	1787
			2490	1786
			2490	1785
			2489	1784
			2489	1783
			2489	1782
			2489	1781
			2489	1780
			2489	1779
			2489	1778
			2489	1777
			2488	1777
			2488	1776
			2488	1775
			2488	1774
			2488	1773
			2488	1772
			2488	1771
			2488	1770
			2487	1769
			2487	1768
			2487	1767
			2487	1766
			2487	1765
			2487	1764
			2487	1763
			2486	1762
			2486	1761
			2486	1760
			2486	1759
			2486	1758
		</Outline1>
		<Outline2 type=matrix rownames=FALSE colnames=FALSE nrow=176 ncol=2 as.numeric=TRUE >
			2486	1758
			2486	1757
			2486	1756
			2486	1755
			2486	1754
			2486	1753
			2486	1752
			2486	1751
			2486	1750
			2485	1749
			2485	1748
			2485	1747
			2485	1746
			2485	1745
			2485	1744
			2485	1743
			2485	1742
			2485	1741
			2485	1740
			2485	1739
			2485	1738
			2485	1737
			2485	1736
			2485	1735
			2485	1734
			2485	1733
			2485	1732
			2485	1731
			2485	1730
			2485	1729
			2485	1728
			2485	1727
			2485	1726
			2484	1726
			2484	1725
			2484	1724
			2484	1723
			2484	1722
			2484	1721
			2484	1720
			2484	1719
			2484	1718
			2484	1717
			2484	1716
			2484	1715
			2484	1714
			2483	1713
			2483	1712
			2483	1711
			2483	1710
			2483	1709
			2483	1708
			2483	1707
			2483	1706
			2483	1705
			2483	1704
			2483	1703
			2484	1702
			2484	1701
			2484	1700
			2484	1699
			2484	1698
			2484	1697
			2484	1696
			2484	1695
			2485	1694
			2485	1693
			2485	1692
			2485	1691
			2485	1690
			2486	1689
			2486	1688
			2486	1687
			2486	1686
			2486	1685
			2487	1685
			2487	1684
			2487	1683
			2487	1682
			2488	1681
			2488	1680
			2488	1679
			2488	1678
			2489	1677
			2489	1676
			2489	1675
			2489	1674
			2490	1673
			2490	1672
			2490	1671
			2490	1670
			2491	1669
			2491	1668
			2491	1667
			2492	1666
			2492	1665
			2492	1664
			2493	1663
			2493	1662
			2493	1661
			2494	1660
			2494	1659
			2495	1658
			2496	1657
			2496	1656
			2497	1655
			2498	1654
			2498	1653
			2499	1652
			2500	1651
			2500	1650
			2501	1650
			2502	1649
			2503	1648
			2503	1647
			2504	1646
			2505	1645
			2506	1645
			2506	1644
			2507	1643
			2508	1642
			2509	1641
			2510	1641
			2511	1640
			2512	1640
			2513	1639
			2514	1639
			2515	1639
			2516	1638
			2517	1638
			2518	1637
			2519	1637
			2520	1636
			2521	1636
			2522	1636
			2523	1635
			2524	1635
			2525	1635
			2526	1634
			2527	1634
			2528	1634
			2529	1633
			2530	1633
			2531	1633
			2532	1632
			2533	1632
			2534	1632
			2535	1632
			2536	1631
			2537	1631
			2538	1631
			2539	1631
			2540	1630
			2541	1630
			2542	1630
			2543	1630
			2544	1630
			2545	1629
			2546	1629
			2547	1629
			2548	1629
			2549	1629
			2550	1629
			2551	1629
			2552	1629
			2553	1628
			2554	1628
			2555	1628
			2556	1628
			2557	1628
			2558	1628
			2559	1628
			2560	1628
			2561	1628
			2562	1628
			2563	1628
		</Outline2>
		<Outline3 type=matrix rownames=FALSE colnames=FALSE nrow=179 ncol=2 as.numeric=TRUE >
			2563	1628
			2564	1628
			2565	1628
			2566	1628
			2567	1628
			2568	1628
			2569	1628
			2570	1627
			2571	1627
			2572	1627
			2573	1627
			2574	1627
			2575	1627
			2576	1626
			2577	1626
			2578	1626
			2579	1626
			2580	1626
			2581	1626
			2582	1625
			2583	1625
			2584	1625
			2585	1625
			2586	1624
			2587	1624
			2588	1624
			2589	1624
			2590	1624
			2591	1624
			2591	1623
			2592	1623
			2593	1623
			2594	1623
			2595	1623
			2596	1623
			2597	1622
			2598	1622
			2599	1622
			2600	1622
			2601	1622
			2602	1621
			2603	1621
			2604	1621
			2605	1621
			2606	1621
			2607	1621
			2608	1620
			2609	1620
			2610	1620
			2611	1620
			2612	1620
			2613	1620
			2614	1619
			2615	1619
			2616	1619
			2617	1619
			2618	1619
			2619	1619
			2620	1619
			2621	1618
			2622	1618
			2623	1618
			2624	1618
			2625	1618
			2626	1618
			2627	1618
			2628	1618
			2629	1617
			2630	1617
			2631	1617
			2632	1617
			2633	1617
			2634	1617
			2635	1617
			2636	1617
			2637	1617
			2638	1617
			2639	1616
			2640	1616
			2641	1616
			2642	1616
			2643	1616
			2644	1616
			2645	1616
			2646	1616
			2647	1616
			2648	1616
			2649	1616
			2650	1617
			2651	1617
			2652	1617
			2653	1617
			2654	1617
			2655	1618
			2656	1618
			2657	1618
			2658	1618
			2659	1618
			2660	1619
			2661	1619
			2662	1619
			2663	1620
			2664	1620
			2665	1620
			2666	1620
			2667	1621
			2668	1621
			2669	1621
			2670	1622
			2671	1623
			2672	1623
			2673	1623
			2674	1624
			2675	1624
			2675	1625
			2676	1625
			2677	1626
			2678	1627
			2679	1627
			2680	1628
			2681	1628
			2682	1629
			2683	1630
			2684	1631
			2685	1631
			2686	1632
			2687	1633
			2688	1633
			2688	1634
			2689	1634
			2690	1635
			2691	1636
			2692	1637
			2693	1638
			2694	1639
			2694	1640
			2695	1641
			2695	1642
			2696	1643
			2697	1644
			2698	1645
			2698	1646
			2699	1647
			2699	1648
			2700	1649
			2700	1650
			2701	1651
			2701	1652
			2702	1653
			2702	1654
			2702	1655
			2703	1656
			2703	1657
			2703	1658
			2703	1659
			2704	1660
			2704	1661
			2704	1662
			2704	1663
			2704	1664
			2705	1665
			2705	1666
			2705	1667
			2705	1668
			2705	1669
			2705	1670
			2706	1671
			2706	1672
			2706	1673
			2706	1674
			2706	1675
			2706	1676
			2706	1677
			2706	1678
			2707	1679
			2707	1680
			2707	1681
			2707	1682
			2707	1683
		</Outline3>
		<Outline4 type=matrix rownames=FALSE colnames=FALSE nrow=163 ncol=2 as.numeric=TRUE >
			2707	1683
			2707	1684
			2707	1685
			2707	1686
			2708	1687
			2708	1688
			2708	1689
			2708	1690
			2708	1691
			2708	1692
			2708	1693
			2708	1694
			2708	1695
			2708	1696
			2709	1697
			2709	1698
			2709	1699
			2709	1700
			2709	1701
			2709	1702
			2709	1703
			2709	1704
			2709	1705
			2709	1706
			2709	1707
			2709	1708
			2709	1709
			2709	1710
			2709	1711
			2709	1712
			2709	1713
			2709	1714
			2708	1715
			2708	1716
			2708	1717
			2708	1718
			2708	1719
			2707	1720
			2707	1721
			2707	1722
			2707	1723
			2707	1724
			2707	1725
			2706	1726
			2706	1727
			2706	1728
			2706	1729
			2706	1730
			2706	1731
			2705	1732
			2705	1733
			2705	1734
			2705	1735
			2705	1736
			2705	1737
			2704	1738
			2704	1739
			2704	1740
			2704	1741
			2704	1742
			2704	1743
			2704	1744
			2703	1745
			2703	1746
			2703	1747
			2703	1748
			2703	1749
			2702	1750
			2702	1751
			2702	1752
			2702	1753
			2701	1754
			2701	1755
			2701	1756
			2701	1757
			2701	1758
			2700	1758
			2700	1759
			2700	1760
			2699	1761
			2699	1762
			2698	1763
			2698	1764
			2697	1765
			2697	1766
			2696	1767
			2695	1768
			2695	1769
			2694	1770
			2693	1771
			2692	1772
			2691	1773
			2691	1774
			2690	1775
			2689	1776
			2689	1777
			2688	1777
			2688	1778
			2687	1778
			2687	1779
			2686	1780
			2685	1781
			2684	1782
			2683	1783
			2682	1784
			2681	1785
			2680	1785
			2679	1786
			2678	1787
			2677	1787
			2676	1788
			2675	1789
			2674	1790
			2673	1790
			2672	1791
			2671	1792
			2670	1792
			2669	1793
			2668	1794
			2667	1794
			2666	1795
			2665	1796
			2664	1796
			2663	1797
			2662	1797
			2661	1798
			2660	1798
			2659	1798
			2658	1798
			2658	1799
			2657	1799
			2656	1799
			2655	1800
			2654	1800
			2653	1801
			2652	1801
			2651	1801
			2650	1802
			2649	1802
			2648	1802
			2647	1803
			2646	1803
			2645	1804
			2644	1804
			2643	1804
			2642	1804
			2641	1805
			2640	1805
			2639	1805
			2638	1806
			2637	1806
			2636	1806
			2635	1806
			2634	1806
			2633	1807
			2632	1807
			2631	1807
			2630	1807
			2629	1808
			2628	1808
			2627	1808
			2626	1809
			2625	1809
		</Outline4>
	</curves.pixel>
	<curves.scaled type=list>
		<Outline1 type=matrix rownames=FALSE colnames=FALSE nrow=213 ncol=2 as.numeric=TRUE >
			45.0254640466059	-31.028976937261
			45.0083114888739	-31.046129494993
			44.9911589311419	-31.0632820527251
			44.9740063734098	-31.0804346104571
			44.9568538156778	-31.0975871681892
			44.9397012579457	-31.0975871681892
			44.9225487002137	-31.1147397259212
			44.9053961424817	-31.1318922836533
			44.8882435847496	-31.1490448413853
			44.8710910270176	-31.1661973991173
			44.8539384692855	-31.1661973991173
			44.8367859115535	-31.1833499568494
			44.8196333538215	-31.2005025145814
			44.8024807960894	-31.2176550723135
			44.7853282383574	-31.2348076300455
			44.7681756806253	-31.2519601877775
			44.7510231228933	-31.2691127455096
			44.7338705651613	-31.2862653032416
			44.7167180074292	-31.3034178609737
			44.6995654496972	-31.3034178609737
			44.6824128919651	-31.3205704187057
			44.6652603342331	-31.3377229764377
			44.648107776501	-31.3548755341698
			44.630955218769	-31.3720280919018
			44.613802661037	-31.3891806496339
			44.5966501033049	-31.4063332073659
			44.5794975455729	-31.4063332073659
			44.5623449878409	-31.4234857650979
			44.5623449878409	-31.44063832283
			44.5451924301088	-31.44063832283
			44.5280398723768	-31.457790880562
			44.5108873146447	-31.4749434382941
			44.4937347569127	-31.4920959960261
			44.4765821991806	-31.4920959960261
			44.4594296414486	-31.5092485537581
			44.4422770837166	-31.5264011114902
			44.4251245259845	-31.5435536692222
			44.4079719682525	-31.5607062269543
			44.3908194105204	-31.5778587846863
			44.3736668527884	-31.5778587846863
			44.3565142950564	-31.5950113424183
			44.3393617373243	-31.6121639001504
			44.3222091795923	-31.6121639001504
			44.3050566218602	-31.6293164578824
			44.2879040641282	-31.6464690156145
			44.2707515063962	-31.6464690156145
			44.2535989486641	-31.6636215733465
			44.2364463909321	-31.6636215733465
			44.2192938332	-31.6807741310785
			44.202141275468	-31.6979266888106
			44.184988717736	-31.6979266888106
			44.1678361600039	-31.7150792465426
			44.1506836022719	-31.7150792465426
			44.1335310445398	-31.7322318042747
			44.1163784868078	-31.7322318042747
			44.0992259290758	-31.7493843620067
			44.0820733713437	-31.7493843620067
			44.0649208136117	-31.7665369197387
			44.0477682558796	-31.7665369197387
			44.0306156981476	-31.7665369197387
			44.0134631404156	-31.7836894774708
			43.9963105826835	-31.7836894774708
			43.9791580249515	-31.8008420352028
			43.9620054672194	-31.8008420352028
			43.9448529094874	-31.8008420352028
			43.9277003517554	-31.8179945929349
			43.9105477940233	-31.8179945929349
			43.8933952362913	-31.8179945929349
			43.8762426785592	-31.8179945929349
			43.8590901208272	-31.8179945929349
			43.8419375630952	-31.8351471506669
			43.8247850053631	-31.8351471506669
			43.8076324476311	-31.8351471506669
			43.790479889899	-31.8351471506669
			43.773327332167	-31.8351471506669
			43.756174774435	-31.8351471506669
			43.7390222167029	-31.8351471506669
			43.7218696589709	-31.8351471506669
			43.7047171012388	-31.8351471506669
			43.6875645435068	-31.8351471506669
			43.6704119857747	-31.8351471506669
			43.6532594280427	-31.8351471506669
			43.6361068703107	-31.8351471506669
			43.6189543125786	-31.8351471506669
			43.6018017548466	-31.8351471506669
			43.5846491971146	-31.8351471506669
			43.5674966393825	-31.8351471506669
			43.5503440816505	-31.8351471506669
			43.5331915239184	-31.8351471506669
			43.5160389661864	-31.8351471506669
			43.4988864084543	-31.8351471506669
			43.4817338507223	-31.8351471506669
			43.4645812929903	-31.8351471506669
			43.4474287352582	-31.8351471506669
			43.4302761775262	-31.8179945929349
			43.4131236197941	-31.8179945929349
			43.3959710620621	-31.8179945929349
			43.3788185043301	-31.8179945929349
			43.3788185043301	-31.8008420352028
			43.361665946598	-31.8008420352028
			43.344513388866	-31.8008420352028
			43.3273608311339	-31.8008420352028
			43.3102082734019	-31.7836894774708
			43.2930557156699	-31.7836894774708
			43.2759031579378	-31.7836894774708
			43.2587506002058	-31.7836894774708
			43.2415980424737	-31.7665369197387
			43.2244454847417	-31.7665369197387
			43.2072929270097	-31.7665369197387
			43.1901403692776	-31.7665369197387
			43.1901403692776	-31.7493843620067
			43.1729878115456	-31.7493843620067
			43.1558352538135	-31.7493843620067
			43.1386826960815	-31.7493843620067
			43.1215301383495	-31.7322318042747
			43.1043775806174	-31.7322318042747
			43.0872250228854	-31.7322318042747
			43.0700724651533	-31.7150792465426
			43.0529199074213	-31.7150792465426
			43.0357673496893	-31.6979266888106
			43.0186147919572	-31.6979266888106
			43.0014622342252	-31.6807741310785
			42.9843096764931	-31.6636215733465
			42.9671571187611	-31.6636215733465
			42.9500045610291	-31.6464690156145
			42.932852003297	-31.6293164578824
			42.915699445565	-31.6121639001504
			42.8985468878329	-31.5950113424183
			42.8813943301009	-31.5778587846863
			42.8642417723689	-31.5607062269543
			42.8470892146368	-31.5435536692222
			42.8299366569048	-31.5264011114902
			42.8299366569048	-31.5092485537581
			42.8127840991727	-31.4920959960261
			42.7956315414407	-31.4749434382941
			42.7956315414407	-31.457790880562
			42.7784789837087	-31.44063832283
			42.7784789837087	-31.4234857650979
			42.7613264259766	-31.4063332073659
			42.7613264259766	-31.3891806496339
			42.7441738682446	-31.3720280919018
			42.7441738682446	-31.3548755341698
			42.7441738682446	-31.3377229764377
			42.7270213105125	-31.3205704187057
			42.7270213105125	-31.3034178609737
			42.7270213105125	-31.2862653032416
			42.7270213105125	-31.2691127455096
			42.7270213105125	-31.2519601877775
			42.7270213105125	-31.2348076300455
			42.7270213105125	-31.2176550723135
			42.7270213105125	-31.2005025145814
			42.7098687527805	-31.1833499568494
			42.7098687527805	-31.1661973991173
			42.7098687527805	-31.1490448413853
			42.7098687527805	-31.1318922836533
			42.7098687527805	-31.1147397259212
			42.7098687527805	-31.0975871681892
			42.7098687527805	-31.0804346104571
			42.7098687527805	-31.0632820527251
			42.7098687527805	-31.046129494993
			42.7098687527805	-31.028976937261
			42.7098687527805	-31.011824379529
			42.7098687527805	-30.9946718217969
			42.7098687527805	-30.9775192640649
			42.7098687527805	-30.9603667063328
			42.7098687527805	-30.9432141486008
			42.7098687527805	-30.9260615908688
			42.7098687527805	-30.9089090331367
			42.7098687527805	-30.8917564754047
			42.7098687527805	-30.8746039176726
			42.7098687527805	-30.8574513599406
			42.7098687527805	-30.8402988022086
			42.7098687527805	-30.8231462444765
			42.7098687527805	-30.8059936867445
			42.7098687527805	-30.7888411290124
			42.7098687527805	-30.7716885712804
			42.7098687527805	-30.7545360135484
			42.7098687527805	-30.7373834558163
			42.7098687527805	-30.7202308980843
			42.7098687527805	-30.7030783403522
			42.7098687527805	-30.6859257826202
			42.7098687527805	-30.6687732248882
			42.7098687527805	-30.6516206671561
			42.7098687527805	-30.6344681094241
			42.7098687527805	-30.617315551692
			42.6927161950484	-30.60016299396
			42.6927161950484	-30.583010436228
			42.6927161950484	-30.5658578784959
			42.6927161950484	-30.5487053207639
			42.6927161950484	-30.5315527630318
			42.6927161950484	-30.5144002052998
			42.6927161950484	-30.4972476475678
			42.6927161950484	-30.4800950898357
			42.6755636373164	-30.4800950898357
			42.6755636373164	-30.4629425321037
			42.6755636373164	-30.4457899743716
			42.6755636373164	-30.4286374166396
			42.6755636373164	-30.4114848589076
			42.6755636373164	-30.3943323011755
			42.6755636373164	-30.3771797434435
			42.6755636373164	-30.3600271857114
			42.6584110795844	-30.3428746279794
			42.6584110795844	-30.3257220702474
			42.6584110795844	-30.3085695125153
			42.6584110795844	-30.2914169547833
			42.6584110795844	-30.2742643970512
			42.6584110795844	-30.2571118393192
			42.6584110795844	-30.2399592815872
			42.6412585218523	-30.2228067238551
			42.6412585218523	-30.2056541661231
			42.6412585218523	-30.188501608391
			42.6412585218523	-30.171349050659
			42.6412585218523	-30.1541964929269
		</Outline1>
		<Outline2 type=matrix rownames=FALSE colnames=FALSE nrow=176 ncol=2 as.numeric=TRUE >
			42.6412585218523	-30.1541964929269
			42.6412585218523	-30.1370439351949
			42.6412585218523	-30.1198913774629
			42.6412585218523	-30.1027388197308
			42.6412585218523	-30.0855862619988
			42.6412585218523	-30.0684337042667
			42.6412585218523	-30.0512811465347
			42.6412585218523	-30.0341285888027
			42.6412585218523	-30.0169760310706
			42.6241059641203	-29.9998234733386
			42.6241059641203	-29.9826709156065
			42.6241059641203	-29.9655183578745
			42.6241059641203	-29.9483658001425
			42.6241059641203	-29.9312132424104
			42.6241059641203	-29.9140606846784
			42.6241059641203	-29.8969081269463
			42.6241059641203	-29.8797555692143
			42.6241059641203	-29.8626030114823
			42.6241059641203	-29.8454504537502
			42.6241059641203	-29.8282978960182
			42.6241059641203	-29.8111453382861
			42.6241059641203	-29.7939927805541
			42.6241059641203	-29.7768402228221
			42.6241059641203	-29.75968766509
			42.6241059641203	-29.742535107358
			42.6241059641203	-29.7253825496259
			42.6241059641203	-29.7082299918939
			42.6241059641203	-29.6910774341619
			42.6241059641203	-29.6739248764298
			42.6241059641203	-29.6567723186978
			42.6241059641203	-29.6396197609657
			42.6241059641203	-29.6224672032337
			42.6241059641203	-29.6053146455017
			42.6069534063883	-29.6053146455017
			42.6069534063883	-29.5881620877696
			42.6069534063883	-29.5710095300376
			42.6069534063883	-29.5538569723055
			42.6069534063883	-29.5367044145735
			42.6069534063883	-29.5195518568415
			42.6069534063883	-29.5023992991094
			42.6069534063883	-29.4852467413774
			42.6069534063883	-29.4680941836453
			42.6069534063883	-29.4509416259133
			42.6069534063883	-29.4337890681813
			42.6069534063883	-29.4166365104492
			42.6069534063883	-29.3994839527172
			42.5898008486562	-29.3823313949851
			42.5898008486562	-29.3651788372531
			42.5898008486562	-29.3480262795211
			42.5898008486562	-29.330873721789
			42.5898008486562	-29.313721164057
			42.5898008486562	-29.2965686063249
			42.5898008486562	-29.2794160485929
			42.5898008486562	-29.2622634908608
			42.5898008486562	-29.2451109331288
			42.5898008486562	-29.2279583753968
			42.5898008486562	-29.2108058176647
			42.6069534063883	-29.1936532599327
			42.6069534063883	-29.1765007022006
			42.6069534063883	-29.1593481444686
			42.6069534063883	-29.1421955867366
			42.6069534063883	-29.1250430290045
			42.6069534063883	-29.1078904712725
			42.6069534063883	-29.0907379135404
			42.6069534063883	-29.0735853558084
			42.6241059641203	-29.0564327980764
			42.6241059641203	-29.0392802403443
			42.6241059641203	-29.0221276826123
			42.6241059641203	-29.0049751248802
			42.6241059641203	-28.9878225671482
			42.6412585218523	-28.9706700094162
			42.6412585218523	-28.9535174516841
			42.6412585218523	-28.9363648939521
			42.6412585218523	-28.91921233622
			42.6412585218523	-28.902059778488
			42.6584110795844	-28.902059778488
			42.6584110795844	-28.884907220756
			42.6584110795844	-28.8677546630239
			42.6584110795844	-28.8506021052919
			42.6755636373164	-28.8334495475598
			42.6755636373164	-28.8162969898278
			42.6755636373164	-28.7991444320958
			42.6755636373164	-28.7819918743637
			42.6927161950484	-28.7648393166317
			42.6927161950484	-28.7476867588996
			42.6927161950484	-28.7305342011676
			42.6927161950484	-28.7133816434356
			42.7098687527805	-28.6962290857035
			42.7098687527805	-28.6790765279715
			42.7098687527805	-28.6619239702394
			42.7098687527805	-28.6447714125074
			42.7270213105125	-28.6276188547754
			42.7270213105125	-28.6104662970433
			42.7270213105125	-28.5933137393113
			42.7441738682446	-28.5761611815792
			42.7441738682446	-28.5590086238472
			42.7441738682446	-28.5418560661152
			42.7613264259766	-28.5247035083831
			42.7613264259766	-28.5075509506511
			42.7613264259766	-28.490398392919
			42.7784789837087	-28.473245835187
			42.7784789837087	-28.456093277455
			42.7956315414407	-28.4389407197229
			42.8127840991727	-28.4217881619909
			42.8127840991727	-28.4046356042588
			42.8299366569048	-28.3874830465268
			42.8470892146368	-28.3703304887948
			42.8470892146368	-28.3531779310627
			42.8642417723689	-28.3360253733307
			42.8813943301009	-28.3188728155986
			42.8813943301009	-28.3017202578666
			42.8985468878329	-28.3017202578666
			42.915699445565	-28.2845677001345
			42.932852003297	-28.2674151424025
			42.932852003297	-28.2502625846705
			42.9500045610291	-28.2331100269384
			42.9671571187611	-28.2159574692064
			42.9843096764931	-28.2159574692064
			42.9843096764931	-28.1988049114743
			43.0014622342252	-28.1816523537423
			43.0186147919572	-28.1644997960103
			43.0357673496893	-28.1473472382782
			43.0529199074213	-28.1473472382782
			43.0700724651533	-28.1301946805462
			43.0872250228854	-28.1301946805462
			43.1043775806174	-28.1130421228141
			43.1215301383495	-28.1130421228141
			43.1386826960815	-28.1130421228141
			43.1558352538135	-28.0958895650821
			43.1729878115456	-28.0958895650821
			43.1901403692776	-28.0787370073501
			43.2072929270097	-28.0787370073501
			43.2244454847417	-28.061584449618
			43.2415980424737	-28.061584449618
			43.2587506002058	-28.061584449618
			43.2759031579378	-28.044431891886
			43.2930557156699	-28.044431891886
			43.3102082734019	-28.044431891886
			43.3273608311339	-28.0272793341539
			43.344513388866	-28.0272793341539
			43.361665946598	-28.0272793341539
			43.3788185043301	-28.0101267764219
			43.3959710620621	-28.0101267764219
			43.4131236197941	-28.0101267764219
			43.4302761775262	-27.9929742186899
			43.4474287352582	-27.9929742186899
			43.4645812929903	-27.9929742186899
			43.4817338507223	-27.9929742186899
			43.4988864084543	-27.9758216609578
			43.5160389661864	-27.9758216609578
			43.5331915239184	-27.9758216609578
			43.5503440816505	-27.9758216609578
			43.5674966393825	-27.9586691032258
			43.5846491971146	-27.9586691032258
			43.6018017548466	-27.9586691032258
			43.6189543125786	-27.9586691032258
			43.6361068703107	-27.9586691032258
			43.6532594280427	-27.9415165454937
			43.6704119857747	-27.9415165454937
			43.6875645435068	-27.9415165454937
			43.7047171012388	-27.9415165454937
			43.7218696589709	-27.9415165454937
			43.7390222167029	-27.9415165454937
			43.756174774435	-27.9415165454937
			43.773327332167	-27.9415165454937
			43.790479889899	-27.9243639877617
			43.8076324476311	-27.9243639877617
			43.8247850053631	-27.9243639877617
			43.8419375630952	-27.9243639877617
			43.8590901208272	-27.9243639877617
			43.8762426785592	-27.9243639877617
			43.8933952362913	-27.9243639877617
			43.9105477940233	-27.9243639877617
			43.9277003517554	-27.9243639877617
			43.9448529094874	-27.9243639877617
			43.9620054672194	-27.9243639877617
		</Outline2>
		<Outline3 type=matrix rownames=FALSE colnames=FALSE nrow=179 ncol=2 as.numeric=TRUE >
			43.9620054672194	-27.9243639877617
			43.9791580249515	-27.9243639877617
			43.9963105826835	-27.9243639877617
			44.0134631404156	-27.9243639877617
			44.0306156981476	-27.9243639877617
			44.0477682558796	-27.9243639877617
			44.0649208136117	-27.9243639877617
			44.0820733713437	-27.9072114300297
			44.0992259290758	-27.9072114300297
			44.1163784868078	-27.9072114300297
			44.1335310445398	-27.9072114300297
			44.1506836022719	-27.9072114300297
			44.1678361600039	-27.9072114300297
			44.184988717736	-27.8900588722976
			44.202141275468	-27.8900588722976
			44.2192938332	-27.8900588722976
			44.2364463909321	-27.8900588722976
			44.2535989486641	-27.8900588722976
			44.2707515063962	-27.8900588722976
			44.2879040641282	-27.8729063145656
			44.3050566218602	-27.8729063145656
			44.3222091795923	-27.8729063145656
			44.3393617373243	-27.8729063145656
			44.3565142950564	-27.8557537568335
			44.3736668527884	-27.8557537568335
			44.3908194105204	-27.8557537568335
			44.4079719682525	-27.8557537568335
			44.4251245259845	-27.8557537568335
			44.4422770837166	-27.8557537568335
			44.4422770837166	-27.8386011991015
			44.4594296414486	-27.8386011991015
			44.4765821991806	-27.8386011991015
			44.4937347569127	-27.8386011991015
			44.5108873146447	-27.8386011991015
			44.5280398723768	-27.8386011991015
			44.5451924301088	-27.8214486413695
			44.5623449878409	-27.8214486413695
			44.5794975455729	-27.8214486413695
			44.5966501033049	-27.8214486413695
			44.613802661037	-27.8214486413695
			44.630955218769	-27.8042960836374
			44.648107776501	-27.8042960836374
			44.6652603342331	-27.8042960836374
			44.6824128919651	-27.8042960836374
			44.6995654496972	-27.8042960836374
			44.7167180074292	-27.8042960836374
			44.7338705651613	-27.7871435259054
			44.7510231228933	-27.7871435259054
			44.7681756806253	-27.7871435259054
			44.7853282383574	-27.7871435259054
			44.8024807960894	-27.7871435259054
			44.8196333538215	-27.7871435259054
			44.8367859115535	-27.7699909681733
			44.8539384692855	-27.7699909681733
			44.8710910270176	-27.7699909681733
			44.8882435847496	-27.7699909681733
			44.9053961424817	-27.7699909681733
			44.9225487002137	-27.7699909681733
			44.9397012579457	-27.7699909681733
			44.9568538156778	-27.7528384104413
			44.9740063734098	-27.7528384104413
			44.9911589311419	-27.7528384104413
			45.0083114888739	-27.7528384104413
			45.0254640466059	-27.7528384104413
			45.042616604338	-27.7528384104413
			45.05976916207	-27.7528384104413
			45.0769217198021	-27.7528384104413
			45.0940742775341	-27.7356858527093
			45.1112268352661	-27.7356858527093
			45.1283793929982	-27.7356858527093
			45.1455319507302	-27.7356858527093
			45.1626845084623	-27.7356858527093
			45.1798370661943	-27.7356858527093
			45.1969896239263	-27.7356858527093
			45.2141421816584	-27.7356858527093
			45.2312947393904	-27.7356858527093
			45.2484472971225	-27.7356858527093
			45.2655998548545	-27.7185332949772
			45.2827524125865	-27.7185332949772
			45.2999049703186	-27.7185332949772
			45.3170575280506	-27.7185332949772
			45.3342100857827	-27.7185332949772
			45.3513626435147	-27.7185332949772
			45.3685152012467	-27.7185332949772
			45.3856677589788	-27.7185332949772
			45.4028203167108	-27.7185332949772
			45.4199728744429	-27.7185332949772
			45.4371254321749	-27.7185332949772
			45.4542779899069	-27.7356858527093
			45.471430547639	-27.7356858527093
			45.488583105371	-27.7356858527093
			45.5057356631031	-27.7356858527093
			45.5228882208351	-27.7356858527093
			45.5400407785672	-27.7528384104413
			45.5571933362992	-27.7528384104413
			45.5743458940312	-27.7528384104413
			45.5914984517633	-27.7528384104413
			45.6086510094953	-27.7528384104413
			45.6258035672274	-27.7699909681733
			45.6429561249594	-27.7699909681733
			45.6601086826914	-27.7699909681733
			45.6772612404235	-27.7871435259054
			45.6944137981555	-27.7871435259054
			45.7115663558876	-27.7871435259054
			45.7287189136196	-27.7871435259054
			45.7458714713516	-27.8042960836374
			45.7630240290837	-27.8042960836374
			45.7801765868157	-27.8042960836374
			45.7973291445478	-27.8214486413695
			45.8144817022798	-27.8386011991015
			45.8316342600118	-27.8386011991015
			45.8487868177439	-27.8386011991015
			45.8659393754759	-27.8557537568335
			45.883091933208	-27.8557537568335
			45.883091933208	-27.8729063145656
			45.90024449094	-27.8729063145656
			45.917397048672	-27.8900588722976
			45.9345496064041	-27.9072114300297
			45.9517021641361	-27.9072114300297
			45.9688547218682	-27.9243639877617
			45.9860072796002	-27.9243639877617
			46.0031598373322	-27.9415165454937
			46.0203123950643	-27.9586691032258
			46.0374649527963	-27.9758216609578
			46.0546175105284	-27.9758216609578
			46.0717700682604	-27.9929742186899
			46.0889226259924	-28.0101267764219
			46.1060751837245	-28.0101267764219
			46.1060751837245	-28.0272793341539
			46.1232277414565	-28.0272793341539
			46.1403802991886	-28.044431891886
			46.1575328569206	-28.061584449618
			46.1746854146526	-28.0787370073501
			46.1918379723847	-28.0958895650821
			46.2089905301167	-28.1130421228141
			46.2089905301167	-28.1301946805462
			46.2261430878488	-28.1473472382782
			46.2261430878488	-28.1644997960103
			46.2432956455808	-28.1816523537423
			46.2604482033128	-28.1988049114743
			46.2776007610449	-28.2159574692064
			46.2776007610449	-28.2331100269384
			46.2947533187769	-28.2502625846705
			46.2947533187769	-28.2674151424025
			46.311905876509	-28.2845677001345
			46.311905876509	-28.3017202578666
			46.329058434241	-28.3188728155986
			46.329058434241	-28.3360253733307
			46.346210991973	-28.3531779310627
			46.346210991973	-28.3703304887948
			46.346210991973	-28.3874830465268
			46.3633635497051	-28.4046356042588
			46.3633635497051	-28.4217881619909
			46.3633635497051	-28.4389407197229
			46.3633635497051	-28.456093277455
			46.3805161074371	-28.473245835187
			46.3805161074371	-28.490398392919
			46.3805161074371	-28.5075509506511
			46.3805161074371	-28.5247035083831
			46.3805161074371	-28.5418560661152
			46.3976686651692	-28.5590086238472
			46.3976686651692	-28.5761611815792
			46.3976686651692	-28.5933137393113
			46.3976686651692	-28.6104662970433
			46.3976686651692	-28.6276188547754
			46.3976686651692	-28.6447714125074
			46.4148212229012	-28.6619239702394
			46.4148212229012	-28.6790765279715
			46.4148212229012	-28.6962290857035
			46.4148212229012	-28.7133816434356
			46.4148212229012	-28.7305342011676
			46.4148212229012	-28.7476867588996
			46.4148212229012	-28.7648393166317
			46.4148212229012	-28.7819918743637
			46.4319737806332	-28.7991444320958
			46.4319737806332	-28.8162969898278
			46.4319737806332	-28.8334495475598
			46.4319737806332	-28.8506021052919
			46.4319737806332	-28.8677546630239
		</Outline3>
		<Outline4 type=matrix rownames=FALSE colnames=FALSE nrow=163 ncol=2 as.numeric=TRUE >
			46.4319737806332	-28.8677546630239
			46.4319737806332	-28.884907220756
			46.4319737806332	-28.902059778488
			46.4319737806332	-28.91921233622
			46.4491263383653	-28.9363648939521
			46.4491263383653	-28.9535174516841
			46.4491263383653	-28.9706700094162
			46.4491263383653	-28.9878225671482
			46.4491263383653	-29.0049751248802
			46.4491263383653	-29.0221276826123
			46.4491263383653	-29.0392802403443
			46.4491263383653	-29.0564327980764
			46.4491263383653	-29.0735853558084
			46.4491263383653	-29.0907379135404
			46.4662788960973	-29.1078904712725
			46.4662788960973	-29.1250430290045
			46.4662788960973	-29.1421955867366
			46.4662788960973	-29.1593481444686
			46.4662788960973	-29.1765007022006
			46.4662788960973	-29.1936532599327
			46.4662788960973	-29.2108058176647
			46.4662788960973	-29.2279583753968
			46.4662788960973	-29.2451109331288
			46.4662788960973	-29.2622634908608
			46.4662788960973	-29.2794160485929
			46.4662788960973	-29.2965686063249
			46.4662788960973	-29.313721164057
			46.4662788960973	-29.330873721789
			46.4662788960973	-29.3480262795211
			46.4662788960973	-29.3651788372531
			46.4662788960973	-29.3823313949851
			46.4662788960973	-29.3994839527172
			46.4491263383653	-29.4166365104492
			46.4491263383653	-29.4337890681813
			46.4491263383653	-29.4509416259133
			46.4491263383653	-29.4680941836453
			46.4491263383653	-29.4852467413774
			46.4319737806332	-29.5023992991094
			46.4319737806332	-29.5195518568415
			46.4319737806332	-29.5367044145735
			46.4319737806332	-29.5538569723055
			46.4319737806332	-29.5710095300376
			46.4319737806332	-29.5881620877696
			46.4148212229012	-29.6053146455017
			46.4148212229012	-29.6224672032337
			46.4148212229012	-29.6396197609657
			46.4148212229012	-29.6567723186978
			46.4148212229012	-29.6739248764298
			46.4148212229012	-29.6910774341619
			46.3976686651692	-29.7082299918939
			46.3976686651692	-29.7253825496259
			46.3976686651692	-29.742535107358
			46.3976686651692	-29.75968766509
			46.3976686651692	-29.7768402228221
			46.3976686651692	-29.7939927805541
			46.3805161074371	-29.8111453382861
			46.3805161074371	-29.8282978960182
			46.3805161074371	-29.8454504537502
			46.3805161074371	-29.8626030114823
			46.3805161074371	-29.8797555692143
			46.3805161074371	-29.8969081269463
			46.3805161074371	-29.9140606846784
			46.3633635497051	-29.9312132424104
			46.3633635497051	-29.9483658001425
			46.3633635497051	-29.9655183578745
			46.3633635497051	-29.9826709156065
			46.3633635497051	-29.9998234733386
			46.346210991973	-30.0169760310706
			46.346210991973	-30.0341285888027
			46.346210991973	-30.0512811465347
			46.346210991973	-30.0684337042667
			46.329058434241	-30.0855862619988
			46.329058434241	-30.1027388197308
			46.329058434241	-30.1198913774629
			46.329058434241	-30.1370439351949
			46.329058434241	-30.1541964929269
			46.311905876509	-30.1541964929269
			46.311905876509	-30.171349050659
			46.311905876509	-30.188501608391
			46.2947533187769	-30.2056541661231
			46.2947533187769	-30.2228067238551
			46.2776007610449	-30.2399592815872
			46.2776007610449	-30.2571118393192
			46.2604482033128	-30.2742643970512
			46.2604482033128	-30.2914169547833
			46.2432956455808	-30.3085695125153
			46.2261430878488	-30.3257220702474
			46.2261430878488	-30.3428746279794
			46.2089905301167	-30.3600271857114
			46.1918379723847	-30.3771797434435
			46.1746854146526	-30.3943323011755
			46.1575328569206	-30.4114848589076
			46.1575328569206	-30.4286374166396
			46.1403802991886	-30.4457899743716
			46.1232277414565	-30.4629425321037
			46.1232277414565	-30.4800950898357
			46.1060751837245	-30.4800950898357
			46.1060751837245	-30.4972476475678
			46.0889226259924	-30.4972476475678
			46.0889226259924	-30.5144002052998
			46.0717700682604	-30.5315527630318
			46.0546175105284	-30.5487053207639
			46.0374649527963	-30.5658578784959
			46.0203123950643	-30.583010436228
			46.0031598373322	-30.60016299396
			45.9860072796002	-30.617315551692
			45.9688547218682	-30.617315551692
			45.9517021641361	-30.6344681094241
			45.9345496064041	-30.6516206671561
			45.917397048672	-30.6516206671561
			45.90024449094	-30.6687732248882
			45.883091933208	-30.6859257826202
			45.8659393754759	-30.7030783403522
			45.8487868177439	-30.7030783403522
			45.8316342600118	-30.7202308980843
			45.8144817022798	-30.7373834558163
			45.7973291445478	-30.7373834558163
			45.7801765868157	-30.7545360135484
			45.7630240290837	-30.7716885712804
			45.7458714713516	-30.7716885712804
			45.7287189136196	-30.7888411290124
			45.7115663558876	-30.8059936867445
			45.6944137981555	-30.8059936867445
			45.6772612404235	-30.8231462444765
			45.6601086826914	-30.8231462444765
			45.6429561249594	-30.8402988022086
			45.6258035672274	-30.8402988022086
			45.6086510094953	-30.8402988022086
			45.5914984517633	-30.8402988022086
			45.5914984517633	-30.8574513599406
			45.5743458940312	-30.8574513599406
			45.5571933362992	-30.8574513599406
			45.5400407785672	-30.8746039176726
			45.5228882208351	-30.8746039176726
			45.5057356631031	-30.8917564754047
			45.488583105371	-30.8917564754047
			45.471430547639	-30.8917564754047
			45.4542779899069	-30.9089090331367
			45.4371254321749	-30.9089090331367
			45.4199728744429	-30.9089090331367
			45.4028203167108	-30.9260615908688
			45.3856677589788	-30.9260615908688
			45.3685152012467	-30.9432141486008
			45.3513626435147	-30.9432141486008
			45.3342100857827	-30.9432141486008
			45.3170575280506	-30.9432141486008
			45.2999049703186	-30.9603667063328
			45.2827524125865	-30.9603667063328
			45.2655998548545	-30.9603667063328
			45.2484472971225	-30.9775192640649
			45.2312947393904	-30.9775192640649
			45.2141421816584	-30.9775192640649
			45.1969896239263	-30.9775192640649
			45.1798370661943	-30.9775192640649
			45.1626845084623	-30.9946718217969
			45.1455319507302	-30.9946718217969
			45.1283793929982	-30.9946718217969
			45.1112268352661	-30.9946718217969
			45.0940742775341	-31.011824379529
			45.0769217198021	-31.011824379529
			45.05976916207	-31.011824379529
			45.042616604338	-31.028976937261
			45.0254640466059	-31.028976937261
		</Outline4>
	</curves.scaled>
	<ruler.points type=matrix rownames=TRUE colnames=FALSE nrow=2 ncol=2 as.numeric=TRUE >
		Ruler point 1	3401	2598
		Ruler point 2	2818	2600
	</ruler.points>
</shapes>

