<shapes type=list>
	<ruler.pixel type=vector names=FALSE length=1 as.numeric=TRUE >1169.01539767447</ruler.pixel>
	<ruler.interval type=vector names=FALSE length=1 as.numeric=TRUE >10</ruler.interval>
	<scaling.units type=vector names=FALSE length=1 as.numeric=FALSE >mm</scaling.units>
	<scaling type=vector names=FALSE length=1 as.numeric=TRUE >0.0085542072584271</scaling>
	<landmarks.pixel type=matrix rownames=TRUE colnames=FALSE nrow=4 ncol=2 as.numeric=TRUE >
		Labial	2455	1280
		Posterior	2373	1223
		Lingual	2433	1143
		Anterior	2515	1202
	</landmarks.pixel>
	<landmarks.scaled type=matrix rownames=TRUE colnames=FALSE nrow=4 ncol=2 as.numeric=TRUE >
		Labial	21.0005788194385	-10.9493852907867
		Posterior	20.2991338242475	-10.4617954770563
		Lingual	20.8123862597531	-9.77745889638218
		Anterior	21.5138312549442	-10.2821571246294
	</landmarks.scaled>
	<curves.control type=list>
		<Outline1 type=matrix rownames=FALSE colnames=FALSE nrow=15 ncol=2 as.numeric=TRUE >
			2455	1280
			2448	1284
			2440	1289
			2431	1293
			2422	1296
			2413	1299
			2402	1299
			2393	1297
			2385	1291
			2378	1284
			2375	1277
			2372	1270
			2369	1264
			2367	1258
			2373	1223
		</Outline1>
		<Outline2 type=matrix rownames=FALSE colnames=FALSE nrow=13 ncol=2 as.numeric=TRUE >
			2373	1223
			2375	1209
			2376	1197
			2377	1186
			2379	1178
			2381	1170
			2386	1162
			2393	1156
			2401	1152
			2411	1148
			2418	1145
			2425	1143
			2433	1143
		</Outline2>
		<Outline3 type=matrix rownames=FALSE colnames=FALSE nrow=15 ncol=2 as.numeric=TRUE >
			2433	1143
			2442	1143
			2450	1145
			2459	1147
			2470	1152
			2478	1157
			2485	1161
			2493	1166
			2499	1171
			2506	1178
			2509	1183
			2512	1189
			2513	1194
			2514	1197
			2515	1202
		</Outline3>
		<Outline4 type=matrix rownames=FALSE colnames=FALSE nrow=17 ncol=2 as.numeric=TRUE >
			2515	1202
			2516	1209
			2518	1215
			2519	1221
			2519	1229
			2518	1235
			2516	1242
			2513	1249
			2508	1257
			2502	1262
			2496	1266
			2489	1269
			2482	1272
			2474	1274
			2467	1276
			2461	1277
			2455	1280
		</Outline4>
	</curves.control>
	<curves.pixel type=list>
		<Outline1 type=matrix rownames=FALSE colnames=FALSE nrow=142 ncol=2 as.numeric=TRUE >
			2455	1280
			2454	1280
			2454	1281
			2453	1281
			2452	1282
			2451	1282
			2450	1283
			2449	1284
			2448	1284
			2447	1285
			2446	1285
			2445	1286
			2444	1286
			2444	1287
			2443	1287
			2442	1288
			2441	1288
			2440	1289
			2439	1289
			2438	1290
			2437	1290
			2436	1291
			2435	1291
			2434	1292
			2433	1292
			2432	1292
			2431	1293
			2430	1293
			2429	1294
			2428	1294
			2427	1294
			2426	1295
			2425	1295
			2424	1295
			2423	1296
			2422	1296
			2421	1296
			2420	1297
			2419	1297
			2418	1297
			2417	1297
			2416	1298
			2415	1298
			2414	1298
			2413	1298
			2412	1298
			2411	1298
			2410	1299
			2409	1299
			2408	1299
			2407	1299
			2406	1299
			2405	1299
			2404	1299
			2403	1299
			2402	1299
			2401	1299
			2400	1298
			2399	1298
			2398	1298
			2397	1298
			2396	1297
			2395	1297
			2394	1296
			2393	1296
			2392	1295
			2391	1295
			2390	1294
			2389	1294
			2388	1293
			2387	1292
			2386	1292
			2385	1291
			2384	1290
			2383	1289
			2382	1288
			2381	1287
			2380	1286
			2380	1285
			2379	1284
			2378	1283
			2378	1282
			2377	1281
			2376	1280
			2376	1279
			2375	1278
			2375	1277
			2375	1276
			2374	1275
			2374	1274
			2373	1273
			2373	1272
			2372	1271
			2372	1270
			2372	1269
			2371	1269
			2371	1268
			2370	1267
			2370	1266
			2370	1265
			2369	1264
			2369	1263
			2369	1262
			2369	1261
			2369	1260
			2369	1259
			2369	1258
			2369	1257
			2369	1256
			2369	1255
			2369	1254
			2369	1253
			2369	1252
			2369	1251
			2369	1250
			2369	1249
			2369	1248
			2369	1247
			2370	1246
			2370	1245
			2370	1244
			2370	1243
			2370	1242
			2370	1241
			2370	1240
			2370	1239
			2371	1238
			2371	1237
			2371	1236
			2371	1235
			2371	1234
			2371	1233
			2372	1232
			2372	1231
			2372	1230
			2372	1229
			2372	1228
			2372	1227
			2373	1226
			2373	1225
			2373	1224
			2373	1223
		</Outline1>
		<Outline2 type=matrix rownames=FALSE colnames=FALSE nrow=112 ncol=2 as.numeric=TRUE >
			2373	1223
			2373	1222
			2373	1221
			2373	1220
			2374	1219
			2374	1218
			2374	1217
			2374	1216
			2374	1215
			2374	1214
			2374	1213
			2374	1212
			2375	1211
			2375	1210
			2375	1209
			2375	1208
			2375	1207
			2375	1206
			2375	1205
			2375	1204
			2375	1203
			2376	1202
			2376	1201
			2376	1200
			2376	1199
			2376	1198
			2376	1197
			2376	1196
			2376	1195
			2376	1194
			2376	1193
			2377	1192
			2377	1191
			2377	1190
			2377	1189
			2377	1188
			2377	1187
			2377	1186
			2378	1185
			2378	1184
			2378	1183
			2378	1182
			2378	1181
			2379	1180
			2379	1179
			2379	1178
			2379	1177
			2379	1176
			2380	1176
			2380	1175
			2380	1174
			2381	1173
			2381	1172
			2381	1171
			2382	1170
			2382	1169
			2383	1168
			2383	1167
			2384	1166
			2384	1165
			2385	1164
			2386	1163
			2386	1162
			2387	1161
			2388	1160
			2389	1159
			2390	1159
			2391	1158
			2392	1157
			2393	1157
			2394	1156
			2395	1155
			2396	1155
			2397	1154
			2398	1154
			2399	1153
			2400	1152
			2401	1152
			2402	1151
			2403	1151
			2404	1151
			2405	1151
			2405	1150
			2406	1150
			2407	1150
			2408	1149
			2409	1149
			2410	1148
			2411	1148
			2412	1148
			2413	1147
			2414	1147
			2415	1146
			2416	1146
			2417	1146
			2417	1145
			2418	1145
			2419	1145
			2420	1145
			2421	1144
			2422	1144
			2423	1144
			2424	1144
			2425	1143
			2426	1143
			2427	1143
			2428	1143
			2429	1143
			2430	1143
			2431	1143
			2432	1143
			2433	1143
		</Outline2>
		<Outline3 type=matrix rownames=FALSE colnames=FALSE nrow=104 ncol=2 as.numeric=TRUE >
			2433	1143
			2434	1143
			2435	1143
			2436	1143
			2437	1143
			2438	1143
			2439	1143
			2440	1143
			2441	1143
			2442	1144
			2443	1144
			2444	1144
			2445	1144
			2446	1144
			2447	1144
			2448	1145
			2449	1145
			2450	1145
			2451	1145
			2452	1145
			2453	1146
			2454	1146
			2455	1146
			2456	1147
			2457	1147
			2458	1147
			2459	1148
			2460	1148
			2461	1148
			2462	1149
			2463	1149
			2464	1149
			2465	1150
			2466	1150
			2467	1151
			2468	1151
			2469	1152
			2470	1152
			2471	1153
			2472	1153
			2473	1154
			2474	1154
			2475	1155
			2476	1156
			2477	1156
			2478	1157
			2479	1157
			2480	1158
			2481	1158
			2482	1159
			2483	1160
			2484	1161
			2485	1161
			2486	1162
			2487	1162
			2488	1163
			2489	1164
			2490	1165
			2491	1165
			2492	1166
			2493	1167
			2494	1167
			2495	1168
			2496	1169
			2497	1169
			2498	1170
			2499	1171
			2500	1172
			2501	1173
			2501	1174
			2502	1174
			2503	1175
			2504	1176
			2505	1177
			2505	1178
			2506	1179
			2507	1179
			2507	1180
			2508	1181
			2508	1182
			2509	1182
			2509	1183
			2509	1184
			2510	1185
			2510	1186
			2511	1186
			2511	1187
			2511	1188
			2511	1189
			2512	1189
			2512	1190
			2512	1191
			2512	1192
			2513	1192
			2513	1193
			2513	1194
			2513	1195
			2514	1196
			2514	1197
			2514	1198
			2514	1199
			2515	1200
			2515	1201
			2515	1202
		</Outline3>
		<Outline4 type=matrix rownames=FALSE colnames=FALSE nrow=118 ncol=2 as.numeric=TRUE >
			2515	1202
			2515	1203
			2515	1204
			2515	1205
			2516	1206
			2516	1207
			2516	1208
			2516	1209
			2517	1210
			2517	1211
			2517	1212
			2517	1213
			2518	1214
			2518	1215
			2518	1216
			2518	1217
			2518	1218
			2519	1219
			2519	1220
			2519	1221
			2519	1222
			2519	1223
			2519	1224
			2519	1225
			2519	1226
			2519	1227
			2519	1228
			2519	1229
			2519	1230
			2519	1231
			2518	1232
			2518	1233
			2518	1234
			2518	1235
			2517	1236
			2517	1237
			2517	1238
			2517	1239
			2517	1240
			2516	1241
			2516	1242
			2516	1243
			2515	1243
			2515	1244
			2515	1245
			2514	1246
			2514	1247
			2513	1248
			2513	1249
			2512	1250
			2512	1251
			2511	1252
			2511	1253
			2510	1254
			2510	1255
			2509	1255
			2508	1256
			2508	1257
			2507	1258
			2506	1258
			2505	1259
			2505	1260
			2504	1260
			2503	1261
			2502	1261
			2502	1262
			2501	1262
			2500	1263
			2500	1264
			2499	1264
			2498	1265
			2497	1265
			2497	1266
			2496	1266
			2495	1266
			2494	1267
			2493	1267
			2492	1268
			2491	1268
			2490	1269
			2489	1269
			2488	1270
			2487	1270
			2486	1270
			2485	1271
			2484	1271
			2483	1272
			2482	1272
			2481	1272
			2480	1272
			2480	1273
			2479	1273
			2478	1273
			2477	1273
			2476	1274
			2475	1274
			2474	1274
			2473	1274
			2472	1274
			2472	1275
			2471	1275
			2470	1275
			2469	1275
			2469	1276
			2468	1276
			2467	1276
			2466	1276
			2465	1276
			2464	1277
			2463	1277
			2462	1277
			2461	1277
			2460	1278
			2459	1278
			2458	1279
			2457	1279
			2456	1280
			2455	1280
		</Outline4>
	</curves.pixel>
	<curves.scaled type=list>
		<Outline1 type=matrix rownames=FALSE colnames=FALSE nrow=142 ncol=2 as.numeric=TRUE >
			21.0005788194385	-10.9493852907867
			20.9920246121801	-10.9493852907867
			20.9920246121801	-10.9579394980451
			20.9834704049217	-10.9579394980451
			20.9749161976633	-10.9664937053035
			20.9663619904048	-10.9664937053035
			20.9578077831464	-10.975047912562
			20.949253575888	-10.9836021198204
			20.9406993686295	-10.9836021198204
			20.9321451613711	-10.9921563270788
			20.9235909541127	-10.9921563270788
			20.9150367468543	-11.0007105343373
			20.9064825395958	-11.0007105343373
			20.9064825395958	-11.0092647415957
			20.8979283323374	-11.0092647415957
			20.889374125079	-11.0178189488541
			20.8808199178206	-11.0178189488541
			20.8722657105621	-11.0263731561125
			20.8637115033037	-11.0263731561125
			20.8551572960453	-11.034927363371
			20.8466030887869	-11.034927363371
			20.8380488815284	-11.0434815706294
			20.82949467427	-11.0434815706294
			20.8209404670116	-11.0520357778878
			20.8123862597531	-11.0520357778878
			20.8038320524947	-11.0520357778878
			20.7952778452363	-11.0605899851462
			20.7867236379779	-11.0605899851462
			20.7781694307194	-11.0691441924047
			20.769615223461	-11.0691441924047
			20.7610610162026	-11.0691441924047
			20.7525068089442	-11.0776983996631
			20.7439526016857	-11.0776983996631
			20.7353983944273	-11.0776983996631
			20.7268441871689	-11.0862526069215
			20.7182899799104	-11.0862526069215
			20.709735772652	-11.0862526069215
			20.7011815653936	-11.09480681418
			20.6926273581352	-11.09480681418
			20.6840731508767	-11.09480681418
			20.6755189436183	-11.09480681418
			20.6669647363599	-11.1033610214384
			20.6584105291015	-11.1033610214384
			20.649856321843	-11.1033610214384
			20.6413021145846	-11.1033610214384
			20.6327479073262	-11.1033610214384
			20.6241937000677	-11.1033610214384
			20.6156394928093	-11.1119152286968
			20.6070852855509	-11.1119152286968
			20.5985310782925	-11.1119152286968
			20.589976871034	-11.1119152286968
			20.5814226637756	-11.1119152286968
			20.5728684565172	-11.1119152286968
			20.5643142492588	-11.1119152286968
			20.5557600420003	-11.1119152286968
			20.5472058347419	-11.1119152286968
			20.5386516274835	-11.1119152286968
			20.5300974202251	-11.1033610214384
			20.5215432129666	-11.1033610214384
			20.5129890057082	-11.1033610214384
			20.5044347984498	-11.1033610214384
			20.4958805911913	-11.09480681418
			20.4873263839329	-11.09480681418
			20.4787721766745	-11.0862526069215
			20.4702179694161	-11.0862526069215
			20.4616637621576	-11.0776983996631
			20.4531095548992	-11.0776983996631
			20.4445553476408	-11.0691441924047
			20.4360011403824	-11.0691441924047
			20.4274469331239	-11.0605899851462
			20.4188927258655	-11.0520357778878
			20.4103385186071	-11.0520357778878
			20.4017843113486	-11.0434815706294
			20.3932301040902	-11.034927363371
			20.3846758968318	-11.0263731561125
			20.3761216895734	-11.0178189488541
			20.3675674823149	-11.0092647415957
			20.3590132750565	-11.0007105343373
			20.3590132750565	-10.9921563270788
			20.3504590677981	-10.9836021198204
			20.3419048605397	-10.975047912562
			20.3419048605397	-10.9664937053035
			20.3333506532812	-10.9579394980451
			20.3247964460228	-10.9493852907867
			20.3247964460228	-10.9408310835283
			20.3162422387644	-10.9322768762698
			20.3162422387644	-10.9237226690114
			20.3162422387644	-10.915168461753
			20.3076880315059	-10.9066142544946
			20.3076880315059	-10.8980600472361
			20.2991338242475	-10.8895058399777
			20.2991338242475	-10.8809516327193
			20.2905796169891	-10.8723974254608
			20.2905796169891	-10.8638432182024
			20.2905796169891	-10.855289010944
			20.2820254097307	-10.855289010944
			20.2820254097307	-10.8467348036856
			20.2734712024722	-10.8381805964271
			20.2734712024722	-10.8296263891687
			20.2734712024722	-10.8210721819103
			20.2649169952138	-10.8125179746519
			20.2649169952138	-10.8039637673934
			20.2649169952138	-10.795409560135
			20.2649169952138	-10.7868553528766
			20.2649169952138	-10.7783011456182
			20.2649169952138	-10.7697469383597
			20.2649169952138	-10.7611927311013
			20.2649169952138	-10.7526385238429
			20.2649169952138	-10.7440843165844
			20.2649169952138	-10.735530109326
			20.2649169952138	-10.7269759020676
			20.2649169952138	-10.7184216948092
			20.2649169952138	-10.7098674875507
			20.2649169952138	-10.7013132802923
			20.2649169952138	-10.6927590730339
			20.2649169952138	-10.6842048657755
			20.2649169952138	-10.675650658517
			20.2649169952138	-10.6670964512586
			20.2734712024722	-10.6585422440002
			20.2734712024722	-10.6499880367417
			20.2734712024722	-10.6414338294833
			20.2734712024722	-10.6328796222249
			20.2734712024722	-10.6243254149665
			20.2734712024722	-10.615771207708
			20.2734712024722	-10.6072170004496
			20.2734712024722	-10.5986627931912
			20.2820254097307	-10.5901085859328
			20.2820254097307	-10.5815543786743
			20.2820254097307	-10.5730001714159
			20.2820254097307	-10.5644459641575
			20.2820254097307	-10.555891756899
			20.2820254097307	-10.5473375496406
			20.2905796169891	-10.5387833423822
			20.2905796169891	-10.5302291351238
			20.2905796169891	-10.5216749278653
			20.2905796169891	-10.5131207206069
			20.2905796169891	-10.5045665133485
			20.2905796169891	-10.4960123060901
			20.2991338242475	-10.4874580988316
			20.2991338242475	-10.4789038915732
			20.2991338242475	-10.4703496843148
			20.2991338242475	-10.4617954770563
		</Outline1>
		<Outline2 type=matrix rownames=FALSE colnames=FALSE nrow=112 ncol=2 as.numeric=TRUE >
			20.2991338242475	-10.4617954770563
			20.2991338242475	-10.4532412697979
			20.2991338242475	-10.4446870625395
			20.2991338242475	-10.4361328552811
			20.3076880315059	-10.4275786480226
			20.3076880315059	-10.4190244407642
			20.3076880315059	-10.4104702335058
			20.3076880315059	-10.4019160262474
			20.3076880315059	-10.3933618189889
			20.3076880315059	-10.3848076117305
			20.3076880315059	-10.3762534044721
			20.3076880315059	-10.3676991972136
			20.3162422387644	-10.3591449899552
			20.3162422387644	-10.3505907826968
			20.3162422387644	-10.3420365754384
			20.3162422387644	-10.3334823681799
			20.3162422387644	-10.3249281609215
			20.3162422387644	-10.3163739536631
			20.3162422387644	-10.3078197464047
			20.3162422387644	-10.2992655391462
			20.3162422387644	-10.2907113318878
			20.3247964460228	-10.2821571246294
			20.3247964460228	-10.273602917371
			20.3247964460228	-10.2650487101125
			20.3247964460228	-10.2564945028541
			20.3247964460228	-10.2479402955957
			20.3247964460228	-10.2393860883372
			20.3247964460228	-10.2308318810788
			20.3247964460228	-10.2222776738204
			20.3247964460228	-10.213723466562
			20.3247964460228	-10.2051692593035
			20.3333506532812	-10.1966150520451
			20.3333506532812	-10.1880608447867
			20.3333506532812	-10.1795066375283
			20.3333506532812	-10.1709524302698
			20.3333506532812	-10.1623982230114
			20.3333506532812	-10.153844015753
			20.3333506532812	-10.1452898084945
			20.3419048605397	-10.1367356012361
			20.3419048605397	-10.1281813939777
			20.3419048605397	-10.1196271867193
			20.3419048605397	-10.1110729794608
			20.3419048605397	-10.1025187722024
			20.3504590677981	-10.093964564944
			20.3504590677981	-10.0854103576856
			20.3504590677981	-10.0768561504271
			20.3504590677981	-10.0683019431687
			20.3504590677981	-10.0597477359103
			20.3590132750565	-10.0597477359103
			20.3590132750565	-10.0511935286518
			20.3590132750565	-10.0426393213934
			20.3675674823149	-10.034085114135
			20.3675674823149	-10.0255309068766
			20.3675674823149	-10.0169766996181
			20.3761216895734	-10.0084224923597
			20.3761216895734	-9.99986828510128
			20.3846758968318	-9.99131407784286
			20.3846758968318	-9.98275987058443
			20.3932301040902	-9.974205663326
			20.3932301040902	-9.96565145606758
			20.4017843113486	-9.95709724880915
			20.4103385186071	-9.94854304155072
			20.4103385186071	-9.9399888342923
			20.4188927258655	-9.93143462703387
			20.4274469331239	-9.92288041977544
			20.4360011403824	-9.91432621251701
			20.4445553476408	-9.91432621251701
			20.4531095548992	-9.90577200525859
			20.4616637621576	-9.89721779800016
			20.4702179694161	-9.89721779800016
			20.4787721766745	-9.88866359074173
			20.4873263839329	-9.8801093834833
			20.4958805911913	-9.8801093834833
			20.5044347984498	-9.87155517622488
			20.5129890057082	-9.87155517622488
			20.5215432129666	-9.86300096896645
			20.5300974202251	-9.85444676170802
			20.5386516274835	-9.85444676170802
			20.5472058347419	-9.8458925544496
			20.5557600420003	-9.8458925544496
			20.5643142492588	-9.8458925544496
			20.5728684565172	-9.8458925544496
			20.5728684565172	-9.83733834719117
			20.5814226637756	-9.83733834719117
			20.589976871034	-9.83733834719117
			20.5985310782925	-9.82878413993274
			20.6070852855509	-9.82878413993274
			20.6156394928093	-9.82022993267432
			20.6241937000677	-9.82022993267432
			20.6327479073262	-9.82022993267432
			20.6413021145846	-9.81167572541589
			20.649856321843	-9.81167572541589
			20.6584105291015	-9.80312151815746
			20.6669647363599	-9.80312151815746
			20.6755189436183	-9.80312151815746
			20.6755189436183	-9.79456731089903
			20.6840731508767	-9.79456731089903
			20.6926273581352	-9.79456731089903
			20.7011815653936	-9.79456731089903
			20.709735772652	-9.78601310364061
			20.7182899799104	-9.78601310364061
			20.7268441871689	-9.78601310364061
			20.7353983944273	-9.78601310364061
			20.7439526016857	-9.77745889638218
			20.7525068089442	-9.77745889638218
			20.7610610162026	-9.77745889638218
			20.769615223461	-9.77745889638218
			20.7781694307194	-9.77745889638218
			20.7867236379779	-9.77745889638218
			20.7952778452363	-9.77745889638218
			20.8038320524947	-9.77745889638218
			20.8123862597531	-9.77745889638218
		</Outline2>
		<Outline3 type=matrix rownames=FALSE colnames=FALSE nrow=104 ncol=2 as.numeric=TRUE >
			20.8123862597531	-9.77745889638218
			20.8209404670116	-9.77745889638218
			20.82949467427	-9.77745889638218
			20.8380488815284	-9.77745889638218
			20.8466030887869	-9.77745889638218
			20.8551572960453	-9.77745889638218
			20.8637115033037	-9.77745889638218
			20.8722657105621	-9.77745889638218
			20.8808199178206	-9.77745889638218
			20.889374125079	-9.78601310364061
			20.8979283323374	-9.78601310364061
			20.9064825395958	-9.78601310364061
			20.9150367468543	-9.78601310364061
			20.9235909541127	-9.78601310364061
			20.9321451613711	-9.78601310364061
			20.9406993686295	-9.79456731089903
			20.949253575888	-9.79456731089903
			20.9578077831464	-9.79456731089903
			20.9663619904048	-9.79456731089903
			20.9749161976633	-9.79456731089903
			20.9834704049217	-9.80312151815746
			20.9920246121801	-9.80312151815746
			21.0005788194385	-9.80312151815746
			21.009133026697	-9.81167572541589
			21.0176872339554	-9.81167572541589
			21.0262414412138	-9.81167572541589
			21.0347956484722	-9.82022993267432
			21.0433498557307	-9.82022993267432
			21.0519040629891	-9.82022993267432
			21.0604582702475	-9.82878413993274
			21.069012477506	-9.82878413993274
			21.0775666847644	-9.82878413993274
			21.0861208920228	-9.83733834719117
			21.0946750992812	-9.83733834719117
			21.1032293065397	-9.8458925544496
			21.1117835137981	-9.8458925544496
			21.1203377210565	-9.85444676170802
			21.1288919283149	-9.85444676170802
			21.1374461355734	-9.86300096896645
			21.1460003428318	-9.86300096896645
			21.1545545500902	-9.87155517622488
			21.1631087573487	-9.87155517622488
			21.1716629646071	-9.8801093834833
			21.1802171718655	-9.88866359074173
			21.1887713791239	-9.88866359074173
			21.1973255863824	-9.89721779800016
			21.2058797936408	-9.89721779800016
			21.2144340008992	-9.90577200525859
			21.2229882081576	-9.90577200525859
			21.2315424154161	-9.91432621251701
			21.2400966226745	-9.92288041977544
			21.2486508299329	-9.93143462703387
			21.2572050371914	-9.93143462703387
			21.2657592444498	-9.9399888342923
			21.2743134517082	-9.9399888342923
			21.2828676589666	-9.94854304155072
			21.2914218662251	-9.95709724880915
			21.2999760734835	-9.96565145606758
			21.3085302807419	-9.96565145606758
			21.3170844880003	-9.974205663326
			21.3256386952588	-9.98275987058443
			21.3341929025172	-9.98275987058443
			21.3427471097756	-9.99131407784286
			21.351301317034	-9.99986828510128
			21.3598555242925	-9.99986828510128
			21.3684097315509	-10.0084224923597
			21.3769639388093	-10.0169766996181
			21.3855181460678	-10.0255309068766
			21.3940723533262	-10.034085114135
			21.3940723533262	-10.0426393213934
			21.4026265605846	-10.0426393213934
			21.411180767843	-10.0511935286518
			21.4197349751015	-10.0597477359103
			21.4282891823599	-10.0683019431687
			21.4282891823599	-10.0768561504271
			21.4368433896183	-10.0854103576856
			21.4453975968767	-10.0854103576856
			21.4453975968767	-10.093964564944
			21.4539518041352	-10.1025187722024
			21.4539518041352	-10.1110729794608
			21.4625060113936	-10.1110729794608
			21.4625060113936	-10.1196271867193
			21.4625060113936	-10.1281813939777
			21.471060218652	-10.1367356012361
			21.471060218652	-10.1452898084945
			21.4796144259105	-10.1452898084945
			21.4796144259105	-10.153844015753
			21.4796144259105	-10.1623982230114
			21.4796144259105	-10.1709524302698
			21.4881686331689	-10.1709524302698
			21.4881686331689	-10.1795066375283
			21.4881686331689	-10.1880608447867
			21.4881686331689	-10.1966150520451
			21.4967228404273	-10.1966150520451
			21.4967228404273	-10.2051692593035
			21.4967228404273	-10.213723466562
			21.4967228404273	-10.2222776738204
			21.5052770476857	-10.2308318810788
			21.5052770476857	-10.2393860883372
			21.5052770476857	-10.2479402955957
			21.5052770476857	-10.2564945028541
			21.5138312549442	-10.2650487101125
			21.5138312549442	-10.273602917371
			21.5138312549442	-10.2821571246294
		</Outline3>
		<Outline4 type=matrix rownames=FALSE colnames=FALSE nrow=118 ncol=2 as.numeric=TRUE >
			21.5138312549442	-10.2821571246294
			21.5138312549442	-10.2907113318878
			21.5138312549442	-10.2992655391462
			21.5138312549442	-10.3078197464047
			21.5223854622026	-10.3163739536631
			21.5223854622026	-10.3249281609215
			21.5223854622026	-10.3334823681799
			21.5223854622026	-10.3420365754384
			21.530939669461	-10.3505907826968
			21.530939669461	-10.3591449899552
			21.530939669461	-10.3676991972136
			21.530939669461	-10.3762534044721
			21.5394938767194	-10.3848076117305
			21.5394938767194	-10.3933618189889
			21.5394938767194	-10.4019160262474
			21.5394938767194	-10.4104702335058
			21.5394938767194	-10.4190244407642
			21.5480480839779	-10.4275786480226
			21.5480480839779	-10.4361328552811
			21.5480480839779	-10.4446870625395
			21.5480480839779	-10.4532412697979
			21.5480480839779	-10.4617954770563
			21.5480480839779	-10.4703496843148
			21.5480480839779	-10.4789038915732
			21.5480480839779	-10.4874580988316
			21.5480480839779	-10.4960123060901
			21.5480480839779	-10.5045665133485
			21.5480480839779	-10.5131207206069
			21.5480480839779	-10.5216749278653
			21.5480480839779	-10.5302291351238
			21.5394938767194	-10.5387833423822
			21.5394938767194	-10.5473375496406
			21.5394938767194	-10.555891756899
			21.5394938767194	-10.5644459641575
			21.530939669461	-10.5730001714159
			21.530939669461	-10.5815543786743
			21.530939669461	-10.5901085859328
			21.530939669461	-10.5986627931912
			21.530939669461	-10.6072170004496
			21.5223854622026	-10.615771207708
			21.5223854622026	-10.6243254149665
			21.5223854622026	-10.6328796222249
			21.5138312549442	-10.6328796222249
			21.5138312549442	-10.6414338294833
			21.5138312549442	-10.6499880367417
			21.5052770476857	-10.6585422440002
			21.5052770476857	-10.6670964512586
			21.4967228404273	-10.675650658517
			21.4967228404273	-10.6842048657755
			21.4881686331689	-10.6927590730339
			21.4881686331689	-10.7013132802923
			21.4796144259105	-10.7098674875507
			21.4796144259105	-10.7184216948092
			21.471060218652	-10.7269759020676
			21.471060218652	-10.735530109326
			21.4625060113936	-10.735530109326
			21.4539518041352	-10.7440843165844
			21.4539518041352	-10.7526385238429
			21.4453975968767	-10.7611927311013
			21.4368433896183	-10.7611927311013
			21.4282891823599	-10.7697469383597
			21.4282891823599	-10.7783011456182
			21.4197349751015	-10.7783011456182
			21.411180767843	-10.7868553528766
			21.4026265605846	-10.7868553528766
			21.4026265605846	-10.795409560135
			21.3940723533262	-10.795409560135
			21.3855181460678	-10.8039637673934
			21.3855181460678	-10.8125179746519
			21.3769639388093	-10.8125179746519
			21.3684097315509	-10.8210721819103
			21.3598555242925	-10.8210721819103
			21.3598555242925	-10.8296263891687
			21.351301317034	-10.8296263891687
			21.3427471097756	-10.8296263891687
			21.3341929025172	-10.8381805964271
			21.3256386952588	-10.8381805964271
			21.3170844880003	-10.8467348036856
			21.3085302807419	-10.8467348036856
			21.2999760734835	-10.855289010944
			21.2914218662251	-10.855289010944
			21.2828676589666	-10.8638432182024
			21.2743134517082	-10.8638432182024
			21.2657592444498	-10.8638432182024
			21.2572050371914	-10.8723974254608
			21.2486508299329	-10.8723974254608
			21.2400966226745	-10.8809516327193
			21.2315424154161	-10.8809516327193
			21.2229882081576	-10.8809516327193
			21.2144340008992	-10.8809516327193
			21.2144340008992	-10.8895058399777
			21.2058797936408	-10.8895058399777
			21.1973255863824	-10.8895058399777
			21.1887713791239	-10.8895058399777
			21.1802171718655	-10.8980600472361
			21.1716629646071	-10.8980600472361
			21.1631087573487	-10.8980600472361
			21.1545545500902	-10.8980600472361
			21.1460003428318	-10.8980600472361
			21.1460003428318	-10.9066142544946
			21.1374461355734	-10.9066142544946
			21.1288919283149	-10.9066142544946
			21.1203377210565	-10.9066142544946
			21.1203377210565	-10.915168461753
			21.1117835137981	-10.915168461753
			21.1032293065397	-10.915168461753
			21.0946750992812	-10.915168461753
			21.0861208920228	-10.915168461753
			21.0775666847644	-10.9237226690114
			21.069012477506	-10.9237226690114
			21.0604582702475	-10.9237226690114
			21.0519040629891	-10.9237226690114
			21.0433498557307	-10.9322768762698
			21.0347956484722	-10.9322768762698
			21.0262414412138	-10.9408310835283
			21.0176872339554	-10.9408310835283
			21.009133026697	-10.9493852907867
			21.0005788194385	-10.9493852907867
		</Outline4>
	</curves.scaled>
	<ruler.points type=matrix rownames=TRUE colnames=FALSE nrow=2 ncol=2 as.numeric=TRUE >
		Ruler point 1	3520	2465
		Ruler point 2	2351	2471
	</ruler.points>
</shapes>

