<shapes type=list>
	<ruler.pixel type=vector names=FALSE length=1 as.numeric=TRUE >894.008948501076</ruler.pixel>
	<ruler.interval type=vector names=FALSE length=1 as.numeric=TRUE >10</ruler.interval>
	<scaling.units type=vector names=FALSE length=1 as.numeric=FALSE >mm</scaling.units>
	<scaling type=vector names=FALSE length=1 as.numeric=TRUE >0.0111855703645543</scaling>
	<landmarks.pixel type=matrix rownames=TRUE colnames=FALSE nrow=4 ncol=2 as.numeric=TRUE >
		Labial	2363	1700
		Posterior	2258	1646
		Lingual	2327	1552
		Anterior	2431	1607
	</landmarks.pixel>
	<landmarks.scaled type=matrix rownames=TRUE colnames=FALSE nrow=4 ncol=2 as.numeric=TRUE >
		Labial	26.4315027714418	-19.0154696197423
		Posterior	25.2570178831636	-18.4114488200564
		Lingual	26.0288222383179	-17.3600052057883
		Anterior	27.1921215562315	-17.9752115758388
	</landmarks.scaled>
	<curves.control type=list>
		<Outline1 type=matrix rownames=FALSE colnames=FALSE nrow=21 ncol=2 as.numeric=TRUE >
			2363	1700
			2358	1703
			2352	1706
			2344	1710
			2335	1714
			2327	1717
			2319	1719
			2311	1720
			2303	1720
			2294	1719
			2287	1717
			2280	1713
			2275	1709
			2270	1703
			2266	1697
			2263	1690
			2261	1683
			2259	1676
			2258	1668
			2259	1660
			2258	1646
		</Outline1>
		<Outline2 type=matrix rownames=FALSE colnames=FALSE nrow=19 ncol=2 as.numeric=TRUE >
			2258	1646
			2256	1637
			2255	1629
			2254	1620
			2256	1611
			2260	1605
			2263	1597
			2267	1590
			2271	1583
			2276	1575
			2280	1569
			2286	1562
			2291	1558
			2296	1555
			2301	1554
			2308	1553
			2316	1552
			2321	1552
			2327	1552
		</Outline2>
		<Outline3 type=matrix rownames=FALSE colnames=FALSE nrow=19 ncol=2 as.numeric=TRUE >
			2327	1552
			2336	1552
			2346	1552
			2354	1552
			2364	1552
			2373	1552
			2381	1553
			2388	1554
			2395	1557
			2402	1561
			2407	1565
			2411	1571
			2415	1575
			2420	1582
			2423	1587
			2426	1593
			2429	1597
			2431	1601
			2431	1607
		</Outline3>
		<Outline4 type=matrix rownames=FALSE colnames=FALSE nrow=21 ncol=2 as.numeric=TRUE >
			2431	1607
			2431	1616
			2430	1622
			2429	1629
			2426	1637
			2424	1645
			2422	1651
			2421	1656
			2419	1661
			2416	1667
			2412	1673
			2407	1679
			2402	1683
			2396	1687
			2389	1690
			2383	1693
			2378	1693
			2373	1694
			2369	1696
			2366	1698
			2363	1700
		</Outline4>
	</curves.control>
	<curves.pixel type=list>
		<Outline1 type=matrix rownames=FALSE colnames=FALSE nrow=160 ncol=2 as.numeric=TRUE >
			2363	1700
			2362	1700
			2362	1701
			2361	1701
			2360	1701
			2360	1702
			2359	1702
			2358	1703
			2357	1703
			2356	1704
			2355	1705
			2354	1705
			2353	1705
			2352	1706
			2351	1706
			2350	1707
			2349	1708
			2348	1708
			2347	1709
			2346	1709
			2345	1709
			2345	1710
			2344	1710
			2343	1710
			2342	1711
			2341	1711
			2340	1712
			2339	1712
			2338	1713
			2337	1713
			2336	1713
			2335	1714
			2334	1714
			2333	1715
			2332	1715
			2331	1716
			2330	1716
			2329	1716
			2328	1717
			2327	1717
			2326	1717
			2325	1717
			2324	1718
			2323	1718
			2322	1718
			2321	1719
			2320	1719
			2319	1719
			2318	1719
			2317	1719
			2316	1719
			2315	1719
			2314	1719
			2314	1720
			2313	1720
			2312	1720
			2311	1720
			2310	1720
			2309	1720
			2308	1720
			2307	1720
			2306	1720
			2305	1720
			2304	1720
			2303	1720
			2302	1720
			2301	1720
			2300	1720
			2299	1720
			2298	1719
			2297	1719
			2296	1719
			2295	1719
			2294	1719
			2293	1718
			2292	1718
			2291	1718
			2290	1718
			2289	1717
			2288	1717
			2287	1717
			2286	1716
			2285	1716
			2284	1715
			2283	1715
			2282	1714
			2281	1714
			2281	1713
			2280	1712
			2279	1712
			2278	1711
			2277	1711
			2277	1710
			2276	1710
			2275	1709
			2275	1708
			2274	1708
			2273	1707
			2273	1706
			2272	1705
			2271	1704
			2270	1703
			2269	1702
			2269	1701
			2268	1700
			2267	1699
			2266	1698
			2266	1697
			2265	1696
			2265	1695
			2265	1694
			2265	1693
			2264	1693
			2264	1692
			2264	1691
			2263	1690
			2263	1689
			2262	1688
			2262	1687
			2262	1686
			2262	1685
			2261	1684
			2261	1683
			2261	1682
			2260	1681
			2260	1680
			2260	1679
			2260	1678
			2259	1677
			2259	1676
			2259	1675
			2259	1674
			2259	1673
			2259	1672
			2258	1671
			2258	1670
			2258	1669
			2258	1668
			2258	1667
			2258	1666
			2258	1665
			2258	1664
			2258	1663
			2258	1662
			2258	1661
			2258	1660
			2258	1659
			2258	1658
			2258	1657
			2258	1656
			2258	1655
			2258	1654
			2258	1653
			2258	1652
			2258	1651
			2258	1650
			2258	1649
			2258	1648
			2258	1647
			2258	1646
		</Outline1>
		<Outline2 type=matrix rownames=FALSE colnames=FALSE nrow=133 ncol=2 as.numeric=TRUE >
			2258	1646
			2258	1645
			2257	1644
			2257	1643
			2257	1642
			2257	1641
			2257	1640
			2257	1639
			2256	1638
			2256	1637
			2256	1636
			2256	1635
			2256	1634
			2256	1633
			2255	1632
			2255	1631
			2255	1630
			2255	1629
			2255	1628
			2255	1627
			2255	1626
			2255	1625
			2255	1624
			2255	1623
			2255	1622
			2255	1621
			2255	1620
			2255	1619
			2255	1618
			2255	1617
			2255	1616
			2255	1615
			2255	1614
			2256	1613
			2256	1612
			2256	1611
			2257	1610
			2257	1609
			2258	1608
			2259	1607
			2259	1606
			2260	1605
			2260	1604
			2261	1603
			2261	1602
			2262	1601
			2262	1600
			2262	1599
			2263	1598
			2263	1597
			2263	1596
			2264	1596
			2264	1595
			2265	1594
			2265	1593
			2266	1592
			2267	1591
			2267	1590
			2267	1589
			2268	1588
			2269	1587
			2269	1586
			2270	1585
			2270	1584
			2271	1583
			2271	1582
			2272	1581
			2273	1580
			2274	1579
			2274	1578
			2275	1577
			2276	1576
			2276	1575
			2277	1574
			2278	1573
			2278	1572
			2279	1571
			2279	1570
			2280	1569
			2281	1568
			2282	1567
			2282	1566
			2283	1565
			2284	1565
			2285	1564
			2286	1563
			2286	1562
			2287	1561
			2288	1561
			2289	1560
			2289	1559
			2290	1559
			2291	1558
			2292	1558
			2292	1557
			2293	1557
			2294	1557
			2294	1556
			2295	1556
			2296	1556
			2296	1555
			2297	1555
			2298	1555
			2299	1555
			2299	1554
			2300	1554
			2301	1554
			2302	1554
			2303	1554
			2304	1554
			2305	1553
			2306	1553
			2307	1553
			2308	1553
			2309	1553
			2310	1553
			2311	1553
			2312	1552
			2313	1552
			2314	1552
			2315	1552
			2316	1552
			2317	1552
			2318	1552
			2319	1552
			2320	1552
			2321	1552
			2322	1552
			2323	1552
			2324	1552
			2325	1552
			2326	1552
			2327	1552
		</Outline2>
		<Outline3 type=matrix rownames=FALSE colnames=FALSE nrow=129 ncol=2 as.numeric=TRUE >
			2327	1552
			2328	1552
			2329	1552
			2330	1552
			2331	1552
			2332	1552
			2333	1552
			2334	1552
			2335	1552
			2336	1552
			2337	1552
			2338	1552
			2339	1552
			2340	1552
			2341	1552
			2342	1552
			2343	1552
			2344	1552
			2345	1552
			2346	1552
			2347	1552
			2348	1552
			2349	1552
			2350	1552
			2351	1552
			2352	1552
			2353	1552
			2354	1552
			2355	1552
			2356	1552
			2357	1552
			2358	1552
			2359	1552
			2360	1552
			2361	1552
			2362	1552
			2363	1552
			2364	1552
			2365	1552
			2366	1552
			2367	1552
			2368	1552
			2369	1552
			2370	1552
			2371	1552
			2372	1552
			2373	1552
			2374	1552
			2375	1552
			2376	1553
			2377	1553
			2378	1553
			2379	1553
			2380	1553
			2381	1553
			2382	1553
			2383	1553
			2384	1553
			2385	1554
			2386	1554
			2387	1554
			2388	1555
			2389	1555
			2390	1555
			2391	1556
			2392	1556
			2393	1556
			2394	1557
			2395	1557
			2396	1558
			2397	1558
			2398	1559
			2399	1560
			2400	1560
			2401	1561
			2402	1561
			2403	1562
			2404	1563
			2405	1563
			2405	1564
			2406	1564
			2407	1565
			2407	1566
			2408	1567
			2409	1567
			2409	1568
			2410	1569
			2410	1570
			2411	1570
			2412	1571
			2412	1572
			2413	1573
			2414	1574
			2415	1575
			2416	1576
			2417	1577
			2417	1578
			2418	1579
			2418	1580
			2419	1580
			2419	1581
			2420	1582
			2421	1583
			2421	1584
			2422	1585
			2422	1586
			2423	1587
			2424	1588
			2424	1589
			2425	1590
			2425	1591
			2425	1592
			2426	1592
			2426	1593
			2427	1594
			2427	1595
			2428	1595
			2428	1596
			2429	1597
			2429	1598
			2430	1599
			2430	1600
			2430	1601
			2431	1602
			2431	1603
			2431	1604
			2431	1605
			2431	1606
			2431	1607
		</Outline3>
		<Outline4 type=matrix rownames=FALSE colnames=FALSE nrow=123 ncol=2 as.numeric=TRUE >
			2431	1607
			2431	1608
			2431	1609
			2431	1610
			2431	1611
			2431	1612
			2431	1613
			2431	1614
			2431	1615
			2431	1616
			2431	1617
			2431	1618
			2430	1619
			2430	1620
			2430	1621
			2430	1622
			2430	1623
			2430	1624
			2430	1625
			2429	1626
			2429	1627
			2429	1628
			2429	1629
			2428	1630
			2428	1631
			2428	1632
			2427	1633
			2427	1634
			2427	1635
			2426	1636
			2426	1637
			2426	1638
			2425	1639
			2425	1640
			2425	1641
			2425	1642
			2424	1643
			2424	1644
			2424	1645
			2424	1646
			2423	1647
			2423	1648
			2423	1649
			2422	1650
			2422	1651
			2422	1652
			2422	1653
			2421	1654
			2421	1655
			2421	1656
			2420	1657
			2420	1658
			2420	1659
			2419	1660
			2419	1661
			2418	1662
			2418	1663
			2418	1664
			2417	1665
			2416	1666
			2416	1667
			2415	1668
			2415	1669
			2414	1670
			2413	1671
			2413	1672
			2412	1672
			2412	1673
			2411	1674
			2410	1675
			2410	1676
			2409	1677
			2408	1677
			2407	1678
			2407	1679
			2406	1679
			2405	1680
			2405	1681
			2404	1681
			2403	1682
			2403	1683
			2402	1683
			2401	1684
			2400	1684
			2399	1685
			2398	1685
			2397	1686
			2396	1687
			2395	1687
			2394	1688
			2393	1688
			2392	1689
			2391	1689
			2390	1690
			2389	1690
			2388	1690
			2388	1691
			2387	1691
			2386	1691
			2385	1692
			2384	1692
			2383	1692
			2382	1693
			2381	1693
			2380	1693
			2379	1693
			2378	1693
			2377	1693
			2376	1693
			2375	1694
			2374	1694
			2373	1694
			2372	1695
			2371	1695
			2370	1695
			2369	1696
			2368	1697
			2367	1698
			2366	1698
			2365	1699
			2364	1699
			2364	1700
			2363	1700
		</Outline4>
	</curves.pixel>
	<curves.scaled type=list>
		<Outline1 type=matrix rownames=FALSE colnames=FALSE nrow=160 ncol=2 as.numeric=TRUE >
			26.4315027714418	-19.0154696197423
			26.4203172010773	-19.0154696197423
			26.4203172010773	-19.0266551901069
			26.4091316307127	-19.0266551901069
			26.3979460603482	-19.0266551901069
			26.3979460603482	-19.0378407604714
			26.3867604899836	-19.0378407604714
			26.3755749196191	-19.049026330836
			26.3643893492545	-19.049026330836
			26.35320377889	-19.0602119012005
			26.3420182085254	-19.0713974715651
			26.3308326381608	-19.0713974715651
			26.3196470677963	-19.0713974715651
			26.3084614974317	-19.0825830419297
			26.2972759270672	-19.0825830419297
			26.2860903567026	-19.0937686122942
			26.2749047863381	-19.1049541826588
			26.2637192159735	-19.1049541826588
			26.252533645609	-19.1161397530233
			26.2413480752444	-19.1161397530233
			26.2301625048799	-19.1161397530233
			26.2301625048799	-19.1273253233879
			26.2189769345153	-19.1273253233879
			26.2077913641508	-19.1273253233879
			26.1966057937862	-19.1385108937524
			26.1854202234216	-19.1385108937524
			26.1742346530571	-19.149696464117
			26.1630490826925	-19.149696464117
			26.151863512328	-19.1608820344815
			26.1406779419634	-19.1608820344815
			26.1294923715989	-19.1608820344815
			26.1183068012343	-19.1720676048461
			26.1071212308698	-19.1720676048461
			26.0959356605052	-19.1832531752106
			26.0847500901407	-19.1832531752106
			26.0735645197761	-19.1944387455752
			26.0623789494115	-19.1944387455752
			26.051193379047	-19.1944387455752
			26.0400078086824	-19.2056243159398
			26.0288222383179	-19.2056243159398
			26.0176366679533	-19.2056243159398
			26.0064510975888	-19.2056243159398
			25.9952655272242	-19.2168098863043
			25.9840799568597	-19.2168098863043
			25.9728943864951	-19.2168098863043
			25.9617088161306	-19.2279954566689
			25.950523245766	-19.2279954566689
			25.9393376754014	-19.2279954566689
			25.9281521050369	-19.2279954566689
			25.9169665346723	-19.2279954566689
			25.9057809643078	-19.2279954566689
			25.8945953939432	-19.2279954566689
			25.8834098235787	-19.2279954566689
			25.8834098235787	-19.2391810270334
			25.8722242532141	-19.2391810270334
			25.8610386828496	-19.2391810270334
			25.849853112485	-19.2391810270334
			25.8386675421205	-19.2391810270334
			25.8274819717559	-19.2391810270334
			25.8162964013913	-19.2391810270334
			25.8051108310268	-19.2391810270334
			25.7939252606622	-19.2391810270334
			25.7827396902977	-19.2391810270334
			25.7715541199331	-19.2391810270334
			25.7603685495686	-19.2391810270334
			25.749182979204	-19.2391810270334
			25.7379974088395	-19.2391810270334
			25.7268118384749	-19.2391810270334
			25.7156262681104	-19.2391810270334
			25.7044406977458	-19.2279954566689
			25.6932551273813	-19.2279954566689
			25.6820695570167	-19.2279954566689
			25.6708839866521	-19.2279954566689
			25.6596984162876	-19.2279954566689
			25.648512845923	-19.2168098863043
			25.6373272755585	-19.2168098863043
			25.6261417051939	-19.2168098863043
			25.6149561348294	-19.2168098863043
			25.6037705644648	-19.2056243159398
			25.5925849941003	-19.2056243159398
			25.5813994237357	-19.2056243159398
			25.5702138533712	-19.1944387455752
			25.5590282830066	-19.1944387455752
			25.547842712642	-19.1832531752106
			25.5366571422775	-19.1832531752106
			25.5254715719129	-19.1720676048461
			25.5142860015484	-19.1720676048461
			25.5142860015484	-19.1608820344815
			25.5031004311838	-19.149696464117
			25.4919148608193	-19.149696464117
			25.4807292904547	-19.1385108937524
			25.4695437200902	-19.1385108937524
			25.4695437200902	-19.1273253233879
			25.4583581497256	-19.1273253233879
			25.4471725793611	-19.1161397530233
			25.4471725793611	-19.1049541826588
			25.4359870089965	-19.1049541826588
			25.4248014386319	-19.0937686122942
			25.4248014386319	-19.0825830419297
			25.4136158682674	-19.0713974715651
			25.4024302979028	-19.0602119012005
			25.3912447275383	-19.049026330836
			25.3800591571737	-19.0378407604714
			25.3800591571737	-19.0266551901069
			25.3688735868092	-19.0154696197423
			25.3576880164446	-19.0042840493778
			25.3465024460801	-18.9930984790132
			25.3465024460801	-18.9819129086487
			25.3353168757155	-18.9707273382841
			25.3353168757155	-18.9595417679196
			25.3353168757155	-18.948356197555
			25.3353168757155	-18.9371706271904
			25.324131305351	-18.9371706271904
			25.324131305351	-18.9259850568259
			25.324131305351	-18.9147994864613
			25.3129457349864	-18.9036139160968
			25.3129457349864	-18.8924283457322
			25.3017601646219	-18.8812427753677
			25.3017601646219	-18.8700572050031
			25.3017601646219	-18.8588716346386
			25.3017601646219	-18.847686064274
			25.2905745942573	-18.8365004939095
			25.2905745942573	-18.8253149235449
			25.2905745942573	-18.8141293531804
			25.2793890238927	-18.8029437828158
			25.2793890238927	-18.7917582124512
			25.2793890238927	-18.7805726420867
			25.2793890238927	-18.7693870717221
			25.2682034535282	-18.7582015013576
			25.2682034535282	-18.747015930993
			25.2682034535282	-18.7358303606285
			25.2682034535282	-18.7246447902639
			25.2682034535282	-18.7134592198994
			25.2682034535282	-18.7022736495348
			25.2570178831636	-18.6910880791703
			25.2570178831636	-18.6799025088057
			25.2570178831636	-18.6687169384411
			25.2570178831636	-18.6575313680766
			25.2570178831636	-18.646345797712
			25.2570178831636	-18.6351602273475
			25.2570178831636	-18.6239746569829
			25.2570178831636	-18.6127890866184
			25.2570178831636	-18.6016035162538
			25.2570178831636	-18.5904179458893
			25.2570178831636	-18.5792323755247
			25.2570178831636	-18.5680468051602
			25.2570178831636	-18.5568612347956
			25.2570178831636	-18.545675664431
			25.2570178831636	-18.5344900940665
			25.2570178831636	-18.5233045237019
			25.2570178831636	-18.5121189533374
			25.2570178831636	-18.5009333829728
			25.2570178831636	-18.4897478126083
			25.2570178831636	-18.4785622422437
			25.2570178831636	-18.4673766718792
			25.2570178831636	-18.4561911015146
			25.2570178831636	-18.4450055311501
			25.2570178831636	-18.4338199607855
			25.2570178831636	-18.4226343904209
			25.2570178831636	-18.4114488200564
		</Outline1>
		<Outline2 type=matrix rownames=FALSE colnames=FALSE nrow=133 ncol=2 as.numeric=TRUE >
			25.2570178831636	-18.4114488200564
			25.2570178831636	-18.4002632496918
			25.2458323127991	-18.3890776793273
			25.2458323127991	-18.3778921089627
			25.2458323127991	-18.3667065385982
			25.2458323127991	-18.3555209682336
			25.2458323127991	-18.3443353978691
			25.2458323127991	-18.3331498275045
			25.2346467424345	-18.32196425714
			25.2346467424345	-18.3107786867754
			25.2346467424345	-18.2995931164109
			25.2346467424345	-18.2884075460463
			25.2346467424345	-18.2772219756817
			25.2346467424345	-18.2660364053172
			25.22346117207	-18.2548508349526
			25.22346117207	-18.2436652645881
			25.22346117207	-18.2324796942235
			25.22346117207	-18.221294123859
			25.22346117207	-18.2101085534944
			25.22346117207	-18.1989229831299
			25.22346117207	-18.1877374127653
			25.22346117207	-18.1765518424008
			25.22346117207	-18.1653662720362
			25.22346117207	-18.1541807016716
			25.22346117207	-18.1429951313071
			25.22346117207	-18.1318095609425
			25.22346117207	-18.120623990578
			25.22346117207	-18.1094384202134
			25.22346117207	-18.0982528498489
			25.22346117207	-18.0870672794843
			25.22346117207	-18.0758817091198
			25.22346117207	-18.0646961387552
			25.22346117207	-18.0535105683907
			25.2346467424345	-18.0423249980261
			25.2346467424345	-18.0311394276616
			25.2346467424345	-18.019953857297
			25.2458323127991	-18.0087682869324
			25.2458323127991	-17.9975827165679
			25.2570178831636	-17.9863971462033
			25.2682034535282	-17.9752115758388
			25.2682034535282	-17.9640260054742
			25.2793890238927	-17.9528404351097
			25.2793890238927	-17.9416548647451
			25.2905745942573	-17.9304692943806
			25.2905745942573	-17.919283724016
			25.3017601646219	-17.9080981536515
			25.3017601646219	-17.8969125832869
			25.3017601646219	-17.8857270129223
			25.3129457349864	-17.8745414425578
			25.3129457349864	-17.8633558721932
			25.3129457349864	-17.8521703018287
			25.324131305351	-17.8521703018287
			25.324131305351	-17.8409847314641
			25.3353168757155	-17.8297991610996
			25.3353168757155	-17.818613590735
			25.3465024460801	-17.8074280203705
			25.3576880164446	-17.7962424500059
			25.3576880164446	-17.7850568796414
			25.3576880164446	-17.7738713092768
			25.3688735868092	-17.7626857389122
			25.3800591571737	-17.7515001685477
			25.3800591571737	-17.7403145981831
			25.3912447275383	-17.7291290278186
			25.3912447275383	-17.717943457454
			25.4024302979028	-17.7067578870895
			25.4024302979028	-17.6955723167249
			25.4136158682674	-17.6843867463604
			25.4248014386319	-17.6732011759958
			25.4359870089965	-17.6620156056313
			25.4359870089965	-17.6508300352667
			25.4471725793611	-17.6396444649021
			25.4583581497256	-17.6284588945376
			25.4583581497256	-17.617273324173
			25.4695437200902	-17.6060877538085
			25.4807292904547	-17.5949021834439
			25.4807292904547	-17.5837166130794
			25.4919148608193	-17.5725310427148
			25.4919148608193	-17.5613454723503
			25.5031004311838	-17.5501599019857
			25.5142860015484	-17.5389743316212
			25.5254715719129	-17.5277887612566
			25.5254715719129	-17.5166031908921
			25.5366571422775	-17.5054176205275
			25.547842712642	-17.5054176205275
			25.5590282830066	-17.4942320501629
			25.5702138533712	-17.4830464797984
			25.5702138533712	-17.4718609094338
			25.5813994237357	-17.4606753390693
			25.5925849941003	-17.4606753390693
			25.6037705644648	-17.4494897687047
			25.6037705644648	-17.4383041983402
			25.6149561348294	-17.4383041983402
			25.6261417051939	-17.4271186279756
			25.6373272755585	-17.4271186279756
			25.6373272755585	-17.4159330576111
			25.648512845923	-17.4159330576111
			25.6596984162876	-17.4159330576111
			25.6596984162876	-17.4047474872465
			25.6708839866521	-17.4047474872465
			25.6820695570167	-17.4047474872465
			25.6820695570167	-17.393561916882
			25.6932551273813	-17.393561916882
			25.7044406977458	-17.393561916882
			25.7156262681104	-17.393561916882
			25.7156262681104	-17.3823763465174
			25.7268118384749	-17.3823763465174
			25.7379974088395	-17.3823763465174
			25.749182979204	-17.3823763465174
			25.7603685495686	-17.3823763465174
			25.7715541199331	-17.3823763465174
			25.7827396902977	-17.3711907761528
			25.7939252606622	-17.3711907761528
			25.8051108310268	-17.3711907761528
			25.8162964013913	-17.3711907761528
			25.8274819717559	-17.3711907761528
			25.8386675421205	-17.3711907761528
			25.849853112485	-17.3711907761528
			25.8610386828496	-17.3600052057883
			25.8722242532141	-17.3600052057883
			25.8834098235787	-17.3600052057883
			25.8945953939432	-17.3600052057883
			25.9057809643078	-17.3600052057883
			25.9169665346723	-17.3600052057883
			25.9281521050369	-17.3600052057883
			25.9393376754014	-17.3600052057883
			25.950523245766	-17.3600052057883
			25.9617088161306	-17.3600052057883
			25.9728943864951	-17.3600052057883
			25.9840799568597	-17.3600052057883
			25.9952655272242	-17.3600052057883
			26.0064510975888	-17.3600052057883
			26.0176366679533	-17.3600052057883
			26.0288222383179	-17.3600052057883
		</Outline2>
		<Outline3 type=matrix rownames=FALSE colnames=FALSE nrow=129 ncol=2 as.numeric=TRUE >
			26.0288222383179	-17.3600052057883
			26.0400078086824	-17.3600052057883
			26.051193379047	-17.3600052057883
			26.0623789494115	-17.3600052057883
			26.0735645197761	-17.3600052057883
			26.0847500901407	-17.3600052057883
			26.0959356605052	-17.3600052057883
			26.1071212308698	-17.3600052057883
			26.1183068012343	-17.3600052057883
			26.1294923715989	-17.3600052057883
			26.1406779419634	-17.3600052057883
			26.151863512328	-17.3600052057883
			26.1630490826925	-17.3600052057883
			26.1742346530571	-17.3600052057883
			26.1854202234216	-17.3600052057883
			26.1966057937862	-17.3600052057883
			26.2077913641508	-17.3600052057883
			26.2189769345153	-17.3600052057883
			26.2301625048799	-17.3600052057883
			26.2413480752444	-17.3600052057883
			26.252533645609	-17.3600052057883
			26.2637192159735	-17.3600052057883
			26.2749047863381	-17.3600052057883
			26.2860903567026	-17.3600052057883
			26.2972759270672	-17.3600052057883
			26.3084614974317	-17.3600052057883
			26.3196470677963	-17.3600052057883
			26.3308326381608	-17.3600052057883
			26.3420182085254	-17.3600052057883
			26.35320377889	-17.3600052057883
			26.3643893492545	-17.3600052057883
			26.3755749196191	-17.3600052057883
			26.3867604899836	-17.3600052057883
			26.3979460603482	-17.3600052057883
			26.4091316307127	-17.3600052057883
			26.4203172010773	-17.3600052057883
			26.4315027714418	-17.3600052057883
			26.4426883418064	-17.3600052057883
			26.4538739121709	-17.3600052057883
			26.4650594825355	-17.3600052057883
			26.4762450529001	-17.3600052057883
			26.4874306232646	-17.3600052057883
			26.4986161936292	-17.3600052057883
			26.5098017639937	-17.3600052057883
			26.5209873343583	-17.3600052057883
			26.5321729047228	-17.3600052057883
			26.5433584750874	-17.3600052057883
			26.5545440454519	-17.3600052057883
			26.5657296158165	-17.3600052057883
			26.576915186181	-17.3711907761528
			26.5881007565456	-17.3711907761528
			26.5992863269101	-17.3711907761528
			26.6104718972747	-17.3711907761528
			26.6216574676393	-17.3711907761528
			26.6328430380038	-17.3711907761528
			26.6440286083684	-17.3711907761528
			26.6552141787329	-17.3711907761528
			26.6663997490975	-17.3711907761528
			26.677585319462	-17.3823763465174
			26.6887708898266	-17.3823763465174
			26.6999564601911	-17.3823763465174
			26.7111420305557	-17.393561916882
			26.7223276009202	-17.393561916882
			26.7335131712848	-17.393561916882
			26.7446987416494	-17.4047474872465
			26.7558843120139	-17.4047474872465
			26.7670698823785	-17.4047474872465
			26.778255452743	-17.4159330576111
			26.7894410231076	-17.4159330576111
			26.8006265934721	-17.4271186279756
			26.8118121638367	-17.4271186279756
			26.8229977342012	-17.4383041983402
			26.8341833045658	-17.4494897687047
			26.8453688749303	-17.4494897687047
			26.8565544452949	-17.4606753390693
			26.8677400156595	-17.4606753390693
			26.878925586024	-17.4718609094338
			26.8901111563886	-17.4830464797984
			26.9012967267531	-17.4830464797984
			26.9012967267531	-17.4942320501629
			26.9124822971177	-17.4942320501629
			26.9236678674822	-17.5054176205275
			26.9236678674822	-17.5166031908921
			26.9348534378468	-17.5277887612566
			26.9460390082113	-17.5277887612566
			26.9460390082113	-17.5389743316212
			26.9572245785759	-17.5501599019857
			26.9572245785759	-17.5613454723503
			26.9684101489404	-17.5613454723503
			26.979595719305	-17.5725310427148
			26.979595719305	-17.5837166130794
			26.9907812896696	-17.5949021834439
			27.0019668600341	-17.6060877538085
			27.0131524303987	-17.617273324173
			27.0243380007632	-17.6284588945376
			27.0355235711278	-17.6396444649021
			27.0355235711278	-17.6508300352667
			27.0467091414923	-17.6620156056313
			27.0467091414923	-17.6732011759958
			27.0578947118569	-17.6732011759958
			27.0578947118569	-17.6843867463604
			27.0690802822214	-17.6955723167249
			27.080265852586	-17.7067578870895
			27.080265852586	-17.717943457454
			27.0914514229505	-17.7291290278186
			27.0914514229505	-17.7403145981831
			27.1026369933151	-17.7515001685477
			27.1138225636797	-17.7626857389122
			27.1138225636797	-17.7738713092768
			27.1250081340442	-17.7850568796414
			27.1250081340442	-17.7962424500059
			27.1250081340442	-17.8074280203705
			27.1361937044088	-17.8074280203705
			27.1361937044088	-17.818613590735
			27.1473792747733	-17.8297991610996
			27.1473792747733	-17.8409847314641
			27.1585648451379	-17.8409847314641
			27.1585648451379	-17.8521703018287
			27.1697504155024	-17.8633558721932
			27.1697504155024	-17.8745414425578
			27.180935985867	-17.8857270129223
			27.180935985867	-17.8969125832869
			27.180935985867	-17.9080981536515
			27.1921215562315	-17.919283724016
			27.1921215562315	-17.9304692943806
			27.1921215562315	-17.9416548647451
			27.1921215562315	-17.9528404351097
			27.1921215562315	-17.9640260054742
			27.1921215562315	-17.9752115758388
		</Outline3>
		<Outline4 type=matrix rownames=FALSE colnames=FALSE nrow=123 ncol=2 as.numeric=TRUE >
			27.1921215562315	-17.9752115758388
			27.1921215562315	-17.9863971462033
			27.1921215562315	-17.9975827165679
			27.1921215562315	-18.0087682869324
			27.1921215562315	-18.019953857297
			27.1921215562315	-18.0311394276616
			27.1921215562315	-18.0423249980261
			27.1921215562315	-18.0535105683907
			27.1921215562315	-18.0646961387552
			27.1921215562315	-18.0758817091198
			27.1921215562315	-18.0870672794843
			27.1921215562315	-18.0982528498489
			27.180935985867	-18.1094384202134
			27.180935985867	-18.120623990578
			27.180935985867	-18.1318095609425
			27.180935985867	-18.1429951313071
			27.180935985867	-18.1541807016716
			27.180935985867	-18.1653662720362
			27.180935985867	-18.1765518424008
			27.1697504155024	-18.1877374127653
			27.1697504155024	-18.1989229831299
			27.1697504155024	-18.2101085534944
			27.1697504155024	-18.221294123859
			27.1585648451379	-18.2324796942235
			27.1585648451379	-18.2436652645881
			27.1585648451379	-18.2548508349526
			27.1473792747733	-18.2660364053172
			27.1473792747733	-18.2772219756817
			27.1473792747733	-18.2884075460463
			27.1361937044088	-18.2995931164109
			27.1361937044088	-18.3107786867754
			27.1361937044088	-18.32196425714
			27.1250081340442	-18.3331498275045
			27.1250081340442	-18.3443353978691
			27.1250081340442	-18.3555209682336
			27.1250081340442	-18.3667065385982
			27.1138225636797	-18.3778921089627
			27.1138225636797	-18.3890776793273
			27.1138225636797	-18.4002632496918
			27.1138225636797	-18.4114488200564
			27.1026369933151	-18.4226343904209
			27.1026369933151	-18.4338199607855
			27.1026369933151	-18.4450055311501
			27.0914514229505	-18.4561911015146
			27.0914514229505	-18.4673766718792
			27.0914514229505	-18.4785622422437
			27.0914514229505	-18.4897478126083
			27.080265852586	-18.5009333829728
			27.080265852586	-18.5121189533374
			27.080265852586	-18.5233045237019
			27.0690802822214	-18.5344900940665
			27.0690802822214	-18.545675664431
			27.0690802822214	-18.5568612347956
			27.0578947118569	-18.5680468051602
			27.0578947118569	-18.5792323755247
			27.0467091414923	-18.5904179458893
			27.0467091414923	-18.6016035162538
			27.0467091414923	-18.6127890866184
			27.0355235711278	-18.6239746569829
			27.0243380007632	-18.6351602273475
			27.0243380007632	-18.646345797712
			27.0131524303987	-18.6575313680766
			27.0131524303987	-18.6687169384411
			27.0019668600341	-18.6799025088057
			26.9907812896696	-18.6910880791703
			26.9907812896696	-18.7022736495348
			26.979595719305	-18.7022736495348
			26.979595719305	-18.7134592198994
			26.9684101489404	-18.7246447902639
			26.9572245785759	-18.7358303606285
			26.9572245785759	-18.747015930993
			26.9460390082113	-18.7582015013576
			26.9348534378468	-18.7582015013576
			26.9236678674822	-18.7693870717221
			26.9236678674822	-18.7805726420867
			26.9124822971177	-18.7805726420867
			26.9012967267531	-18.7917582124512
			26.9012967267531	-18.8029437828158
			26.8901111563886	-18.8029437828158
			26.878925586024	-18.8141293531804
			26.878925586024	-18.8253149235449
			26.8677400156595	-18.8253149235449
			26.8565544452949	-18.8365004939095
			26.8453688749303	-18.8365004939095
			26.8341833045658	-18.847686064274
			26.8229977342012	-18.847686064274
			26.8118121638367	-18.8588716346386
			26.8006265934721	-18.8700572050031
			26.7894410231076	-18.8700572050031
			26.778255452743	-18.8812427753677
			26.7670698823785	-18.8812427753677
			26.7558843120139	-18.8924283457322
			26.7446987416494	-18.8924283457322
			26.7335131712848	-18.9036139160968
			26.7223276009202	-18.9036139160968
			26.7111420305557	-18.9036139160968
			26.7111420305557	-18.9147994864613
			26.6999564601911	-18.9147994864613
			26.6887708898266	-18.9147994864613
			26.677585319462	-18.9259850568259
			26.6663997490975	-18.9259850568259
			26.6552141787329	-18.9259850568259
			26.6440286083684	-18.9371706271904
			26.6328430380038	-18.9371706271904
			26.6216574676393	-18.9371706271904
			26.6104718972747	-18.9371706271904
			26.5992863269101	-18.9371706271904
			26.5881007565456	-18.9371706271904
			26.576915186181	-18.9371706271904
			26.5657296158165	-18.948356197555
			26.5545440454519	-18.948356197555
			26.5433584750874	-18.948356197555
			26.5321729047228	-18.9595417679196
			26.5209873343583	-18.9595417679196
			26.5098017639937	-18.9595417679196
			26.4986161936292	-18.9707273382841
			26.4874306232646	-18.9819129086487
			26.4762450529001	-18.9930984790132
			26.4650594825355	-18.9930984790132
			26.4538739121709	-19.0042840493778
			26.4426883418064	-19.0042840493778
			26.4426883418064	-19.0154696197423
			26.4315027714418	-19.0154696197423
		</Outline4>
	</curves.scaled>
	<ruler.points type=matrix rownames=TRUE colnames=FALSE nrow=2 ncol=2 as.numeric=TRUE >
		Ruler point 1	2931	2397
		Ruler point 2	2037	2401
	</ruler.points>
</shapes>

