<shapes type=list>
	<ruler.pixel type=vector names=FALSE length=1 as.numeric=TRUE >886.000564333906</ruler.pixel>
	<ruler.interval type=vector names=FALSE length=1 as.numeric=TRUE >10</ruler.interval>
	<scaling.units type=vector names=FALSE length=1 as.numeric=FALSE >mm</scaling.units>
	<scaling type=vector names=FALSE length=1 as.numeric=TRUE >0.0112866745265766</scaling>
	<landmarks.pixel type=matrix rownames=TRUE colnames=FALSE nrow=4 ncol=2 as.numeric=TRUE >
		Labial	2399	1295
		Posterior	2332	1248
		Lingual	2392	1186
		Anterior	2465	1234
	</landmarks.pixel>
	<landmarks.scaled type=matrix rownames=TRUE colnames=FALSE nrow=4 ncol=2 as.numeric=TRUE >
		Labial	27.0767321892573	-14.6162435119167
		Posterior	26.3205249959767	-14.0857698091676
		Lingual	26.9977254675713	-13.3859959885199
		Anterior	27.8216527080113	-13.9277563657955
	</landmarks.scaled>
	<curves.control type=list>
		<Outline1 type=matrix rownames=FALSE colnames=FALSE nrow=15 ncol=2 as.numeric=TRUE >
			2399	1295
			2393	1297
			2385	1299
			2378	1300
			2372	1301
			2366	1301
			2359	1301
			2353	1299
			2348	1297
			2342	1293
			2337	1289
			2332	1285
			2328	1279
			2326	1269
			2332	1248
		</Outline1>
		<Outline2 type=matrix rownames=FALSE colnames=FALSE nrow=13 ncol=2 as.numeric=TRUE >
			2332	1248
			2336	1236
			2339	1225
			2342	1216
			2345	1209
			2348	1202
			2353	1197
			2359	1193
			2365	1190
			2371	1188
			2377	1187
			2384	1186
			2392	1186
		</Outline2>
		<Outline3 type=matrix rownames=FALSE colnames=FALSE nrow=15 ncol=2 as.numeric=TRUE >
			2392	1186
			2402	1186
			2411	1187
			2419	1188
			2428	1189
			2436	1190
			2443	1193
			2448	1197
			2453	1201
			2457	1205
			2459	1210
			2462	1217
			2463	1223
			2464	1228
			2465	1234
		</Outline3>
		<Outline4 type=matrix rownames=FALSE colnames=FALSE nrow=15 ncol=2 as.numeric=TRUE >
			2465	1234
			2466	1243
			2466	1251
			2465	1259
			2462	1265
			2458	1271
			2453	1275
			2447	1280
			2440	1283
			2433	1286
			2425	1288
			2417	1290
			2411	1291
			2405	1292
			2399	1295
		</Outline4>
	</curves.control>
	<curves.pixel type=list>
		<Outline1 type=matrix rownames=FALSE colnames=FALSE nrow=108 ncol=2 as.numeric=TRUE >
			2399	1295
			2398	1295
			2397	1296
			2396	1296
			2395	1296
			2394	1297
			2393	1297
			2392	1297
			2391	1298
			2390	1298
			2389	1298
			2388	1298
			2387	1298
			2387	1299
			2386	1299
			2385	1299
			2384	1299
			2383	1299
			2382	1300
			2381	1300
			2380	1300
			2379	1300
			2378	1300
			2377	1300
			2376	1300
			2375	1301
			2374	1301
			2373	1301
			2372	1301
			2371	1301
			2370	1301
			2369	1301
			2368	1301
			2367	1301
			2366	1301
			2365	1301
			2364	1301
			2363	1301
			2362	1301
			2361	1301
			2360	1301
			2359	1301
			2358	1301
			2357	1300
			2356	1300
			2355	1300
			2354	1299
			2353	1299
			2352	1299
			2352	1298
			2351	1298
			2350	1298
			2349	1297
			2348	1297
			2347	1297
			2346	1296
			2346	1295
			2345	1295
			2344	1294
			2343	1293
			2342	1293
			2341	1292
			2340	1292
			2339	1291
			2339	1290
			2338	1290
			2337	1289
			2336	1288
			2335	1287
			2334	1286
			2333	1285
			2332	1284
			2331	1283
			2331	1282
			2330	1281
			2329	1280
			2328	1279
			2328	1278
			2328	1277
			2328	1276
			2328	1275
			2328	1274
			2328	1273
			2328	1272
			2328	1271
			2328	1270
			2328	1269
			2328	1268
			2328	1267
			2328	1266
			2328	1265
			2328	1264
			2329	1263
			2329	1262
			2329	1261
			2329	1260
			2329	1259
			2330	1258
			2330	1257
			2330	1256
			2330	1255
			2331	1254
			2331	1253
			2331	1252
			2331	1251
			2331	1250
			2332	1249
			2332	1248
		</Outline1>
		<Outline2 type=matrix rownames=FALSE colnames=FALSE nrow=95 ncol=2 as.numeric=TRUE >
			2332	1248
			2332	1247
			2333	1246
			2333	1245
			2333	1244
			2334	1243
			2334	1242
			2334	1241
			2334	1240
			2335	1240
			2335	1239
			2335	1238
			2336	1237
			2336	1236
			2336	1235
			2336	1234
			2337	1234
			2337	1233
			2337	1232
			2337	1231
			2338	1230
			2338	1229
			2338	1228
			2339	1227
			2339	1226
			2339	1225
			2339	1224
			2340	1223
			2340	1222
			2340	1221
			2341	1220
			2341	1219
			2341	1218
			2342	1217
			2342	1216
			2343	1215
			2343	1214
			2343	1213
			2344	1212
			2344	1211
			2345	1210
			2345	1209
			2345	1208
			2346	1207
			2346	1206
			2347	1206
			2347	1205
			2348	1204
			2348	1203
			2349	1202
			2350	1201
			2350	1200
			2351	1199
			2352	1198
			2353	1197
			2354	1196
			2355	1195
			2356	1195
			2357	1195
			2357	1194
			2358	1194
			2359	1193
			2360	1193
			2361	1192
			2362	1191
			2363	1191
			2364	1191
			2365	1190
			2366	1190
			2367	1189
			2368	1189
			2369	1189
			2370	1188
			2371	1188
			2372	1188
			2373	1188
			2374	1188
			2375	1187
			2376	1187
			2377	1187
			2378	1187
			2379	1187
			2380	1187
			2381	1186
			2382	1186
			2383	1186
			2384	1186
			2385	1186
			2386	1186
			2387	1186
			2388	1186
			2389	1186
			2390	1186
			2391	1186
			2392	1186
		</Outline2>
		<Outline3 type=matrix rownames=FALSE colnames=FALSE nrow=96 ncol=2 as.numeric=TRUE >
			2392	1186
			2393	1186
			2394	1186
			2395	1186
			2396	1186
			2397	1186
			2398	1186
			2399	1186
			2400	1186
			2401	1186
			2402	1186
			2403	1186
			2404	1186
			2405	1186
			2406	1187
			2407	1187
			2408	1187
			2409	1187
			2410	1187
			2411	1187
			2412	1187
			2413	1187
			2414	1187
			2415	1188
			2416	1188
			2417	1188
			2418	1188
			2419	1188
			2420	1188
			2421	1188
			2422	1188
			2423	1188
			2424	1189
			2425	1189
			2426	1189
			2427	1189
			2428	1189
			2429	1189
			2430	1189
			2431	1189
			2432	1190
			2433	1190
			2434	1190
			2435	1190
			2436	1191
			2437	1191
			2438	1191
			2439	1191
			2440	1192
			2441	1192
			2442	1192
			2443	1193
			2444	1194
			2445	1195
			2446	1196
			2447	1196
			2448	1197
			2449	1198
			2450	1199
			2451	1199
			2452	1200
			2453	1201
			2454	1202
			2455	1203
			2456	1204
			2456	1205
			2457	1206
			2458	1207
			2458	1208
			2459	1209
			2459	1210
			2459	1211
			2460	1212
			2460	1213
			2460	1214
			2461	1215
			2461	1216
			2462	1217
			2462	1218
			2462	1219
			2462	1220
			2463	1221
			2463	1222
			2463	1223
			2463	1224
			2463	1225
			2463	1226
			2464	1226
			2464	1227
			2464	1228
			2464	1229
			2464	1230
			2464	1231
			2465	1232
			2465	1233
			2465	1234
		</Outline3>
		<Outline4 type=matrix rownames=FALSE colnames=FALSE nrow=100 ncol=2 as.numeric=TRUE >
			2465	1234
			2465	1235
			2465	1236
			2465	1237
			2465	1238
			2465	1239
			2466	1239
			2466	1240
			2466	1241
			2466	1242
			2466	1243
			2466	1244
			2466	1245
			2466	1246
			2466	1247
			2466	1248
			2466	1249
			2466	1250
			2466	1251
			2466	1252
			2466	1253
			2466	1254
			2465	1255
			2465	1256
			2465	1257
			2465	1258
			2464	1259
			2464	1260
			2464	1261
			2463	1262
			2463	1263
			2463	1264
			2462	1265
			2462	1266
			2461	1266
			2461	1267
			2460	1268
			2459	1269
			2458	1270
			2457	1271
			2457	1272
			2456	1273
			2455	1273
			2454	1274
			2453	1275
			2452	1276
			2451	1276
			2450	1277
			2449	1278
			2448	1279
			2447	1279
			2446	1280
			2445	1281
			2444	1281
			2443	1282
			2442	1282
			2441	1282
			2441	1283
			2440	1283
			2439	1283
			2438	1284
			2437	1284
			2436	1285
			2435	1285
			2434	1285
			2433	1286
			2432	1286
			2431	1286
			2430	1287
			2429	1287
			2428	1287
			2427	1288
			2426	1288
			2425	1288
			2424	1288
			2423	1288
			2422	1289
			2421	1289
			2420	1289
			2419	1289
			2418	1290
			2417	1290
			2416	1290
			2415	1290
			2414	1290
			2413	1291
			2412	1291
			2411	1291
			2410	1291
			2409	1291
			2408	1292
			2407	1292
			2406	1292
			2405	1293
			2404	1293
			2403	1293
			2402	1294
			2401	1294
			2400	1295
			2399	1295
		</Outline4>
	</curves.pixel>
	<curves.scaled type=list>
		<Outline1 type=matrix rownames=FALSE colnames=FALSE nrow=108 ncol=2 as.numeric=TRUE >
			27.0767321892573	-14.6162435119167
			27.0654455147307	-14.6162435119167
			27.0541588402041	-14.6275301864433
			27.0428721656776	-14.6275301864433
			27.031585491151	-14.6275301864433
			27.0202988166244	-14.6388168609699
			27.0090121420978	-14.6388168609699
			26.9977254675713	-14.6388168609699
			26.9864387930447	-14.6501035354964
			26.9751521185181	-14.6501035354964
			26.9638654439915	-14.6501035354964
			26.9525787694649	-14.6501035354964
			26.9412920949384	-14.6501035354964
			26.9412920949384	-14.661390210023
			26.9300054204118	-14.661390210023
			26.9187187458852	-14.661390210023
			26.9074320713586	-14.661390210023
			26.8961453968321	-14.661390210023
			26.8848587223055	-14.6726768845496
			26.8735720477789	-14.6726768845496
			26.8622853732523	-14.6726768845496
			26.8509986987258	-14.6726768845496
			26.8397120241992	-14.6726768845496
			26.8284253496726	-14.6726768845496
			26.817138675146	-14.6726768845496
			26.8058520006195	-14.6839635590762
			26.7945653260929	-14.6839635590762
			26.7832786515663	-14.6839635590762
			26.7719919770397	-14.6839635590762
			26.7607053025131	-14.6839635590762
			26.7494186279866	-14.6839635590762
			26.73813195346	-14.6839635590762
			26.7268452789334	-14.6839635590762
			26.7155586044068	-14.6839635590762
			26.7042719298803	-14.6839635590762
			26.6929852553537	-14.6839635590762
			26.6816985808271	-14.6839635590762
			26.6704119063005	-14.6839635590762
			26.659125231774	-14.6839635590762
			26.6478385572474	-14.6839635590762
			26.6365518827208	-14.6839635590762
			26.6252652081942	-14.6839635590762
			26.6139785336677	-14.6839635590762
			26.6026918591411	-14.6726768845496
			26.5914051846145	-14.6726768845496
			26.5801185100879	-14.6726768845496
			26.5688318355613	-14.661390210023
			26.5575451610348	-14.661390210023
			26.5462584865082	-14.661390210023
			26.5462584865082	-14.6501035354964
			26.5349718119816	-14.6501035354964
			26.523685137455	-14.6501035354964
			26.5123984629285	-14.6388168609699
			26.5011117884019	-14.6388168609699
			26.4898251138753	-14.6388168609699
			26.4785384393487	-14.6275301864433
			26.4785384393487	-14.6162435119167
			26.4672517648222	-14.6162435119167
			26.4559650902956	-14.6049568373901
			26.444678415769	-14.5936701628636
			26.4333917412424	-14.5936701628636
			26.4221050667159	-14.582383488337
			26.4108183921893	-14.582383488337
			26.3995317176627	-14.5710968138104
			26.3995317176627	-14.5598101392838
			26.3882450431361	-14.5598101392838
			26.3769583686095	-14.5485234647573
			26.365671694083	-14.5372367902307
			26.3543850195564	-14.5259501157041
			26.3430983450298	-14.5146634411775
			26.3318116705032	-14.5033767666509
			26.3205249959767	-14.4920900921244
			26.3092383214501	-14.4808034175978
			26.3092383214501	-14.4695167430712
			26.2979516469235	-14.4582300685446
			26.2866649723969	-14.4469433940181
			26.2753782978704	-14.4356567194915
			26.2753782978704	-14.4243700449649
			26.2753782978704	-14.4130833704383
			26.2753782978704	-14.4017966959118
			26.2753782978704	-14.3905100213852
			26.2753782978704	-14.3792233468586
			26.2753782978704	-14.367936672332
			26.2753782978704	-14.3566499978055
			26.2753782978704	-14.3453633232789
			26.2753782978704	-14.3340766487523
			26.2753782978704	-14.3227899742257
			26.2753782978704	-14.3115032996991
			26.2753782978704	-14.3002166251726
			26.2753782978704	-14.288929950646
			26.2753782978704	-14.2776432761194
			26.2753782978704	-14.2663566015928
			26.2866649723969	-14.2550699270663
			26.2866649723969	-14.2437832525397
			26.2866649723969	-14.2324965780131
			26.2866649723969	-14.2212099034865
			26.2866649723969	-14.20992322896
			26.2979516469235	-14.1986365544334
			26.2979516469235	-14.1873498799068
			26.2979516469235	-14.1760632053802
			26.2979516469235	-14.1647765308536
			26.3092383214501	-14.1534898563271
			26.3092383214501	-14.1422031818005
			26.3092383214501	-14.1309165072739
			26.3092383214501	-14.1196298327473
			26.3092383214501	-14.1083431582208
			26.3205249959767	-14.0970564836942
			26.3205249959767	-14.0857698091676
		</Outline1>
		<Outline2 type=matrix rownames=FALSE colnames=FALSE nrow=95 ncol=2 as.numeric=TRUE >
			26.3205249959767	-14.0857698091676
			26.3205249959767	-14.074483134641
			26.3318116705032	-14.0631964601145
			26.3318116705032	-14.0519097855879
			26.3318116705032	-14.0406231110613
			26.3430983450298	-14.0293364365347
			26.3430983450298	-14.0180497620082
			26.3430983450298	-14.0067630874816
			26.3430983450298	-13.995476412955
			26.3543850195564	-13.995476412955
			26.3543850195564	-13.9841897384284
			26.3543850195564	-13.9729030639018
			26.365671694083	-13.9616163893753
			26.365671694083	-13.9503297148487
			26.365671694083	-13.9390430403221
			26.365671694083	-13.9277563657955
			26.3769583686095	-13.9277563657955
			26.3769583686095	-13.916469691269
			26.3769583686095	-13.9051830167424
			26.3769583686095	-13.8938963422158
			26.3882450431361	-13.8826096676892
			26.3882450431361	-13.8713229931627
			26.3882450431361	-13.8600363186361
			26.3995317176627	-13.8487496441095
			26.3995317176627	-13.8374629695829
			26.3995317176627	-13.8261762950563
			26.3995317176627	-13.8148896205298
			26.4108183921893	-13.8036029460032
			26.4108183921893	-13.7923162714766
			26.4108183921893	-13.78102959695
			26.4221050667159	-13.7697429224235
			26.4221050667159	-13.7584562478969
			26.4221050667159	-13.7471695733703
			26.4333917412424	-13.7358828988437
			26.4333917412424	-13.7245962243172
			26.444678415769	-13.7133095497906
			26.444678415769	-13.702022875264
			26.444678415769	-13.6907362007374
			26.4559650902956	-13.6794495262109
			26.4559650902956	-13.6681628516843
			26.4672517648222	-13.6568761771577
			26.4672517648222	-13.6455895026311
			26.4672517648222	-13.6343028281045
			26.4785384393487	-13.623016153578
			26.4785384393487	-13.6117294790514
			26.4898251138753	-13.6117294790514
			26.4898251138753	-13.6004428045248
			26.5011117884019	-13.5891561299982
			26.5011117884019	-13.5778694554717
			26.5123984629285	-13.5665827809451
			26.523685137455	-13.5552961064185
			26.523685137455	-13.5440094318919
			26.5349718119816	-13.5327227573654
			26.5462584865082	-13.5214360828388
			26.5575451610348	-13.5101494083122
			26.5688318355613	-13.4988627337856
			26.5801185100879	-13.4875760592591
			26.5914051846145	-13.4875760592591
			26.6026918591411	-13.4875760592591
			26.6026918591411	-13.4762893847325
			26.6139785336677	-13.4762893847325
			26.6252652081942	-13.4650027102059
			26.6365518827208	-13.4650027102059
			26.6478385572474	-13.4537160356793
			26.659125231774	-13.4424293611527
			26.6704119063005	-13.4424293611527
			26.6816985808271	-13.4424293611527
			26.6929852553537	-13.4311426866262
			26.7042719298803	-13.4311426866262
			26.7155586044068	-13.4198560120996
			26.7268452789334	-13.4198560120996
			26.73813195346	-13.4198560120996
			26.7494186279866	-13.408569337573
			26.7607053025131	-13.408569337573
			26.7719919770397	-13.408569337573
			26.7832786515663	-13.408569337573
			26.7945653260929	-13.408569337573
			26.8058520006195	-13.3972826630464
			26.817138675146	-13.3972826630464
			26.8284253496726	-13.3972826630464
			26.8397120241992	-13.3972826630464
			26.8509986987258	-13.3972826630464
			26.8622853732523	-13.3972826630464
			26.8735720477789	-13.3859959885199
			26.8848587223055	-13.3859959885199
			26.8961453968321	-13.3859959885199
			26.9074320713586	-13.3859959885199
			26.9187187458852	-13.3859959885199
			26.9300054204118	-13.3859959885199
			26.9412920949384	-13.3859959885199
			26.9525787694649	-13.3859959885199
			26.9638654439915	-13.3859959885199
			26.9751521185181	-13.3859959885199
			26.9864387930447	-13.3859959885199
			26.9977254675713	-13.3859959885199
		</Outline2>
		<Outline3 type=matrix rownames=FALSE colnames=FALSE nrow=96 ncol=2 as.numeric=TRUE >
			26.9977254675713	-13.3859959885199
			27.0090121420978	-13.3859959885199
			27.0202988166244	-13.3859959885199
			27.031585491151	-13.3859959885199
			27.0428721656776	-13.3859959885199
			27.0541588402041	-13.3859959885199
			27.0654455147307	-13.3859959885199
			27.0767321892573	-13.3859959885199
			27.0880188637839	-13.3859959885199
			27.0993055383104	-13.3859959885199
			27.110592212837	-13.3859959885199
			27.1218788873636	-13.3859959885199
			27.1331655618902	-13.3859959885199
			27.1444522364168	-13.3859959885199
			27.1557389109433	-13.3972826630464
			27.1670255854699	-13.3972826630464
			27.1783122599965	-13.3972826630464
			27.1895989345231	-13.3972826630464
			27.2008856090496	-13.3972826630464
			27.2121722835762	-13.3972826630464
			27.2234589581028	-13.3972826630464
			27.2347456326294	-13.3972826630464
			27.2460323071559	-13.3972826630464
			27.2573189816825	-13.408569337573
			27.2686056562091	-13.408569337573
			27.2798923307357	-13.408569337573
			27.2911790052622	-13.408569337573
			27.3024656797888	-13.408569337573
			27.3137523543154	-13.408569337573
			27.325039028842	-13.408569337573
			27.3363257033686	-13.408569337573
			27.3476123778951	-13.408569337573
			27.3588990524217	-13.4198560120996
			27.3701857269483	-13.4198560120996
			27.3814724014749	-13.4198560120996
			27.3927590760014	-13.4198560120996
			27.404045750528	-13.4198560120996
			27.4153324250546	-13.4198560120996
			27.4266190995812	-13.4198560120996
			27.4379057741077	-13.4198560120996
			27.4491924486343	-13.4311426866262
			27.4604791231609	-13.4311426866262
			27.4717657976875	-13.4311426866262
			27.4830524722141	-13.4311426866262
			27.4943391467406	-13.4424293611527
			27.5056258212672	-13.4424293611527
			27.5169124957938	-13.4424293611527
			27.5281991703204	-13.4424293611527
			27.5394858448469	-13.4537160356793
			27.5507725193735	-13.4537160356793
			27.5620591939001	-13.4537160356793
			27.5733458684267	-13.4650027102059
			27.5846325429532	-13.4762893847325
			27.5959192174798	-13.4875760592591
			27.6072058920064	-13.4988627337856
			27.618492566533	-13.4988627337856
			27.6297792410595	-13.5101494083122
			27.6410659155861	-13.5214360828388
			27.6523525901127	-13.5327227573654
			27.6636392646393	-13.5327227573654
			27.6749259391659	-13.5440094318919
			27.6862126136924	-13.5552961064185
			27.697499288219	-13.5665827809451
			27.7087859627456	-13.5778694554717
			27.7200726372722	-13.5891561299982
			27.7200726372722	-13.6004428045248
			27.7313593117987	-13.6117294790514
			27.7426459863253	-13.623016153578
			27.7426459863253	-13.6343028281045
			27.7539326608519	-13.6455895026311
			27.7539326608519	-13.6568761771577
			27.7539326608519	-13.6681628516843
			27.7652193353785	-13.6794495262109
			27.7652193353785	-13.6907362007374
			27.7652193353785	-13.702022875264
			27.776506009905	-13.7133095497906
			27.776506009905	-13.7245962243172
			27.7877926844316	-13.7358828988437
			27.7877926844316	-13.7471695733703
			27.7877926844316	-13.7584562478969
			27.7877926844316	-13.7697429224235
			27.7990793589582	-13.78102959695
			27.7990793589582	-13.7923162714766
			27.7990793589582	-13.8036029460032
			27.7990793589582	-13.8148896205298
			27.7990793589582	-13.8261762950563
			27.7990793589582	-13.8374629695829
			27.8103660334848	-13.8374629695829
			27.8103660334848	-13.8487496441095
			27.8103660334848	-13.8600363186361
			27.8103660334848	-13.8713229931627
			27.8103660334848	-13.8826096676892
			27.8103660334848	-13.8938963422158
			27.8216527080113	-13.9051830167424
			27.8216527080113	-13.916469691269
			27.8216527080113	-13.9277563657955
		</Outline3>
		<Outline4 type=matrix rownames=FALSE colnames=FALSE nrow=100 ncol=2 as.numeric=TRUE >
			27.8216527080113	-13.9277563657955
			27.8216527080113	-13.9390430403221
			27.8216527080113	-13.9503297148487
			27.8216527080113	-13.9616163893753
			27.8216527080113	-13.9729030639018
			27.8216527080113	-13.9841897384284
			27.8329393825379	-13.9841897384284
			27.8329393825379	-13.995476412955
			27.8329393825379	-14.0067630874816
			27.8329393825379	-14.0180497620082
			27.8329393825379	-14.0293364365347
			27.8329393825379	-14.0406231110613
			27.8329393825379	-14.0519097855879
			27.8329393825379	-14.0631964601145
			27.8329393825379	-14.074483134641
			27.8329393825379	-14.0857698091676
			27.8329393825379	-14.0970564836942
			27.8329393825379	-14.1083431582208
			27.8329393825379	-14.1196298327473
			27.8329393825379	-14.1309165072739
			27.8329393825379	-14.1422031818005
			27.8329393825379	-14.1534898563271
			27.8216527080113	-14.1647765308536
			27.8216527080113	-14.1760632053802
			27.8216527080113	-14.1873498799068
			27.8216527080113	-14.1986365544334
			27.8103660334848	-14.20992322896
			27.8103660334848	-14.2212099034865
			27.8103660334848	-14.2324965780131
			27.7990793589582	-14.2437832525397
			27.7990793589582	-14.2550699270663
			27.7990793589582	-14.2663566015928
			27.7877926844316	-14.2776432761194
			27.7877926844316	-14.288929950646
			27.776506009905	-14.288929950646
			27.776506009905	-14.3002166251726
			27.7652193353785	-14.3115032996991
			27.7539326608519	-14.3227899742257
			27.7426459863253	-14.3340766487523
			27.7313593117987	-14.3453633232789
			27.7313593117987	-14.3566499978055
			27.7200726372722	-14.367936672332
			27.7087859627456	-14.367936672332
			27.697499288219	-14.3792233468586
			27.6862126136924	-14.3905100213852
			27.6749259391659	-14.4017966959118
			27.6636392646393	-14.4017966959118
			27.6523525901127	-14.4130833704383
			27.6410659155861	-14.4243700449649
			27.6297792410595	-14.4356567194915
			27.618492566533	-14.4356567194915
			27.6072058920064	-14.4469433940181
			27.5959192174798	-14.4582300685446
			27.5846325429532	-14.4582300685446
			27.5733458684267	-14.4695167430712
			27.5620591939001	-14.4695167430712
			27.5507725193735	-14.4695167430712
			27.5507725193735	-14.4808034175978
			27.5394858448469	-14.4808034175978
			27.5281991703204	-14.4808034175978
			27.5169124957938	-14.4920900921244
			27.5056258212672	-14.4920900921244
			27.4943391467406	-14.5033767666509
			27.4830524722141	-14.5033767666509
			27.4717657976875	-14.5033767666509
			27.4604791231609	-14.5146634411775
			27.4491924486343	-14.5146634411775
			27.4379057741077	-14.5146634411775
			27.4266190995812	-14.5259501157041
			27.4153324250546	-14.5259501157041
			27.404045750528	-14.5259501157041
			27.3927590760014	-14.5372367902307
			27.3814724014749	-14.5372367902307
			27.3701857269483	-14.5372367902307
			27.3588990524217	-14.5372367902307
			27.3476123778951	-14.5372367902307
			27.3363257033686	-14.5485234647573
			27.325039028842	-14.5485234647573
			27.3137523543154	-14.5485234647573
			27.3024656797888	-14.5485234647573
			27.2911790052622	-14.5598101392838
			27.2798923307357	-14.5598101392838
			27.2686056562091	-14.5598101392838
			27.2573189816825	-14.5598101392838
			27.2460323071559	-14.5598101392838
			27.2347456326294	-14.5710968138104
			27.2234589581028	-14.5710968138104
			27.2121722835762	-14.5710968138104
			27.2008856090496	-14.5710968138104
			27.1895989345231	-14.5710968138104
			27.1783122599965	-14.582383488337
			27.1670255854699	-14.582383488337
			27.1557389109433	-14.582383488337
			27.1444522364168	-14.5936701628636
			27.1331655618902	-14.5936701628636
			27.1218788873636	-14.5936701628636
			27.110592212837	-14.6049568373901
			27.0993055383104	-14.6049568373901
			27.0880188637839	-14.6162435119167
			27.0767321892573	-14.6162435119167
		</Outline4>
	</curves.scaled>
	<ruler.points type=matrix rownames=TRUE colnames=FALSE nrow=2 ncol=2 as.numeric=TRUE >
		Ruler point 1	3157	2443
		Ruler point 2	2271	2444
	</ruler.points>
</shapes>

