<shapes type=list>
	<ruler.pixel type=vector names=FALSE length=1 as.numeric=TRUE >1060.02311295556</ruler.pixel>
	<ruler.interval type=vector names=FALSE length=1 as.numeric=TRUE >10</ruler.interval>
	<scaling.units type=vector names=FALSE length=1 as.numeric=FALSE >mm</scaling.units>
	<scaling type=vector names=FALSE length=1 as.numeric=TRUE >0.00943375656415448</scaling>
	<landmarks.pixel type=matrix rownames=TRUE colnames=FALSE nrow=4 ncol=2 as.numeric=TRUE >
		Labial	2386	1581
		Posterior	2290	1545
		Lingual	2329	1448
		Anterior	2431	1482
	</landmarks.pixel>
	<landmarks.scaled type=matrix rownames=TRUE colnames=FALSE nrow=4 ncol=2 as.numeric=TRUE >
		Labial	22.5089431620726	-14.9147691279282
		Posterior	21.6033025319138	-14.5751538916187
		Lingual	21.9712190379158	-13.6600795048957
		Anterior	22.9334622074595	-13.9808272280769
	</landmarks.scaled>
	<curves.control type=list>
		<Outline1 type=matrix rownames=FALSE colnames=FALSE nrow=15 ncol=2 as.numeric=TRUE >
			2386	1581
			2381	1587
			2373	1594
			2364	1601
			2355	1606
			2344	1608
			2334	1608
			2326	1606
			2319	1603
			2311	1600
			2304	1594
			2299	1587
			2295	1580
			2291	1571
			2290	1545
		</Outline1>
		<Outline2 type=matrix rownames=FALSE colnames=FALSE nrow=13 ncol=2 as.numeric=TRUE >
			2290	1545
			2286	1532
			2284	1520
			2283	1508
			2283	1495
			2285	1485
			2286	1478
			2291	1469
			2300	1462
			2309	1456
			2317	1451
			2323	1449
			2329	1448
		</Outline2>
		<Outline3 type=matrix rownames=FALSE colnames=FALSE nrow=19 ncol=2 as.numeric=TRUE >
			2329	1448
			2337	1447
			2344	1449
			2348	1451
			2356	1451
			2364	1450
			2373	1451
			2382	1452
			2389	1452
			2397	1451
			2403	1451
			2411	1452
			2417	1454
			2422	1457
			2424	1463
			2427	1469
			2428	1474
			2429	1479
			2431	1482
		</Outline3>
		<Outline4 type=matrix rownames=FALSE colnames=FALSE nrow=19 ncol=2 as.numeric=TRUE >
			2431	1482
			2434	1487
			2438	1492
			2442	1496
			2443	1504
			2443	1513
			2442	1520
			2438	1527
			2433	1531
			2431	1537
			2429	1546
			2427	1553
			2421	1557
			2414	1560
			2408	1563
			2401	1567
			2395	1570
			2390	1575
			2386	1581
		</Outline4>
	</curves.control>
	<curves.pixel type=list>
		<Outline1 type=matrix rownames=FALSE colnames=FALSE nrow=146 ncol=2 as.numeric=TRUE >
			2386	1581
			2386	1582
			2385	1582
			2385	1583
			2384	1583
			2383	1584
			2383	1585
			2382	1585
			2382	1586
			2381	1586
			2381	1587
			2380	1588
			2379	1588
			2379	1589
			2378	1589
			2377	1590
			2377	1591
			2376	1591
			2375	1592
			2374	1593
			2373	1594
			2372	1595
			2371	1596
			2370	1596
			2369	1597
			2368	1598
			2367	1599
			2366	1599
			2365	1600
			2364	1601
			2363	1601
			2362	1602
			2361	1603
			2360	1603
			2359	1604
			2358	1605
			2357	1605
			2356	1605
			2356	1606
			2355	1606
			2354	1606
			2353	1606
			2352	1607
			2351	1607
			2350	1607
			2349	1607
			2348	1607
			2347	1607
			2346	1607
			2345	1607
			2344	1608
			2343	1608
			2342	1608
			2341	1608
			2340	1608
			2339	1608
			2338	1608
			2337	1608
			2336	1608
			2335	1608
			2334	1608
			2333	1608
			2332	1607
			2331	1607
			2330	1607
			2329	1607
			2328	1606
			2327	1606
			2326	1606
			2325	1605
			2324	1605
			2323	1605
			2323	1604
			2322	1604
			2321	1604
			2320	1603
			2319	1603
			2318	1603
			2317	1602
			2316	1602
			2315	1601
			2314	1601
			2313	1600
			2312	1600
			2312	1599
			2311	1599
			2310	1599
			2310	1598
			2309	1598
			2308	1597
			2307	1597
			2306	1596
			2305	1595
			2304	1594
			2303	1593
			2303	1592
			2302	1591
			2301	1590
			2301	1589
			2300	1588
			2299	1587
			2299	1586
			2298	1586
			2298	1585
			2297	1584
			2297	1583
			2296	1582
			2296	1581
			2295	1580
			2295	1579
			2294	1578
			2294	1577
			2294	1576
			2293	1575
			2293	1574
			2293	1573
			2293	1572
			2292	1571
			2292	1570
			2292	1569
			2292	1568
			2292	1567
			2292	1566
			2292	1565
			2291	1565
			2291	1564
			2291	1563
			2291	1562
			2291	1561
			2291	1560
			2291	1559
			2291	1558
			2291	1557
			2291	1556
			2291	1555
			2291	1554
			2290	1554
			2290	1553
			2290	1552
			2290	1551
			2290	1550
			2290	1549
			2290	1548
			2290	1547
			2290	1546
			2290	1545
		</Outline1>
		<Outline2 type=matrix rownames=FALSE colnames=FALSE nrow=116 ncol=2 as.numeric=TRUE >
			2290	1545
			2290	1544
			2289	1543
			2289	1542
			2289	1541
			2289	1540
			2288	1539
			2288	1538
			2288	1537
			2288	1536
			2287	1535
			2287	1534
			2287	1533
			2286	1532
			2286	1531
			2286	1530
			2286	1529
			2285	1528
			2285	1527
			2285	1526
			2285	1525
			2285	1524
			2284	1523
			2284	1522
			2284	1521
			2284	1520
			2284	1519
			2284	1518
			2284	1517
			2284	1516
			2284	1515
			2284	1514
			2283	1513
			2283	1512
			2283	1511
			2283	1510
			2283	1509
			2283	1508
			2283	1507
			2283	1506
			2283	1505
			2283	1504
			2283	1503
			2283	1502
			2283	1501
			2283	1500
			2283	1499
			2283	1498
			2283	1497
			2283	1496
			2283	1495
			2283	1494
			2283	1493
			2284	1492
			2284	1491
			2284	1490
			2284	1489
			2284	1488
			2285	1487
			2285	1486
			2285	1485
			2285	1484
			2285	1483
			2285	1482
			2285	1481
			2286	1481
			2286	1480
			2286	1479
			2286	1478
			2286	1477
			2287	1476
			2288	1475
			2288	1474
			2289	1473
			2290	1472
			2291	1471
			2292	1470
			2293	1469
			2294	1468
			2295	1467
			2296	1466
			2297	1465
			2298	1464
			2299	1463
			2300	1462
			2301	1461
			2302	1461
			2302	1460
			2303	1460
			2304	1459
			2305	1459
			2306	1458
			2307	1457
			2308	1457
			2309	1456
			2310	1456
			2310	1455
			2311	1455
			2312	1454
			2313	1454
			2314	1453
			2315	1452
			2316	1452
			2317	1451
			2318	1451
			2319	1450
			2320	1450
			2321	1450
			2322	1449
			2323	1449
			2324	1449
			2325	1449
			2326	1449
			2327	1448
			2328	1448
			2329	1448
		</Outline2>
		<Outline3 type=matrix rownames=FALSE colnames=FALSE nrow=118 ncol=2 as.numeric=TRUE >
			2329	1448
			2330	1448
			2331	1448
			2332	1448
			2333	1448
			2334	1448
			2335	1448
			2336	1448
			2337	1448
			2338	1448
			2339	1448
			2340	1448
			2341	1448
			2342	1449
			2343	1449
			2344	1449
			2345	1449
			2346	1450
			2347	1450
			2348	1450
			2349	1450
			2350	1451
			2351	1451
			2352	1451
			2353	1451
			2354	1451
			2355	1451
			2356	1451
			2357	1451
			2358	1451
			2359	1451
			2360	1451
			2361	1451
			2362	1451
			2363	1451
			2364	1451
			2365	1451
			2366	1451
			2367	1451
			2368	1451
			2369	1451
			2370	1451
			2371	1451
			2372	1451
			2373	1451
			2374	1451
			2375	1451
			2376	1451
			2377	1451
			2378	1451
			2378	1452
			2379	1452
			2380	1452
			2381	1452
			2382	1452
			2383	1452
			2384	1452
			2385	1452
			2386	1452
			2387	1452
			2388	1452
			2389	1452
			2390	1452
			2391	1452
			2392	1452
			2393	1452
			2394	1451
			2395	1451
			2396	1451
			2397	1451
			2398	1451
			2399	1451
			2400	1451
			2401	1451
			2402	1451
			2403	1451
			2404	1451
			2405	1451
			2406	1451
			2407	1452
			2408	1452
			2409	1452
			2410	1452
			2411	1452
			2412	1453
			2413	1453
			2414	1453
			2415	1453
			2416	1454
			2417	1454
			2418	1455
			2419	1456
			2420	1457
			2421	1458
			2422	1459
			2423	1460
			2423	1461
			2424	1462
			2424	1463
			2424	1464
			2425	1465
			2425	1466
			2426	1467
			2426	1468
			2426	1469
			2427	1470
			2427	1471
			2428	1472
			2428	1473
			2428	1474
			2428	1475
			2429	1476
			2429	1477
			2429	1478
			2429	1479
			2430	1480
			2430	1481
			2431	1482
		</Outline3>
		<Outline4 type=matrix rownames=FALSE colnames=FALSE nrow=123 ncol=2 as.numeric=TRUE >
			2431	1482
			2431	1483
			2432	1483
			2432	1484
			2433	1485
			2433	1486
			2434	1486
			2434	1487
			2435	1488
			2436	1489
			2437	1490
			2437	1491
			2438	1492
			2439	1493
			2439	1494
			2440	1494
			2440	1495
			2441	1496
			2441	1497
			2442	1498
			2442	1499
			2442	1500
			2443	1501
			2443	1502
			2443	1503
			2443	1504
			2443	1505
			2443	1506
			2443	1507
			2443	1508
			2443	1509
			2443	1510
			2443	1511
			2443	1512
			2443	1513
			2443	1514
			2443	1515
			2442	1516
			2442	1517
			2442	1518
			2442	1519
			2442	1520
			2441	1521
			2441	1522
			2440	1523
			2440	1524
			2439	1524
			2439	1525
			2438	1526
			2437	1527
			2436	1528
			2435	1529
			2434	1530
			2433	1531
			2433	1532
			2432	1533
			2432	1534
			2432	1535
			2432	1536
			2431	1536
			2431	1537
			2431	1538
			2431	1539
			2430	1540
			2430	1541
			2430	1542
			2430	1543
			2429	1544
			2429	1545
			2429	1546
			2429	1547
			2428	1548
			2428	1549
			2427	1550
			2427	1551
			2426	1552
			2426	1553
			2425	1554
			2424	1554
			2423	1555
			2423	1556
			2422	1557
			2421	1557
			2420	1558
			2419	1558
			2418	1558
			2417	1559
			2416	1559
			2415	1560
			2414	1560
			2413	1561
			2412	1561
			2411	1561
			2411	1562
			2410	1562
			2409	1562
			2409	1563
			2408	1563
			2407	1563
			2406	1564
			2405	1565
			2404	1565
			2403	1566
			2402	1566
			2401	1567
			2400	1567
			2400	1568
			2399	1568
			2398	1569
			2397	1569
			2396	1569
			2395	1570
			2394	1571
			2393	1572
			2392	1573
			2391	1574
			2390	1575
			2390	1576
			2389	1577
			2388	1578
			2388	1579
			2387	1580
			2386	1581
		</Outline4>
	</curves.pixel>
	<curves.scaled type=list>
		<Outline1 type=matrix rownames=FALSE colnames=FALSE nrow=146 ncol=2 as.numeric=TRUE >
			22.5089431620726	-14.9147691279282
			22.5089431620726	-14.9242028844924
			22.4995094055084	-14.9242028844924
			22.4995094055084	-14.9336366410565
			22.4900756489443	-14.9336366410565
			22.4806418923801	-14.9430703976207
			22.4806418923801	-14.9525041541849
			22.471208135816	-14.9525041541849
			22.471208135816	-14.961937910749
			22.4617743792518	-14.961937910749
			22.4617743792518	-14.9713716673132
			22.4523406226877	-14.9808054238773
			22.4429068661235	-14.9808054238773
			22.4429068661235	-14.9902391804415
			22.4334731095594	-14.9902391804415
			22.4240393529952	-14.9996729370056
			22.4240393529952	-15.0091066935698
			22.4146055964311	-15.0091066935698
			22.4051718398669	-15.0185404501339
			22.3957380833027	-15.0279742066981
			22.3863043267386	-15.0374079632622
			22.3768705701744	-15.0468417198264
			22.3674368136103	-15.0562754763906
			22.3580030570461	-15.0562754763906
			22.348569300482	-15.0657092329547
			22.3391355439178	-15.0751429895189
			22.3297017873537	-15.084576746083
			22.3202680307895	-15.084576746083
			22.3108342742254	-15.0940105026472
			22.3014005176612	-15.1034442592113
			22.291966761097	-15.1034442592113
			22.2825330045329	-15.1128780157755
			22.2730992479687	-15.1223117723396
			22.2636654914046	-15.1223117723396
			22.2542317348404	-15.1317455289038
			22.2447979782763	-15.1411792854679
			22.2353642217121	-15.1411792854679
			22.225930465148	-15.1411792854679
			22.225930465148	-15.1506130420321
			22.2164967085838	-15.1506130420321
			22.2070629520197	-15.1506130420321
			22.1976291954555	-15.1506130420321
			22.1881954388913	-15.1600467985963
			22.1787616823272	-15.1600467985963
			22.169327925763	-15.1600467985963
			22.1598941691989	-15.1600467985963
			22.1504604126347	-15.1600467985963
			22.1410266560706	-15.1600467985963
			22.1315928995064	-15.1600467985963
			22.1221591429423	-15.1600467985963
			22.1127253863781	-15.1694805551604
			22.103291629814	-15.1694805551604
			22.0938578732498	-15.1694805551604
			22.0844241166856	-15.1694805551604
			22.0749903601215	-15.1694805551604
			22.0655566035573	-15.1694805551604
			22.0561228469932	-15.1694805551604
			22.046689090429	-15.1694805551604
			22.0372553338649	-15.1694805551604
			22.0278215773007	-15.1694805551604
			22.0183878207366	-15.1694805551604
			22.0089540641724	-15.1694805551604
			21.9995203076083	-15.1600467985963
			21.9900865510441	-15.1600467985963
			21.9806527944799	-15.1600467985963
			21.9712190379158	-15.1600467985963
			21.9617852813516	-15.1506130420321
			21.9523515247875	-15.1506130420321
			21.9429177682233	-15.1506130420321
			21.9334840116592	-15.1411792854679
			21.924050255095	-15.1411792854679
			21.9146164985309	-15.1411792854679
			21.9146164985309	-15.1317455289038
			21.9051827419667	-15.1317455289038
			21.8957489854026	-15.1317455289038
			21.8863152288384	-15.1223117723396
			21.8768814722742	-15.1223117723396
			21.8674477157101	-15.1223117723396
			21.8580139591459	-15.1128780157755
			21.8485802025818	-15.1128780157755
			21.8391464460176	-15.1034442592113
			21.8297126894535	-15.1034442592113
			21.8202789328893	-15.0940105026472
			21.8108451763252	-15.0940105026472
			21.8108451763252	-15.084576746083
			21.801411419761	-15.084576746083
			21.7919776631969	-15.084576746083
			21.7919776631969	-15.0751429895189
			21.7825439066327	-15.0751429895189
			21.7731101500685	-15.0657092329547
			21.7636763935044	-15.0657092329547
			21.7542426369402	-15.0562754763906
			21.7448088803761	-15.0468417198264
			21.7353751238119	-15.0374079632622
			21.7259413672478	-15.0279742066981
			21.7259413672478	-15.0185404501339
			21.7165076106836	-15.0091066935698
			21.7070738541195	-14.9996729370056
			21.7070738541195	-14.9902391804415
			21.6976400975553	-14.9808054238773
			21.6882063409912	-14.9713716673132
			21.6882063409912	-14.961937910749
			21.678772584427	-14.961937910749
			21.678772584427	-14.9525041541849
			21.6693388278628	-14.9430703976207
			21.6693388278628	-14.9336366410565
			21.6599050712987	-14.9242028844924
			21.6599050712987	-14.9147691279282
			21.6504713147345	-14.9053353713641
			21.6504713147345	-14.8959016147999
			21.6410375581704	-14.8864678582358
			21.6410375581704	-14.8770341016716
			21.6410375581704	-14.8676003451075
			21.6316038016062	-14.8581665885433
			21.6316038016062	-14.8487328319792
			21.6316038016062	-14.839299075415
			21.6316038016062	-14.8298653188508
			21.6221700450421	-14.8204315622867
			21.6221700450421	-14.8109978057225
			21.6221700450421	-14.8015640491584
			21.6221700450421	-14.7921302925942
			21.6221700450421	-14.7826965360301
			21.6221700450421	-14.7732627794659
			21.6221700450421	-14.7638290229018
			21.6127362884779	-14.7638290229018
			21.6127362884779	-14.7543952663376
			21.6127362884779	-14.7449615097735
			21.6127362884779	-14.7355277532093
			21.6127362884779	-14.7260939966451
			21.6127362884779	-14.716660240081
			21.6127362884779	-14.7072264835168
			21.6127362884779	-14.6977927269527
			21.6127362884779	-14.6883589703885
			21.6127362884779	-14.6789252138244
			21.6127362884779	-14.6694914572602
			21.6127362884779	-14.6600577006961
			21.6033025319138	-14.6600577006961
			21.6033025319138	-14.6506239441319
			21.6033025319138	-14.6411901875678
			21.6033025319138	-14.6317564310036
			21.6033025319138	-14.6223226744394
			21.6033025319138	-14.6128889178753
			21.6033025319138	-14.6034551613111
			21.6033025319138	-14.594021404747
			21.6033025319138	-14.5845876481828
			21.6033025319138	-14.5751538916187
		</Outline1>
		<Outline2 type=matrix rownames=FALSE colnames=FALSE nrow=116 ncol=2 as.numeric=TRUE >
			21.6033025319138	-14.5751538916187
			21.6033025319138	-14.5657201350545
			21.5938687753496	-14.5562863784904
			21.5938687753496	-14.5468526219262
			21.5938687753496	-14.5374188653621
			21.5938687753496	-14.5279851087979
			21.5844350187855	-14.5185513522338
			21.5844350187855	-14.5091175956696
			21.5844350187855	-14.4996838391054
			21.5844350187855	-14.4902500825413
			21.5750012622213	-14.4808163259771
			21.5750012622213	-14.471382569413
			21.5750012622213	-14.4619488128488
			21.5655675056571	-14.4525150562847
			21.5655675056571	-14.4430812997205
			21.5655675056571	-14.4336475431564
			21.5655675056571	-14.4242137865922
			21.556133749093	-14.414780030028
			21.556133749093	-14.4053462734639
			21.556133749093	-14.3959125168997
			21.556133749093	-14.3864787603356
			21.556133749093	-14.3770450037714
			21.5466999925288	-14.3676112472073
			21.5466999925288	-14.3581774906431
			21.5466999925288	-14.348743734079
			21.5466999925288	-14.3393099775148
			21.5466999925288	-14.3298762209507
			21.5466999925288	-14.3204424643865
			21.5466999925288	-14.3110087078224
			21.5466999925288	-14.3015749512582
			21.5466999925288	-14.292141194694
			21.5466999925288	-14.2827074381299
			21.5372662359647	-14.2732736815657
			21.5372662359647	-14.2638399250016
			21.5372662359647	-14.2544061684374
			21.5372662359647	-14.2449724118733
			21.5372662359647	-14.2355386553091
			21.5372662359647	-14.226104898745
			21.5372662359647	-14.2166711421808
			21.5372662359647	-14.2072373856167
			21.5372662359647	-14.1978036290525
			21.5372662359647	-14.1883698724883
			21.5372662359647	-14.1789361159242
			21.5372662359647	-14.16950235936
			21.5372662359647	-14.1600686027959
			21.5372662359647	-14.1506348462317
			21.5372662359647	-14.1412010896676
			21.5372662359647	-14.1317673331034
			21.5372662359647	-14.1223335765393
			21.5372662359647	-14.1128998199751
			21.5372662359647	-14.103466063411
			21.5372662359647	-14.0940323068468
			21.5372662359647	-14.0845985502826
			21.5466999925288	-14.0751647937185
			21.5466999925288	-14.0657310371543
			21.5466999925288	-14.0562972805902
			21.5466999925288	-14.046863524026
			21.5466999925288	-14.0374297674619
			21.556133749093	-14.0279960108977
			21.556133749093	-14.0185622543336
			21.556133749093	-14.0091284977694
			21.556133749093	-13.9996947412053
			21.556133749093	-13.9902609846411
			21.556133749093	-13.9808272280769
			21.556133749093	-13.9713934715128
			21.5655675056571	-13.9713934715128
			21.5655675056571	-13.9619597149486
			21.5655675056571	-13.9525259583845
			21.5655675056571	-13.9430922018203
			21.5655675056571	-13.9336584452562
			21.5750012622213	-13.924224688692
			21.5844350187855	-13.9147909321279
			21.5844350187855	-13.9053571755637
			21.5938687753496	-13.8959234189996
			21.6033025319138	-13.8864896624354
			21.6127362884779	-13.8770559058712
			21.6221700450421	-13.8676221493071
			21.6316038016062	-13.8581883927429
			21.6410375581704	-13.8487546361788
			21.6504713147345	-13.8393208796146
			21.6599050712987	-13.8298871230505
			21.6693388278628	-13.8204533664863
			21.678772584427	-13.8110196099222
			21.6882063409912	-13.801585853358
			21.6976400975553	-13.7921520967939
			21.7070738541195	-13.7827183402297
			21.7165076106836	-13.7827183402297
			21.7165076106836	-13.7732845836655
			21.7259413672478	-13.7732845836655
			21.7353751238119	-13.7638508271014
			21.7448088803761	-13.7638508271014
			21.7542426369402	-13.7544170705372
			21.7636763935044	-13.7449833139731
			21.7731101500685	-13.7449833139731
			21.7825439066327	-13.7355495574089
			21.7919776631969	-13.7355495574089
			21.7919776631969	-13.7261158008448
			21.801411419761	-13.7261158008448
			21.8108451763252	-13.7166820442806
			21.8202789328893	-13.7166820442806
			21.8297126894535	-13.7072482877165
			21.8391464460176	-13.6978145311523
			21.8485802025818	-13.6978145311523
			21.8580139591459	-13.6883807745882
			21.8674477157101	-13.6883807745882
			21.8768814722742	-13.678947018024
			21.8863152288384	-13.678947018024
			21.8957489854026	-13.678947018024
			21.9051827419667	-13.6695132614598
			21.9146164985309	-13.6695132614598
			21.924050255095	-13.6695132614598
			21.9334840116592	-13.6695132614598
			21.9429177682233	-13.6695132614598
			21.9523515247875	-13.6600795048957
			21.9617852813516	-13.6600795048957
			21.9712190379158	-13.6600795048957
		</Outline2>
		<Outline3 type=matrix rownames=FALSE colnames=FALSE nrow=118 ncol=2 as.numeric=TRUE >
			21.9712190379158	-13.6600795048957
			21.9806527944799	-13.6600795048957
			21.9900865510441	-13.6600795048957
			21.9995203076083	-13.6600795048957
			22.0089540641724	-13.6600795048957
			22.0183878207366	-13.6600795048957
			22.0278215773007	-13.6600795048957
			22.0372553338649	-13.6600795048957
			22.046689090429	-13.6600795048957
			22.0561228469932	-13.6600795048957
			22.0655566035573	-13.6600795048957
			22.0749903601215	-13.6600795048957
			22.0844241166856	-13.6600795048957
			22.0938578732498	-13.6695132614598
			22.103291629814	-13.6695132614598
			22.1127253863781	-13.6695132614598
			22.1221591429423	-13.6695132614598
			22.1315928995064	-13.678947018024
			22.1410266560706	-13.678947018024
			22.1504604126347	-13.678947018024
			22.1598941691989	-13.678947018024
			22.169327925763	-13.6883807745882
			22.1787616823272	-13.6883807745882
			22.1881954388913	-13.6883807745882
			22.1976291954555	-13.6883807745882
			22.2070629520197	-13.6883807745882
			22.2164967085838	-13.6883807745882
			22.225930465148	-13.6883807745882
			22.2353642217121	-13.6883807745882
			22.2447979782763	-13.6883807745882
			22.2542317348404	-13.6883807745882
			22.2636654914046	-13.6883807745882
			22.2730992479687	-13.6883807745882
			22.2825330045329	-13.6883807745882
			22.291966761097	-13.6883807745882
			22.3014005176612	-13.6883807745882
			22.3108342742254	-13.6883807745882
			22.3202680307895	-13.6883807745882
			22.3297017873537	-13.6883807745882
			22.3391355439178	-13.6883807745882
			22.348569300482	-13.6883807745882
			22.3580030570461	-13.6883807745882
			22.3674368136103	-13.6883807745882
			22.3768705701744	-13.6883807745882
			22.3863043267386	-13.6883807745882
			22.3957380833027	-13.6883807745882
			22.4051718398669	-13.6883807745882
			22.4146055964311	-13.6883807745882
			22.4240393529952	-13.6883807745882
			22.4334731095594	-13.6883807745882
			22.4334731095594	-13.6978145311523
			22.4429068661235	-13.6978145311523
			22.4523406226877	-13.6978145311523
			22.4617743792518	-13.6978145311523
			22.471208135816	-13.6978145311523
			22.4806418923801	-13.6978145311523
			22.4900756489443	-13.6978145311523
			22.4995094055084	-13.6978145311523
			22.5089431620726	-13.6978145311523
			22.5183769186368	-13.6978145311523
			22.5278106752009	-13.6978145311523
			22.5372444317651	-13.6978145311523
			22.5466781883292	-13.6978145311523
			22.5561119448934	-13.6978145311523
			22.5655457014575	-13.6978145311523
			22.5749794580217	-13.6978145311523
			22.5844132145858	-13.6883807745882
			22.59384697115	-13.6883807745882
			22.6032807277141	-13.6883807745882
			22.6127144842783	-13.6883807745882
			22.6221482408424	-13.6883807745882
			22.6315819974066	-13.6883807745882
			22.6410157539708	-13.6883807745882
			22.6504495105349	-13.6883807745882
			22.6598832670991	-13.6883807745882
			22.6693170236632	-13.6883807745882
			22.6787507802274	-13.6883807745882
			22.6881845367915	-13.6883807745882
			22.6976182933557	-13.6883807745882
			22.7070520499198	-13.6978145311523
			22.716485806484	-13.6978145311523
			22.7259195630482	-13.6978145311523
			22.7353533196123	-13.6978145311523
			22.7447870761765	-13.6978145311523
			22.7542208327406	-13.7072482877165
			22.7636545893048	-13.7072482877165
			22.7730883458689	-13.7072482877165
			22.7825221024331	-13.7072482877165
			22.7919558589972	-13.7166820442806
			22.8013896155614	-13.7166820442806
			22.8108233721255	-13.7261158008448
			22.8202571286897	-13.7355495574089
			22.8296908852539	-13.7449833139731
			22.839124641818	-13.7544170705372
			22.8485583983822	-13.7638508271014
			22.8579921549463	-13.7732845836655
			22.8579921549463	-13.7827183402297
			22.8674259115105	-13.7921520967939
			22.8674259115105	-13.801585853358
			22.8674259115105	-13.8110196099222
			22.8768596680746	-13.8204533664863
			22.8768596680746	-13.8298871230505
			22.8862934246388	-13.8393208796146
			22.8862934246388	-13.8487546361788
			22.8862934246388	-13.8581883927429
			22.8957271812029	-13.8676221493071
			22.8957271812029	-13.8770559058712
			22.9051609377671	-13.8864896624354
			22.9051609377671	-13.8959234189996
			22.9051609377671	-13.9053571755637
			22.9051609377671	-13.9147909321279
			22.9145946943312	-13.924224688692
			22.9145946943312	-13.9336584452562
			22.9145946943312	-13.9430922018203
			22.9145946943312	-13.9525259583845
			22.9240284508954	-13.9619597149486
			22.9240284508954	-13.9713934715128
			22.9334622074595	-13.9808272280769
		</Outline3>
		<Outline4 type=matrix rownames=FALSE colnames=FALSE nrow=123 ncol=2 as.numeric=TRUE >
			22.9334622074595	-13.9808272280769
			22.9334622074595	-13.9902609846411
			22.9428959640237	-13.9902609846411
			22.9428959640237	-13.9996947412053
			22.9523297205879	-14.0091284977694
			22.9523297205879	-14.0185622543336
			22.961763477152	-14.0185622543336
			22.961763477152	-14.0279960108977
			22.9711972337162	-14.0374297674619
			22.9806309902803	-14.046863524026
			22.9900647468445	-14.0562972805902
			22.9900647468445	-14.0657310371543
			22.9994985034086	-14.0751647937185
			23.0089322599728	-14.0845985502826
			23.0089322599728	-14.0940323068468
			23.0183660165369	-14.0940323068468
			23.0183660165369	-14.103466063411
			23.0277997731011	-14.1128998199751
			23.0277997731011	-14.1223335765393
			23.0372335296652	-14.1317673331034
			23.0372335296652	-14.1412010896676
			23.0372335296652	-14.1506348462317
			23.0466672862294	-14.1600686027959
			23.0466672862294	-14.16950235936
			23.0466672862294	-14.1789361159242
			23.0466672862294	-14.1883698724883
			23.0466672862294	-14.1978036290525
			23.0466672862294	-14.2072373856167
			23.0466672862294	-14.2166711421808
			23.0466672862294	-14.226104898745
			23.0466672862294	-14.2355386553091
			23.0466672862294	-14.2449724118733
			23.0466672862294	-14.2544061684374
			23.0466672862294	-14.2638399250016
			23.0466672862294	-14.2732736815657
			23.0466672862294	-14.2827074381299
			23.0466672862294	-14.292141194694
			23.0372335296652	-14.3015749512582
			23.0372335296652	-14.3110087078224
			23.0372335296652	-14.3204424643865
			23.0372335296652	-14.3298762209507
			23.0372335296652	-14.3393099775148
			23.0277997731011	-14.348743734079
			23.0277997731011	-14.3581774906431
			23.0183660165369	-14.3676112472073
			23.0183660165369	-14.3770450037714
			23.0089322599728	-14.3770450037714
			23.0089322599728	-14.3864787603356
			22.9994985034086	-14.3959125168997
			22.9900647468445	-14.4053462734639
			22.9806309902803	-14.414780030028
			22.9711972337162	-14.4242137865922
			22.961763477152	-14.4336475431564
			22.9523297205879	-14.4430812997205
			22.9523297205879	-14.4525150562847
			22.9428959640237	-14.4619488128488
			22.9428959640237	-14.471382569413
			22.9428959640237	-14.4808163259771
			22.9428959640237	-14.4902500825413
			22.9334622074595	-14.4902500825413
			22.9334622074595	-14.4996838391054
			22.9334622074595	-14.5091175956696
			22.9334622074595	-14.5185513522338
			22.9240284508954	-14.5279851087979
			22.9240284508954	-14.5374188653621
			22.9240284508954	-14.5468526219262
			22.9240284508954	-14.5562863784904
			22.9145946943312	-14.5657201350545
			22.9145946943312	-14.5751538916187
			22.9145946943312	-14.5845876481828
			22.9145946943312	-14.594021404747
			22.9051609377671	-14.6034551613111
			22.9051609377671	-14.6128889178753
			22.8957271812029	-14.6223226744394
			22.8957271812029	-14.6317564310036
			22.8862934246388	-14.6411901875678
			22.8862934246388	-14.6506239441319
			22.8768596680746	-14.6600577006961
			22.8674259115105	-14.6600577006961
			22.8579921549463	-14.6694914572602
			22.8579921549463	-14.6789252138244
			22.8485583983822	-14.6883589703885
			22.839124641818	-14.6883589703885
			22.8296908852539	-14.6977927269527
			22.8202571286897	-14.6977927269527
			22.8108233721255	-14.6977927269527
			22.8013896155614	-14.7072264835168
			22.7919558589972	-14.7072264835168
			22.7825221024331	-14.716660240081
			22.7730883458689	-14.716660240081
			22.7636545893048	-14.7260939966451
			22.7542208327406	-14.7260939966451
			22.7447870761765	-14.7260939966451
			22.7447870761765	-14.7355277532093
			22.7353533196123	-14.7355277532093
			22.7259195630482	-14.7355277532093
			22.7259195630482	-14.7449615097735
			22.716485806484	-14.7449615097735
			22.7070520499198	-14.7449615097735
			22.6976182933557	-14.7543952663376
			22.6881845367915	-14.7638290229018
			22.6787507802274	-14.7638290229018
			22.6693170236632	-14.7732627794659
			22.6598832670991	-14.7732627794659
			22.6504495105349	-14.7826965360301
			22.6410157539708	-14.7826965360301
			22.6410157539708	-14.7921302925942
			22.6315819974066	-14.7921302925942
			22.6221482408424	-14.8015640491584
			22.6127144842783	-14.8015640491584
			22.6032807277141	-14.8015640491584
			22.59384697115	-14.8109978057225
			22.5844132145858	-14.8204315622867
			22.5749794580217	-14.8298653188508
			22.5655457014575	-14.839299075415
			22.5561119448934	-14.8487328319792
			22.5466781883292	-14.8581665885433
			22.5466781883292	-14.8676003451075
			22.5372444317651	-14.8770341016716
			22.5278106752009	-14.8864678582358
			22.5278106752009	-14.8959016147999
			22.5183769186368	-14.9053353713641
			22.5089431620726	-14.9147691279282
		</Outline4>
	</curves.scaled>
	<ruler.points type=matrix rownames=TRUE colnames=FALSE nrow=2 ncol=2 as.numeric=TRUE >
		Ruler point 1	3241	2489
		Ruler point 2	2181	2496
	</ruler.points>
</shapes>

