<shapes type=list>
	<ruler.pixel type=vector names=FALSE length=1 as.numeric=TRUE >1242.09057640737</ruler.pixel>
	<ruler.interval type=vector names=FALSE length=1 as.numeric=TRUE >10</ruler.interval>
	<scaling.units type=vector names=FALSE length=1 as.numeric=FALSE >mm</scaling.units>
	<scaling type=vector names=FALSE length=1 as.numeric=TRUE >0.00805094265260754</scaling>
	<landmarks.pixel type=matrix rownames=TRUE colnames=FALSE nrow=4 ncol=2 as.numeric=TRUE >
		Labial	2549	1604
		Posterior	2460	1571
		Lingual	2506	1489
		Anterior	2594	1524
	</landmarks.pixel>
	<landmarks.scaled type=matrix rownames=TRUE colnames=FALSE nrow=4 ncol=2 as.numeric=TRUE >
		Labial	20.5218528214966	-12.9137120147825
		Posterior	19.8053189254145	-12.6480309072464
		Lingual	20.1756622874345	-11.9878536097326
		Anterior	20.884145240864	-12.2696366025739
	</landmarks.scaled>
	<curves.control type=list>
		<Outline1 type=matrix rownames=FALSE colnames=FALSE nrow=13 ncol=2 as.numeric=TRUE >
			2549	1604
			2542	1609
			2535	1614
			2527	1619
			2518	1622
			2509	1624
			2496	1624
			2486	1621
			2477	1614
			2471	1606
			2466	1598
			2463	1587
			2460	1571
		</Outline1>
		<Outline2 type=matrix rownames=FALSE colnames=FALSE nrow=11 ncol=2 as.numeric=TRUE >
			2460	1571
			2458	1561
			2456	1550
			2457	1537
			2460	1524
			2463	1515
			2468	1508
			2475	1501
			2483	1495
			2494	1491
			2506	1489
		</Outline2>
		<Outline3 type=matrix rownames=FALSE colnames=FALSE nrow=11 ncol=2 as.numeric=TRUE >
			2506	1489
			2518	1488
			2532	1489
			2546	1489
			2560	1490
			2573	1493
			2580	1497
			2586	1504
			2590	1511
			2593	1517
			2594	1524
		</Outline3>
		<Outline4 type=matrix rownames=FALSE colnames=FALSE nrow=11 ncol=2 as.numeric=TRUE >
			2594	1524
			2596	1534
			2597	1543
			2597	1554
			2596	1565
			2591	1577
			2584	1583
			2576	1589
			2569	1595
			2559	1599
			2549	1604
		</Outline4>
	</curves.control>
	<curves.pixel type=list>
		<Outline1 type=matrix rownames=FALSE colnames=FALSE nrow=123 ncol=2 as.numeric=TRUE >
			2549	1604
			2548	1604
			2548	1605
			2547	1605
			2546	1606
			2545	1607
			2544	1608
			2543	1608
			2542	1609
			2541	1609
			2541	1610
			2540	1611
			2539	1611
			2538	1612
			2537	1612
			2537	1613
			2536	1613
			2535	1614
			2534	1615
			2533	1615
			2532	1616
			2531	1616
			2530	1617
			2529	1617
			2528	1618
			2527	1618
			2527	1619
			2526	1619
			2525	1619
			2524	1620
			2523	1620
			2522	1621
			2521	1621
			2520	1621
			2519	1622
			2518	1622
			2517	1622
			2516	1622
			2515	1623
			2514	1623
			2513	1623
			2512	1623
			2511	1623
			2510	1623
			2509	1623
			2508	1623
			2507	1624
			2506	1624
			2505	1624
			2504	1624
			2503	1624
			2502	1624
			2501	1624
			2500	1624
			2499	1624
			2498	1624
			2497	1624
			2496	1624
			2495	1624
			2494	1624
			2494	1623
			2493	1623
			2492	1623
			2491	1622
			2490	1622
			2489	1621
			2488	1621
			2487	1620
			2486	1620
			2485	1619
			2484	1619
			2483	1618
			2482	1617
			2481	1617
			2480	1616
			2479	1616
			2478	1615
			2477	1614
			2477	1613
			2476	1613
			2475	1612
			2475	1611
			2474	1610
			2474	1609
			2473	1609
			2472	1608
			2472	1607
			2471	1606
			2471	1605
			2470	1604
			2469	1603
			2468	1602
			2468	1601
			2467	1600
			2467	1599
			2466	1598
			2466	1597
			2465	1596
			2465	1595
			2465	1594
			2465	1593
			2465	1592
			2464	1591
			2464	1590
			2464	1589
			2463	1588
			2463	1587
			2463	1586
			2463	1585
			2463	1584
			2462	1583
			2462	1582
			2462	1581
			2462	1580
			2462	1579
			2461	1578
			2461	1577
			2461	1576
			2461	1575
			2461	1574
			2460	1573
			2460	1572
			2460	1571
		</Outline1>
		<Outline2 type=matrix rownames=FALSE colnames=FALSE nrow=106 ncol=2 as.numeric=TRUE >
			2460	1571
			2460	1570
			2460	1569
			2459	1568
			2459	1567
			2459	1566
			2459	1565
			2459	1564
			2458	1563
			2458	1562
			2458	1561
			2458	1560
			2458	1559
			2458	1558
			2457	1557
			2457	1556
			2457	1555
			2457	1554
			2456	1553
			2456	1552
			2456	1551
			2456	1550
			2456	1549
			2456	1548
			2456	1547
			2456	1546
			2456	1545
			2457	1544
			2457	1543
			2457	1542
			2457	1541
			2457	1540
			2457	1539
			2457	1538
			2458	1537
			2458	1536
			2458	1535
			2458	1534
			2458	1533
			2458	1532
			2458	1531
			2459	1531
			2459	1530
			2459	1529
			2459	1528
			2459	1527
			2460	1526
			2460	1525
			2460	1524
			2460	1523
			2461	1522
			2461	1521
			2462	1520
			2462	1519
			2462	1518
			2463	1518
			2463	1517
			2463	1516
			2464	1515
			2464	1514
			2465	1513
			2466	1512
			2466	1511
			2467	1510
			2467	1509
			2468	1509
			2468	1508
			2469	1507
			2470	1506
			2471	1505
			2472	1504
			2473	1503
			2474	1503
			2475	1502
			2476	1501
			2476	1500
			2477	1499
			2478	1499
			2479	1498
			2480	1497
			2481	1496
			2482	1496
			2483	1495
			2484	1495
			2485	1494
			2486	1494
			2487	1494
			2488	1493
			2489	1493
			2490	1493
			2491	1492
			2492	1492
			2493	1492
			2494	1491
			2495	1491
			2496	1491
			2497	1491
			2498	1490
			2499	1490
			2500	1490
			2501	1490
			2502	1490
			2503	1490
			2504	1489
			2505	1489
			2506	1489
		</Outline2>
		<Outline3 type=matrix rownames=FALSE colnames=FALSE nrow=104 ncol=2 as.numeric=TRUE >
			2506	1489
			2507	1489
			2508	1489
			2509	1489
			2510	1489
			2511	1489
			2512	1489
			2513	1489
			2514	1489
			2515	1489
			2516	1489
			2517	1489
			2518	1489
			2519	1489
			2520	1489
			2521	1489
			2522	1489
			2523	1489
			2524	1489
			2525	1489
			2526	1489
			2527	1489
			2528	1489
			2529	1489
			2530	1489
			2531	1489
			2532	1489
			2533	1489
			2534	1489
			2535	1489
			2536	1489
			2537	1489
			2538	1489
			2539	1489
			2540	1489
			2541	1489
			2542	1489
			2543	1489
			2544	1489
			2545	1489
			2546	1489
			2547	1489
			2548	1489
			2549	1489
			2550	1489
			2551	1489
			2552	1490
			2553	1490
			2554	1490
			2555	1490
			2556	1490
			2557	1490
			2558	1490
			2559	1490
			2560	1490
			2561	1490
			2562	1490
			2562	1491
			2563	1491
			2564	1491
			2565	1491
			2566	1491
			2567	1492
			2568	1492
			2569	1492
			2570	1493
			2571	1493
			2572	1493
			2573	1494
			2574	1494
			2575	1495
			2576	1495
			2577	1495
			2578	1496
			2579	1497
			2580	1497
			2581	1498
			2581	1499
			2582	1500
			2583	1500
			2583	1501
			2584	1502
			2585	1503
			2585	1504
			2586	1505
			2587	1506
			2588	1507
			2588	1508
			2589	1509
			2590	1510
			2590	1511
			2591	1512
			2591	1513
			2591	1514
			2592	1515
			2592	1516
			2592	1517
			2593	1518
			2593	1519
			2593	1520
			2593	1521
			2594	1522
			2594	1523
			2594	1524
		</Outline3>
		<Outline4 type=matrix rownames=FALSE colnames=FALSE nrow=99 ncol=2 as.numeric=TRUE >
			2594	1524
			2594	1525
			2594	1526
			2595	1527
			2595	1528
			2595	1529
			2595	1530
			2595	1531
			2595	1532
			2596	1532
			2596	1533
			2596	1534
			2596	1535
			2596	1536
			2596	1537
			2596	1538
			2596	1539
			2597	1540
			2597	1541
			2597	1542
			2597	1543
			2597	1544
			2597	1545
			2597	1546
			2597	1547
			2597	1548
			2597	1549
			2597	1550
			2597	1551
			2597	1552
			2597	1553
			2597	1554
			2597	1555
			2597	1556
			2597	1557
			2597	1558
			2596	1559
			2596	1560
			2596	1561
			2596	1562
			2596	1563
			2596	1564
			2596	1565
			2596	1566
			2595	1567
			2595	1568
			2594	1569
			2594	1570
			2593	1571
			2593	1572
			2592	1573
			2591	1574
			2591	1575
			2590	1576
			2589	1577
			2589	1578
			2588	1579
			2587	1580
			2586	1581
			2585	1582
			2584	1583
			2583	1584
			2582	1585
			2581	1585
			2580	1586
			2579	1587
			2578	1588
			2577	1588
			2576	1589
			2575	1590
			2574	1591
			2573	1591
			2572	1592
			2572	1593
			2571	1594
			2570	1594
			2569	1595
			2568	1596
			2567	1596
			2566	1596
			2565	1596
			2565	1597
			2564	1597
			2563	1597
			2563	1598
			2562	1598
			2561	1598
			2560	1599
			2559	1599
			2558	1600
			2557	1600
			2556	1601
			2555	1601
			2554	1601
			2553	1602
			2552	1603
			2551	1603
			2550	1604
			2549	1604
		</Outline4>
	</curves.pixel>
	<curves.scaled type=list>
		<Outline1 type=matrix rownames=FALSE colnames=FALSE nrow=123 ncol=2 as.numeric=TRUE >
			20.5218528214966	-12.9137120147825
			20.513801878844	-12.9137120147825
			20.513801878844	-12.9217629574351
			20.5057509361914	-12.9217629574351
			20.4976999935388	-12.9298139000877
			20.4896490508862	-12.9378648427403
			20.4815981082336	-12.9459157853929
			20.473547165581	-12.9459157853929
			20.4654962229284	-12.9539667280455
			20.4574452802758	-12.9539667280455
			20.4574452802758	-12.9620176706981
			20.4493943376231	-12.9700686133507
			20.4413433949705	-12.9700686133507
			20.4332924523179	-12.9781195560034
			20.4252415096653	-12.9781195560034
			20.4252415096653	-12.986170498656
			20.4171905670127	-12.986170498656
			20.4091396243601	-12.9942214413086
			20.4010886817075	-13.0022723839612
			20.3930377390549	-13.0022723839612
			20.3849867964023	-13.0103233266138
			20.3769358537497	-13.0103233266138
			20.3688849110971	-13.0183742692664
			20.3608339684445	-13.0183742692664
			20.3527830257919	-13.026425211919
			20.3447320831392	-13.026425211919
			20.3447320831392	-13.0344761545716
			20.3366811404866	-13.0344761545716
			20.328630197834	-13.0344761545716
			20.3205792551814	-13.0425270972242
			20.3125283125288	-13.0425270972242
			20.3044773698762	-13.0505780398768
			20.2964264272236	-13.0505780398768
			20.288375484571	-13.0505780398768
			20.2803245419184	-13.0586289825294
			20.2722735992658	-13.0586289825294
			20.2642226566132	-13.0586289825294
			20.2561717139606	-13.0586289825294
			20.248120771308	-13.066679925182
			20.2400698286554	-13.066679925182
			20.2320188860027	-13.066679925182
			20.2239679433501	-13.066679925182
			20.2159170006975	-13.066679925182
			20.2078660580449	-13.066679925182
			20.1998151153923	-13.066679925182
			20.1917641727397	-13.066679925182
			20.1837132300871	-13.0747308678346
			20.1756622874345	-13.0747308678346
			20.1676113447819	-13.0747308678346
			20.1595604021293	-13.0747308678346
			20.1515094594767	-13.0747308678346
			20.1434585168241	-13.0747308678346
			20.1354075741715	-13.0747308678346
			20.1273566315188	-13.0747308678346
			20.1193056888662	-13.0747308678346
			20.1112547462136	-13.0747308678346
			20.103203803561	-13.0747308678346
			20.0951528609084	-13.0747308678346
			20.0871019182558	-13.0747308678346
			20.0790509756032	-13.0747308678346
			20.0790509756032	-13.066679925182
			20.0710000329506	-13.066679925182
			20.062949090298	-13.066679925182
			20.0548981476454	-13.0586289825294
			20.0468472049928	-13.0586289825294
			20.0387962623402	-13.0505780398768
			20.0307453196876	-13.0505780398768
			20.0226943770349	-13.0425270972242
			20.0146434343823	-13.0425270972242
			20.0065924917297	-13.0344761545716
			19.9985415490771	-13.0344761545716
			19.9904906064245	-13.026425211919
			19.9824396637719	-13.0183742692664
			19.9743887211193	-13.0183742692664
			19.9663377784667	-13.0103233266138
			19.9582868358141	-13.0103233266138
			19.9502358931615	-13.0022723839612
			19.9421849505089	-12.9942214413086
			19.9421849505089	-12.986170498656
			19.9341340078563	-12.986170498656
			19.9260830652037	-12.9781195560034
			19.9260830652037	-12.9700686133507
			19.918032122551	-12.9620176706981
			19.918032122551	-12.9539667280455
			19.9099811798984	-12.9539667280455
			19.9019302372458	-12.9459157853929
			19.9019302372458	-12.9378648427403
			19.8938792945932	-12.9298139000877
			19.8938792945932	-12.9217629574351
			19.8858283519406	-12.9137120147825
			19.877777409288	-12.9056610721299
			19.8697264666354	-12.8976101294773
			19.8697264666354	-12.8895591868247
			19.8616755239828	-12.8815082441721
			19.8616755239828	-12.8734573015195
			19.8536245813302	-12.8654063588668
			19.8536245813302	-12.8573554162142
			19.8455736386776	-12.8493044735616
			19.8455736386776	-12.841253530909
			19.8455736386776	-12.8332025882564
			19.8455736386776	-12.8251516456038
			19.8455736386776	-12.8171007029512
			19.837522696025	-12.8090497602986
			19.837522696025	-12.800998817646
			19.837522696025	-12.7929478749934
			19.8294717533724	-12.7848969323408
			19.8294717533724	-12.7768459896882
			19.8294717533724	-12.7687950470356
			19.8294717533724	-12.7607441043829
			19.8294717533724	-12.7526931617303
			19.8214208107198	-12.7446422190777
			19.8214208107198	-12.7365912764251
			19.8214208107198	-12.7285403337725
			19.8214208107198	-12.7204893911199
			19.8214208107198	-12.7124384484673
			19.8133698680671	-12.7043875058147
			19.8133698680671	-12.6963365631621
			19.8133698680671	-12.6882856205095
			19.8133698680671	-12.6802346778569
			19.8133698680671	-12.6721837352043
			19.8053189254145	-12.6641327925517
			19.8053189254145	-12.656081849899
			19.8053189254145	-12.6480309072464
		</Outline1>
		<Outline2 type=matrix rownames=FALSE colnames=FALSE nrow=106 ncol=2 as.numeric=TRUE >
			19.8053189254145	-12.6480309072464
			19.8053189254145	-12.6399799645938
			19.8053189254145	-12.6319290219412
			19.7972679827619	-12.6238780792886
			19.7972679827619	-12.615827136636
			19.7972679827619	-12.6077761939834
			19.7972679827619	-12.5997252513308
			19.7972679827619	-12.5916743086782
			19.7892170401093	-12.5836233660256
			19.7892170401093	-12.575572423373
			19.7892170401093	-12.5675214807204
			19.7892170401093	-12.5594705380678
			19.7892170401093	-12.5514195954152
			19.7892170401093	-12.5433686527625
			19.7811660974567	-12.5353177101099
			19.7811660974567	-12.5272667674573
			19.7811660974567	-12.5192158248047
			19.7811660974567	-12.5111648821521
			19.7731151548041	-12.5031139394995
			19.7731151548041	-12.4950629968469
			19.7731151548041	-12.4870120541943
			19.7731151548041	-12.4789611115417
			19.7731151548041	-12.4709101688891
			19.7731151548041	-12.4628592262365
			19.7731151548041	-12.4548082835839
			19.7731151548041	-12.4467573409313
			19.7731151548041	-12.4387063982786
			19.7811660974567	-12.430655455626
			19.7811660974567	-12.4226045129734
			19.7811660974567	-12.4145535703208
			19.7811660974567	-12.4065026276682
			19.7811660974567	-12.3984516850156
			19.7811660974567	-12.390400742363
			19.7811660974567	-12.3823497997104
			19.7892170401093	-12.3742988570578
			19.7892170401093	-12.3662479144052
			19.7892170401093	-12.3581969717526
			19.7892170401093	-12.3501460291
			19.7892170401093	-12.3420950864474
			19.7892170401093	-12.3340441437947
			19.7892170401093	-12.3259932011421
			19.7972679827619	-12.3259932011421
			19.7972679827619	-12.3179422584895
			19.7972679827619	-12.3098913158369
			19.7972679827619	-12.3018403731843
			19.7972679827619	-12.2937894305317
			19.8053189254145	-12.2857384878791
			19.8053189254145	-12.2776875452265
			19.8053189254145	-12.2696366025739
			19.8053189254145	-12.2615856599213
			19.8133698680671	-12.2535347172687
			19.8133698680671	-12.2454837746161
			19.8214208107198	-12.2374328319635
			19.8214208107198	-12.2293818893108
			19.8214208107198	-12.2213309466582
			19.8294717533724	-12.2213309466582
			19.8294717533724	-12.2132800040056
			19.8294717533724	-12.205229061353
			19.837522696025	-12.1971781187004
			19.837522696025	-12.1891271760478
			19.8455736386776	-12.1810762333952
			19.8536245813302	-12.1730252907426
			19.8536245813302	-12.16497434809
			19.8616755239828	-12.1569234054374
			19.8616755239828	-12.1488724627848
			19.8697264666354	-12.1488724627848
			19.8697264666354	-12.1408215201322
			19.877777409288	-12.1327705774796
			19.8858283519406	-12.124719634827
			19.8938792945932	-12.1166686921743
			19.9019302372458	-12.1086177495217
			19.9099811798984	-12.1005668068691
			19.918032122551	-12.1005668068691
			19.9260830652037	-12.0925158642165
			19.9341340078563	-12.0844649215639
			19.9341340078563	-12.0764139789113
			19.9421849505089	-12.0683630362587
			19.9502358931615	-12.0683630362587
			19.9582868358141	-12.0603120936061
			19.9663377784667	-12.0522611509535
			19.9743887211193	-12.0442102083009
			19.9824396637719	-12.0442102083009
			19.9904906064245	-12.0361592656483
			19.9985415490771	-12.0361592656483
			20.0065924917297	-12.0281083229957
			20.0146434343823	-12.0281083229957
			20.0226943770349	-12.0281083229957
			20.0307453196876	-12.0200573803431
			20.0387962623402	-12.0200573803431
			20.0468472049928	-12.0200573803431
			20.0548981476454	-12.0120064376904
			20.062949090298	-12.0120064376904
			20.0710000329506	-12.0120064376904
			20.0790509756032	-12.0039554950378
			20.0871019182558	-12.0039554950378
			20.0951528609084	-12.0039554950378
			20.103203803561	-12.0039554950378
			20.1112547462136	-11.9959045523852
			20.1193056888662	-11.9959045523852
			20.1273566315188	-11.9959045523852
			20.1354075741715	-11.9959045523852
			20.1434585168241	-11.9959045523852
			20.1515094594767	-11.9959045523852
			20.1595604021293	-11.9878536097326
			20.1676113447819	-11.9878536097326
			20.1756622874345	-11.9878536097326
		</Outline2>
		<Outline3 type=matrix rownames=FALSE colnames=FALSE nrow=104 ncol=2 as.numeric=TRUE >
			20.1756622874345	-11.9878536097326
			20.1837132300871	-11.9878536097326
			20.1917641727397	-11.9878536097326
			20.1998151153923	-11.9878536097326
			20.2078660580449	-11.9878536097326
			20.2159170006975	-11.9878536097326
			20.2239679433501	-11.9878536097326
			20.2320188860027	-11.9878536097326
			20.2400698286554	-11.9878536097326
			20.248120771308	-11.9878536097326
			20.2561717139606	-11.9878536097326
			20.2642226566132	-11.9878536097326
			20.2722735992658	-11.9878536097326
			20.2803245419184	-11.9878536097326
			20.288375484571	-11.9878536097326
			20.2964264272236	-11.9878536097326
			20.3044773698762	-11.9878536097326
			20.3125283125288	-11.9878536097326
			20.3205792551814	-11.9878536097326
			20.328630197834	-11.9878536097326
			20.3366811404866	-11.9878536097326
			20.3447320831392	-11.9878536097326
			20.3527830257919	-11.9878536097326
			20.3608339684445	-11.9878536097326
			20.3688849110971	-11.9878536097326
			20.3769358537497	-11.9878536097326
			20.3849867964023	-11.9878536097326
			20.3930377390549	-11.9878536097326
			20.4010886817075	-11.9878536097326
			20.4091396243601	-11.9878536097326
			20.4171905670127	-11.9878536097326
			20.4252415096653	-11.9878536097326
			20.4332924523179	-11.9878536097326
			20.4413433949705	-11.9878536097326
			20.4493943376231	-11.9878536097326
			20.4574452802758	-11.9878536097326
			20.4654962229284	-11.9878536097326
			20.473547165581	-11.9878536097326
			20.4815981082336	-11.9878536097326
			20.4896490508862	-11.9878536097326
			20.4976999935388	-11.9878536097326
			20.5057509361914	-11.9878536097326
			20.513801878844	-11.9878536097326
			20.5218528214966	-11.9878536097326
			20.5299037641492	-11.9878536097326
			20.5379547068018	-11.9878536097326
			20.5460056494544	-11.9959045523852
			20.554056592107	-11.9959045523852
			20.5621075347597	-11.9959045523852
			20.5701584774123	-11.9959045523852
			20.5782094200649	-11.9959045523852
			20.5862603627175	-11.9959045523852
			20.5943113053701	-11.9959045523852
			20.6023622480227	-11.9959045523852
			20.6104131906753	-11.9959045523852
			20.6184641333279	-11.9959045523852
			20.6265150759805	-11.9959045523852
			20.6265150759805	-12.0039554950378
			20.6345660186331	-12.0039554950378
			20.6426169612857	-12.0039554950378
			20.6506679039383	-12.0039554950378
			20.6587188465909	-12.0039554950378
			20.6667697892435	-12.0120064376904
			20.6748207318962	-12.0120064376904
			20.6828716745488	-12.0120064376904
			20.6909226172014	-12.0200573803431
			20.698973559854	-12.0200573803431
			20.7070245025066	-12.0200573803431
			20.7150754451592	-12.0281083229957
			20.7231263878118	-12.0281083229957
			20.7311773304644	-12.0361592656483
			20.739228273117	-12.0361592656483
			20.7472792157696	-12.0361592656483
			20.7553301584222	-12.0442102083009
			20.7633811010748	-12.0522611509535
			20.7714320437274	-12.0522611509535
			20.7794829863801	-12.0603120936061
			20.7794829863801	-12.0683630362587
			20.7875339290327	-12.0764139789113
			20.7955848716853	-12.0764139789113
			20.7955848716853	-12.0844649215639
			20.8036358143379	-12.0925158642165
			20.8116867569905	-12.1005668068691
			20.8116867569905	-12.1086177495217
			20.8197376996431	-12.1166686921743
			20.8277886422957	-12.124719634827
			20.8358395849483	-12.1327705774796
			20.8358395849483	-12.1408215201322
			20.8438905276009	-12.1488724627848
			20.8519414702535	-12.1569234054374
			20.8519414702535	-12.16497434809
			20.8599924129061	-12.1730252907426
			20.8599924129061	-12.1810762333952
			20.8599924129061	-12.1891271760478
			20.8680433555587	-12.1971781187004
			20.8680433555587	-12.205229061353
			20.8680433555587	-12.2132800040056
			20.8760942982113	-12.2213309466582
			20.8760942982113	-12.2293818893108
			20.8760942982113	-12.2374328319635
			20.8760942982113	-12.2454837746161
			20.884145240864	-12.2535347172687
			20.884145240864	-12.2615856599213
			20.884145240864	-12.2696366025739
		</Outline3>
		<Outline4 type=matrix rownames=FALSE colnames=FALSE nrow=99 ncol=2 as.numeric=TRUE >
			20.884145240864	-12.2696366025739
			20.884145240864	-12.2776875452265
			20.884145240864	-12.2857384878791
			20.8921961835166	-12.2937894305317
			20.8921961835166	-12.3018403731843
			20.8921961835166	-12.3098913158369
			20.8921961835166	-12.3179422584895
			20.8921961835166	-12.3259932011421
			20.8921961835166	-12.3340441437947
			20.9002471261692	-12.3340441437947
			20.9002471261692	-12.3420950864474
			20.9002471261692	-12.3501460291
			20.9002471261692	-12.3581969717526
			20.9002471261692	-12.3662479144052
			20.9002471261692	-12.3742988570578
			20.9002471261692	-12.3823497997104
			20.9002471261692	-12.390400742363
			20.9082980688218	-12.3984516850156
			20.9082980688218	-12.4065026276682
			20.9082980688218	-12.4145535703208
			20.9082980688218	-12.4226045129734
			20.9082980688218	-12.430655455626
			20.9082980688218	-12.4387063982786
			20.9082980688218	-12.4467573409313
			20.9082980688218	-12.4548082835839
			20.9082980688218	-12.4628592262365
			20.9082980688218	-12.4709101688891
			20.9082980688218	-12.4789611115417
			20.9082980688218	-12.4870120541943
			20.9082980688218	-12.4950629968469
			20.9082980688218	-12.5031139394995
			20.9082980688218	-12.5111648821521
			20.9082980688218	-12.5192158248047
			20.9082980688218	-12.5272667674573
			20.9082980688218	-12.5353177101099
			20.9082980688218	-12.5433686527625
			20.9002471261692	-12.5514195954152
			20.9002471261692	-12.5594705380678
			20.9002471261692	-12.5675214807204
			20.9002471261692	-12.575572423373
			20.9002471261692	-12.5836233660256
			20.9002471261692	-12.5916743086782
			20.9002471261692	-12.5997252513308
			20.9002471261692	-12.6077761939834
			20.8921961835166	-12.615827136636
			20.8921961835166	-12.6238780792886
			20.884145240864	-12.6319290219412
			20.884145240864	-12.6399799645938
			20.8760942982113	-12.6480309072464
			20.8760942982113	-12.656081849899
			20.8680433555587	-12.6641327925517
			20.8599924129061	-12.6721837352043
			20.8599924129061	-12.6802346778569
			20.8519414702535	-12.6882856205095
			20.8438905276009	-12.6963365631621
			20.8438905276009	-12.7043875058147
			20.8358395849483	-12.7124384484673
			20.8277886422957	-12.7204893911199
			20.8197376996431	-12.7285403337725
			20.8116867569905	-12.7365912764251
			20.8036358143379	-12.7446422190777
			20.7955848716853	-12.7526931617303
			20.7875339290327	-12.7607441043829
			20.7794829863801	-12.7607441043829
			20.7714320437274	-12.7687950470356
			20.7633811010748	-12.7768459896882
			20.7553301584222	-12.7848969323408
			20.7472792157696	-12.7848969323408
			20.739228273117	-12.7929478749934
			20.7311773304644	-12.800998817646
			20.7231263878118	-12.8090497602986
			20.7150754451592	-12.8090497602986
			20.7070245025066	-12.8171007029512
			20.7070245025066	-12.8251516456038
			20.698973559854	-12.8332025882564
			20.6909226172014	-12.8332025882564
			20.6828716745488	-12.841253530909
			20.6748207318962	-12.8493044735616
			20.6667697892435	-12.8493044735616
			20.6587188465909	-12.8493044735616
			20.6506679039383	-12.8493044735616
			20.6506679039383	-12.8573554162142
			20.6426169612857	-12.8573554162142
			20.6345660186331	-12.8573554162142
			20.6345660186331	-12.8654063588668
			20.6265150759805	-12.8654063588668
			20.6184641333279	-12.8654063588668
			20.6104131906753	-12.8734573015195
			20.6023622480227	-12.8734573015195
			20.5943113053701	-12.8815082441721
			20.5862603627175	-12.8815082441721
			20.5782094200649	-12.8895591868247
			20.5701584774123	-12.8895591868247
			20.5621075347597	-12.8895591868247
			20.554056592107	-12.8976101294773
			20.5460056494544	-12.9056610721299
			20.5379547068018	-12.9056610721299
			20.5299037641492	-12.9137120147825
			20.5218528214966	-12.9137120147825
		</Outline4>
	</curves.scaled>
	<ruler.points type=matrix rownames=TRUE colnames=FALSE nrow=2 ncol=2 as.numeric=TRUE >
		Ruler point 1	3712	2624
		Ruler point 2	2470	2639
	</ruler.points>
</shapes>

