<shapes type=list>
	<ruler.pixel type=vector names=FALSE length=1 as.numeric=TRUE >788.162419809521</ruler.pixel>
	<ruler.interval type=vector names=FALSE length=1 as.numeric=TRUE >10</ruler.interval>
	<scaling.units type=vector names=FALSE length=1 as.numeric=FALSE >mm</scaling.units>
	<scaling type=vector names=FALSE length=1 as.numeric=TRUE >0.0126877401772299</scaling>
	<landmarks.pixel type=matrix rownames=TRUE colnames=FALSE nrow=4 ncol=2 as.numeric=TRUE >
		Labial	2620	1699
		Posterior	2516	1671
		Lingual	2549	1569
		Anterior	2659	1597
	</landmarks.pixel>
	<landmarks.scaled type=matrix rownames=TRUE colnames=FALSE nrow=4 ncol=2 as.numeric=TRUE >
		Labial	33.2418792643423	-21.5564705611136
		Posterior	31.9223542859104	-21.2012138361512
		Lingual	32.341049711759	-19.9070643380737
		Anterior	33.7367011312543	-20.2623210630361
	</landmarks.scaled>
	<curves.control type=list>
		<Outline1 type=matrix rownames=FALSE colnames=FALSE nrow=17 ncol=2 as.numeric=TRUE >
			2620	1699
			2616	1703
			2610	1710
			2604	1718
			2597	1725
			2589	1731
			2582	1735
			2574	1738
			2566	1740
			2557	1740
			2547	1737
			2538	1733
			2531	1729
			2524	1724
			2520	1718
			2516	1712
			2516	1671
		</Outline1>
		<Outline2 type=matrix rownames=FALSE colnames=FALSE nrow=11 ncol=2 as.numeric=TRUE >
			2516	1671
			2516	1652
			2516	1635
			2517	1606
			2519	1597
			2521	1588
			2527	1582
			2532	1577
			2538	1574
			2544	1571
			2549	1569
		</Outline2>
		<Outline3 type=matrix rownames=FALSE colnames=FALSE nrow=13 ncol=2 as.numeric=TRUE >
			2549	1569
			2557	1566
			2568	1564
			2578	1562
			2590	1561
			2600	1561
			2608	1562
			2617	1564
			2626	1568
			2636	1572
			2643	1578
			2649	1583
			2659	1597
		</Outline3>
		<Outline4 type=matrix rownames=FALSE colnames=FALSE nrow=15 ncol=2 as.numeric=TRUE >
			2659	1597
			2663	1605
			2666	1617
			2667	1627
			2666	1638
			2664	1648
			2661	1658
			2656	1669
			2649	1679
			2643	1685
			2637	1690
			2630	1693
			2625	1695
			2622	1697
			2620	1699
		</Outline4>
	</curves.control>
	<curves.pixel type=list>
		<Outline1 type=matrix rownames=FALSE colnames=FALSE nrow=160 ncol=2 as.numeric=TRUE >
			2620	1699
			2619	1700
			2618	1701
			2618	1702
			2617	1702
			2616	1703
			2615	1704
			2614	1705
			2614	1706
			2613	1706
			2612	1707
			2612	1708
			2611	1709
			2610	1709
			2610	1710
			2609	1711
			2608	1712
			2608	1713
			2607	1714
			2606	1715
			2606	1716
			2605	1716
			2604	1717
			2603	1718
			2603	1719
			2602	1720
			2601	1721
			2600	1721
			2600	1722
			2599	1723
			2598	1724
			2597	1725
			2596	1725
			2596	1726
			2595	1727
			2594	1727
			2593	1728
			2592	1729
			2591	1729
			2590	1730
			2589	1730
			2589	1731
			2588	1731
			2587	1732
			2586	1733
			2585	1733
			2584	1734
			2583	1735
			2582	1735
			2581	1735
			2580	1736
			2579	1736
			2578	1737
			2577	1737
			2576	1737
			2575	1737
			2574	1738
			2573	1738
			2572	1738
			2571	1739
			2570	1739
			2569	1739
			2568	1740
			2567	1740
			2566	1740
			2565	1740
			2564	1740
			2563	1740
			2562	1740
			2561	1740
			2560	1740
			2559	1740
			2558	1739
			2557	1739
			2556	1739
			2555	1739
			2554	1739
			2553	1739
			2552	1738
			2551	1738
			2550	1738
			2549	1738
			2548	1737
			2547	1737
			2546	1736
			2545	1736
			2544	1736
			2543	1735
			2542	1735
			2542	1734
			2541	1734
			2540	1734
			2539	1733
			2538	1733
			2537	1732
			2536	1732
			2535	1731
			2534	1731
			2533	1730
			2532	1730
			2531	1729
			2530	1728
			2529	1727
			2528	1727
			2527	1726
			2526	1725
			2525	1724
			2524	1723
			2523	1722
			2522	1721
			2521	1720
			2520	1719
			2520	1718
			2519	1717
			2519	1716
			2519	1715
			2518	1714
			2518	1713
			2518	1712
			2518	1711
			2518	1710
			2518	1709
			2517	1708
			2517	1707
			2517	1706
			2517	1705
			2517	1704
			2517	1703
			2517	1702
			2517	1701
			2517	1700
			2517	1699
			2517	1698
			2517	1697
			2517	1696
			2516	1695
			2516	1694
			2516	1693
			2516	1692
			2516	1691
			2516	1690
			2516	1689
			2516	1688
			2516	1687
			2516	1686
			2516	1685
			2516	1684
			2516	1683
			2516	1682
			2516	1681
			2516	1680
			2516	1679
			2516	1678
			2516	1677
			2516	1676
			2516	1675
			2516	1674
			2516	1673
			2516	1672
			2516	1671
		</Outline1>
		<Outline2 type=matrix rownames=FALSE colnames=FALSE nrow=116 ncol=2 as.numeric=TRUE >
			2516	1671
			2516	1670
			2516	1669
			2516	1668
			2516	1667
			2516	1666
			2516	1665
			2516	1664
			2516	1663
			2516	1662
			2516	1661
			2516	1660
			2516	1659
			2516	1658
			2516	1657
			2516	1656
			2516	1655
			2516	1654
			2516	1653
			2516	1652
			2516	1651
			2516	1650
			2516	1649
			2516	1648
			2516	1647
			2516	1646
			2516	1645
			2516	1644
			2516	1643
			2516	1642
			2516	1641
			2516	1640
			2516	1639
			2516	1638
			2516	1637
			2516	1636
			2516	1635
			2516	1634
			2516	1633
			2516	1632
			2516	1631
			2516	1630
			2516	1629
			2516	1628
			2516	1627
			2516	1626
			2516	1625
			2516	1624
			2517	1623
			2517	1622
			2517	1621
			2517	1620
			2517	1619
			2517	1618
			2517	1617
			2517	1616
			2517	1615
			2517	1614
			2517	1613
			2517	1612
			2517	1611
			2517	1610
			2517	1609
			2517	1608
			2518	1608
			2518	1607
			2518	1606
			2518	1605
			2518	1604
			2518	1603
			2518	1602
			2518	1601
			2518	1600
			2519	1599
			2519	1598
			2519	1597
			2519	1596
			2520	1595
			2520	1594
			2520	1593
			2521	1592
			2521	1591
			2521	1590
			2522	1589
			2522	1588
			2523	1588
			2523	1587
			2524	1586
			2524	1585
			2525	1584
			2526	1583
			2527	1582
			2528	1581
			2529	1580
			2530	1579
			2531	1579
			2531	1578
			2532	1578
			2533	1577
			2534	1577
			2534	1576
			2535	1576
			2536	1575
			2537	1575
			2538	1574
			2539	1573
			2540	1573
			2541	1572
			2542	1572
			2543	1572
			2544	1571
			2545	1571
			2546	1570
			2547	1570
			2548	1569
			2549	1569
		</Outline2>
		<Outline3 type=matrix rownames=FALSE colnames=FALSE nrow=116 ncol=2 as.numeric=TRUE >
			2549	1569
			2550	1569
			2551	1568
			2552	1568
			2553	1568
			2554	1567
			2555	1567
			2556	1567
			2557	1566
			2558	1566
			2559	1566
			2560	1566
			2561	1565
			2562	1565
			2563	1565
			2564	1565
			2565	1565
			2566	1564
			2567	1564
			2568	1564
			2569	1564
			2570	1564
			2571	1563
			2572	1563
			2573	1563
			2574	1563
			2575	1563
			2576	1563
			2577	1562
			2578	1562
			2579	1562
			2580	1562
			2581	1562
			2582	1562
			2583	1562
			2584	1562
			2585	1561
			2586	1561
			2587	1561
			2588	1561
			2589	1561
			2590	1561
			2591	1561
			2592	1561
			2593	1561
			2594	1561
			2595	1561
			2596	1561
			2597	1561
			2598	1561
			2599	1561
			2600	1561
			2601	1561
			2602	1561
			2603	1561
			2604	1562
			2605	1562
			2606	1562
			2607	1562
			2608	1562
			2609	1562
			2610	1562
			2610	1563
			2611	1563
			2612	1563
			2613	1563
			2614	1564
			2615	1564
			2616	1564
			2617	1564
			2618	1565
			2619	1565
			2620	1566
			2621	1566
			2622	1566
			2623	1567
			2624	1567
			2625	1568
			2626	1568
			2627	1568
			2628	1569
			2629	1569
			2630	1570
			2631	1570
			2632	1571
			2633	1571
			2634	1572
			2635	1572
			2636	1573
			2637	1573
			2638	1574
			2639	1575
			2640	1576
			2641	1577
			2642	1577
			2643	1578
			2644	1579
			2645	1580
			2646	1580
			2646	1581
			2647	1582
			2648	1583
			2649	1584
			2650	1585
			2651	1586
			2652	1587
			2652	1588
			2653	1589
			2654	1590
			2655	1591
			2655	1592
			2656	1593
			2657	1594
			2658	1595
			2658	1596
			2659	1597
		</Outline3>
		<Outline4 type=matrix rownames=FALSE colnames=FALSE nrow=114 ncol=2 as.numeric=TRUE >
			2659	1597
			2659	1598
			2660	1599
			2660	1600
			2661	1601
			2661	1602
			2662	1603
			2662	1604
			2662	1605
			2663	1606
			2663	1607
			2663	1608
			2664	1609
			2664	1610
			2664	1611
			2665	1612
			2665	1613
			2665	1614
			2665	1615
			2666	1616
			2666	1617
			2666	1618
			2666	1619
			2666	1620
			2666	1621
			2666	1622
			2666	1623
			2666	1624
			2666	1625
			2666	1626
			2666	1627
			2666	1628
			2666	1629
			2666	1630
			2666	1631
			2666	1632
			2666	1633
			2666	1634
			2666	1635
			2666	1636
			2666	1637
			2666	1638
			2666	1639
			2666	1640
			2665	1641
			2665	1642
			2665	1643
			2665	1644
			2664	1645
			2664	1646
			2664	1647
			2664	1648
			2663	1649
			2663	1650
			2663	1651
			2663	1652
			2662	1653
			2662	1654
			2662	1655
			2662	1656
			2661	1657
			2661	1658
			2660	1659
			2660	1660
			2660	1661
			2659	1662
			2658	1663
			2658	1664
			2657	1665
			2657	1666
			2656	1667
			2656	1668
			2655	1669
			2655	1670
			2654	1671
			2654	1672
			2653	1673
			2652	1674
			2651	1675
			2651	1676
			2651	1677
			2650	1677
			2650	1678
			2649	1679
			2648	1680
			2647	1681
			2646	1682
			2645	1683
			2644	1684
			2643	1685
			2642	1685
			2641	1686
			2641	1687
			2640	1688
			2639	1689
			2638	1689
			2637	1690
			2636	1691
			2635	1691
			2634	1691
			2633	1692
			2632	1692
			2631	1693
			2630	1693
			2629	1693
			2628	1694
			2627	1694
			2626	1695
			2625	1695
			2624	1696
			2623	1697
			2622	1697
			2621	1698
			2620	1699
		</Outline4>
	</curves.pixel>
	<curves.scaled type=list>
		<Outline1 type=matrix rownames=FALSE colnames=FALSE nrow=160 ncol=2 as.numeric=TRUE >
			33.2418792643423	-21.5564705611136
			33.2291915241651	-21.5691583012908
			33.2165037839879	-21.5818460414681
			33.2165037839879	-21.5945337816453
			33.2038160438106	-21.5945337816453
			33.1911283036334	-21.6072215218225
			33.1784405634562	-21.6199092619997
			33.165752823279	-21.632597002177
			33.165752823279	-21.6452847423542
			33.1530650831017	-21.6452847423542
			33.1403773429245	-21.6579724825314
			33.1403773429245	-21.6706602227087
			33.1276896027473	-21.6833479628859
			33.11500186257	-21.6833479628859
			33.11500186257	-21.6960357030631
			33.1023141223928	-21.7087234432404
			33.0896263822156	-21.7214111834176
			33.0896263822156	-21.7340989235948
			33.0769386420383	-21.746786663772
			33.0642509018611	-21.7594744039493
			33.0642509018611	-21.7721621441265
			33.0515631616839	-21.7721621441265
			33.0388754215067	-21.7848498843037
			33.0261876813294	-21.797537624481
			33.0261876813294	-21.8102253646582
			33.0134999411522	-21.8229131048354
			33.000812200975	-21.8356008450127
			32.9881244607977	-21.8356008450127
			32.9881244607977	-21.8482885851899
			32.9754367206205	-21.8609763253671
			32.9627489804433	-21.8736640655443
			32.950061240266	-21.8863518057216
			32.9373735000888	-21.8863518057216
			32.9373735000888	-21.8990395458988
			32.9246857599116	-21.911727286076
			32.9119980197344	-21.911727286076
			32.8993102795571	-21.9244150262533
			32.8866225393799	-21.9371027664305
			32.8739347992027	-21.9371027664305
			32.8612470590254	-21.9497905066077
			32.8485593188482	-21.9497905066077
			32.8485593188482	-21.962478246785
			32.835871578671	-21.962478246785
			32.8231838384937	-21.9751659869622
			32.8104960983165	-21.9878537271394
			32.7978083581393	-21.9878537271394
			32.7851206179621	-22.0005414673166
			32.7724328777848	-22.0132292074939
			32.7597451376076	-22.0132292074939
			32.7470573974304	-22.0132292074939
			32.7343696572531	-22.0259169476711
			32.7216819170759	-22.0259169476711
			32.7089941768987	-22.0386046878483
			32.6963064367214	-22.0386046878483
			32.6836186965442	-22.0386046878483
			32.670930956367	-22.0386046878483
			32.6582432161898	-22.0512924280256
			32.6455554760125	-22.0512924280256
			32.6328677358353	-22.0512924280256
			32.6201799956581	-22.0639801682028
			32.6074922554808	-22.0639801682028
			32.5948045153036	-22.0639801682028
			32.5821167751264	-22.07666790838
			32.5694290349492	-22.07666790838
			32.5567412947719	-22.07666790838
			32.5440535545947	-22.07666790838
			32.5313658144175	-22.07666790838
			32.5186780742402	-22.07666790838
			32.505990334063	-22.07666790838
			32.4933025938858	-22.07666790838
			32.4806148537085	-22.07666790838
			32.4679271135313	-22.07666790838
			32.4552393733541	-22.0639801682028
			32.4425516331768	-22.0639801682028
			32.4298638929996	-22.0639801682028
			32.4171761528224	-22.0639801682028
			32.4044884126452	-22.0639801682028
			32.3918006724679	-22.0639801682028
			32.3791129322907	-22.0512924280256
			32.3664251921135	-22.0512924280256
			32.3537374519362	-22.0512924280256
			32.341049711759	-22.0512924280256
			32.3283619715818	-22.0386046878483
			32.3156742314046	-22.0386046878483
			32.3029864912273	-22.0259169476711
			32.2902987510501	-22.0259169476711
			32.2776110108729	-22.0259169476711
			32.2649232706956	-22.0132292074939
			32.2522355305184	-22.0132292074939
			32.2522355305184	-22.0005414673166
			32.2395477903412	-22.0005414673166
			32.2268600501639	-22.0005414673166
			32.2141723099867	-21.9878537271394
			32.2014845698095	-21.9878537271394
			32.1887968296323	-21.9751659869622
			32.176109089455	-21.9751659869622
			32.1634213492778	-21.962478246785
			32.1507336091006	-21.962478246785
			32.1380458689233	-21.9497905066077
			32.1253581287461	-21.9497905066077
			32.1126703885689	-21.9371027664305
			32.0999826483916	-21.9244150262533
			32.0872949082144	-21.911727286076
			32.0746071680372	-21.911727286076
			32.06191942786	-21.8990395458988
			32.0492316876827	-21.8863518057216
			32.0365439475055	-21.8736640655443
			32.0238562073283	-21.8609763253671
			32.011168467151	-21.8482885851899
			31.9984807269738	-21.8356008450127
			31.9857929867966	-21.8229131048354
			31.9731052466193	-21.8102253646582
			31.9731052466193	-21.797537624481
			31.9604175064421	-21.7848498843037
			31.9604175064421	-21.7721621441265
			31.9604175064421	-21.7594744039493
			31.9477297662649	-21.746786663772
			31.9477297662649	-21.7340989235948
			31.9477297662649	-21.7214111834176
			31.9477297662649	-21.7087234432404
			31.9477297662649	-21.6960357030631
			31.9477297662649	-21.6833479628859
			31.9350420260877	-21.6706602227087
			31.9350420260877	-21.6579724825314
			31.9350420260877	-21.6452847423542
			31.9350420260877	-21.632597002177
			31.9350420260877	-21.6199092619997
			31.9350420260877	-21.6072215218225
			31.9350420260877	-21.5945337816453
			31.9350420260877	-21.5818460414681
			31.9350420260877	-21.5691583012908
			31.9350420260877	-21.5564705611136
			31.9350420260877	-21.5437828209364
			31.9350420260877	-21.5310950807591
			31.9350420260877	-21.5184073405819
			31.9223542859104	-21.5057196004047
			31.9223542859104	-21.4930318602274
			31.9223542859104	-21.4803441200502
			31.9223542859104	-21.467656379873
			31.9223542859104	-21.4549686396958
			31.9223542859104	-21.4422808995185
			31.9223542859104	-21.4295931593413
			31.9223542859104	-21.4169054191641
			31.9223542859104	-21.4042176789868
			31.9223542859104	-21.3915299388096
			31.9223542859104	-21.3788421986324
			31.9223542859104	-21.3661544584551
			31.9223542859104	-21.3534667182779
			31.9223542859104	-21.3407789781007
			31.9223542859104	-21.3280912379235
			31.9223542859104	-21.3154034977462
			31.9223542859104	-21.302715757569
			31.9223542859104	-21.2900280173918
			31.9223542859104	-21.2773402772145
			31.9223542859104	-21.2646525370373
			31.9223542859104	-21.2519647968601
			31.9223542859104	-21.2392770566829
			31.9223542859104	-21.2265893165056
			31.9223542859104	-21.2139015763284
			31.9223542859104	-21.2012138361512
		</Outline1>
		<Outline2 type=matrix rownames=FALSE colnames=FALSE nrow=116 ncol=2 as.numeric=TRUE >
			31.9223542859104	-21.2012138361512
			31.9223542859104	-21.1885260959739
			31.9223542859104	-21.1758383557967
			31.9223542859104	-21.1631506156195
			31.9223542859104	-21.1504628754422
			31.9223542859104	-21.137775135265
			31.9223542859104	-21.1250873950878
			31.9223542859104	-21.1123996549106
			31.9223542859104	-21.0997119147333
			31.9223542859104	-21.0870241745561
			31.9223542859104	-21.0743364343789
			31.9223542859104	-21.0616486942016
			31.9223542859104	-21.0489609540244
			31.9223542859104	-21.0362732138472
			31.9223542859104	-21.0235854736699
			31.9223542859104	-21.0108977334927
			31.9223542859104	-20.9982099933155
			31.9223542859104	-20.9855222531383
			31.9223542859104	-20.972834512961
			31.9223542859104	-20.9601467727838
			31.9223542859104	-20.9474590326066
			31.9223542859104	-20.9347712924293
			31.9223542859104	-20.9220835522521
			31.9223542859104	-20.9093958120749
			31.9223542859104	-20.8967080718976
			31.9223542859104	-20.8840203317204
			31.9223542859104	-20.8713325915432
			31.9223542859104	-20.858644851366
			31.9223542859104	-20.8459571111887
			31.9223542859104	-20.8332693710115
			31.9223542859104	-20.8205816308343
			31.9223542859104	-20.807893890657
			31.9223542859104	-20.7952061504798
			31.9223542859104	-20.7825184103026
			31.9223542859104	-20.7698306701253
			31.9223542859104	-20.7571429299481
			31.9223542859104	-20.7444551897709
			31.9223542859104	-20.7317674495937
			31.9223542859104	-20.7190797094164
			31.9223542859104	-20.7063919692392
			31.9223542859104	-20.693704229062
			31.9223542859104	-20.6810164888847
			31.9223542859104	-20.6683287487075
			31.9223542859104	-20.6556410085303
			31.9223542859104	-20.642953268353
			31.9223542859104	-20.6302655281758
			31.9223542859104	-20.6175777879986
			31.9223542859104	-20.6048900478214
			31.9350420260877	-20.5922023076441
			31.9350420260877	-20.5795145674669
			31.9350420260877	-20.5668268272897
			31.9350420260877	-20.5541390871124
			31.9350420260877	-20.5414513469352
			31.9350420260877	-20.528763606758
			31.9350420260877	-20.5160758665807
			31.9350420260877	-20.5033881264035
			31.9350420260877	-20.4907003862263
			31.9350420260877	-20.4780126460491
			31.9350420260877	-20.4653249058718
			31.9350420260877	-20.4526371656946
			31.9350420260877	-20.4399494255174
			31.9350420260877	-20.4272616853401
			31.9350420260877	-20.4145739451629
			31.9350420260877	-20.4018862049857
			31.9477297662649	-20.4018862049857
			31.9477297662649	-20.3891984648084
			31.9477297662649	-20.3765107246312
			31.9477297662649	-20.363822984454
			31.9477297662649	-20.3511352442768
			31.9477297662649	-20.3384475040995
			31.9477297662649	-20.3257597639223
			31.9477297662649	-20.3130720237451
			31.9477297662649	-20.3003842835678
			31.9604175064421	-20.2876965433906
			31.9604175064421	-20.2750088032134
			31.9604175064421	-20.2623210630361
			31.9604175064421	-20.2496333228589
			31.9731052466193	-20.2369455826817
			31.9731052466193	-20.2242578425045
			31.9731052466193	-20.2115701023272
			31.9857929867966	-20.19888236215
			31.9857929867966	-20.1861946219728
			31.9857929867966	-20.1735068817955
			31.9984807269738	-20.1608191416183
			31.9984807269738	-20.1481314014411
			32.011168467151	-20.1481314014411
			32.011168467151	-20.1354436612638
			32.0238562073283	-20.1227559210866
			32.0238562073283	-20.1100681809094
			32.0365439475055	-20.0973804407322
			32.0492316876827	-20.0846927005549
			32.06191942786	-20.0720049603777
			32.0746071680372	-20.0593172202005
			32.0872949082144	-20.0466294800232
			32.0999826483916	-20.033941739846
			32.1126703885689	-20.033941739846
			32.1126703885689	-20.0212539996688
			32.1253581287461	-20.0212539996688
			32.1380458689233	-20.0085662594915
			32.1507336091006	-20.0085662594915
			32.1507336091006	-19.9958785193143
			32.1634213492778	-19.9958785193143
			32.176109089455	-19.9831907791371
			32.1887968296323	-19.9831907791371
			32.2014845698095	-19.9705030389599
			32.2141723099867	-19.9578152987826
			32.2268600501639	-19.9578152987826
			32.2395477903412	-19.9451275586054
			32.2522355305184	-19.9451275586054
			32.2649232706956	-19.9451275586054
			32.2776110108729	-19.9324398184282
			32.2902987510501	-19.9324398184282
			32.3029864912273	-19.9197520782509
			32.3156742314046	-19.9197520782509
			32.3283619715818	-19.9070643380737
			32.341049711759	-19.9070643380737
		</Outline2>
		<Outline3 type=matrix rownames=FALSE colnames=FALSE nrow=116 ncol=2 as.numeric=TRUE >
			32.341049711759	-19.9070643380737
			32.3537374519362	-19.9070643380737
			32.3664251921135	-19.8943765978965
			32.3791129322907	-19.8943765978965
			32.3918006724679	-19.8943765978965
			32.4044884126452	-19.8816888577193
			32.4171761528224	-19.8816888577193
			32.4298638929996	-19.8816888577193
			32.4425516331768	-19.869001117542
			32.4552393733541	-19.869001117542
			32.4679271135313	-19.869001117542
			32.4806148537085	-19.869001117542
			32.4933025938858	-19.8563133773648
			32.505990334063	-19.8563133773648
			32.5186780742402	-19.8563133773648
			32.5313658144175	-19.8563133773648
			32.5440535545947	-19.8563133773648
			32.5567412947719	-19.8436256371876
			32.5694290349492	-19.8436256371876
			32.5821167751264	-19.8436256371876
			32.5948045153036	-19.8436256371876
			32.6074922554808	-19.8436256371876
			32.6201799956581	-19.8309378970103
			32.6328677358353	-19.8309378970103
			32.6455554760125	-19.8309378970103
			32.6582432161898	-19.8309378970103
			32.670930956367	-19.8309378970103
			32.6836186965442	-19.8309378970103
			32.6963064367214	-19.8182501568331
			32.7089941768987	-19.8182501568331
			32.7216819170759	-19.8182501568331
			32.7343696572531	-19.8182501568331
			32.7470573974304	-19.8182501568331
			32.7597451376076	-19.8182501568331
			32.7724328777848	-19.8182501568331
			32.7851206179621	-19.8182501568331
			32.7978083581393	-19.8055624166559
			32.8104960983165	-19.8055624166559
			32.8231838384937	-19.8055624166559
			32.835871578671	-19.8055624166559
			32.8485593188482	-19.8055624166559
			32.8612470590254	-19.8055624166559
			32.8739347992027	-19.8055624166559
			32.8866225393799	-19.8055624166559
			32.8993102795571	-19.8055624166559
			32.9119980197344	-19.8055624166559
			32.9246857599116	-19.8055624166559
			32.9373735000888	-19.8055624166559
			32.950061240266	-19.8055624166559
			32.9627489804433	-19.8055624166559
			32.9754367206205	-19.8055624166559
			32.9881244607977	-19.8055624166559
			33.000812200975	-19.8055624166559
			33.0134999411522	-19.8055624166559
			33.0261876813294	-19.8055624166559
			33.0388754215067	-19.8182501568331
			33.0515631616839	-19.8182501568331
			33.0642509018611	-19.8182501568331
			33.0769386420383	-19.8182501568331
			33.0896263822156	-19.8182501568331
			33.1023141223928	-19.8182501568331
			33.11500186257	-19.8182501568331
			33.11500186257	-19.8309378970103
			33.1276896027473	-19.8309378970103
			33.1403773429245	-19.8309378970103
			33.1530650831017	-19.8309378970103
			33.165752823279	-19.8436256371876
			33.1784405634562	-19.8436256371876
			33.1911283036334	-19.8436256371876
			33.2038160438106	-19.8436256371876
			33.2165037839879	-19.8563133773648
			33.2291915241651	-19.8563133773648
			33.2418792643423	-19.869001117542
			33.2545670045196	-19.869001117542
			33.2672547446968	-19.869001117542
			33.279942484874	-19.8816888577193
			33.2926302250513	-19.8816888577193
			33.3053179652285	-19.8943765978965
			33.3180057054057	-19.8943765978965
			33.3306934455829	-19.8943765978965
			33.3433811857602	-19.9070643380737
			33.3560689259374	-19.9070643380737
			33.3687566661146	-19.9197520782509
			33.3814444062919	-19.9197520782509
			33.3941321464691	-19.9324398184282
			33.4068198866463	-19.9324398184282
			33.4195076268236	-19.9451275586054
			33.4321953670008	-19.9451275586054
			33.444883107178	-19.9578152987826
			33.4575708473552	-19.9578152987826
			33.4702585875325	-19.9705030389599
			33.4829463277097	-19.9831907791371
			33.4956340678869	-19.9958785193143
			33.5083218080642	-20.0085662594915
			33.5210095482414	-20.0085662594915
			33.5336972884186	-20.0212539996688
			33.5463850285959	-20.033941739846
			33.5590727687731	-20.0466294800232
			33.5717605089503	-20.0466294800232
			33.5717605089503	-20.0593172202005
			33.5844482491275	-20.0720049603777
			33.5971359893048	-20.0846927005549
			33.609823729482	-20.0973804407322
			33.6225114696592	-20.1100681809094
			33.6351992098365	-20.1227559210866
			33.6478869500137	-20.1354436612638
			33.6478869500137	-20.1481314014411
			33.6605746901909	-20.1608191416183
			33.6732624303681	-20.1735068817955
			33.6859501705454	-20.1861946219728
			33.6859501705454	-20.19888236215
			33.6986379107226	-20.2115701023272
			33.7113256508998	-20.2242578425045
			33.7240133910771	-20.2369455826817
			33.7240133910771	-20.2496333228589
			33.7367011312543	-20.2623210630361
		</Outline3>
		<Outline4 type=matrix rownames=FALSE colnames=FALSE nrow=114 ncol=2 as.numeric=TRUE >
			33.7367011312543	-20.2623210630361
			33.7367011312543	-20.2750088032134
			33.7493888714315	-20.2876965433906
			33.7493888714315	-20.3003842835678
			33.7620766116088	-20.3130720237451
			33.7620766116088	-20.3257597639223
			33.774764351786	-20.3384475040995
			33.774764351786	-20.3511352442768
			33.774764351786	-20.363822984454
			33.7874520919632	-20.3765107246312
			33.7874520919632	-20.3891984648084
			33.7874520919632	-20.4018862049857
			33.8001398321405	-20.4145739451629
			33.8001398321405	-20.4272616853401
			33.8001398321405	-20.4399494255174
			33.8128275723177	-20.4526371656946
			33.8128275723177	-20.4653249058718
			33.8128275723177	-20.4780126460491
			33.8128275723177	-20.4907003862263
			33.8255153124949	-20.5033881264035
			33.8255153124949	-20.5160758665807
			33.8255153124949	-20.528763606758
			33.8255153124949	-20.5414513469352
			33.8255153124949	-20.5541390871124
			33.8255153124949	-20.5668268272897
			33.8255153124949	-20.5795145674669
			33.8255153124949	-20.5922023076441
			33.8255153124949	-20.6048900478214
			33.8255153124949	-20.6175777879986
			33.8255153124949	-20.6302655281758
			33.8255153124949	-20.642953268353
			33.8255153124949	-20.6556410085303
			33.8255153124949	-20.6683287487075
			33.8255153124949	-20.6810164888847
			33.8255153124949	-20.693704229062
			33.8255153124949	-20.7063919692392
			33.8255153124949	-20.7190797094164
			33.8255153124949	-20.7317674495937
			33.8255153124949	-20.7444551897709
			33.8255153124949	-20.7571429299481
			33.8255153124949	-20.7698306701253
			33.8255153124949	-20.7825184103026
			33.8255153124949	-20.7952061504798
			33.8255153124949	-20.807893890657
			33.8128275723177	-20.8205816308343
			33.8128275723177	-20.8332693710115
			33.8128275723177	-20.8459571111887
			33.8128275723177	-20.858644851366
			33.8001398321405	-20.8713325915432
			33.8001398321405	-20.8840203317204
			33.8001398321405	-20.8967080718976
			33.8001398321405	-20.9093958120749
			33.7874520919632	-20.9220835522521
			33.7874520919632	-20.9347712924293
			33.7874520919632	-20.9474590326066
			33.7874520919632	-20.9601467727838
			33.774764351786	-20.972834512961
			33.774764351786	-20.9855222531383
			33.774764351786	-20.9982099933155
			33.774764351786	-21.0108977334927
			33.7620766116088	-21.0235854736699
			33.7620766116088	-21.0362732138472
			33.7493888714315	-21.0489609540244
			33.7493888714315	-21.0616486942016
			33.7493888714315	-21.0743364343789
			33.7367011312543	-21.0870241745561
			33.7240133910771	-21.0997119147333
			33.7240133910771	-21.1123996549106
			33.7113256508998	-21.1250873950878
			33.7113256508998	-21.137775135265
			33.6986379107226	-21.1504628754422
			33.6986379107226	-21.1631506156195
			33.6859501705454	-21.1758383557967
			33.6859501705454	-21.1885260959739
			33.6732624303681	-21.2012138361512
			33.6732624303681	-21.2139015763284
			33.6605746901909	-21.2265893165056
			33.6478869500137	-21.2392770566829
			33.6351992098365	-21.2519647968601
			33.6351992098365	-21.2646525370373
			33.6351992098365	-21.2773402772145
			33.6225114696592	-21.2773402772145
			33.6225114696592	-21.2900280173918
			33.609823729482	-21.302715757569
			33.5971359893048	-21.3154034977462
			33.5844482491275	-21.3280912379235
			33.5717605089503	-21.3407789781007
			33.5590727687731	-21.3534667182779
			33.5463850285959	-21.3661544584551
			33.5336972884186	-21.3788421986324
			33.5210095482414	-21.3788421986324
			33.5083218080642	-21.3915299388096
			33.5083218080642	-21.4042176789868
			33.4956340678869	-21.4169054191641
			33.4829463277097	-21.4295931593413
			33.4702585875325	-21.4295931593413
			33.4575708473552	-21.4422808995185
			33.444883107178	-21.4549686396958
			33.4321953670008	-21.4549686396958
			33.4195076268236	-21.4549686396958
			33.4068198866463	-21.467656379873
			33.3941321464691	-21.467656379873
			33.3814444062919	-21.4803441200502
			33.3687566661146	-21.4803441200502
			33.3560689259374	-21.4803441200502
			33.3433811857602	-21.4930318602274
			33.3306934455829	-21.4930318602274
			33.3180057054057	-21.5057196004047
			33.3053179652285	-21.5057196004047
			33.2926302250513	-21.5184073405819
			33.279942484874	-21.5310950807591
			33.2672547446968	-21.5310950807591
			33.2545670045196	-21.5437828209364
			33.2418792643423	-21.5564705611136
		</Outline4>
	</curves.scaled>
	<ruler.points type=matrix rownames=TRUE colnames=FALSE nrow=2 ncol=2 as.numeric=TRUE >
		Ruler point 1	3208	2501
		Ruler point 2	2420	2517
	</ruler.points>
</shapes>

