<shapes type=list>
	<ruler.pixel type=vector names=FALSE length=1 as.numeric=TRUE >586.013651718115</ruler.pixel>
	<ruler.interval type=vector names=FALSE length=1 as.numeric=TRUE >10</ruler.interval>
	<scaling.units type=vector names=FALSE length=1 as.numeric=FALSE >mm</scaling.units>
	<scaling type=vector names=FALSE length=1 as.numeric=TRUE >0.0170644488753484</scaling>
	<landmarks.pixel type=matrix rownames=TRUE colnames=FALSE nrow=4 ncol=2 as.numeric=TRUE >
		Labial	2393	1704
		Posterior	2298	1598
		Lingual	2387	1488
		Anterior	2483	1597
	</landmarks.pixel>
	<landmarks.scaled type=matrix rownames=TRUE colnames=FALSE nrow=4 ncol=2 as.numeric=TRUE >
		Labial	40.8352261587087	-29.0778208835937
		Posterior	39.2141035155506	-27.2689893028068
		Lingual	40.7328394654567	-25.3918999265184
		Anterior	42.3710265574901	-27.2519248539314
	</landmarks.scaled>
	<curves.control type=list>
		<Outline1 type=matrix rownames=FALSE colnames=FALSE nrow=17 ncol=2 as.numeric=TRUE >
			2393	1704
			2386	1706
			2377	1708
			2368	1709
			2357	1707
			2347	1704
			2338	1700
			2330	1694
			2322	1686
			2312	1675
			2305	1664
			2301	1653
			2299	1643
			2298	1636
			2297	1627
			2297	1612
			2298	1598
		</Outline1>
		<Outline2 type=matrix rownames=FALSE colnames=FALSE nrow=15 ncol=2 as.numeric=TRUE >
			2298	1598
			2300	1578
			2299	1562
			2301	1549
			2304	1537
			2306	1529
			2310	1518
			2317	1511
			2326	1506
			2333	1501
			2345	1496
			2353	1493
			2366	1490
			2377	1489
			2387	1488
		</Outline2>
		<Outline3 type=matrix rownames=FALSE colnames=FALSE nrow=13 ncol=2 as.numeric=TRUE >
			2387	1488
			2400	1488
			2414	1490
			2426	1495
			2436	1500
			2445	1506
			2453	1514
			2461	1524
			2469	1536
			2474	1547
			2477	1565
			2480	1577
			2483	1597
		</Outline3>
		<Outline4 type=matrix rownames=FALSE colnames=FALSE nrow=13 ncol=2 as.numeric=TRUE >
			2483	1597
			2480	1615
			2474	1633
			2467	1647
			2461	1660
			2452	1671
			2442	1680
			2433	1687
			2425	1693
			2416	1697
			2408	1700
			2399	1702
			2393	1704
		</Outline4>
	</curves.control>
	<curves.pixel type=list>
		<Outline1 type=matrix rownames=FALSE colnames=FALSE nrow=165 ncol=2 as.numeric=TRUE >
			2393	1704
			2392	1704
			2391	1705
			2390	1705
			2389	1705
			2388	1705
			2387	1706
			2386	1706
			2385	1706
			2384	1706
			2383	1707
			2382	1707
			2381	1707
			2380	1707
			2379	1707
			2379	1708
			2378	1708
			2377	1708
			2376	1708
			2375	1708
			2374	1708
			2373	1708
			2372	1708
			2371	1708
			2370	1708
			2369	1708
			2368	1708
			2367	1708
			2366	1708
			2365	1708
			2364	1708
			2363	1708
			2362	1708
			2361	1708
			2360	1707
			2359	1707
			2358	1707
			2357	1707
			2356	1707
			2355	1706
			2354	1706
			2353	1706
			2352	1705
			2351	1705
			2350	1705
			2349	1704
			2348	1704
			2347	1704
			2346	1703
			2345	1703
			2344	1702
			2343	1702
			2342	1702
			2341	1701
			2340	1701
			2339	1700
			2338	1700
			2337	1699
			2336	1699
			2336	1698
			2335	1698
			2334	1697
			2333	1696
			2332	1696
			2332	1695
			2331	1694
			2330	1693
			2329	1693
			2328	1692
			2327	1691
			2327	1690
			2326	1690
			2325	1689
			2324	1688
			2323	1687
			2322	1686
			2321	1685
			2320	1684
			2319	1683
			2318	1682
			2318	1681
			2317	1680
			2316	1679
			2316	1678
			2315	1678
			2314	1677
			2314	1676
			2313	1675
			2312	1674
			2311	1673
			2310	1672
			2310	1671
			2309	1670
			2308	1669
			2308	1668
			2307	1667
			2306	1666
			2306	1665
			2305	1664
			2305	1663
			2304	1662
			2304	1661
			2304	1660
			2303	1659
			2303	1658
			2303	1657
			2302	1656
			2302	1655
			2302	1654
			2302	1653
			2301	1652
			2301	1651
			2300	1650
			2300	1649
			2300	1648
			2300	1647
			2300	1646
			2299	1645
			2299	1644
			2299	1643
			2299	1642
			2299	1641
			2299	1640
			2298	1639
			2298	1638
			2298	1637
			2298	1636
			2298	1635
			2298	1634
			2298	1633
			2298	1632
			2297	1631
			2297	1630
			2297	1629
			2297	1628
			2297	1627
			2297	1626
			2297	1625
			2297	1624
			2297	1623
			2297	1622
			2297	1621
			2297	1620
			2297	1619
			2297	1618
			2297	1617
			2297	1616
			2297	1615
			2297	1614
			2297	1613
			2297	1612
			2297	1611
			2297	1610
			2297	1609
			2297	1608
			2297	1607
			2298	1606
			2298	1605
			2298	1604
			2298	1603
			2298	1602
			2298	1601
			2298	1600
			2298	1599
			2298	1598
		</Outline1>
		<Outline2 type=matrix rownames=FALSE colnames=FALSE nrow=160 ncol=2 as.numeric=TRUE >
			2298	1598
			2298	1597
			2298	1596
			2298	1595
			2298	1594
			2298	1593
			2299	1592
			2299	1591
			2299	1590
			2299	1589
			2299	1588
			2299	1587
			2299	1586
			2299	1585
			2299	1584
			2299	1583
			2299	1582
			2299	1581
			2299	1580
			2299	1579
			2299	1578
			2299	1577
			2299	1576
			2299	1575
			2299	1574
			2299	1573
			2299	1572
			2299	1571
			2299	1570
			2299	1569
			2299	1568
			2299	1567
			2299	1566
			2299	1565
			2299	1564
			2299	1563
			2299	1562
			2299	1561
			2299	1560
			2299	1559
			2300	1558
			2300	1557
			2300	1556
			2300	1555
			2300	1554
			2301	1553
			2301	1552
			2301	1551
			2301	1550
			2301	1549
			2301	1548
			2302	1547
			2302	1546
			2302	1545
			2302	1544
			2303	1543
			2303	1542
			2303	1541
			2303	1540
			2304	1539
			2304	1538
			2304	1537
			2304	1536
			2305	1535
			2305	1534
			2305	1533
			2306	1532
			2306	1531
			2306	1530
			2306	1529
			2307	1528
			2307	1527
			2307	1526
			2308	1525
			2308	1524
			2308	1523
			2308	1522
			2309	1521
			2309	1520
			2310	1519
			2310	1518
			2311	1517
			2312	1516
			2313	1515
			2314	1514
			2315	1514
			2316	1513
			2317	1512
			2318	1511
			2319	1511
			2319	1510
			2320	1509
			2321	1509
			2322	1508
			2323	1508
			2324	1507
			2325	1506
			2326	1506
			2327	1505
			2328	1505
			2329	1504
			2330	1504
			2331	1503
			2332	1502
			2333	1502
			2334	1501
			2335	1501
			2336	1500
			2337	1500
			2338	1499
			2339	1499
			2340	1498
			2341	1498
			2342	1497
			2343	1497
			2344	1497
			2344	1496
			2345	1496
			2346	1496
			2347	1495
			2348	1495
			2349	1495
			2350	1494
			2351	1494
			2352	1494
			2353	1493
			2354	1493
			2355	1493
			2356	1492
			2357	1492
			2358	1492
			2359	1492
			2360	1491
			2361	1491
			2362	1491
			2363	1491
			2364	1490
			2365	1490
			2366	1490
			2367	1490
			2368	1490
			2369	1490
			2370	1490
			2371	1490
			2372	1489
			2373	1489
			2374	1489
			2375	1489
			2376	1489
			2377	1489
			2378	1489
			2379	1489
			2380	1489
			2381	1489
			2382	1488
			2383	1488
			2384	1488
			2385	1488
			2386	1488
			2387	1488
		</Outline2>
		<Outline3 type=matrix rownames=FALSE colnames=FALSE nrow=156 ncol=2 as.numeric=TRUE >
			2387	1488
			2388	1488
			2389	1488
			2390	1488
			2391	1488
			2392	1488
			2393	1488
			2394	1488
			2395	1488
			2396	1488
			2397	1488
			2398	1488
			2399	1488
			2400	1488
			2401	1489
			2402	1489
			2403	1489
			2404	1489
			2405	1489
			2406	1489
			2407	1489
			2408	1489
			2409	1489
			2410	1489
			2411	1490
			2412	1490
			2413	1490
			2414	1490
			2415	1490
			2416	1491
			2417	1491
			2418	1492
			2419	1492
			2420	1493
			2421	1493
			2422	1494
			2423	1494
			2424	1494
			2425	1495
			2426	1495
			2427	1496
			2428	1496
			2429	1497
			2430	1497
			2431	1498
			2432	1498
			2433	1498
			2434	1499
			2435	1499
			2436	1500
			2437	1501
			2438	1501
			2439	1502
			2440	1503
			2441	1503
			2442	1504
			2443	1505
			2444	1506
			2445	1506
			2445	1507
			2446	1508
			2447	1509
			2448	1509
			2449	1510
			2450	1511
			2451	1512
			2452	1513
			2453	1514
			2454	1515
			2455	1516
			2455	1517
			2456	1517
			2456	1518
			2457	1519
			2458	1520
			2458	1521
			2459	1521
			2459	1522
			2460	1523
			2461	1524
			2461	1525
			2462	1526
			2463	1527
			2464	1528
			2465	1529
			2465	1530
			2466	1531
			2466	1532
			2467	1532
			2467	1533
			2467	1534
			2468	1534
			2468	1535
			2469	1536
			2469	1537
			2470	1538
			2470	1539
			2471	1540
			2471	1541
			2471	1542
			2472	1543
			2472	1544
			2473	1545
			2473	1546
			2473	1547
			2473	1548
			2474	1549
			2474	1550
			2474	1551
			2474	1552
			2474	1553
			2475	1553
			2475	1554
			2475	1555
			2475	1556
			2476	1557
			2476	1558
			2476	1559
			2476	1560
			2476	1561
			2476	1562
			2477	1563
			2477	1564
			2477	1565
			2477	1566
			2477	1567
			2478	1568
			2478	1569
			2478	1570
			2478	1571
			2479	1572
			2479	1573
			2479	1574
			2479	1575
			2479	1576
			2480	1577
			2480	1578
			2480	1579
			2480	1580
			2480	1581
			2481	1582
			2481	1583
			2481	1584
			2481	1585
			2481	1586
			2481	1587
			2482	1588
			2482	1589
			2482	1590
			2482	1591
			2482	1592
			2482	1593
			2483	1594
			2483	1595
			2483	1596
			2483	1597
		</Outline3>
		<Outline4 type=matrix rownames=FALSE colnames=FALSE nrow=138 ncol=2 as.numeric=TRUE >
			2483	1597
			2483	1598
			2483	1599
			2482	1600
			2482	1601
			2482	1602
			2482	1603
			2482	1604
			2481	1605
			2481	1606
			2481	1607
			2481	1608
			2481	1609
			2480	1610
			2480	1611
			2480	1612
			2480	1613
			2479	1614
			2479	1615
			2479	1616
			2479	1617
			2478	1618
			2478	1619
			2478	1620
			2478	1621
			2477	1622
			2477	1623
			2477	1624
			2476	1625
			2476	1626
			2476	1627
			2476	1628
			2475	1628
			2475	1629
			2475	1630
			2475	1631
			2474	1632
			2474	1633
			2473	1634
			2473	1635
			2472	1636
			2472	1637
			2471	1638
			2471	1639
			2470	1640
			2470	1641
			2469	1642
			2469	1643
			2468	1644
			2468	1645
			2468	1646
			2467	1647
			2467	1648
			2466	1649
			2466	1650
			2465	1651
			2465	1652
			2464	1653
			2464	1654
			2463	1655
			2463	1656
			2463	1657
			2462	1658
			2462	1659
			2461	1660
			2460	1661
			2459	1662
			2458	1663
			2458	1664
			2457	1665
			2456	1666
			2455	1667
			2454	1668
			2453	1669
			2452	1670
			2451	1671
			2450	1672
			2449	1673
			2448	1674
			2447	1675
			2446	1676
			2445	1677
			2444	1678
			2443	1679
			2442	1680
			2441	1681
			2440	1682
			2439	1682
			2438	1683
			2437	1684
			2436	1684
			2435	1685
			2435	1686
			2434	1686
			2433	1687
			2432	1688
			2431	1688
			2430	1689
			2429	1690
			2428	1691
			2427	1692
			2426	1692
			2425	1693
			2424	1694
			2423	1694
			2422	1694
			2422	1695
			2421	1695
			2420	1695
			2419	1696
			2418	1696
			2417	1696
			2416	1697
			2415	1697
			2414	1698
			2413	1698
			2412	1698
			2411	1699
			2410	1699
			2409	1700
			2408	1700
			2407	1700
			2406	1700
			2406	1701
			2405	1701
			2404	1701
			2403	1701
			2402	1701
			2401	1702
			2400	1702
			2399	1702
			2398	1702
			2398	1703
			2397	1703
			2396	1703
			2395	1703
			2394	1704
			2393	1704
		</Outline4>
	</curves.pixel>
	<curves.scaled type=list>
		<Outline1 type=matrix rownames=FALSE colnames=FALSE nrow=165 ncol=2 as.numeric=TRUE >
			40.8352261587087	-29.0778208835937
			40.8181617098334	-29.0778208835937
			40.8010972609581	-29.094885332469
			40.7840328120827	-29.094885332469
			40.7669683632074	-29.094885332469
			40.749903914332	-29.094885332469
			40.7328394654567	-29.1119497813444
			40.7157750165813	-29.1119497813444
			40.698710567706	-29.1119497813444
			40.6816461188306	-29.1119497813444
			40.6645816699553	-29.1290142302197
			40.6475172210799	-29.1290142302197
			40.6304527722046	-29.1290142302197
			40.6133883233292	-29.1290142302197
			40.5963238744539	-29.1290142302197
			40.5963238744539	-29.1460786790951
			40.5792594255785	-29.1460786790951
			40.5621949767032	-29.1460786790951
			40.5451305278278	-29.1460786790951
			40.5280660789525	-29.1460786790951
			40.5110016300771	-29.1460786790951
			40.4939371812018	-29.1460786790951
			40.4768727323264	-29.1460786790951
			40.4598082834511	-29.1460786790951
			40.4427438345757	-29.1460786790951
			40.4256793857004	-29.1460786790951
			40.408614936825	-29.1460786790951
			40.3915504879497	-29.1460786790951
			40.3744860390743	-29.1460786790951
			40.357421590199	-29.1460786790951
			40.3403571413236	-29.1460786790951
			40.3232926924483	-29.1460786790951
			40.3062282435729	-29.1460786790951
			40.2891637946976	-29.1460786790951
			40.2720993458222	-29.1290142302197
			40.2550348969469	-29.1290142302197
			40.2379704480716	-29.1290142302197
			40.2209059991962	-29.1290142302197
			40.2038415503209	-29.1290142302197
			40.1867771014455	-29.1119497813444
			40.1697126525702	-29.1119497813444
			40.1526482036948	-29.1119497813444
			40.1355837548195	-29.094885332469
			40.1185193059441	-29.094885332469
			40.1014548570688	-29.094885332469
			40.0843904081934	-29.0778208835937
			40.0673259593181	-29.0778208835937
			40.0502615104427	-29.0778208835937
			40.0331970615674	-29.0607564347183
			40.016132612692	-29.0607564347183
			39.9990681638167	-29.043691985843
			39.9820037149413	-29.043691985843
			39.964939266066	-29.043691985843
			39.9478748171906	-29.0266275369676
			39.9308103683153	-29.0266275369676
			39.9137459194399	-29.0095630880923
			39.8966814705646	-29.0095630880923
			39.8796170216892	-28.992498639217
			39.8625525728139	-28.992498639217
			39.8625525728139	-28.9754341903416
			39.8454881239385	-28.9754341903416
			39.8284236750632	-28.9583697414663
			39.8113592261878	-28.9413052925909
			39.7942947773125	-28.9413052925909
			39.7942947773125	-28.9242408437156
			39.7772303284371	-28.9071763948402
			39.7601658795618	-28.8901119459649
			39.7431014306865	-28.8901119459649
			39.7260369818111	-28.8730474970895
			39.7089725329358	-28.8559830482142
			39.7089725329358	-28.8389185993388
			39.6919080840604	-28.8389185993388
			39.6748436351851	-28.8218541504635
			39.6577791863097	-28.8047897015881
			39.6407147374344	-28.7877252527128
			39.623650288559	-28.7706608038374
			39.6065858396837	-28.7535963549621
			39.5895213908083	-28.7365319060867
			39.572456941933	-28.7194674572114
			39.5553924930576	-28.702403008336
			39.5553924930576	-28.6853385594607
			39.5383280441823	-28.6682741105853
			39.5212635953069	-28.65120966171
			39.5212635953069	-28.6341452128346
			39.5041991464316	-28.6341452128346
			39.4871346975562	-28.6170807639593
			39.4871346975562	-28.6000163150839
			39.4700702486809	-28.5829518662086
			39.4530057998055	-28.5658874173332
			39.4359413509302	-28.5488229684579
			39.4188769020548	-28.5317585195825
			39.4188769020548	-28.5146940707072
			39.4018124531795	-28.4976296218318
			39.3847480043041	-28.4805651729565
			39.3847480043041	-28.4635007240812
			39.3676835554288	-28.4464362752058
			39.3506191065534	-28.4293718263305
			39.3506191065534	-28.4123073774551
			39.3335546576781	-28.3952429285798
			39.3335546576781	-28.3781784797044
			39.3164902088027	-28.3611140308291
			39.3164902088027	-28.3440495819537
			39.3164902088027	-28.3269851330784
			39.2994257599274	-28.309920684203
			39.2994257599274	-28.2928562353277
			39.2994257599274	-28.2757917864523
			39.282361311052	-28.258727337577
			39.282361311052	-28.2416628887016
			39.282361311052	-28.2245984398263
			39.282361311052	-28.2075339909509
			39.2652968621767	-28.1904695420756
			39.2652968621767	-28.1734050932002
			39.2482324133013	-28.1563406443249
			39.2482324133013	-28.1392761954495
			39.2482324133013	-28.1222117465742
			39.2482324133013	-28.1051472976988
			39.2482324133013	-28.0880828488235
			39.231167964426	-28.0710183999481
			39.231167964426	-28.0539539510728
			39.231167964426	-28.0368895021974
			39.231167964426	-28.0198250533221
			39.231167964426	-28.0027606044467
			39.231167964426	-27.9856961555714
			39.2141035155506	-27.968631706696
			39.2141035155506	-27.9515672578207
			39.2141035155506	-27.9345028089453
			39.2141035155506	-27.91743836007
			39.2141035155506	-27.9003739111947
			39.2141035155506	-27.8833094623193
			39.2141035155506	-27.866245013444
			39.2141035155506	-27.8491805645686
			39.1970390666753	-27.8321161156933
			39.1970390666753	-27.8150516668179
			39.1970390666753	-27.7979872179426
			39.1970390666753	-27.7809227690672
			39.1970390666753	-27.7638583201919
			39.1970390666753	-27.7467938713165
			39.1970390666753	-27.7297294224412
			39.1970390666753	-27.7126649735658
			39.1970390666753	-27.6956005246905
			39.1970390666753	-27.6785360758151
			39.1970390666753	-27.6614716269398
			39.1970390666753	-27.6444071780644
			39.1970390666753	-27.6273427291891
			39.1970390666753	-27.6102782803137
			39.1970390666753	-27.5932138314384
			39.1970390666753	-27.576149382563
			39.1970390666753	-27.5590849336877
			39.1970390666753	-27.5420204848123
			39.1970390666753	-27.524956035937
			39.1970390666753	-27.5078915870616
			39.1970390666753	-27.4908271381863
			39.1970390666753	-27.4737626893109
			39.1970390666753	-27.4566982404356
			39.1970390666753	-27.4396337915602
			39.1970390666753	-27.4225693426849
			39.2141035155506	-27.4055048938095
			39.2141035155506	-27.3884404449342
			39.2141035155506	-27.3713759960589
			39.2141035155506	-27.3543115471835
			39.2141035155506	-27.3372470983082
			39.2141035155506	-27.3201826494328
			39.2141035155506	-27.3031182005575
			39.2141035155506	-27.2860537516821
			39.2141035155506	-27.2689893028068
		</Outline1>
		<Outline2 type=matrix rownames=FALSE colnames=FALSE nrow=160 ncol=2 as.numeric=TRUE >
			39.2141035155506	-27.2689893028068
			39.2141035155506	-27.2519248539314
			39.2141035155506	-27.2348604050561
			39.2141035155506	-27.2177959561807
			39.2141035155506	-27.2007315073054
			39.2141035155506	-27.18366705843
			39.231167964426	-27.1666026095547
			39.231167964426	-27.1495381606793
			39.231167964426	-27.132473711804
			39.231167964426	-27.1154092629286
			39.231167964426	-27.0983448140533
			39.231167964426	-27.0812803651779
			39.231167964426	-27.0642159163026
			39.231167964426	-27.0471514674272
			39.231167964426	-27.0300870185519
			39.231167964426	-27.0130225696765
			39.231167964426	-26.9959581208012
			39.231167964426	-26.9788936719258
			39.231167964426	-26.9618292230505
			39.231167964426	-26.9447647741751
			39.231167964426	-26.9277003252998
			39.231167964426	-26.9106358764244
			39.231167964426	-26.8935714275491
			39.231167964426	-26.8765069786737
			39.231167964426	-26.8594425297984
			39.231167964426	-26.8423780809231
			39.231167964426	-26.8253136320477
			39.231167964426	-26.8082491831724
			39.231167964426	-26.791184734297
			39.231167964426	-26.7741202854217
			39.231167964426	-26.7570558365463
			39.231167964426	-26.739991387671
			39.231167964426	-26.7229269387956
			39.231167964426	-26.7058624899203
			39.231167964426	-26.6887980410449
			39.231167964426	-26.6717335921696
			39.231167964426	-26.6546691432942
			39.231167964426	-26.6376046944189
			39.231167964426	-26.6205402455435
			39.231167964426	-26.6034757966682
			39.2482324133013	-26.5864113477928
			39.2482324133013	-26.5693468989175
			39.2482324133013	-26.5522824500421
			39.2482324133013	-26.5352180011668
			39.2482324133013	-26.5181535522914
			39.2652968621767	-26.5010891034161
			39.2652968621767	-26.4840246545407
			39.2652968621767	-26.4669602056654
			39.2652968621767	-26.44989575679
			39.2652968621767	-26.4328313079147
			39.2652968621767	-26.4157668590393
			39.282361311052	-26.398702410164
			39.282361311052	-26.3816379612886
			39.282361311052	-26.3645735124133
			39.282361311052	-26.3475090635379
			39.2994257599274	-26.3304446146626
			39.2994257599274	-26.3133801657873
			39.2994257599274	-26.2963157169119
			39.2994257599274	-26.2792512680366
			39.3164902088027	-26.2621868191612
			39.3164902088027	-26.2451223702859
			39.3164902088027	-26.2280579214105
			39.3164902088027	-26.2109934725352
			39.3335546576781	-26.1939290236598
			39.3335546576781	-26.1768645747845
			39.3335546576781	-26.1598001259091
			39.3506191065534	-26.1427356770338
			39.3506191065534	-26.1256712281584
			39.3506191065534	-26.1086067792831
			39.3506191065534	-26.0915423304077
			39.3676835554288	-26.0744778815324
			39.3676835554288	-26.057413432657
			39.3676835554288	-26.0403489837817
			39.3847480043041	-26.0232845349063
			39.3847480043041	-26.006220086031
			39.3847480043041	-25.9891556371556
			39.3847480043041	-25.9720911882803
			39.4018124531795	-25.9550267394049
			39.4018124531795	-25.9379622905296
			39.4188769020548	-25.9208978416542
			39.4188769020548	-25.9038333927789
			39.4359413509302	-25.8867689439035
			39.4530057998055	-25.8697044950282
			39.4700702486809	-25.8526400461528
			39.4871346975562	-25.8355755972775
			39.5041991464316	-25.8355755972775
			39.5212635953069	-25.8185111484021
			39.5383280441823	-25.8014466995268
			39.5553924930576	-25.7843822506515
			39.572456941933	-25.7843822506515
			39.572456941933	-25.7673178017761
			39.5895213908083	-25.7502533529008
			39.6065858396837	-25.7502533529008
			39.623650288559	-25.7331889040254
			39.6407147374344	-25.7331889040254
			39.6577791863097	-25.7161244551501
			39.6748436351851	-25.6990600062747
			39.6919080840604	-25.6990600062747
			39.7089725329358	-25.6819955573994
			39.7260369818111	-25.6819955573994
			39.7431014306865	-25.664931108524
			39.7601658795618	-25.664931108524
			39.7772303284371	-25.6478666596487
			39.7942947773125	-25.6308022107733
			39.8113592261878	-25.6308022107733
			39.8284236750632	-25.613737761898
			39.8454881239385	-25.613737761898
			39.8625525728139	-25.5966733130226
			39.8796170216892	-25.5966733130226
			39.8966814705646	-25.5796088641473
			39.9137459194399	-25.5796088641473
			39.9308103683153	-25.5625444152719
			39.9478748171906	-25.5625444152719
			39.964939266066	-25.5454799663966
			39.9820037149413	-25.5454799663966
			39.9990681638167	-25.5454799663966
			39.9990681638167	-25.5284155175212
			40.016132612692	-25.5284155175212
			40.0331970615674	-25.5284155175212
			40.0502615104427	-25.5113510686459
			40.0673259593181	-25.5113510686459
			40.0843904081934	-25.5113510686459
			40.1014548570688	-25.4942866197705
			40.1185193059441	-25.4942866197705
			40.1355837548195	-25.4942866197705
			40.1526482036948	-25.4772221708952
			40.1697126525702	-25.4772221708952
			40.1867771014455	-25.4772221708952
			40.2038415503209	-25.4601577220198
			40.2209059991962	-25.4601577220198
			40.2379704480716	-25.4601577220198
			40.2550348969469	-25.4601577220198
			40.2720993458222	-25.4430932731445
			40.2891637946976	-25.4430932731445
			40.3062282435729	-25.4430932731445
			40.3232926924483	-25.4430932731445
			40.3403571413236	-25.4260288242691
			40.357421590199	-25.4260288242691
			40.3744860390743	-25.4260288242691
			40.3915504879497	-25.4260288242691
			40.408614936825	-25.4260288242691
			40.4256793857004	-25.4260288242691
			40.4427438345757	-25.4260288242691
			40.4598082834511	-25.4260288242691
			40.4768727323264	-25.4089643753938
			40.4939371812018	-25.4089643753938
			40.5110016300771	-25.4089643753938
			40.5280660789525	-25.4089643753938
			40.5451305278278	-25.4089643753938
			40.5621949767032	-25.4089643753938
			40.5792594255785	-25.4089643753938
			40.5963238744539	-25.4089643753938
			40.6133883233292	-25.4089643753938
			40.6304527722046	-25.4089643753938
			40.6475172210799	-25.3918999265184
			40.6645816699553	-25.3918999265184
			40.6816461188306	-25.3918999265184
			40.698710567706	-25.3918999265184
			40.7157750165813	-25.3918999265184
			40.7328394654567	-25.3918999265184
		</Outline2>
		<Outline3 type=matrix rownames=FALSE colnames=FALSE nrow=156 ncol=2 as.numeric=TRUE >
			40.7328394654567	-25.3918999265184
			40.749903914332	-25.3918999265184
			40.7669683632074	-25.3918999265184
			40.7840328120827	-25.3918999265184
			40.8010972609581	-25.3918999265184
			40.8181617098334	-25.3918999265184
			40.8352261587087	-25.3918999265184
			40.8522906075841	-25.3918999265184
			40.8693550564594	-25.3918999265184
			40.8864195053348	-25.3918999265184
			40.9034839542101	-25.3918999265184
			40.9205484030855	-25.3918999265184
			40.9376128519608	-25.3918999265184
			40.9546773008362	-25.3918999265184
			40.9717417497115	-25.4089643753938
			40.9888061985869	-25.4089643753938
			41.0058706474622	-25.4089643753938
			41.0229350963376	-25.4089643753938
			41.0399995452129	-25.4089643753938
			41.0570639940883	-25.4089643753938
			41.0741284429636	-25.4089643753938
			41.091192891839	-25.4089643753938
			41.1082573407143	-25.4089643753938
			41.1253217895897	-25.4089643753938
			41.142386238465	-25.4260288242691
			41.1594506873404	-25.4260288242691
			41.1765151362157	-25.4260288242691
			41.1935795850911	-25.4260288242691
			41.2106440339664	-25.4260288242691
			41.2277084828418	-25.4430932731445
			41.2447729317171	-25.4430932731445
			41.2618373805925	-25.4601577220198
			41.2789018294678	-25.4601577220198
			41.2959662783432	-25.4772221708952
			41.3130307272185	-25.4772221708952
			41.3300951760938	-25.4942866197705
			41.3471596249692	-25.4942866197705
			41.3642240738445	-25.4942866197705
			41.3812885227199	-25.5113510686459
			41.3983529715952	-25.5113510686459
			41.4154174204706	-25.5284155175212
			41.4324818693459	-25.5284155175212
			41.4495463182213	-25.5454799663966
			41.4666107670966	-25.5454799663966
			41.483675215972	-25.5625444152719
			41.5007396648473	-25.5625444152719
			41.5178041137227	-25.5625444152719
			41.534868562598	-25.5796088641473
			41.5519330114734	-25.5796088641473
			41.5689974603487	-25.5966733130226
			41.5860619092241	-25.613737761898
			41.6031263580994	-25.613737761898
			41.6201908069748	-25.6308022107733
			41.6372552558501	-25.6478666596487
			41.6543197047255	-25.6478666596487
			41.6713841536008	-25.664931108524
			41.6884486024762	-25.6819955573994
			41.7055130513515	-25.6990600062747
			41.7225775002269	-25.6990600062747
			41.7225775002269	-25.7161244551501
			41.7396419491022	-25.7331889040254
			41.7567063979776	-25.7502533529008
			41.7737708468529	-25.7502533529008
			41.7908352957283	-25.7673178017761
			41.8078997446036	-25.7843822506515
			41.824964193479	-25.8014466995268
			41.8420286423543	-25.8185111484021
			41.8590930912297	-25.8355755972775
			41.876157540105	-25.8526400461528
			41.8932219889804	-25.8697044950282
			41.8932219889804	-25.8867689439035
			41.9102864378557	-25.8867689439035
			41.9102864378557	-25.9038333927789
			41.927350886731	-25.9208978416542
			41.9444153356064	-25.9379622905296
			41.9444153356064	-25.9550267394049
			41.9614797844817	-25.9550267394049
			41.9614797844817	-25.9720911882803
			41.9785442333571	-25.9891556371556
			41.9956086822324	-26.006220086031
			41.9956086822324	-26.0232845349063
			42.0126731311078	-26.0403489837817
			42.0297375799831	-26.057413432657
			42.0468020288585	-26.0744778815324
			42.0638664777338	-26.0915423304077
			42.0638664777338	-26.1086067792831
			42.0809309266092	-26.1256712281584
			42.0809309266092	-26.1427356770338
			42.0979953754845	-26.1427356770338
			42.0979953754845	-26.1598001259091
			42.0979953754845	-26.1768645747845
			42.1150598243599	-26.1768645747845
			42.1150598243599	-26.1939290236598
			42.1321242732352	-26.2109934725352
			42.1321242732352	-26.2280579214105
			42.1491887221106	-26.2451223702859
			42.1491887221106	-26.2621868191612
			42.1662531709859	-26.2792512680366
			42.1662531709859	-26.2963157169119
			42.1662531709859	-26.3133801657873
			42.1833176198613	-26.3304446146626
			42.1833176198613	-26.3475090635379
			42.2003820687366	-26.3645735124133
			42.2003820687366	-26.3816379612886
			42.2003820687366	-26.398702410164
			42.2003820687366	-26.4157668590393
			42.217446517612	-26.4328313079147
			42.217446517612	-26.44989575679
			42.217446517612	-26.4669602056654
			42.217446517612	-26.4840246545407
			42.217446517612	-26.5010891034161
			42.2345109664873	-26.5010891034161
			42.2345109664873	-26.5181535522914
			42.2345109664873	-26.5352180011668
			42.2345109664873	-26.5522824500421
			42.2515754153627	-26.5693468989175
			42.2515754153627	-26.5864113477928
			42.2515754153627	-26.6034757966682
			42.2515754153627	-26.6205402455435
			42.2515754153627	-26.6376046944189
			42.2515754153627	-26.6546691432942
			42.268639864238	-26.6717335921696
			42.268639864238	-26.6887980410449
			42.268639864238	-26.7058624899203
			42.268639864238	-26.7229269387956
			42.268639864238	-26.739991387671
			42.2857043131134	-26.7570558365463
			42.2857043131134	-26.7741202854217
			42.2857043131134	-26.791184734297
			42.2857043131134	-26.8082491831724
			42.3027687619887	-26.8253136320477
			42.3027687619887	-26.8423780809231
			42.3027687619887	-26.8594425297984
			42.3027687619887	-26.8765069786737
			42.3027687619887	-26.8935714275491
			42.3198332108641	-26.9106358764244
			42.3198332108641	-26.9277003252998
			42.3198332108641	-26.9447647741751
			42.3198332108641	-26.9618292230505
			42.3198332108641	-26.9788936719258
			42.3368976597394	-26.9959581208012
			42.3368976597394	-27.0130225696765
			42.3368976597394	-27.0300870185519
			42.3368976597394	-27.0471514674272
			42.3368976597394	-27.0642159163026
			42.3368976597394	-27.0812803651779
			42.3539621086148	-27.0983448140533
			42.3539621086148	-27.1154092629286
			42.3539621086148	-27.132473711804
			42.3539621086148	-27.1495381606793
			42.3539621086148	-27.1666026095547
			42.3539621086148	-27.18366705843
			42.3710265574901	-27.2007315073054
			42.3710265574901	-27.2177959561807
			42.3710265574901	-27.2348604050561
			42.3710265574901	-27.2519248539314
		</Outline3>
		<Outline4 type=matrix rownames=FALSE colnames=FALSE nrow=138 ncol=2 as.numeric=TRUE >
			42.3710265574901	-27.2519248539314
			42.3710265574901	-27.2689893028068
			42.3710265574901	-27.2860537516821
			42.3539621086148	-27.3031182005575
			42.3539621086148	-27.3201826494328
			42.3539621086148	-27.3372470983082
			42.3539621086148	-27.3543115471835
			42.3539621086148	-27.3713759960589
			42.3368976597394	-27.3884404449342
			42.3368976597394	-27.4055048938095
			42.3368976597394	-27.4225693426849
			42.3368976597394	-27.4396337915602
			42.3368976597394	-27.4566982404356
			42.3198332108641	-27.4737626893109
			42.3198332108641	-27.4908271381863
			42.3198332108641	-27.5078915870616
			42.3198332108641	-27.524956035937
			42.3027687619887	-27.5420204848123
			42.3027687619887	-27.5590849336877
			42.3027687619887	-27.576149382563
			42.3027687619887	-27.5932138314384
			42.2857043131134	-27.6102782803137
			42.2857043131134	-27.6273427291891
			42.2857043131134	-27.6444071780644
			42.2857043131134	-27.6614716269398
			42.268639864238	-27.6785360758151
			42.268639864238	-27.6956005246905
			42.268639864238	-27.7126649735658
			42.2515754153627	-27.7297294224412
			42.2515754153627	-27.7467938713165
			42.2515754153627	-27.7638583201919
			42.2515754153627	-27.7809227690672
			42.2345109664873	-27.7809227690672
			42.2345109664873	-27.7979872179426
			42.2345109664873	-27.8150516668179
			42.2345109664873	-27.8321161156933
			42.217446517612	-27.8491805645686
			42.217446517612	-27.866245013444
			42.2003820687366	-27.8833094623193
			42.2003820687366	-27.9003739111947
			42.1833176198613	-27.91743836007
			42.1833176198613	-27.9345028089453
			42.1662531709859	-27.9515672578207
			42.1662531709859	-27.968631706696
			42.1491887221106	-27.9856961555714
			42.1491887221106	-28.0027606044467
			42.1321242732352	-28.0198250533221
			42.1321242732352	-28.0368895021974
			42.1150598243599	-28.0539539510728
			42.1150598243599	-28.0710183999481
			42.1150598243599	-28.0880828488235
			42.0979953754845	-28.1051472976988
			42.0979953754845	-28.1222117465742
			42.0809309266092	-28.1392761954495
			42.0809309266092	-28.1563406443249
			42.0638664777338	-28.1734050932002
			42.0638664777338	-28.1904695420756
			42.0468020288585	-28.2075339909509
			42.0468020288585	-28.2245984398263
			42.0297375799831	-28.2416628887016
			42.0297375799831	-28.258727337577
			42.0297375799831	-28.2757917864523
			42.0126731311078	-28.2928562353277
			42.0126731311078	-28.309920684203
			41.9956086822324	-28.3269851330784
			41.9785442333571	-28.3440495819537
			41.9614797844817	-28.3611140308291
			41.9444153356064	-28.3781784797044
			41.9444153356064	-28.3952429285798
			41.927350886731	-28.4123073774551
			41.9102864378557	-28.4293718263305
			41.8932219889804	-28.4464362752058
			41.876157540105	-28.4635007240812
			41.8590930912297	-28.4805651729565
			41.8420286423543	-28.4976296218318
			41.824964193479	-28.5146940707072
			41.8078997446036	-28.5317585195825
			41.7908352957283	-28.5488229684579
			41.7737708468529	-28.5658874173332
			41.7567063979776	-28.5829518662086
			41.7396419491022	-28.6000163150839
			41.7225775002269	-28.6170807639593
			41.7055130513515	-28.6341452128346
			41.6884486024762	-28.65120966171
			41.6713841536008	-28.6682741105853
			41.6543197047255	-28.6853385594607
			41.6372552558501	-28.702403008336
			41.6201908069748	-28.702403008336
			41.6031263580994	-28.7194674572114
			41.5860619092241	-28.7365319060867
			41.5689974603487	-28.7365319060867
			41.5519330114734	-28.7535963549621
			41.5519330114734	-28.7706608038374
			41.534868562598	-28.7706608038374
			41.5178041137227	-28.7877252527128
			41.5007396648473	-28.8047897015881
			41.483675215972	-28.8047897015881
			41.4666107670966	-28.8218541504635
			41.4495463182213	-28.8389185993388
			41.4324818693459	-28.8559830482142
			41.4154174204706	-28.8730474970895
			41.3983529715952	-28.8730474970895
			41.3812885227199	-28.8901119459649
			41.3642240738445	-28.9071763948402
			41.3471596249692	-28.9071763948402
			41.3300951760938	-28.9071763948402
			41.3300951760938	-28.9242408437156
			41.3130307272185	-28.9242408437156
			41.2959662783432	-28.9242408437156
			41.2789018294678	-28.9413052925909
			41.2618373805925	-28.9413052925909
			41.2447729317171	-28.9413052925909
			41.2277084828418	-28.9583697414663
			41.2106440339664	-28.9583697414663
			41.1935795850911	-28.9754341903416
			41.1765151362157	-28.9754341903416
			41.1594506873404	-28.9754341903416
			41.142386238465	-28.992498639217
			41.1253217895897	-28.992498639217
			41.1082573407143	-29.0095630880923
			41.091192891839	-29.0095630880923
			41.0741284429636	-29.0095630880923
			41.0570639940883	-29.0095630880923
			41.0570639940883	-29.0266275369676
			41.0399995452129	-29.0266275369676
			41.0229350963376	-29.0266275369676
			41.0058706474622	-29.0266275369676
			40.9888061985869	-29.0266275369676
			40.9717417497115	-29.043691985843
			40.9546773008362	-29.043691985843
			40.9376128519608	-29.043691985843
			40.9205484030855	-29.043691985843
			40.9205484030855	-29.0607564347183
			40.9034839542101	-29.0607564347183
			40.8864195053348	-29.0607564347183
			40.8693550564594	-29.0607564347183
			40.8522906075841	-29.0778208835937
			40.8352261587087	-29.0778208835937
		</Outline4>
	</curves.scaled>
	<ruler.points type=matrix rownames=TRUE colnames=FALSE nrow=2 ncol=2 as.numeric=TRUE >
		Ruler point 1	2652	2471
		Ruler point 2	2066	2467
	</ruler.points>
</shapes>

