<shapes type=list>
	<ruler.pixel type=vector names=FALSE length=1 as.numeric=TRUE >1158.00690844226</ruler.pixel>
	<ruler.interval type=vector names=FALSE length=1 as.numeric=TRUE >10</ruler.interval>
	<scaling.units type=vector names=FALSE length=1 as.numeric=FALSE >mm</scaling.units>
	<scaling type=vector names=FALSE length=1 as.numeric=TRUE >0.00863552706559576</scaling>
	<landmarks.pixel type=matrix rownames=TRUE colnames=FALSE nrow=4 ncol=2 as.numeric=TRUE >
		Labial	2458	1697
		Posterior	2375	1656
		Lingual	2418	1576
		Anterior	2504	1614
	</landmarks.pixel>
	<landmarks.scaled type=matrix rownames=TRUE colnames=FALSE nrow=4 ncol=2 as.numeric=TRUE >
		Labial	21.2261255272344	-14.654489430316
		Posterior	20.5093767807899	-14.3004328206266
		Lingual	20.8807044446105	-13.6095906553789
		Anterior	21.6233597722518	-13.9377406838716
	</landmarks.scaled>
	<curves.control type=list>
		<Outline1 type=matrix rownames=FALSE colnames=FALSE nrow=19 ncol=2 as.numeric=TRUE >
			2458	1697
			2452	1700
			2445	1704
			2440	1707
			2436	1711
			2432	1715
			2428	1719
			2422	1723
			2415	1724
			2407	1724
			2402	1723
			2396	1721
			2390	1717
			2385	1713
			2382	1707
			2380	1702
			2379	1697
			2378	1692
			2375	1656
		</Outline1>
		<Outline2 type=matrix rownames=FALSE colnames=FALSE nrow=15 ncol=2 as.numeric=TRUE >
			2375	1656
			2374	1647
			2372	1637
			2371	1628
			2372	1617
			2374	1607
			2379	1599
			2383	1594
			2388	1589
			2392	1585
			2398	1582
			2404	1579
			2409	1577
			2413	1576
			2418	1576
		</Outline2>
		<Outline3 type=matrix rownames=FALSE colnames=FALSE nrow=17 ncol=2 as.numeric=TRUE >
			2418	1576
			2424	1576
			2431	1577
			2438	1578
			2445	1578
			2451	1578
			2457	1577
			2463	1576
			2471	1577
			2478	1579
			2483	1581
			2488	1584
			2492	1588
			2495	1592
			2498	1598
			2501	1606
			2504	1614
		</Outline3>
		<Outline4 type=matrix rownames=FALSE colnames=FALSE nrow=15 ncol=2 as.numeric=TRUE >
			2504	1614
			2506	1622
			2507	1630
			2508	1636
			2508	1643
			2508	1652
			2507	1660
			2506	1666
			2501	1672
			2495	1678
			2490	1682
			2484	1686
			2478	1689
			2470	1692
			2458	1697
		</Outline4>
	</curves.control>
	<curves.pixel type=list>
		<Outline1 type=matrix rownames=FALSE colnames=FALSE nrow=131 ncol=2 as.numeric=TRUE >
			2458	1697
			2457	1697
			2456	1698
			2455	1699
			2454	1699
			2453	1700
			2452	1700
			2451	1701
			2450	1701
			2449	1702
			2448	1702
			2447	1703
			2446	1703
			2445	1704
			2444	1705
			2443	1705
			2442	1706
			2441	1707
			2440	1708
			2439	1708
			2438	1709
			2437	1710
			2436	1711
			2435	1712
			2434	1713
			2433	1714
			2432	1715
			2431	1716
			2430	1717
			2429	1718
			2428	1719
			2427	1720
			2426	1720
			2425	1721
			2424	1721
			2423	1722
			2422	1722
			2421	1723
			2420	1723
			2419	1723
			2418	1723
			2417	1724
			2416	1724
			2415	1724
			2414	1724
			2413	1724
			2412	1724
			2411	1724
			2410	1724
			2409	1724
			2408	1724
			2407	1724
			2406	1724
			2405	1723
			2404	1723
			2403	1723
			2402	1723
			2401	1723
			2400	1722
			2399	1722
			2398	1721
			2397	1721
			2396	1721
			2395	1720
			2394	1720
			2393	1719
			2392	1718
			2391	1718
			2390	1717
			2389	1716
			2388	1715
			2387	1714
			2386	1713
			2385	1712
			2385	1711
			2384	1710
			2383	1709
			2383	1708
			2382	1707
			2382	1706
			2381	1705
			2381	1704
			2381	1703
			2380	1702
			2380	1701
			2380	1700
			2379	1699
			2379	1698
			2379	1697
			2379	1696
			2379	1695
			2379	1694
			2378	1693
			2378	1692
			2378	1691
			2378	1690
			2378	1689
			2378	1688
			2378	1687
			2378	1686
			2378	1685
			2378	1684
			2377	1684
			2377	1683
			2377	1682
			2377	1681
			2377	1680
			2377	1679
			2377	1678
			2377	1677
			2377	1676
			2377	1675
			2377	1674
			2376	1673
			2376	1672
			2376	1671
			2376	1670
			2376	1669
			2376	1668
			2376	1667
			2376	1666
			2376	1665
			2376	1664
			2376	1663
			2376	1662
			2375	1661
			2375	1660
			2375	1659
			2375	1658
			2375	1657
			2375	1656
		</Outline1>
		<Outline2 type=matrix rownames=FALSE colnames=FALSE nrow=100 ncol=2 as.numeric=TRUE >
			2375	1656
			2375	1655
			2375	1654
			2375	1653
			2375	1652
			2374	1651
			2374	1650
			2374	1649
			2374	1648
			2374	1647
			2374	1646
			2374	1645
			2373	1644
			2373	1643
			2373	1642
			2373	1641
			2373	1640
			2372	1640
			2372	1639
			2372	1638
			2372	1637
			2372	1636
			2372	1635
			2372	1634
			2372	1633
			2372	1632
			2372	1631
			2372	1630
			2372	1629
			2372	1628
			2372	1627
			2372	1626
			2372	1625
			2372	1624
			2372	1623
			2372	1622
			2372	1621
			2372	1620
			2372	1619
			2372	1618
			2372	1617
			2372	1616
			2373	1615
			2373	1614
			2373	1613
			2373	1612
			2374	1611
			2374	1610
			2374	1609
			2375	1608
			2375	1607
			2375	1606
			2376	1605
			2376	1604
			2377	1603
			2377	1602
			2378	1601
			2379	1600
			2379	1599
			2380	1598
			2381	1597
			2382	1596
			2383	1595
			2384	1594
			2384	1593
			2385	1592
			2386	1591
			2387	1590
			2388	1589
			2389	1588
			2390	1587
			2391	1587
			2391	1586
			2392	1585
			2393	1585
			2394	1584
			2395	1584
			2396	1583
			2397	1583
			2398	1582
			2399	1582
			2400	1581
			2401	1581
			2402	1580
			2403	1580
			2404	1579
			2405	1579
			2406	1578
			2407	1578
			2408	1577
			2409	1577
			2410	1577
			2411	1577
			2412	1576
			2413	1576
			2414	1576
			2415	1576
			2416	1576
			2417	1576
			2418	1576
		</Outline2>
		<Outline3 type=matrix rownames=FALSE colnames=FALSE nrow=104 ncol=2 as.numeric=TRUE >
			2418	1576
			2419	1576
			2420	1576
			2421	1576
			2422	1576
			2423	1576
			2424	1576
			2425	1576
			2426	1576
			2427	1576
			2428	1577
			2429	1577
			2430	1577
			2431	1577
			2432	1577
			2433	1577
			2434	1577
			2435	1577
			2436	1578
			2437	1578
			2438	1578
			2439	1578
			2440	1578
			2441	1578
			2442	1578
			2443	1578
			2444	1578
			2445	1578
			2446	1578
			2447	1578
			2448	1578
			2449	1578
			2450	1578
			2451	1578
			2452	1578
			2453	1578
			2454	1577
			2455	1577
			2456	1577
			2457	1577
			2458	1577
			2459	1577
			2460	1577
			2461	1577
			2462	1577
			2463	1577
			2464	1577
			2465	1577
			2466	1577
			2467	1577
			2468	1577
			2469	1577
			2470	1577
			2471	1577
			2472	1577
			2473	1578
			2474	1578
			2475	1578
			2476	1578
			2477	1579
			2478	1579
			2479	1580
			2480	1580
			2481	1580
			2482	1581
			2483	1581
			2484	1582
			2485	1582
			2486	1583
			2487	1584
			2488	1584
			2489	1585
			2490	1586
			2490	1587
			2491	1587
			2492	1588
			2493	1589
			2493	1590
			2494	1591
			2495	1592
			2495	1593
			2496	1594
			2496	1595
			2497	1595
			2497	1596
			2497	1597
			2498	1598
			2498	1599
			2499	1600
			2499	1601
			2500	1602
			2500	1603
			2500	1604
			2501	1605
			2501	1606
			2501	1607
			2502	1608
			2502	1609
			2503	1610
			2503	1611
			2503	1612
			2503	1613
			2504	1613
			2504	1614
		</Outline3>
		<Outline4 type=matrix rownames=FALSE colnames=FALSE nrow=104 ncol=2 as.numeric=TRUE >
			2504	1614
			2504	1615
			2504	1616
			2505	1617
			2505	1618
			2505	1619
			2505	1620
			2506	1621
			2506	1622
			2506	1623
			2506	1624
			2506	1625
			2506	1626
			2507	1627
			2507	1628
			2507	1629
			2507	1630
			2507	1631
			2507	1632
			2507	1633
			2508	1634
			2508	1635
			2508	1636
			2508	1637
			2508	1638
			2508	1639
			2508	1640
			2508	1641
			2508	1642
			2508	1643
			2508	1644
			2508	1645
			2508	1646
			2508	1647
			2508	1648
			2508	1649
			2508	1650
			2508	1651
			2508	1652
			2508	1653
			2508	1654
			2508	1655
			2507	1656
			2507	1657
			2507	1658
			2507	1659
			2507	1660
			2507	1661
			2507	1662
			2506	1663
			2506	1664
			2505	1665
			2505	1666
			2504	1667
			2504	1668
			2503	1669
			2503	1670
			2502	1671
			2501	1672
			2500	1673
			2499	1674
			2498	1675
			2497	1675
			2497	1676
			2496	1677
			2495	1678
			2494	1679
			2493	1679
			2492	1680
			2491	1681
			2490	1682
			2489	1683
			2488	1684
			2487	1684
			2486	1684
			2485	1685
			2484	1686
			2483	1686
			2482	1687
			2481	1687
			2480	1688
			2479	1688
			2479	1689
			2478	1689
			2477	1689
			2476	1690
			2475	1690
			2474	1690
			2473	1691
			2472	1691
			2471	1692
			2470	1692
			2469	1693
			2468	1693
			2467	1693
			2466	1694
			2465	1694
			2464	1695
			2463	1695
			2462	1695
			2461	1696
			2460	1696
			2459	1697
			2458	1697
		</Outline4>
	</curves.pixel>
	<curves.scaled type=list>
		<Outline1 type=matrix rownames=FALSE colnames=FALSE nrow=131 ncol=2 as.numeric=TRUE >
			21.2261255272344	-14.654489430316
			21.2174900001688	-14.654489430316
			21.2088544731032	-14.6631249573816
			21.2002189460376	-14.6717604844472
			21.191583418972	-14.6717604844472
			21.1829478919064	-14.6803960115128
			21.1743123648408	-14.6803960115128
			21.1656768377752	-14.6890315385784
			21.1570413107096	-14.6890315385784
			21.148405783644	-14.697667065644
			21.1397702565784	-14.697667065644
			21.1311347295128	-14.7063025927096
			21.1224992024472	-14.7063025927096
			21.1138636753816	-14.7149381197752
			21.105228148316	-14.7235736468408
			21.0965926212504	-14.7235736468408
			21.0879570941848	-14.7322091739064
			21.0793215671192	-14.740844700972
			21.0706860400536	-14.7494802280376
			21.0620505129881	-14.7494802280376
			21.0534149859225	-14.7581157551031
			21.0447794588569	-14.7667512821687
			21.0361439317913	-14.7753868092343
			21.0275084047257	-14.7840223362999
			21.0188728776601	-14.7926578633655
			21.0102373505945	-14.8012933904311
			21.0016018235289	-14.8099289174967
			20.9929662964633	-14.8185644445623
			20.9843307693977	-14.8271999716279
			20.9756952423321	-14.8358354986935
			20.9670597152665	-14.8444710257591
			20.9584241882009	-14.8531065528247
			20.9497886611353	-14.8531065528247
			20.9411531340697	-14.8617420798903
			20.9325176070041	-14.8617420798903
			20.9238820799385	-14.8703776069559
			20.9152465528729	-14.8703776069559
			20.9066110258073	-14.8790131340215
			20.8979754987417	-14.8790131340215
			20.8893399716761	-14.8790131340215
			20.8807044446105	-14.8790131340215
			20.8720689175449	-14.8876486610871
			20.8634333904793	-14.8876486610871
			20.8547978634138	-14.8876486610871
			20.8461623363482	-14.8876486610871
			20.8375268092826	-14.8876486610871
			20.828891282217	-14.8876486610871
			20.8202557551514	-14.8876486610871
			20.8116202280858	-14.8876486610871
			20.8029847010202	-14.8876486610871
			20.7943491739546	-14.8876486610871
			20.785713646889	-14.8876486610871
			20.7770781198234	-14.8876486610871
			20.7684425927578	-14.8790131340215
			20.7598070656922	-14.8790131340215
			20.7511715386266	-14.8790131340215
			20.742536011561	-14.8790131340215
			20.7339004844954	-14.8790131340215
			20.7252649574298	-14.8703776069559
			20.7166294303642	-14.8703776069559
			20.7079939032986	-14.8617420798903
			20.699358376233	-14.8617420798903
			20.6907228491674	-14.8617420798903
			20.6820873221018	-14.8531065528247
			20.6734517950362	-14.8531065528247
			20.6648162679706	-14.8444710257591
			20.6561807409051	-14.8358354986935
			20.6475452138395	-14.8358354986935
			20.6389096867739	-14.8271999716279
			20.6302741597083	-14.8185644445623
			20.6216386326427	-14.8099289174967
			20.6130031055771	-14.8012933904311
			20.6043675785115	-14.7926578633655
			20.5957320514459	-14.7840223362999
			20.5957320514459	-14.7753868092343
			20.5870965243803	-14.7667512821687
			20.5784609973147	-14.7581157551031
			20.5784609973147	-14.7494802280376
			20.5698254702491	-14.740844700972
			20.5698254702491	-14.7322091739064
			20.5611899431835	-14.7235736468408
			20.5611899431835	-14.7149381197752
			20.5611899431835	-14.7063025927096
			20.5525544161179	-14.697667065644
			20.5525544161179	-14.6890315385784
			20.5525544161179	-14.6803960115128
			20.5439188890523	-14.6717604844472
			20.5439188890523	-14.6631249573816
			20.5439188890523	-14.654489430316
			20.5439188890523	-14.6458539032504
			20.5439188890523	-14.6372183761848
			20.5439188890523	-14.6285828491192
			20.5352833619867	-14.6199473220536
			20.5352833619867	-14.611311794988
			20.5352833619867	-14.6026762679224
			20.5352833619867	-14.5940407408568
			20.5352833619867	-14.5854052137912
			20.5352833619867	-14.5767696867256
			20.5352833619867	-14.56813415966
			20.5352833619867	-14.5594986325944
			20.5352833619867	-14.5508631055288
			20.5352833619867	-14.5422275784633
			20.5266478349211	-14.5422275784633
			20.5266478349211	-14.5335920513977
			20.5266478349211	-14.5249565243321
			20.5266478349211	-14.5163209972665
			20.5266478349211	-14.5076854702009
			20.5266478349211	-14.4990499431353
			20.5266478349211	-14.4904144160697
			20.5266478349211	-14.4817788890041
			20.5266478349211	-14.4731433619385
			20.5266478349211	-14.4645078348729
			20.5266478349211	-14.4558723078073
			20.5180123078555	-14.4472367807417
			20.5180123078555	-14.4386012536761
			20.5180123078555	-14.4299657266105
			20.5180123078555	-14.4213301995449
			20.5180123078555	-14.4126946724793
			20.5180123078555	-14.4040591454137
			20.5180123078555	-14.3954236183481
			20.5180123078555	-14.3867880912825
			20.5180123078555	-14.3781525642169
			20.5180123078555	-14.3695170371513
			20.5180123078555	-14.3608815100857
			20.5180123078555	-14.3522459830201
			20.5093767807899	-14.3436104559546
			20.5093767807899	-14.334974928889
			20.5093767807899	-14.3263394018234
			20.5093767807899	-14.3177038747578
			20.5093767807899	-14.3090683476922
			20.5093767807899	-14.3004328206266
		</Outline1>
		<Outline2 type=matrix rownames=FALSE colnames=FALSE nrow=100 ncol=2 as.numeric=TRUE >
			20.5093767807899	-14.3004328206266
			20.5093767807899	-14.291797293561
			20.5093767807899	-14.2831617664954
			20.5093767807899	-14.2745262394298
			20.5093767807899	-14.2658907123642
			20.5007412537243	-14.2572551852986
			20.5007412537243	-14.248619658233
			20.5007412537243	-14.2399841311674
			20.5007412537243	-14.2313486041018
			20.5007412537243	-14.2227130770362
			20.5007412537243	-14.2140775499706
			20.5007412537243	-14.205442022905
			20.4921057266587	-14.1968064958394
			20.4921057266587	-14.1881709687738
			20.4921057266587	-14.1795354417082
			20.4921057266587	-14.1708999146426
			20.4921057266587	-14.162264387577
			20.4834701995931	-14.162264387577
			20.4834701995931	-14.1536288605114
			20.4834701995931	-14.1449933334458
			20.4834701995931	-14.1363578063803
			20.4834701995931	-14.1277222793147
			20.4834701995931	-14.1190867522491
			20.4834701995931	-14.1104512251835
			20.4834701995931	-14.1018156981179
			20.4834701995931	-14.0931801710523
			20.4834701995931	-14.0845446439867
			20.4834701995931	-14.0759091169211
			20.4834701995931	-14.0672735898555
			20.4834701995931	-14.0586380627899
			20.4834701995931	-14.0500025357243
			20.4834701995931	-14.0413670086587
			20.4834701995931	-14.0327314815931
			20.4834701995931	-14.0240959545275
			20.4834701995931	-14.0154604274619
			20.4834701995931	-14.0068249003963
			20.4834701995931	-13.9981893733307
			20.4834701995931	-13.9895538462651
			20.4834701995931	-13.9809183191995
			20.4834701995931	-13.9722827921339
			20.4834701995931	-13.9636472650683
			20.4834701995931	-13.9550117380027
			20.4921057266587	-13.9463762109371
			20.4921057266587	-13.9377406838716
			20.4921057266587	-13.929105156806
			20.4921057266587	-13.9204696297404
			20.5007412537243	-13.9118341026748
			20.5007412537243	-13.9031985756092
			20.5007412537243	-13.8945630485436
			20.5093767807899	-13.885927521478
			20.5093767807899	-13.8772919944124
			20.5093767807899	-13.8686564673468
			20.5180123078555	-13.8600209402812
			20.5180123078555	-13.8513854132156
			20.5266478349211	-13.84274988615
			20.5266478349211	-13.8341143590844
			20.5352833619867	-13.8254788320188
			20.5439188890523	-13.8168433049532
			20.5439188890523	-13.8082077778876
			20.5525544161179	-13.799572250822
			20.5611899431835	-13.7909367237564
			20.5698254702491	-13.7823011966908
			20.5784609973147	-13.7736656696252
			20.5870965243803	-13.7650301425596
			20.5870965243803	-13.756394615494
			20.5957320514459	-13.7477590884284
			20.6043675785115	-13.7391235613628
			20.6130031055771	-13.7304880342973
			20.6216386326427	-13.7218525072317
			20.6302741597083	-13.7132169801661
			20.6389096867739	-13.7045814531005
			20.6475452138395	-13.7045814531005
			20.6475452138395	-13.6959459260349
			20.6561807409051	-13.6873103989693
			20.6648162679706	-13.6873103989693
			20.6734517950362	-13.6786748719037
			20.6820873221018	-13.6786748719037
			20.6907228491674	-13.6700393448381
			20.699358376233	-13.6700393448381
			20.7079939032986	-13.6614038177725
			20.7166294303642	-13.6614038177725
			20.7252649574298	-13.6527682907069
			20.7339004844954	-13.6527682907069
			20.742536011561	-13.6441327636413
			20.7511715386266	-13.6441327636413
			20.7598070656922	-13.6354972365757
			20.7684425927578	-13.6354972365757
			20.7770781198234	-13.6268617095101
			20.785713646889	-13.6268617095101
			20.7943491739546	-13.6182261824445
			20.8029847010202	-13.6182261824445
			20.8116202280858	-13.6182261824445
			20.8202557551514	-13.6182261824445
			20.828891282217	-13.6095906553789
			20.8375268092826	-13.6095906553789
			20.8461623363482	-13.6095906553789
			20.8547978634138	-13.6095906553789
			20.8634333904793	-13.6095906553789
			20.8720689175449	-13.6095906553789
			20.8807044446105	-13.6095906553789
		</Outline2>
		<Outline3 type=matrix rownames=FALSE colnames=FALSE nrow=104 ncol=2 as.numeric=TRUE >
			20.8807044446105	-13.6095906553789
			20.8893399716761	-13.6095906553789
			20.8979754987417	-13.6095906553789
			20.9066110258073	-13.6095906553789
			20.9152465528729	-13.6095906553789
			20.9238820799385	-13.6095906553789
			20.9325176070041	-13.6095906553789
			20.9411531340697	-13.6095906553789
			20.9497886611353	-13.6095906553789
			20.9584241882009	-13.6095906553789
			20.9670597152665	-13.6182261824445
			20.9756952423321	-13.6182261824445
			20.9843307693977	-13.6182261824445
			20.9929662964633	-13.6182261824445
			21.0016018235289	-13.6182261824445
			21.0102373505945	-13.6182261824445
			21.0188728776601	-13.6182261824445
			21.0275084047257	-13.6182261824445
			21.0361439317913	-13.6268617095101
			21.0447794588569	-13.6268617095101
			21.0534149859225	-13.6268617095101
			21.0620505129881	-13.6268617095101
			21.0706860400536	-13.6268617095101
			21.0793215671192	-13.6268617095101
			21.0879570941848	-13.6268617095101
			21.0965926212504	-13.6268617095101
			21.105228148316	-13.6268617095101
			21.1138636753816	-13.6268617095101
			21.1224992024472	-13.6268617095101
			21.1311347295128	-13.6268617095101
			21.1397702565784	-13.6268617095101
			21.148405783644	-13.6268617095101
			21.1570413107096	-13.6268617095101
			21.1656768377752	-13.6268617095101
			21.1743123648408	-13.6268617095101
			21.1829478919064	-13.6268617095101
			21.191583418972	-13.6182261824445
			21.2002189460376	-13.6182261824445
			21.2088544731032	-13.6182261824445
			21.2174900001688	-13.6182261824445
			21.2261255272344	-13.6182261824445
			21.2347610543	-13.6182261824445
			21.2433965813656	-13.6182261824445
			21.2520321084312	-13.6182261824445
			21.2606676354968	-13.6182261824445
			21.2693031625623	-13.6182261824445
			21.2779386896279	-13.6182261824445
			21.2865742166935	-13.6182261824445
			21.2952097437591	-13.6182261824445
			21.3038452708247	-13.6182261824445
			21.3124807978903	-13.6182261824445
			21.3211163249559	-13.6182261824445
			21.3297518520215	-13.6182261824445
			21.3383873790871	-13.6182261824445
			21.3470229061527	-13.6182261824445
			21.3556584332183	-13.6268617095101
			21.3642939602839	-13.6268617095101
			21.3729294873495	-13.6268617095101
			21.3815650144151	-13.6268617095101
			21.3902005414807	-13.6354972365757
			21.3988360685463	-13.6354972365757
			21.4074715956119	-13.6441327636413
			21.4161071226775	-13.6441327636413
			21.4247426497431	-13.6441327636413
			21.4333781768087	-13.6527682907069
			21.4420137038743	-13.6527682907069
			21.4506492309399	-13.6614038177725
			21.4592847580055	-13.6614038177725
			21.4679202850711	-13.6700393448381
			21.4765558121366	-13.6786748719037
			21.4851913392022	-13.6786748719037
			21.4938268662678	-13.6873103989693
			21.5024623933334	-13.6959459260349
			21.5024623933334	-13.7045814531005
			21.511097920399	-13.7045814531005
			21.5197334474646	-13.7132169801661
			21.5283689745302	-13.7218525072317
			21.5283689745302	-13.7304880342973
			21.5370045015958	-13.7391235613628
			21.5456400286614	-13.7477590884284
			21.5456400286614	-13.756394615494
			21.554275555727	-13.7650301425596
			21.554275555727	-13.7736656696252
			21.5629110827926	-13.7736656696252
			21.5629110827926	-13.7823011966908
			21.5629110827926	-13.7909367237564
			21.5715466098582	-13.799572250822
			21.5715466098582	-13.8082077778876
			21.5801821369238	-13.8168433049532
			21.5801821369238	-13.8254788320188
			21.5888176639894	-13.8341143590844
			21.5888176639894	-13.84274988615
			21.5888176639894	-13.8513854132156
			21.597453191055	-13.8600209402812
			21.597453191055	-13.8686564673468
			21.597453191055	-13.8772919944124
			21.6060887181206	-13.885927521478
			21.6060887181206	-13.8945630485436
			21.6147242451862	-13.9031985756092
			21.6147242451862	-13.9118341026748
			21.6147242451862	-13.9204696297404
			21.6147242451862	-13.929105156806
			21.6233597722518	-13.929105156806
			21.6233597722518	-13.9377406838716
		</Outline3>
		<Outline4 type=matrix rownames=FALSE colnames=FALSE nrow=104 ncol=2 as.numeric=TRUE >
			21.6233597722518	-13.9377406838716
			21.6233597722518	-13.9463762109371
			21.6233597722518	-13.9550117380027
			21.6319952993174	-13.9636472650683
			21.6319952993174	-13.9722827921339
			21.6319952993174	-13.9809183191995
			21.6319952993174	-13.9895538462651
			21.640630826383	-13.9981893733307
			21.640630826383	-14.0068249003963
			21.640630826383	-14.0154604274619
			21.640630826383	-14.0240959545275
			21.640630826383	-14.0327314815931
			21.640630826383	-14.0413670086587
			21.6492663534486	-14.0500025357243
			21.6492663534486	-14.0586380627899
			21.6492663534486	-14.0672735898555
			21.6492663534486	-14.0759091169211
			21.6492663534486	-14.0845446439867
			21.6492663534486	-14.0931801710523
			21.6492663534486	-14.1018156981179
			21.6579018805142	-14.1104512251835
			21.6579018805142	-14.1190867522491
			21.6579018805142	-14.1277222793147
			21.6579018805142	-14.1363578063803
			21.6579018805142	-14.1449933334458
			21.6579018805142	-14.1536288605114
			21.6579018805142	-14.162264387577
			21.6579018805142	-14.1708999146426
			21.6579018805142	-14.1795354417082
			21.6579018805142	-14.1881709687738
			21.6579018805142	-14.1968064958394
			21.6579018805142	-14.205442022905
			21.6579018805142	-14.2140775499706
			21.6579018805142	-14.2227130770362
			21.6579018805142	-14.2313486041018
			21.6579018805142	-14.2399841311674
			21.6579018805142	-14.248619658233
			21.6579018805142	-14.2572551852986
			21.6579018805142	-14.2658907123642
			21.6579018805142	-14.2745262394298
			21.6579018805142	-14.2831617664954
			21.6579018805142	-14.291797293561
			21.6492663534486	-14.3004328206266
			21.6492663534486	-14.3090683476922
			21.6492663534486	-14.3177038747578
			21.6492663534486	-14.3263394018234
			21.6492663534486	-14.334974928889
			21.6492663534486	-14.3436104559546
			21.6492663534486	-14.3522459830201
			21.640630826383	-14.3608815100857
			21.640630826383	-14.3695170371513
			21.6319952993174	-14.3781525642169
			21.6319952993174	-14.3867880912825
			21.6233597722518	-14.3954236183481
			21.6233597722518	-14.4040591454137
			21.6147242451862	-14.4126946724793
			21.6147242451862	-14.4213301995449
			21.6060887181206	-14.4299657266105
			21.597453191055	-14.4386012536761
			21.5888176639894	-14.4472367807417
			21.5801821369238	-14.4558723078073
			21.5715466098582	-14.4645078348729
			21.5629110827926	-14.4645078348729
			21.5629110827926	-14.4731433619385
			21.554275555727	-14.4817788890041
			21.5456400286614	-14.4904144160697
			21.5370045015958	-14.4990499431353
			21.5283689745302	-14.4990499431353
			21.5197334474646	-14.5076854702009
			21.511097920399	-14.5163209972665
			21.5024623933334	-14.5249565243321
			21.4938268662678	-14.5335920513977
			21.4851913392022	-14.5422275784633
			21.4765558121366	-14.5422275784633
			21.4679202850711	-14.5422275784633
			21.4592847580055	-14.5508631055288
			21.4506492309399	-14.5594986325944
			21.4420137038743	-14.5594986325944
			21.4333781768087	-14.56813415966
			21.4247426497431	-14.56813415966
			21.4161071226775	-14.5767696867256
			21.4074715956119	-14.5767696867256
			21.4074715956119	-14.5854052137912
			21.3988360685463	-14.5854052137912
			21.3902005414807	-14.5854052137912
			21.3815650144151	-14.5940407408568
			21.3729294873495	-14.5940407408568
			21.3642939602839	-14.5940407408568
			21.3556584332183	-14.6026762679224
			21.3470229061527	-14.6026762679224
			21.3383873790871	-14.611311794988
			21.3297518520215	-14.611311794988
			21.3211163249559	-14.6199473220536
			21.3124807978903	-14.6199473220536
			21.3038452708247	-14.6199473220536
			21.2952097437591	-14.6285828491192
			21.2865742166935	-14.6285828491192
			21.2779386896279	-14.6372183761848
			21.2693031625623	-14.6372183761848
			21.2606676354968	-14.6372183761848
			21.2520321084312	-14.6458539032504
			21.2433965813656	-14.6458539032504
			21.2347610543	-14.654489430316
			21.2261255272344	-14.654489430316
		</Outline4>
	</curves.scaled>
	<ruler.points type=matrix rownames=TRUE colnames=FALSE nrow=2 ncol=2 as.numeric=TRUE >
		Ruler point 1	3331	2613
		Ruler point 2	2173	2617
	</ruler.points>
</shapes>

