<shapes type=list>
	<ruler.pixel type=vector names=FALSE length=1 as.numeric=TRUE >890.002247188174</ruler.pixel>
	<ruler.interval type=vector names=FALSE length=1 as.numeric=TRUE >10</ruler.interval>
	<scaling.units type=vector names=FALSE length=1 as.numeric=FALSE >mm</scaling.units>
	<scaling type=vector names=FALSE length=1 as.numeric=TRUE >0.0112359266862454</scaling>
	<landmarks.pixel type=matrix rownames=TRUE colnames=FALSE nrow=4 ncol=2 as.numeric=TRUE >
		Labial	2491	2062
		Posterior	2380	2026
		Lingual	2439	1923
		Anterior	2550	1963
	</landmarks.pixel>
	<landmarks.scaled type=matrix rownames=TRUE colnames=FALSE nrow=4 ncol=2 as.numeric=TRUE >
		Labial	27.9886933754373	-23.1684808270381
		Posterior	26.7415055132641	-22.7639874663332
		Lingual	27.4044251877526	-21.6066870176499
		Anterior	28.6516130499258	-22.0561240850998
	</landmarks.scaled>
	<curves.control type=list>
		<Outline1 type=matrix rownames=FALSE colnames=FALSE nrow=21 ncol=2 as.numeric=TRUE >
			2491	2062
			2486	2066
			2481	2072
			2475	2078
			2468	2084
			2460	2088
			2451	2093
			2442	2096
			2432	2099
			2423	2098
			2413	2097
			2407	2093
			2400	2089
			2394	2084
			2389	2077
			2386	2068
			2385	2058
			2384	2050
			2382	2042
			2381	2034
			2380	2026
		</Outline1>
		<Outline2 type=matrix rownames=FALSE colnames=FALSE nrow=17 ncol=2 as.numeric=TRUE >
			2380	2026
			2378	2017
			2377	2008
			2375	1999
			2376	1989
			2378	1978
			2381	1968
			2385	1960
			2389	1954
			2393	1948
			2397	1941
			2402	1935
			2409	1931
			2414	1928
			2420	1926
			2427	1925
			2439	1923
		</Outline2>
		<Outline3 type=matrix rownames=FALSE colnames=FALSE nrow=19 ncol=2 as.numeric=TRUE >
			2439	1923
			2448	1922
			2455	1921
			2463	1919
			2471	1916
			2480	1915
			2489	1914
			2497	1913
			2507	1913
			2515	1915
			2522	1917
			2529	1920
			2534	1924
			2539	1931
			2542	1938
			2545	1944
			2547	1951
			2549	1957
			2550	1963
		</Outline3>
		<Outline4 type=matrix rownames=FALSE colnames=FALSE nrow=19 ncol=2 as.numeric=TRUE >
			2550	1963
			2551	1972
			2552	1981
			2552	1988
			2552	1995
			2552	2003
			2551	2010
			2548	2018
			2544	2025
			2540	2031
			2535	2037
			2528	2041
			2521	2045
			2515	2049
			2508	2053
			2504	2055
			2497	2057
			2494	2059
			2491	2062
		</Outline4>
	</curves.control>
	<curves.pixel type=list>
		<Outline1 type=matrix rownames=FALSE colnames=FALSE nrow=170 ncol=2 as.numeric=TRUE >
			2491	2062
			2490	2062
			2490	2063
			2489	2063
			2489	2064
			2488	2064
			2488	2065
			2487	2066
			2486	2066
			2486	2067
			2485	2067
			2485	2068
			2484	2068
			2484	2069
			2483	2070
			2482	2070
			2482	2071
			2481	2072
			2480	2073
			2479	2074
			2478	2075
			2477	2076
			2476	2076
			2476	2077
			2475	2078
			2474	2079
			2473	2080
			2472	2081
			2471	2081
			2470	2082
			2469	2083
			2468	2084
			2467	2085
			2466	2085
			2465	2086
			2464	2086
			2463	2087
			2462	2087
			2461	2088
			2460	2088
			2459	2089
			2458	2089
			2457	2089
			2457	2090
			2456	2090
			2455	2091
			2454	2091
			2453	2092
			2452	2092
			2451	2093
			2450	2093
			2449	2094
			2448	2094
			2447	2094
			2446	2095
			2445	2095
			2444	2095
			2443	2096
			2442	2096
			2441	2096
			2440	2096
			2439	2097
			2438	2097
			2437	2098
			2436	2098
			2435	2098
			2434	2098
			2433	2099
			2432	2099
			2431	2099
			2430	2099
			2429	2099
			2428	2099
			2427	2098
			2426	2098
			2425	2098
			2424	2098
			2423	2098
			2422	2098
			2421	2098
			2420	2098
			2419	2098
			2418	2098
			2417	2097
			2416	2097
			2415	2097
			2414	2097
			2413	2097
			2412	2097
			2412	2096
			2411	2096
			2411	2095
			2410	2095
			2409	2095
			2409	2094
			2408	2094
			2407	2093
			2406	2092
			2405	2092
			2404	2091
			2403	2091
			2402	2090
			2401	2090
			2400	2089
			2399	2088
			2398	2087
			2397	2086
			2396	2086
			2395	2085
			2395	2084
			2394	2083
			2393	2082
			2392	2081
			2391	2080
			2391	2079
			2390	2078
			2389	2077
			2389	2076
			2388	2075
			2388	2074
			2388	2073
			2388	2072
			2387	2072
			2387	2071
			2387	2070
			2387	2069
			2387	2068
			2386	2067
			2386	2066
			2386	2065
			2386	2064
			2386	2063
			2385	2062
			2385	2061
			2385	2060
			2385	2059
			2385	2058
			2385	2057
			2385	2056
			2385	2055
			2384	2054
			2384	2053
			2384	2052
			2384	2051
			2384	2050
			2384	2049
			2383	2048
			2383	2047
			2383	2046
			2383	2045
			2382	2044
			2382	2043
			2382	2042
			2382	2041
			2382	2040
			2382	2039
			2382	2038
			2381	2038
			2381	2037
			2381	2036
			2381	2035
			2381	2034
			2381	2033
			2381	2032
			2381	2031
			2381	2030
			2380	2029
			2380	2028
			2380	2027
			2380	2026
		</Outline1>
		<Outline2 type=matrix rownames=FALSE colnames=FALSE nrow=131 ncol=2 as.numeric=TRUE >
			2380	2026
			2380	2025
			2380	2024
			2379	2023
			2379	2022
			2379	2021
			2379	2020
			2379	2019
			2378	2018
			2378	2017
			2378	2016
			2378	2015
			2378	2014
			2378	2013
			2377	2012
			2377	2011
			2377	2010
			2377	2009
			2377	2008
			2377	2007
			2377	2006
			2376	2005
			2376	2004
			2376	2003
			2376	2002
			2376	2001
			2376	2000
			2376	1999
			2376	1998
			2376	1997
			2376	1996
			2376	1995
			2376	1994
			2376	1993
			2376	1992
			2376	1991
			2376	1990
			2376	1989
			2376	1988
			2376	1987
			2377	1986
			2377	1985
			2377	1984
			2377	1983
			2377	1982
			2378	1981
			2378	1980
			2378	1979
			2378	1978
			2379	1977
			2379	1976
			2379	1975
			2379	1974
			2380	1973
			2380	1972
			2380	1971
			2381	1970
			2381	1969
			2381	1968
			2382	1967
			2382	1966
			2383	1965
			2383	1964
			2383	1963
			2384	1963
			2384	1962
			2385	1961
			2385	1960
			2386	1960
			2386	1959
			2386	1958
			2387	1957
			2388	1956
			2389	1955
			2389	1954
			2390	1953
			2390	1952
			2391	1951
			2392	1950
			2392	1949
			2393	1948
			2394	1947
			2394	1946
			2395	1945
			2395	1944
			2396	1943
			2397	1942
			2397	1941
			2398	1940
			2399	1939
			2400	1938
			2401	1937
			2402	1936
			2403	1935
			2404	1934
			2405	1933
			2406	1933
			2407	1932
			2408	1931
			2409	1931
			2410	1931
			2410	1930
			2411	1930
			2412	1929
			2413	1929
			2414	1928
			2415	1928
			2416	1928
			2417	1927
			2418	1927
			2419	1926
			2420	1926
			2421	1926
			2422	1926
			2423	1926
			2424	1925
			2425	1925
			2426	1925
			2427	1925
			2428	1925
			2429	1925
			2430	1925
			2431	1924
			2432	1924
			2433	1924
			2434	1924
			2435	1924
			2436	1924
			2437	1923
			2438	1923
			2439	1923
		</Outline2>
		<Outline3 type=matrix rownames=FALSE colnames=FALSE nrow=140 ncol=2 as.numeric=TRUE >
			2439	1923
			2440	1923
			2441	1923
			2442	1923
			2443	1922
			2444	1922
			2445	1922
			2446	1922
			2447	1922
			2448	1922
			2449	1922
			2450	1922
			2451	1922
			2452	1921
			2453	1921
			2454	1921
			2455	1921
			2456	1921
			2457	1921
			2458	1920
			2459	1920
			2460	1920
			2461	1919
			2462	1919
			2463	1919
			2464	1919
			2464	1918
			2465	1918
			2466	1918
			2467	1917
			2468	1917
			2469	1917
			2470	1916
			2471	1916
			2472	1916
			2473	1916
			2474	1916
			2475	1916
			2476	1915
			2477	1915
			2478	1915
			2479	1915
			2480	1915
			2481	1915
			2482	1915
			2483	1915
			2484	1915
			2485	1914
			2486	1914
			2487	1914
			2488	1914
			2489	1914
			2490	1914
			2491	1914
			2492	1914
			2493	1914
			2494	1913
			2495	1913
			2496	1913
			2497	1913
			2498	1913
			2499	1913
			2500	1913
			2501	1913
			2502	1913
			2503	1913
			2504	1913
			2505	1913
			2506	1913
			2507	1913
			2508	1913
			2509	1913
			2510	1914
			2511	1914
			2512	1914
			2513	1914
			2513	1915
			2514	1915
			2515	1915
			2516	1915
			2517	1916
			2518	1916
			2519	1916
			2520	1916
			2521	1917
			2522	1917
			2523	1918
			2524	1918
			2525	1919
			2526	1919
			2527	1919
			2528	1920
			2529	1921
			2530	1921
			2531	1922
			2532	1923
			2533	1923
			2534	1924
			2535	1925
			2535	1926
			2536	1927
			2536	1928
			2537	1928
			2537	1929
			2538	1930
			2538	1931
			2539	1931
			2539	1932
			2540	1933
			2540	1934
			2541	1935
			2541	1936
			2541	1937
			2542	1938
			2542	1939
			2543	1939
			2543	1940
			2543	1941
			2544	1942
			2544	1943
			2545	1944
			2545	1945
			2546	1946
			2546	1947
			2546	1948
			2547	1949
			2547	1950
			2547	1951
			2547	1952
			2548	1953
			2548	1954
			2548	1955
			2549	1956
			2549	1957
			2549	1958
			2549	1959
			2549	1960
			2550	1961
			2550	1962
			2550	1963
		</Outline3>
		<Outline4 type=matrix rownames=FALSE colnames=FALSE nrow=133 ncol=2 as.numeric=TRUE >
			2550	1963
			2550	1964
			2550	1965
			2550	1966
			2550	1967
			2551	1968
			2551	1969
			2551	1970
			2551	1971
			2551	1972
			2551	1973
			2551	1974
			2551	1975
			2551	1976
			2552	1977
			2552	1978
			2552	1979
			2552	1980
			2552	1981
			2552	1982
			2552	1983
			2552	1984
			2552	1985
			2552	1986
			2552	1987
			2552	1988
			2552	1989
			2552	1990
			2552	1991
			2552	1992
			2552	1993
			2552	1994
			2552	1995
			2552	1996
			2552	1997
			2552	1998
			2552	1999
			2552	2000
			2552	2001
			2552	2002
			2552	2003
			2552	2004
			2552	2005
			2551	2006
			2551	2007
			2551	2008
			2551	2009
			2551	2010
			2551	2011
			2550	2012
			2550	2013
			2549	2014
			2549	2015
			2549	2016
			2548	2016
			2548	2017
			2548	2018
			2547	2019
			2547	2020
			2546	2021
			2546	2022
			2545	2023
			2545	2024
			2544	2025
			2543	2026
			2543	2027
			2542	2027
			2542	2028
			2541	2029
			2541	2030
			2540	2030
			2540	2031
			2539	2032
			2538	2033
			2538	2034
			2537	2034
			2537	2035
			2536	2036
			2535	2037
			2534	2038
			2533	2038
			2532	2039
			2531	2039
			2531	2040
			2530	2040
			2529	2040
			2529	2041
			2528	2041
			2527	2041
			2527	2042
			2526	2042
			2525	2042
			2525	2043
			2524	2043
			2523	2044
			2522	2044
			2521	2045
			2520	2046
			2519	2047
			2518	2047
			2517	2047
			2517	2048
			2516	2048
			2515	2049
			2514	2049
			2514	2050
			2513	2050
			2512	2051
			2511	2051
			2510	2052
			2509	2052
			2508	2053
			2507	2053
			2507	2054
			2506	2054
			2505	2054
			2504	2055
			2503	2055
			2502	2055
			2501	2056
			2500	2056
			2499	2056
			2498	2057
			2497	2057
			2496	2057
			2496	2058
			2495	2058
			2495	2059
			2494	2059
			2493	2060
			2493	2061
			2492	2061
			2491	2062
		</Outline4>
	</curves.pixel>
	<curves.scaled type=list>
		<Outline1 type=matrix rownames=FALSE colnames=FALSE nrow=170 ncol=2 as.numeric=TRUE >
			27.9886933754373	-23.1684808270381
			27.9774574487511	-23.1684808270381
			27.9774574487511	-23.1797167537243
			27.9662215220648	-23.1797167537243
			27.9662215220648	-23.1909526804105
			27.9549855953786	-23.1909526804105
			27.9549855953786	-23.2021886070968
			27.9437496686924	-23.213424533783
			27.9325137420061	-23.213424533783
			27.9325137420061	-23.2246604604693
			27.9212778153199	-23.2246604604693
			27.9212778153199	-23.2358963871555
			27.9100418886336	-23.2358963871555
			27.9100418886336	-23.2471323138418
			27.8988059619474	-23.258368240528
			27.8875700352611	-23.258368240528
			27.8875700352611	-23.2696041672143
			27.8763341085749	-23.2808400939005
			27.8650981818886	-23.2920760205868
			27.8538622552024	-23.303311947273
			27.8426263285162	-23.3145478739592
			27.8313904018299	-23.3257838006455
			27.8201544751437	-23.3257838006455
			27.8201544751437	-23.3370197273317
			27.8089185484574	-23.348255654018
			27.7976826217712	-23.3594915807042
			27.7864466950849	-23.3707275073905
			27.7752107683987	-23.3819634340767
			27.7639748417124	-23.3819634340767
			27.7527389150262	-23.393199360763
			27.7415029883399	-23.4044352874492
			27.7302670616537	-23.4156712141355
			27.7190311349675	-23.4269071408217
			27.7077952082812	-23.4269071408217
			27.696559281595	-23.4381430675079
			27.6853233549087	-23.4381430675079
			27.6740874282225	-23.4493789941942
			27.6628515015362	-23.4493789941942
			27.65161557485	-23.4606149208804
			27.6403796481637	-23.4606149208804
			27.6291437214775	-23.4718508475667
			27.6179077947912	-23.4718508475667
			27.606671868105	-23.4718508475667
			27.606671868105	-23.4830867742529
			27.5954359414188	-23.4830867742529
			27.5842000147325	-23.4943227009392
			27.5729640880463	-23.4943227009392
			27.56172816136	-23.5055586276254
			27.5504922346738	-23.5055586276254
			27.5392563079875	-23.5167945543117
			27.5280203813013	-23.5167945543117
			27.516784454615	-23.5280304809979
			27.5055485279288	-23.5280304809979
			27.4943126012425	-23.5280304809979
			27.4830766745563	-23.5392664076842
			27.4718407478701	-23.5392664076842
			27.4606048211838	-23.5392664076842
			27.4493688944976	-23.5505023343704
			27.4381329678113	-23.5505023343704
			27.4268970411251	-23.5505023343704
			27.4156611144388	-23.5505023343704
			27.4044251877526	-23.5617382610566
			27.3931892610663	-23.5617382610566
			27.3819533343801	-23.5729741877429
			27.3707174076938	-23.5729741877429
			27.3594814810076	-23.5729741877429
			27.3482455543214	-23.5729741877429
			27.3370096276351	-23.5842101144291
			27.3257737009489	-23.5842101144291
			27.3145377742626	-23.5842101144291
			27.3033018475764	-23.5842101144291
			27.2920659208901	-23.5842101144291
			27.2808299942039	-23.5842101144291
			27.2695940675176	-23.5729741877429
			27.2583581408314	-23.5729741877429
			27.2471222141451	-23.5729741877429
			27.2358862874589	-23.5729741877429
			27.2246503607727	-23.5729741877429
			27.2134144340864	-23.5729741877429
			27.2021785074002	-23.5729741877429
			27.1909425807139	-23.5729741877429
			27.1797066540277	-23.5729741877429
			27.1684707273414	-23.5729741877429
			27.1572348006552	-23.5617382610566
			27.1459988739689	-23.5617382610566
			27.1347629472827	-23.5617382610566
			27.1235270205964	-23.5617382610566
			27.1122910939102	-23.5617382610566
			27.101055167224	-23.5617382610566
			27.101055167224	-23.5505023343704
			27.0898192405377	-23.5505023343704
			27.0898192405377	-23.5392664076842
			27.0785833138515	-23.5392664076842
			27.0673473871652	-23.5392664076842
			27.0673473871652	-23.5280304809979
			27.056111460479	-23.5280304809979
			27.0448755337927	-23.5167945543117
			27.0336396071065	-23.5055586276254
			27.0224036804202	-23.5055586276254
			27.011167753734	-23.4943227009392
			26.9999318270477	-23.4943227009392
			26.9886959003615	-23.4830867742529
			26.9774599736753	-23.4830867742529
			26.966224046989	-23.4718508475667
			26.9549881203028	-23.4606149208804
			26.9437521936165	-23.4493789941942
			26.9325162669303	-23.4381430675079
			26.921280340244	-23.4381430675079
			26.9100444135578	-23.4269071408217
			26.9100444135578	-23.4156712141355
			26.8988084868715	-23.4044352874492
			26.8875725601853	-23.393199360763
			26.876336633499	-23.3819634340767
			26.8651007068128	-23.3707275073905
			26.8651007068128	-23.3594915807042
			26.8538647801266	-23.348255654018
			26.8426288534403	-23.3370197273317
			26.8426288534403	-23.3257838006455
			26.8313929267541	-23.3145478739592
			26.8313929267541	-23.303311947273
			26.8313929267541	-23.2920760205868
			26.8313929267541	-23.2808400939005
			26.8201570000678	-23.2808400939005
			26.8201570000678	-23.2696041672143
			26.8201570000678	-23.258368240528
			26.8201570000678	-23.2471323138418
			26.8201570000678	-23.2358963871555
			26.8089210733816	-23.2246604604693
			26.8089210733816	-23.213424533783
			26.8089210733816	-23.2021886070968
			26.8089210733816	-23.1909526804105
			26.8089210733816	-23.1797167537243
			26.7976851466953	-23.1684808270381
			26.7976851466953	-23.1572449003518
			26.7976851466953	-23.1460089736656
			26.7976851466953	-23.1347730469793
			26.7976851466953	-23.1235371202931
			26.7976851466953	-23.1123011936068
			26.7976851466953	-23.1010652669206
			26.7976851466953	-23.0898293402343
			26.7864492200091	-23.0785934135481
			26.7864492200091	-23.0673574868618
			26.7864492200091	-23.0561215601756
			26.7864492200091	-23.0448856334894
			26.7864492200091	-23.0336497068031
			26.7864492200091	-23.0224137801169
			26.7752132933228	-23.0111778534306
			26.7752132933228	-22.9999419267444
			26.7752132933228	-22.9887060000581
			26.7752132933228	-22.9774700733719
			26.7639773666366	-22.9662341466856
			26.7639773666366	-22.9549982199994
			26.7639773666366	-22.9437622933131
			26.7639773666366	-22.9325263666269
			26.7639773666366	-22.9212904399407
			26.7639773666366	-22.9100545132544
			26.7639773666366	-22.8988185865682
			26.7527414399503	-22.8988185865682
			26.7527414399503	-22.8875826598819
			26.7527414399503	-22.8763467331957
			26.7527414399503	-22.8651108065094
			26.7527414399503	-22.8538748798232
			26.7527414399503	-22.8426389531369
			26.7527414399503	-22.8314030264507
			26.7527414399503	-22.8201670997644
			26.7527414399503	-22.8089311730782
			26.7415055132641	-22.797695246392
			26.7415055132641	-22.7864593197057
			26.7415055132641	-22.7752233930195
			26.7415055132641	-22.7639874663332
		</Outline1>
		<Outline2 type=matrix rownames=FALSE colnames=FALSE nrow=131 ncol=2 as.numeric=TRUE >
			26.7415055132641	-22.7639874663332
			26.7415055132641	-22.752751539647
			26.7415055132641	-22.7415156129607
			26.7302695865779	-22.7302796862745
			26.7302695865779	-22.7190437595882
			26.7302695865779	-22.707807832902
			26.7302695865779	-22.6965719062157
			26.7302695865779	-22.6853359795295
			26.7190336598916	-22.6741000528433
			26.7190336598916	-22.662864126157
			26.7190336598916	-22.6516281994708
			26.7190336598916	-22.6403922727845
			26.7190336598916	-22.6291563460983
			26.7190336598916	-22.617920419412
			26.7077977332054	-22.6066844927258
			26.7077977332054	-22.5954485660395
			26.7077977332054	-22.5842126393533
			26.7077977332054	-22.572976712667
			26.7077977332054	-22.5617407859808
			26.7077977332054	-22.5505048592946
			26.7077977332054	-22.5392689326083
			26.6965618065191	-22.5280330059221
			26.6965618065191	-22.5167970792358
			26.6965618065191	-22.5055611525496
			26.6965618065191	-22.4943252258633
			26.6965618065191	-22.4830892991771
			26.6965618065191	-22.4718533724908
			26.6965618065191	-22.4606174458046
			26.6965618065191	-22.4493815191184
			26.6965618065191	-22.4381455924321
			26.6965618065191	-22.4269096657459
			26.6965618065191	-22.4156737390596
			26.6965618065191	-22.4044378123734
			26.6965618065191	-22.3932018856871
			26.6965618065191	-22.3819659590009
			26.6965618065191	-22.3707300323146
			26.6965618065191	-22.3594941056284
			26.6965618065191	-22.3482581789421
			26.6965618065191	-22.3370222522559
			26.6965618065191	-22.3257863255696
			26.7077977332054	-22.3145503988834
			26.7077977332054	-22.3033144721972
			26.7077977332054	-22.2920785455109
			26.7077977332054	-22.2808426188247
			26.7077977332054	-22.2696066921384
			26.7190336598916	-22.2583707654522
			26.7190336598916	-22.2471348387659
			26.7190336598916	-22.2358989120797
			26.7190336598916	-22.2246629853934
			26.7302695865779	-22.2134270587072
			26.7302695865779	-22.2021911320209
			26.7302695865779	-22.1909552053347
			26.7302695865779	-22.1797192786485
			26.7415055132641	-22.1684833519622
			26.7415055132641	-22.157247425276
			26.7415055132641	-22.1460114985897
			26.7527414399503	-22.1347755719035
			26.7527414399503	-22.1235396452172
			26.7527414399503	-22.112303718531
			26.7639773666366	-22.1010677918447
			26.7639773666366	-22.0898318651585
			26.7752132933228	-22.0785959384723
			26.7752132933228	-22.067360011786
			26.7752132933228	-22.0561240850998
			26.7864492200091	-22.0561240850998
			26.7864492200091	-22.0448881584135
			26.7976851466953	-22.0336522317273
			26.7976851466953	-22.022416305041
			26.8089210733816	-22.022416305041
			26.8089210733816	-22.0111803783548
			26.8089210733816	-21.9999444516685
			26.8201570000678	-21.9887085249823
			26.8313929267541	-21.977472598296
			26.8426288534403	-21.9662366716098
			26.8426288534403	-21.9550007449236
			26.8538647801266	-21.9437648182373
			26.8538647801266	-21.9325288915511
			26.8651007068128	-21.9212929648648
			26.876336633499	-21.9100570381786
			26.876336633499	-21.8988211114923
			26.8875725601853	-21.8875851848061
			26.8988084868715	-21.8763492581198
			26.8988084868715	-21.8651133314336
			26.9100444135578	-21.8538774047473
			26.9100444135578	-21.8426414780611
			26.921280340244	-21.8314055513748
			26.9325162669303	-21.8201696246886
			26.9325162669303	-21.8089336980024
			26.9437521936165	-21.7976977713161
			26.9549881203028	-21.7864618446299
			26.966224046989	-21.7752259179436
			26.9774599736753	-21.7639899912574
			26.9886959003615	-21.7527540645711
			26.9999318270477	-21.7415181378849
			27.011167753734	-21.7302822111986
			27.0224036804202	-21.7190462845124
			27.0336396071065	-21.7190462845124
			27.0448755337927	-21.7078103578262
			27.056111460479	-21.6965744311399
			27.0673473871652	-21.6965744311399
			27.0785833138515	-21.6965744311399
			27.0785833138515	-21.6853385044537
			27.0898192405377	-21.6853385044537
			27.101055167224	-21.6741025777674
			27.1122910939102	-21.6741025777674
			27.1235270205964	-21.6628666510812
			27.1347629472827	-21.6628666510812
			27.1459988739689	-21.6628666510812
			27.1572348006552	-21.6516307243949
			27.1684707273414	-21.6516307243949
			27.1797066540277	-21.6403947977087
			27.1909425807139	-21.6403947977087
			27.2021785074002	-21.6403947977087
			27.2134144340864	-21.6403947977087
			27.2246503607727	-21.6403947977087
			27.2358862874589	-21.6291588710224
			27.2471222141451	-21.6291588710224
			27.2583581408314	-21.6291588710224
			27.2695940675176	-21.6291588710224
			27.2808299942039	-21.6291588710224
			27.2920659208901	-21.6291588710224
			27.3033018475764	-21.6291588710224
			27.3145377742626	-21.6179229443362
			27.3257737009489	-21.6179229443362
			27.3370096276351	-21.6179229443362
			27.3482455543214	-21.6179229443362
			27.3594814810076	-21.6179229443362
			27.3707174076938	-21.6179229443362
			27.3819533343801	-21.6066870176499
			27.3931892610663	-21.6066870176499
			27.4044251877526	-21.6066870176499
		</Outline2>
		<Outline3 type=matrix rownames=FALSE colnames=FALSE nrow=140 ncol=2 as.numeric=TRUE >
			27.4044251877526	-21.6066870176499
			27.4156611144388	-21.6066870176499
			27.4268970411251	-21.6066870176499
			27.4381329678113	-21.6066870176499
			27.4493688944976	-21.5954510909637
			27.4606048211838	-21.5954510909637
			27.4718407478701	-21.5954510909637
			27.4830766745563	-21.5954510909637
			27.4943126012425	-21.5954510909637
			27.5055485279288	-21.5954510909637
			27.516784454615	-21.5954510909637
			27.5280203813013	-21.5954510909637
			27.5392563079875	-21.5954510909637
			27.5504922346738	-21.5842151642775
			27.56172816136	-21.5842151642775
			27.5729640880463	-21.5842151642775
			27.5842000147325	-21.5842151642775
			27.5954359414188	-21.5842151642775
			27.606671868105	-21.5842151642775
			27.6179077947912	-21.5729792375912
			27.6291437214775	-21.5729792375912
			27.6403796481637	-21.5729792375912
			27.65161557485	-21.561743310905
			27.6628515015362	-21.561743310905
			27.6740874282225	-21.561743310905
			27.6853233549087	-21.561743310905
			27.6853233549087	-21.5505073842187
			27.696559281595	-21.5505073842187
			27.7077952082812	-21.5505073842187
			27.7190311349675	-21.5392714575325
			27.7302670616537	-21.5392714575325
			27.7415029883399	-21.5392714575325
			27.7527389150262	-21.5280355308462
			27.7639748417124	-21.5280355308462
			27.7752107683987	-21.5280355308462
			27.7864466950849	-21.5280355308462
			27.7976826217712	-21.5280355308462
			27.8089185484574	-21.5280355308462
			27.8201544751437	-21.51679960416
			27.8313904018299	-21.51679960416
			27.8426263285162	-21.51679960416
			27.8538622552024	-21.51679960416
			27.8650981818886	-21.51679960416
			27.8763341085749	-21.51679960416
			27.8875700352611	-21.51679960416
			27.8988059619474	-21.51679960416
			27.9100418886336	-21.51679960416
			27.9212778153199	-21.5055636774737
			27.9325137420061	-21.5055636774737
			27.9437496686924	-21.5055636774737
			27.9549855953786	-21.5055636774737
			27.9662215220648	-21.5055636774737
			27.9774574487511	-21.5055636774737
			27.9886933754373	-21.5055636774737
			27.9999293021236	-21.5055636774737
			28.0111652288098	-21.5055636774737
			28.0224011554961	-21.4943277507875
			28.0336370821823	-21.4943277507875
			28.0448730088686	-21.4943277507875
			28.0561089355548	-21.4943277507875
			28.0673448622411	-21.4943277507875
			28.0785807889273	-21.4943277507875
			28.0898167156136	-21.4943277507875
			28.1010526422998	-21.4943277507875
			28.112288568986	-21.4943277507875
			28.1235244956723	-21.4943277507875
			28.1347604223585	-21.4943277507875
			28.1459963490448	-21.4943277507875
			28.157232275731	-21.4943277507875
			28.1684682024173	-21.4943277507875
			28.1797041291035	-21.4943277507875
			28.1909400557898	-21.4943277507875
			28.202175982476	-21.5055636774737
			28.2134119091623	-21.5055636774737
			28.2246478358485	-21.5055636774737
			28.2358837625347	-21.5055636774737
			28.2358837625347	-21.51679960416
			28.247119689221	-21.51679960416
			28.2583556159072	-21.51679960416
			28.2695915425935	-21.51679960416
			28.2808274692797	-21.5280355308462
			28.292063395966	-21.5280355308462
			28.3032993226522	-21.5280355308462
			28.3145352493385	-21.5280355308462
			28.3257711760247	-21.5392714575325
			28.3370071027109	-21.5392714575325
			28.3482430293972	-21.5505073842187
			28.3594789560834	-21.5505073842187
			28.3707148827697	-21.561743310905
			28.3819508094559	-21.561743310905
			28.3931867361422	-21.561743310905
			28.4044226628284	-21.5729792375912
			28.4156585895147	-21.5842151642775
			28.4268945162009	-21.5842151642775
			28.4381304428872	-21.5954510909637
			28.4493663695734	-21.6066870176499
			28.4606022962596	-21.6066870176499
			28.4718382229459	-21.6179229443362
			28.4830741496321	-21.6291588710224
			28.4830741496321	-21.6403947977087
			28.4943100763184	-21.6516307243949
			28.4943100763184	-21.6628666510812
			28.5055460030046	-21.6628666510812
			28.5055460030046	-21.6741025777674
			28.5167819296909	-21.6853385044537
			28.5167819296909	-21.6965744311399
			28.5280178563771	-21.6965744311399
			28.5280178563771	-21.7078103578262
			28.5392537830634	-21.7190462845124
			28.5392537830634	-21.7302822111986
			28.5504897097496	-21.7415181378849
			28.5504897097496	-21.7527540645711
			28.5504897097496	-21.7639899912574
			28.5617256364359	-21.7752259179436
			28.5617256364359	-21.7864618446299
			28.5729615631221	-21.7864618446299
			28.5729615631221	-21.7976977713161
			28.5729615631221	-21.8089336980024
			28.5841974898083	-21.8201696246886
			28.5841974898083	-21.8314055513748
			28.5954334164946	-21.8426414780611
			28.5954334164946	-21.8538774047473
			28.6066693431808	-21.8651133314336
			28.6066693431808	-21.8763492581198
			28.6066693431808	-21.8875851848061
			28.6179052698671	-21.8988211114923
			28.6179052698671	-21.9100570381786
			28.6179052698671	-21.9212929648648
			28.6179052698671	-21.9325288915511
			28.6291411965533	-21.9437648182373
			28.6291411965533	-21.9550007449236
			28.6291411965533	-21.9662366716098
			28.6403771232396	-21.977472598296
			28.6403771232396	-21.9887085249823
			28.6403771232396	-21.9999444516685
			28.6403771232396	-22.0111803783548
			28.6403771232396	-22.022416305041
			28.6516130499258	-22.0336522317273
			28.6516130499258	-22.0448881584135
			28.6516130499258	-22.0561240850998
		</Outline3>
		<Outline4 type=matrix rownames=FALSE colnames=FALSE nrow=133 ncol=2 as.numeric=TRUE >
			28.6516130499258	-22.0561240850998
			28.6516130499258	-22.067360011786
			28.6516130499258	-22.0785959384723
			28.6516130499258	-22.0898318651585
			28.6516130499258	-22.1010677918447
			28.6628489766121	-22.112303718531
			28.6628489766121	-22.1235396452172
			28.6628489766121	-22.1347755719035
			28.6628489766121	-22.1460114985897
			28.6628489766121	-22.157247425276
			28.6628489766121	-22.1684833519622
			28.6628489766121	-22.1797192786485
			28.6628489766121	-22.1909552053347
			28.6628489766121	-22.2021911320209
			28.6740849032983	-22.2134270587072
			28.6740849032983	-22.2246629853934
			28.6740849032983	-22.2358989120797
			28.6740849032983	-22.2471348387659
			28.6740849032983	-22.2583707654522
			28.6740849032983	-22.2696066921384
			28.6740849032983	-22.2808426188247
			28.6740849032983	-22.2920785455109
			28.6740849032983	-22.3033144721972
			28.6740849032983	-22.3145503988834
			28.6740849032983	-22.3257863255696
			28.6740849032983	-22.3370222522559
			28.6740849032983	-22.3482581789421
			28.6740849032983	-22.3594941056284
			28.6740849032983	-22.3707300323146
			28.6740849032983	-22.3819659590009
			28.6740849032983	-22.3932018856871
			28.6740849032983	-22.4044378123734
			28.6740849032983	-22.4156737390596
			28.6740849032983	-22.4269096657459
			28.6740849032983	-22.4381455924321
			28.6740849032983	-22.4493815191184
			28.6740849032983	-22.4606174458046
			28.6740849032983	-22.4718533724908
			28.6740849032983	-22.4830892991771
			28.6740849032983	-22.4943252258633
			28.6740849032983	-22.5055611525496
			28.6740849032983	-22.5167970792358
			28.6740849032983	-22.5280330059221
			28.6628489766121	-22.5392689326083
			28.6628489766121	-22.5505048592946
			28.6628489766121	-22.5617407859808
			28.6628489766121	-22.572976712667
			28.6628489766121	-22.5842126393533
			28.6628489766121	-22.5954485660395
			28.6516130499258	-22.6066844927258
			28.6516130499258	-22.617920419412
			28.6403771232396	-22.6291563460983
			28.6403771232396	-22.6403922727845
			28.6403771232396	-22.6516281994708
			28.6291411965533	-22.6516281994708
			28.6291411965533	-22.662864126157
			28.6291411965533	-22.6741000528433
			28.6179052698671	-22.6853359795295
			28.6179052698671	-22.6965719062157
			28.6066693431808	-22.707807832902
			28.6066693431808	-22.7190437595882
			28.5954334164946	-22.7302796862745
			28.5954334164946	-22.7415156129607
			28.5841974898083	-22.752751539647
			28.5729615631221	-22.7639874663332
			28.5729615631221	-22.7752233930195
			28.5617256364359	-22.7752233930195
			28.5617256364359	-22.7864593197057
			28.5504897097496	-22.797695246392
			28.5504897097496	-22.8089311730782
			28.5392537830634	-22.8089311730782
			28.5392537830634	-22.8201670997644
			28.5280178563771	-22.8314030264507
			28.5167819296909	-22.8426389531369
			28.5167819296909	-22.8538748798232
			28.5055460030046	-22.8538748798232
			28.5055460030046	-22.8651108065094
			28.4943100763184	-22.8763467331957
			28.4830741496321	-22.8875826598819
			28.4718382229459	-22.8988185865682
			28.4606022962596	-22.8988185865682
			28.4493663695734	-22.9100545132544
			28.4381304428872	-22.9100545132544
			28.4381304428872	-22.9212904399407
			28.4268945162009	-22.9212904399407
			28.4156585895147	-22.9212904399407
			28.4156585895147	-22.9325263666269
			28.4044226628284	-22.9325263666269
			28.3931867361422	-22.9325263666269
			28.3931867361422	-22.9437622933131
			28.3819508094559	-22.9437622933131
			28.3707148827697	-22.9437622933131
			28.3707148827697	-22.9549982199994
			28.3594789560834	-22.9549982199994
			28.3482430293972	-22.9662341466856
			28.3370071027109	-22.9662341466856
			28.3257711760247	-22.9774700733719
			28.3145352493385	-22.9887060000581
			28.3032993226522	-22.9999419267444
			28.292063395966	-22.9999419267444
			28.2808274692797	-22.9999419267444
			28.2808274692797	-23.0111778534306
			28.2695915425935	-23.0111778534306
			28.2583556159072	-23.0224137801169
			28.247119689221	-23.0224137801169
			28.247119689221	-23.0336497068031
			28.2358837625347	-23.0336497068031
			28.2246478358485	-23.0448856334894
			28.2134119091623	-23.0448856334894
			28.202175982476	-23.0561215601756
			28.1909400557898	-23.0561215601756
			28.1797041291035	-23.0673574868618
			28.1684682024173	-23.0673574868618
			28.1684682024173	-23.0785934135481
			28.157232275731	-23.0785934135481
			28.1459963490448	-23.0785934135481
			28.1347604223585	-23.0898293402343
			28.1235244956723	-23.0898293402343
			28.112288568986	-23.0898293402343
			28.1010526422998	-23.1010652669206
			28.0898167156136	-23.1010652669206
			28.0785807889273	-23.1010652669206
			28.0673448622411	-23.1123011936068
			28.0561089355548	-23.1123011936068
			28.0448730088686	-23.1123011936068
			28.0448730088686	-23.1235371202931
			28.0336370821823	-23.1235371202931
			28.0336370821823	-23.1347730469793
			28.0224011554961	-23.1347730469793
			28.0111652288098	-23.1460089736656
			28.0111652288098	-23.1572449003518
			27.9999293021236	-23.1572449003518
			27.9886933754373	-23.1684808270381
		</Outline4>
	</curves.scaled>
	<ruler.points type=matrix rownames=TRUE colnames=FALSE nrow=2 ncol=2 as.numeric=TRUE >
		Ruler point 1	3148	397
		Ruler point 2	2258	395
	</ruler.points>
</shapes>

