<shapes type=list>
	<ruler.pixel type=vector names=FALSE length=1 as.numeric=TRUE >975.185110632848</ruler.pixel>
	<ruler.interval type=vector names=FALSE length=1 as.numeric=TRUE >10</ruler.interval>
	<scaling.units type=vector names=FALSE length=1 as.numeric=FALSE >mm</scaling.units>
	<scaling type=vector names=FALSE length=1 as.numeric=TRUE >0.010254463374149</scaling>
	<landmarks.pixel type=matrix rownames=TRUE colnames=FALSE nrow=4 ncol=2 as.numeric=TRUE >
		Labial	2407	1368
		Posterior	2339	1243
		Lingual	2455	1161
		Anterior	2526	1287
	</landmarks.pixel>
	<landmarks.scaled type=matrix rownames=TRUE colnames=FALSE nrow=4 ncol=2 as.numeric=TRUE >
		Labial	24.6824933415767	-14.0281058958359
		Posterior	23.9851898321346	-12.7462979740672
		Lingual	25.1747075835358	-11.905431977387
		Anterior	25.9027744831004	-13.1974943625298
	</landmarks.scaled>
	<curves.control type=list>
		<Outline1 type=matrix rownames=FALSE colnames=FALSE nrow=15 ncol=2 as.numeric=TRUE >
			2407	1368
			2397	1369
			2384	1371
			2375	1372
			2364	1373
			2354	1373
			2345	1371
			2336	1367
			2331	1360
			2326	1352
			2322	1341
			2320	1328
			2320	1314
			2324	1299
			2339	1243
		</Outline1>
		<Outline2 type=matrix rownames=FALSE colnames=FALSE nrow=15 ncol=2 as.numeric=TRUE >
			2339	1243
			2346	1221
			2353	1203
			2359	1186
			2375	1148
			2381	1143
			2389	1143
			2400	1146
			2405	1148
			2413	1149
			2424	1153
			2434	1156
			2441	1157
			2447	1159
			2455	1161
		</Outline2>
		<Outline3 type=matrix rownames=FALSE colnames=FALSE nrow=17 ncol=2 as.numeric=TRUE >
			2455	1161
			2466	1166
			2475	1171
			2485	1175
			2492	1180
			2502	1187
			2510	1193
			2517	1200
			2522	1212
			2526	1224
			2529	1232
			2531	1242
			2532	1249
			2532	1260
			2530	1271
			2528	1279
			2526	1287
		</Outline3>
		<Outline4 type=matrix rownames=FALSE colnames=FALSE nrow=15 ncol=2 as.numeric=TRUE >
			2526	1287
			2522	1299
			2515	1308
			2507	1320
			2499	1329
			2490	1337
			2478	1346
			2468	1353
			2460	1359
			2451	1365
			2443	1369
			2431	1371
			2421	1371
			2413	1370
			2407	1368
		</Outline4>
	</curves.control>
	<curves.pixel type=list>
		<Outline1 type=matrix rownames=FALSE colnames=FALSE nrow=201 ncol=2 as.numeric=TRUE >
			2407	1368
			2406	1368
			2405	1368
			2404	1368
			2403	1368
			2402	1369
			2401	1369
			2400	1369
			2399	1369
			2398	1369
			2397	1369
			2396	1369
			2395	1369
			2394	1370
			2393	1370
			2392	1370
			2391	1370
			2390	1370
			2389	1370
			2388	1370
			2387	1370
			2386	1371
			2385	1371
			2384	1371
			2383	1371
			2382	1371
			2381	1371
			2380	1371
			2379	1372
			2378	1372
			2377	1372
			2376	1372
			2375	1372
			2374	1372
			2373	1372
			2372	1372
			2371	1372
			2370	1372
			2369	1373
			2368	1373
			2367	1373
			2366	1373
			2365	1373
			2364	1373
			2363	1373
			2362	1373
			2361	1373
			2360	1373
			2359	1373
			2358	1373
			2357	1373
			2356	1373
			2355	1373
			2354	1373
			2354	1372
			2353	1372
			2352	1372
			2351	1372
			2350	1372
			2349	1372
			2348	1372
			2347	1371
			2346	1371
			2345	1371
			2344	1370
			2343	1370
			2342	1370
			2341	1369
			2340	1369
			2340	1368
			2339	1367
			2338	1367
			2337	1366
			2336	1366
			2336	1365
			2335	1365
			2334	1364
			2334	1363
			2333	1363
			2332	1362
			2332	1361
			2331	1360
			2330	1359
			2330	1358
			2329	1357
			2329	1356
			2328	1355
			2328	1354
			2327	1353
			2326	1352
			2326	1351
			2326	1350
			2325	1349
			2325	1348
			2324	1347
			2324	1346
			2324	1345
			2323	1344
			2323	1343
			2322	1342
			2322	1341
			2322	1340
			2322	1339
			2322	1338
			2321	1337
			2321	1336
			2321	1335
			2321	1334
			2321	1333
			2321	1332
			2321	1331
			2321	1330
			2321	1329
			2321	1328
			2320	1327
			2320	1326
			2320	1325
			2320	1324
			2320	1323
			2320	1322
			2320	1321
			2320	1320
			2320	1319
			2320	1318
			2320	1317
			2320	1316
			2320	1315
			2320	1314
			2320	1313
			2321	1312
			2321	1311
			2321	1310
			2321	1309
			2322	1308
			2322	1307
			2322	1306
			2322	1305
			2323	1304
			2323	1303
			2323	1302
			2323	1301
			2324	1300
			2324	1299
			2324	1298
			2325	1297
			2325	1296
			2325	1295
			2325	1294
			2326	1293
			2326	1292
			2326	1291
			2326	1290
			2327	1289
			2327	1288
			2327	1287
			2327	1286
			2328	1286
			2328	1285
			2328	1284
			2328	1283
			2329	1282
			2329	1281
			2329	1280
			2329	1279
			2330	1278
			2330	1277
			2330	1276
			2330	1275
			2331	1274
			2331	1273
			2331	1272
			2332	1271
			2332	1270
			2332	1269
			2332	1268
			2332	1267
			2333	1266
			2333	1265
			2333	1264
			2334	1263
			2334	1262
			2334	1261
			2334	1260
			2335	1259
			2335	1258
			2335	1257
			2335	1256
			2336	1255
			2336	1254
			2336	1253
			2337	1252
			2337	1251
			2337	1250
			2338	1249
			2338	1248
			2338	1247
			2338	1246
			2338	1245
			2339	1245
			2339	1244
			2339	1243
		</Outline1>
		<Outline2 type=matrix rownames=FALSE colnames=FALSE nrow=181 ncol=2 as.numeric=TRUE >
			2339	1243
			2339	1242
			2340	1241
			2340	1240
			2340	1239
			2341	1238
			2341	1237
			2341	1236
			2342	1235
			2342	1234
			2342	1233
			2342	1232
			2343	1231
			2343	1230
			2343	1229
			2344	1229
			2344	1228
			2344	1227
			2345	1226
			2345	1225
			2345	1224
			2346	1223
			2346	1222
			2346	1221
			2347	1220
			2347	1219
			2347	1218
			2348	1218
			2348	1217
			2348	1216
			2349	1215
			2349	1214
			2349	1213
			2349	1212
			2350	1211
			2350	1210
			2351	1209
			2351	1208
			2352	1207
			2352	1206
			2352	1205
			2353	1204
			2353	1203
			2353	1202
			2354	1201
			2354	1200
			2355	1199
			2355	1198
			2355	1197
			2356	1196
			2356	1195
			2356	1194
			2357	1193
			2357	1192
			2357	1191
			2358	1190
			2358	1189
			2359	1188
			2359	1187
			2359	1186
			2360	1185
			2360	1184
			2361	1183
			2361	1182
			2361	1181
			2362	1180
			2362	1179
			2363	1178
			2363	1177
			2364	1176
			2364	1175
			2364	1174
			2364	1173
			2365	1173
			2365	1172
			2365	1171
			2366	1171
			2366	1170
			2366	1169
			2367	1168
			2367	1167
			2368	1166
			2368	1165
			2368	1164
			2369	1163
			2369	1162
			2369	1161
			2370	1160
			2370	1159
			2371	1158
			2371	1157
			2372	1156
			2372	1155
			2372	1154
			2373	1153
			2373	1152
			2374	1151
			2374	1150
			2375	1149
			2375	1148
			2376	1147
			2377	1146
			2378	1146
			2379	1145
			2380	1145
			2381	1145
			2382	1144
			2383	1144
			2384	1144
			2385	1143
			2386	1143
			2387	1143
			2388	1143
			2389	1143
			2390	1143
			2391	1144
			2392	1144
			2393	1144
			2394	1144
			2395	1145
			2396	1145
			2397	1145
			2398	1146
			2399	1146
			2400	1146
			2401	1147
			2402	1147
			2403	1147
			2404	1147
			2404	1148
			2405	1148
			2406	1148
			2407	1148
			2408	1148
			2409	1149
			2410	1149
			2411	1149
			2412	1149
			2413	1150
			2414	1150
			2415	1150
			2416	1150
			2417	1151
			2418	1151
			2419	1151
			2420	1152
			2421	1152
			2422	1152
			2423	1153
			2424	1153
			2425	1153
			2426	1154
			2427	1154
			2428	1154
			2429	1154
			2430	1155
			2431	1155
			2432	1155
			2433	1155
			2434	1156
			2435	1156
			2436	1156
			2437	1156
			2438	1157
			2439	1157
			2440	1157
			2441	1157
			2442	1157
			2443	1158
			2444	1158
			2445	1158
			2446	1159
			2447	1159
			2448	1159
			2449	1159
			2450	1160
			2451	1160
			2452	1160
			2453	1161
			2454	1161
			2455	1161
		</Outline2>
		<Outline3 type=matrix rownames=FALSE colnames=FALSE nrow=153 ncol=2 as.numeric=TRUE >
			2455	1161
			2456	1161
			2457	1162
			2458	1162
			2459	1163
			2460	1163
			2461	1164
			2462	1164
			2463	1165
			2464	1165
			2465	1166
			2466	1166
			2467	1167
			2468	1167
			2469	1168
			2470	1168
			2471	1169
			2472	1169
			2473	1170
			2474	1170
			2475	1171
			2476	1171
			2477	1172
			2478	1172
			2479	1173
			2480	1173
			2481	1174
			2482	1174
			2483	1175
			2484	1175
			2485	1176
			2486	1176
			2487	1177
			2488	1177
			2489	1178
			2490	1179
			2491	1179
			2492	1180
			2493	1181
			2494	1181
			2495	1182
			2496	1183
			2497	1183
			2498	1184
			2499	1185
			2500	1185
			2501	1186
			2502	1187
			2503	1188
			2504	1189
			2505	1190
			2506	1190
			2507	1191
			2508	1191
			2509	1192
			2510	1193
			2511	1194
			2512	1195
			2513	1196
			2513	1197
			2514	1198
			2515	1198
			2515	1199
			2516	1200
			2516	1201
			2517	1202
			2518	1203
			2518	1204
			2519	1205
			2519	1206
			2520	1207
			2520	1208
			2521	1209
			2521	1210
			2521	1211
			2522	1212
			2522	1213
			2523	1214
			2523	1215
			2523	1216
			2524	1217
			2524	1218
			2525	1219
			2525	1220
			2525	1221
			2525	1222
			2526	1223
			2526	1224
			2526	1225
			2527	1226
			2527	1227
			2528	1228
			2528	1229
			2528	1230
			2529	1231
			2529	1232
			2529	1233
			2529	1234
			2530	1235
			2530	1236
			2530	1237
			2530	1238
			2530	1239
			2531	1240
			2531	1241
			2531	1242
			2531	1243
			2531	1244
			2531	1245
			2531	1246
			2532	1246
			2532	1247
			2532	1248
			2532	1249
			2532	1250
			2532	1251
			2532	1252
			2532	1253
			2532	1254
			2532	1255
			2532	1256
			2532	1257
			2532	1258
			2532	1259
			2531	1260
			2531	1261
			2531	1262
			2531	1263
			2531	1264
			2531	1265
			2531	1266
			2531	1267
			2530	1268
			2530	1269
			2530	1270
			2530	1271
			2530	1272
			2530	1273
			2529	1274
			2529	1275
			2529	1276
			2529	1277
			2528	1278
			2528	1279
			2528	1280
			2528	1281
			2527	1281
			2527	1282
			2527	1283
			2527	1284
			2526	1285
			2526	1286
			2526	1287
		</Outline3>
		<Outline4 type=matrix rownames=FALSE colnames=FALSE nrow=140 ncol=2 as.numeric=TRUE >
			2526	1287
			2526	1288
			2525	1289
			2525	1290
			2524	1291
			2524	1292
			2524	1293
			2523	1294
			2523	1295
			2522	1296
			2522	1297
			2521	1298
			2521	1299
			2520	1300
			2520	1301
			2519	1302
			2519	1303
			2518	1304
			2517	1305
			2516	1306
			2516	1307
			2515	1308
			2514	1309
			2514	1310
			2513	1311
			2512	1312
			2512	1313
			2511	1314
			2510	1315
			2510	1316
			2509	1317
			2508	1317
			2508	1318
			2507	1319
			2507	1320
			2506	1321
			2505	1321
			2505	1322
			2504	1323
			2503	1324
			2503	1325
			2502	1325
			2502	1326
			2501	1327
			2500	1327
			2500	1328
			2499	1329
			2498	1330
			2497	1331
			2496	1332
			2495	1333
			2494	1334
			2493	1334
			2492	1335
			2491	1336
			2490	1337
			2489	1338
			2488	1338
			2487	1339
			2486	1340
			2485	1341
			2484	1342
			2483	1342
			2482	1343
			2481	1344
			2480	1345
			2479	1345
			2478	1346
			2477	1347
			2476	1347
			2475	1348
			2474	1349
			2473	1350
			2472	1350
			2471	1351
			2470	1352
			2469	1353
			2468	1353
			2467	1354
			2466	1355
			2465	1356
			2464	1356
			2463	1357
			2462	1358
			2461	1358
			2460	1359
			2459	1360
			2458	1360
			2457	1361
			2456	1362
			2455	1362
			2454	1363
			2453	1363
			2452	1364
			2451	1365
			2450	1365
			2449	1366
			2448	1366
			2447	1367
			2446	1368
			2445	1368
			2444	1369
			2443	1369
			2442	1369
			2441	1369
			2440	1369
			2440	1370
			2439	1370
			2438	1370
			2437	1370
			2436	1370
			2435	1370
			2434	1370
			2433	1370
			2432	1370
			2431	1371
			2430	1371
			2429	1371
			2428	1371
			2427	1371
			2426	1371
			2425	1371
			2424	1371
			2423	1371
			2422	1371
			2421	1371
			2420	1371
			2419	1371
			2418	1371
			2417	1370
			2416	1370
			2415	1370
			2414	1370
			2413	1370
			2412	1369
			2411	1369
			2410	1369
			2409	1369
			2408	1368
			2407	1368
		</Outline4>
	</curves.pixel>
	<curves.scaled type=list>
		<Outline1 type=matrix rownames=FALSE colnames=FALSE nrow=201 ncol=2 as.numeric=TRUE >
			24.6824933415767	-14.0281058958359
			24.6722388782025	-14.0281058958359
			24.6619844148284	-14.0281058958359
			24.6517299514542	-14.0281058958359
			24.6414754880801	-14.0281058958359
			24.6312210247059	-14.03836035921
			24.6209665613318	-14.03836035921
			24.6107120979576	-14.03836035921
			24.6004576345835	-14.03836035921
			24.5902031712093	-14.03836035921
			24.5799487078352	-14.03836035921
			24.5696942444611	-14.03836035921
			24.5594397810869	-14.03836035921
			24.5491853177128	-14.0486148225842
			24.5389308543386	-14.0486148225842
			24.5286763909645	-14.0486148225842
			24.5184219275903	-14.0486148225842
			24.5081674642162	-14.0486148225842
			24.497913000842	-14.0486148225842
			24.4876585374679	-14.0486148225842
			24.4774040740937	-14.0486148225842
			24.4671496107196	-14.0588692859583
			24.4568951473454	-14.0588692859583
			24.4466406839713	-14.0588692859583
			24.4363862205971	-14.0588692859583
			24.426131757223	-14.0588692859583
			24.4158772938488	-14.0588692859583
			24.4056228304747	-14.0588692859583
			24.3953683671005	-14.0691237493325
			24.3851139037264	-14.0691237493325
			24.3748594403522	-14.0691237493325
			24.3646049769781	-14.0691237493325
			24.3543505136039	-14.0691237493325
			24.3440960502298	-14.0691237493325
			24.3338415868556	-14.0691237493325
			24.3235871234815	-14.0691237493325
			24.3133326601073	-14.0691237493325
			24.3030781967332	-14.0691237493325
			24.292823733359	-14.0793782127066
			24.2825692699849	-14.0793782127066
			24.2723148066107	-14.0793782127066
			24.2620603432366	-14.0793782127066
			24.2518058798624	-14.0793782127066
			24.2415514164883	-14.0793782127066
			24.2312969531141	-14.0793782127066
			24.22104248974	-14.0793782127066
			24.2107880263658	-14.0793782127066
			24.2005335629917	-14.0793782127066
			24.1902790996175	-14.0793782127066
			24.1800246362434	-14.0793782127066
			24.1697701728692	-14.0793782127066
			24.1595157094951	-14.0793782127066
			24.1492612461209	-14.0793782127066
			24.1390067827468	-14.0793782127066
			24.1390067827468	-14.0691237493325
			24.1287523193726	-14.0691237493325
			24.1184978559985	-14.0691237493325
			24.1082433926243	-14.0691237493325
			24.0979889292502	-14.0691237493325
			24.087734465876	-14.0691237493325
			24.0774800025019	-14.0691237493325
			24.0672255391277	-14.0588692859583
			24.0569710757536	-14.0588692859583
			24.0467166123794	-14.0588692859583
			24.0364621490053	-14.0486148225842
			24.0262076856312	-14.0486148225842
			24.015953222257	-14.0486148225842
			24.0056987588829	-14.03836035921
			23.9954442955087	-14.03836035921
			23.9954442955087	-14.0281058958359
			23.9851898321346	-14.0178514324617
			23.9749353687604	-14.0178514324617
			23.9646809053863	-14.0075969690876
			23.9544264420121	-14.0075969690876
			23.9544264420121	-13.9973425057134
			23.944171978638	-13.9973425057134
			23.9339175152638	-13.9870880423393
			23.9339175152638	-13.9768335789651
			23.9236630518897	-13.9768335789651
			23.9134085885155	-13.966579115591
			23.9134085885155	-13.9563246522168
			23.9031541251414	-13.9460701888427
			23.8928996617672	-13.9358157254685
			23.8928996617672	-13.9255612620944
			23.8826451983931	-13.9153067987202
			23.8826451983931	-13.9050523353461
			23.8723907350189	-13.8947978719719
			23.8723907350189	-13.8845434085978
			23.8621362716448	-13.8742889452236
			23.8518818082706	-13.8640344818495
			23.8518818082706	-13.8537800184753
			23.8518818082706	-13.8435255551012
			23.8416273448965	-13.833271091727
			23.8416273448965	-13.8230166283529
			23.8313728815223	-13.8127621649787
			23.8313728815223	-13.8025077016046
			23.8313728815223	-13.7922532382304
			23.8211184181482	-13.7819987748563
			23.8211184181482	-13.7717443114821
			23.810863954774	-13.761489848108
			23.810863954774	-13.7512353847338
			23.810863954774	-13.7409809213597
			23.810863954774	-13.7307264579855
			23.810863954774	-13.7204719946114
			23.8006094913999	-13.7102175312372
			23.8006094913999	-13.6999630678631
			23.8006094913999	-13.6897086044889
			23.8006094913999	-13.6794541411148
			23.8006094913999	-13.6691996777406
			23.8006094913999	-13.6589452143665
			23.8006094913999	-13.6486907509923
			23.8006094913999	-13.6384362876182
			23.8006094913999	-13.628181824244
			23.8006094913999	-13.6179273608699
			23.7903550280257	-13.6076728974957
			23.7903550280257	-13.5974184341216
			23.7903550280257	-13.5871639707475
			23.7903550280257	-13.5769095073733
			23.7903550280257	-13.5666550439992
			23.7903550280257	-13.556400580625
			23.7903550280257	-13.5461461172509
			23.7903550280257	-13.5358916538767
			23.7903550280257	-13.5256371905026
			23.7903550280257	-13.5153827271284
			23.7903550280257	-13.5051282637543
			23.7903550280257	-13.4948738003801
			23.7903550280257	-13.484619337006
			23.7903550280257	-13.4743648736318
			23.7903550280257	-13.4641104102577
			23.8006094913999	-13.4538559468835
			23.8006094913999	-13.4436014835094
			23.8006094913999	-13.4333470201352
			23.8006094913999	-13.4230925567611
			23.810863954774	-13.4128380933869
			23.810863954774	-13.4025836300128
			23.810863954774	-13.3923291666386
			23.810863954774	-13.3820747032645
			23.8211184181482	-13.3718202398903
			23.8211184181482	-13.3615657765162
			23.8211184181482	-13.351311313142
			23.8211184181482	-13.3410568497679
			23.8313728815223	-13.3308023863937
			23.8313728815223	-13.3205479230196
			23.8313728815223	-13.3102934596454
			23.8416273448965	-13.3000389962713
			23.8416273448965	-13.2897845328971
			23.8416273448965	-13.279530069523
			23.8416273448965	-13.2692756061488
			23.8518818082706	-13.2590211427747
			23.8518818082706	-13.2487666794005
			23.8518818082706	-13.2385122160264
			23.8518818082706	-13.2282577526522
			23.8621362716448	-13.2180032892781
			23.8621362716448	-13.2077488259039
			23.8621362716448	-13.1974943625298
			23.8621362716448	-13.1872398991556
			23.8723907350189	-13.1872398991556
			23.8723907350189	-13.1769854357815
			23.8723907350189	-13.1667309724073
			23.8723907350189	-13.1564765090332
			23.8826451983931	-13.146222045659
			23.8826451983931	-13.1359675822849
			23.8826451983931	-13.1257131189107
			23.8826451983931	-13.1154586555366
			23.8928996617672	-13.1052041921624
			23.8928996617672	-13.0949497287883
			23.8928996617672	-13.0846952654141
			23.8928996617672	-13.07444080204
			23.9031541251414	-13.0641863386659
			23.9031541251414	-13.0539318752917
			23.9031541251414	-13.0436774119176
			23.9134085885155	-13.0334229485434
			23.9134085885155	-13.0231684851693
			23.9134085885155	-13.0129140217951
			23.9134085885155	-13.002659558421
			23.9134085885155	-12.9924050950468
			23.9236630518897	-12.9821506316727
			23.9236630518897	-12.9718961682985
			23.9236630518897	-12.9616417049244
			23.9339175152638	-12.9513872415502
			23.9339175152638	-12.9411327781761
			23.9339175152638	-12.9308783148019
			23.9339175152638	-12.9206238514278
			23.944171978638	-12.9103693880536
			23.944171978638	-12.9001149246795
			23.944171978638	-12.8898604613053
			23.944171978638	-12.8796059979312
			23.9544264420121	-12.869351534557
			23.9544264420121	-12.8590970711829
			23.9544264420121	-12.8488426078087
			23.9646809053863	-12.8385881444346
			23.9646809053863	-12.8283336810604
			23.9646809053863	-12.8180792176863
			23.9749353687604	-12.8078247543121
			23.9749353687604	-12.797570290938
			23.9749353687604	-12.7873158275638
			23.9749353687604	-12.7770613641897
			23.9749353687604	-12.7668069008155
			23.9851898321346	-12.7668069008155
			23.9851898321346	-12.7565524374414
			23.9851898321346	-12.7462979740672
		</Outline1>
		<Outline2 type=matrix rownames=FALSE colnames=FALSE nrow=181 ncol=2 as.numeric=TRUE >
			23.9851898321346	-12.7462979740672
			23.9851898321346	-12.7360435106931
			23.9954442955087	-12.7257890473189
			23.9954442955087	-12.7155345839448
			23.9954442955087	-12.7052801205706
			24.0056987588829	-12.6950256571965
			24.0056987588829	-12.6847711938223
			24.0056987588829	-12.6745167304482
			24.015953222257	-12.664262267074
			24.015953222257	-12.6540078036999
			24.015953222257	-12.6437533403257
			24.015953222257	-12.6334988769516
			24.0262076856312	-12.6232444135774
			24.0262076856312	-12.6129899502033
			24.0262076856312	-12.6027354868291
			24.0364621490053	-12.6027354868291
			24.0364621490053	-12.592481023455
			24.0364621490053	-12.5822265600808
			24.0467166123794	-12.5719720967067
			24.0467166123794	-12.5617176333325
			24.0467166123794	-12.5514631699584
			24.0569710757536	-12.5412087065842
			24.0569710757536	-12.5309542432101
			24.0569710757536	-12.520699779836
			24.0672255391277	-12.5104453164618
			24.0672255391277	-12.5001908530877
			24.0672255391277	-12.4899363897135
			24.0774800025019	-12.4899363897135
			24.0774800025019	-12.4796819263394
			24.0774800025019	-12.4694274629652
			24.087734465876	-12.4591729995911
			24.087734465876	-12.4489185362169
			24.087734465876	-12.4386640728428
			24.087734465876	-12.4284096094686
			24.0979889292502	-12.4181551460945
			24.0979889292502	-12.4079006827203
			24.1082433926243	-12.3976462193462
			24.1082433926243	-12.387391755972
			24.1184978559985	-12.3771372925979
			24.1184978559985	-12.3668828292237
			24.1184978559985	-12.3566283658496
			24.1287523193726	-12.3463739024754
			24.1287523193726	-12.3361194391013
			24.1287523193726	-12.3258649757271
			24.1390067827468	-12.315610512353
			24.1390067827468	-12.3053560489788
			24.1492612461209	-12.2951015856047
			24.1492612461209	-12.2848471222305
			24.1492612461209	-12.2745926588564
			24.1595157094951	-12.2643381954822
			24.1595157094951	-12.2540837321081
			24.1595157094951	-12.2438292687339
			24.1697701728692	-12.2335748053598
			24.1697701728692	-12.2233203419856
			24.1697701728692	-12.2130658786115
			24.1800246362434	-12.2028114152373
			24.1800246362434	-12.1925569518632
			24.1902790996175	-12.182302488489
			24.1902790996175	-12.1720480251149
			24.1902790996175	-12.1617935617407
			24.2005335629917	-12.1515390983666
			24.2005335629917	-12.1412846349924
			24.2107880263658	-12.1310301716183
			24.2107880263658	-12.1207757082441
			24.2107880263658	-12.11052124487
			24.22104248974	-12.1002667814958
			24.22104248974	-12.0900123181217
			24.2312969531141	-12.0797578547475
			24.2312969531141	-12.0695033913734
			24.2415514164883	-12.0592489279992
			24.2415514164883	-12.0489944646251
			24.2415514164883	-12.0387400012509
			24.2415514164883	-12.0284855378768
			24.2518058798624	-12.0284855378768
			24.2518058798624	-12.0182310745027
			24.2518058798624	-12.0079766111285
			24.2620603432366	-12.0079766111285
			24.2620603432366	-11.9977221477544
			24.2620603432366	-11.9874676843802
			24.2723148066107	-11.9772132210061
			24.2723148066107	-11.9669587576319
			24.2825692699849	-11.9567042942578
			24.2825692699849	-11.9464498308836
			24.2825692699849	-11.9361953675095
			24.292823733359	-11.9259409041353
			24.292823733359	-11.9156864407612
			24.292823733359	-11.905431977387
			24.3030781967332	-11.8951775140129
			24.3030781967332	-11.8849230506387
			24.3133326601073	-11.8746685872646
			24.3133326601073	-11.8644141238904
			24.3235871234815	-11.8541596605163
			24.3235871234815	-11.8439051971421
			24.3235871234815	-11.833650733768
			24.3338415868556	-11.8233962703938
			24.3338415868556	-11.8131418070197
			24.3440960502298	-11.8028873436455
			24.3440960502298	-11.7926328802714
			24.3543505136039	-11.7823784168972
			24.3543505136039	-11.7721239535231
			24.3646049769781	-11.7618694901489
			24.3748594403522	-11.7516150267748
			24.3851139037264	-11.7516150267748
			24.3953683671005	-11.7413605634006
			24.4056228304747	-11.7413605634006
			24.4158772938488	-11.7413605634006
			24.426131757223	-11.7311061000265
			24.4363862205971	-11.7311061000265
			24.4466406839713	-11.7311061000265
			24.4568951473454	-11.7208516366523
			24.4671496107196	-11.7208516366523
			24.4774040740937	-11.7208516366523
			24.4876585374679	-11.7208516366523
			24.497913000842	-11.7208516366523
			24.5081674642162	-11.7208516366523
			24.5184219275903	-11.7311061000265
			24.5286763909645	-11.7311061000265
			24.5389308543386	-11.7311061000265
			24.5491853177128	-11.7311061000265
			24.5594397810869	-11.7413605634006
			24.5696942444611	-11.7413605634006
			24.5799487078352	-11.7413605634006
			24.5902031712093	-11.7516150267748
			24.6004576345835	-11.7516150267748
			24.6107120979576	-11.7516150267748
			24.6209665613318	-11.7618694901489
			24.6312210247059	-11.7618694901489
			24.6414754880801	-11.7618694901489
			24.6517299514542	-11.7618694901489
			24.6517299514542	-11.7721239535231
			24.6619844148284	-11.7721239535231
			24.6722388782025	-11.7721239535231
			24.6824933415767	-11.7721239535231
			24.6927478049508	-11.7721239535231
			24.703002268325	-11.7823784168972
			24.7132567316991	-11.7823784168972
			24.7235111950733	-11.7823784168972
			24.7337656584474	-11.7823784168972
			24.7440201218216	-11.7926328802714
			24.7542745851957	-11.7926328802714
			24.7645290485699	-11.7926328802714
			24.774783511944	-11.7926328802714
			24.7850379753182	-11.8028873436455
			24.7952924386923	-11.8028873436455
			24.8055469020665	-11.8028873436455
			24.8158013654406	-11.8131418070197
			24.8260558288148	-11.8131418070197
			24.8363102921889	-11.8131418070197
			24.8465647555631	-11.8233962703938
			24.8568192189372	-11.8233962703938
			24.8670736823114	-11.8233962703938
			24.8773281456855	-11.833650733768
			24.8875826090597	-11.833650733768
			24.8978370724338	-11.833650733768
			24.908091535808	-11.833650733768
			24.9183459991821	-11.8439051971421
			24.9286004625563	-11.8439051971421
			24.9388549259304	-11.8439051971421
			24.9491093893046	-11.8439051971421
			24.9593638526787	-11.8541596605163
			24.9696183160529	-11.8541596605163
			24.979872779427	-11.8541596605163
			24.9901272428012	-11.8541596605163
			25.0003817061753	-11.8644141238904
			25.0106361695495	-11.8644141238904
			25.0208906329236	-11.8644141238904
			25.0311450962978	-11.8644141238904
			25.0413995596719	-11.8644141238904
			25.0516540230461	-11.8746685872646
			25.0619084864202	-11.8746685872646
			25.0721629497944	-11.8746685872646
			25.0824174131685	-11.8849230506387
			25.0926718765426	-11.8849230506387
			25.1029263399168	-11.8849230506387
			25.1131808032909	-11.8849230506387
			25.1234352666651	-11.8951775140129
			25.1336897300392	-11.8951775140129
			25.1439441934134	-11.8951775140129
			25.1541986567875	-11.905431977387
			25.1644531201617	-11.905431977387
			25.1747075835358	-11.905431977387
		</Outline2>
		<Outline3 type=matrix rownames=FALSE colnames=FALSE nrow=153 ncol=2 as.numeric=TRUE >
			25.1747075835358	-11.905431977387
			25.18496204691	-11.905431977387
			25.1952165102841	-11.9156864407612
			25.2054709736583	-11.9156864407612
			25.2157254370324	-11.9259409041353
			25.2259799004066	-11.9259409041353
			25.2362343637807	-11.9361953675095
			25.2464888271549	-11.9361953675095
			25.256743290529	-11.9464498308836
			25.2669977539032	-11.9464498308836
			25.2772522172773	-11.9567042942578
			25.2875066806515	-11.9567042942578
			25.2977611440256	-11.9669587576319
			25.3080156073998	-11.9669587576319
			25.3182700707739	-11.9772132210061
			25.3285245341481	-11.9772132210061
			25.3387789975222	-11.9874676843802
			25.3490334608964	-11.9874676843802
			25.3592879242705	-11.9977221477544
			25.3695423876447	-11.9977221477544
			25.3797968510188	-12.0079766111285
			25.390051314393	-12.0079766111285
			25.4003057777671	-12.0182310745027
			25.4105602411413	-12.0182310745027
			25.4208147045154	-12.0284855378768
			25.4310691678896	-12.0284855378768
			25.4413236312637	-12.0387400012509
			25.4515780946379	-12.0387400012509
			25.461832558012	-12.0489944646251
			25.4720870213862	-12.0489944646251
			25.4823414847603	-12.0592489279992
			25.4925959481345	-12.0592489279992
			25.5028504115086	-12.0695033913734
			25.5131048748828	-12.0695033913734
			25.5233593382569	-12.0797578547475
			25.5336138016311	-12.0900123181217
			25.5438682650052	-12.0900123181217
			25.5541227283794	-12.1002667814958
			25.5643771917535	-12.11052124487
			25.5746316551277	-12.11052124487
			25.5848861185018	-12.1207757082441
			25.595140581876	-12.1310301716183
			25.6053950452501	-12.1310301716183
			25.6156495086243	-12.1412846349924
			25.6259039719984	-12.1515390983666
			25.6361584353725	-12.1515390983666
			25.6464128987467	-12.1617935617407
			25.6566673621208	-12.1720480251149
			25.666921825495	-12.182302488489
			25.6771762888691	-12.1925569518632
			25.6874307522433	-12.2028114152373
			25.6976852156174	-12.2028114152373
			25.7079396789916	-12.2130658786115
			25.7181941423657	-12.2130658786115
			25.7284486057399	-12.2233203419856
			25.738703069114	-12.2335748053598
			25.7489575324882	-12.2438292687339
			25.7592119958623	-12.2540837321081
			25.7694664592365	-12.2643381954822
			25.7694664592365	-12.2745926588564
			25.7797209226106	-12.2848471222305
			25.7899753859848	-12.2848471222305
			25.7899753859848	-12.2951015856047
			25.8002298493589	-12.3053560489788
			25.8002298493589	-12.315610512353
			25.8104843127331	-12.3258649757271
			25.8207387761072	-12.3361194391013
			25.8207387761072	-12.3463739024754
			25.8309932394814	-12.3566283658496
			25.8309932394814	-12.3668828292237
			25.8412477028555	-12.3771372925979
			25.8412477028555	-12.387391755972
			25.8515021662297	-12.3976462193462
			25.8515021662297	-12.4079006827203
			25.8515021662297	-12.4181551460945
			25.8617566296038	-12.4284096094686
			25.8617566296038	-12.4386640728428
			25.872011092978	-12.4489185362169
			25.872011092978	-12.4591729995911
			25.872011092978	-12.4694274629652
			25.8822655563521	-12.4796819263394
			25.8822655563521	-12.4899363897135
			25.8925200197263	-12.5001908530877
			25.8925200197263	-12.5104453164618
			25.8925200197263	-12.520699779836
			25.8925200197263	-12.5309542432101
			25.9027744831004	-12.5412087065842
			25.9027744831004	-12.5514631699584
			25.9027744831004	-12.5617176333325
			25.9130289464746	-12.5719720967067
			25.9130289464746	-12.5822265600808
			25.9232834098487	-12.592481023455
			25.9232834098487	-12.6027354868291
			25.9232834098487	-12.6129899502033
			25.9335378732229	-12.6232444135774
			25.9335378732229	-12.6334988769516
			25.9335378732229	-12.6437533403257
			25.9335378732229	-12.6540078036999
			25.943792336597	-12.664262267074
			25.943792336597	-12.6745167304482
			25.943792336597	-12.6847711938223
			25.943792336597	-12.6950256571965
			25.943792336597	-12.7052801205706
			25.9540467999712	-12.7155345839448
			25.9540467999712	-12.7257890473189
			25.9540467999712	-12.7360435106931
			25.9540467999712	-12.7462979740672
			25.9540467999712	-12.7565524374414
			25.9540467999712	-12.7668069008155
			25.9540467999712	-12.7770613641897
			25.9643012633453	-12.7770613641897
			25.9643012633453	-12.7873158275638
			25.9643012633453	-12.797570290938
			25.9643012633453	-12.8078247543121
			25.9643012633453	-12.8180792176863
			25.9643012633453	-12.8283336810604
			25.9643012633453	-12.8385881444346
			25.9643012633453	-12.8488426078087
			25.9643012633453	-12.8590970711829
			25.9643012633453	-12.869351534557
			25.9643012633453	-12.8796059979312
			25.9643012633453	-12.8898604613053
			25.9643012633453	-12.9001149246795
			25.9643012633453	-12.9103693880536
			25.9540467999712	-12.9206238514278
			25.9540467999712	-12.9308783148019
			25.9540467999712	-12.9411327781761
			25.9540467999712	-12.9513872415502
			25.9540467999712	-12.9616417049244
			25.9540467999712	-12.9718961682985
			25.9540467999712	-12.9821506316727
			25.9540467999712	-12.9924050950468
			25.943792336597	-13.002659558421
			25.943792336597	-13.0129140217951
			25.943792336597	-13.0231684851693
			25.943792336597	-13.0334229485434
			25.943792336597	-13.0436774119176
			25.943792336597	-13.0539318752917
			25.9335378732229	-13.0641863386659
			25.9335378732229	-13.07444080204
			25.9335378732229	-13.0846952654141
			25.9335378732229	-13.0949497287883
			25.9232834098487	-13.1052041921624
			25.9232834098487	-13.1154586555366
			25.9232834098487	-13.1257131189107
			25.9232834098487	-13.1359675822849
			25.9130289464746	-13.1359675822849
			25.9130289464746	-13.146222045659
			25.9130289464746	-13.1564765090332
			25.9130289464746	-13.1667309724073
			25.9027744831004	-13.1769854357815
			25.9027744831004	-13.1872398991556
			25.9027744831004	-13.1974943625298
		</Outline3>
		<Outline4 type=matrix rownames=FALSE colnames=FALSE nrow=140 ncol=2 as.numeric=TRUE >
			25.9027744831004	-13.1974943625298
			25.9027744831004	-13.2077488259039
			25.8925200197263	-13.2180032892781
			25.8925200197263	-13.2282577526522
			25.8822655563521	-13.2385122160264
			25.8822655563521	-13.2487666794005
			25.8822655563521	-13.2590211427747
			25.872011092978	-13.2692756061488
			25.872011092978	-13.279530069523
			25.8617566296038	-13.2897845328971
			25.8617566296038	-13.3000389962713
			25.8515021662297	-13.3102934596454
			25.8515021662297	-13.3205479230196
			25.8412477028555	-13.3308023863937
			25.8412477028555	-13.3410568497679
			25.8309932394814	-13.351311313142
			25.8309932394814	-13.3615657765162
			25.8207387761072	-13.3718202398903
			25.8104843127331	-13.3820747032645
			25.8002298493589	-13.3923291666386
			25.8002298493589	-13.4025836300128
			25.7899753859848	-13.4128380933869
			25.7797209226106	-13.4230925567611
			25.7797209226106	-13.4333470201352
			25.7694664592365	-13.4436014835094
			25.7592119958623	-13.4538559468835
			25.7592119958623	-13.4641104102577
			25.7489575324882	-13.4743648736318
			25.738703069114	-13.484619337006
			25.738703069114	-13.4948738003801
			25.7284486057399	-13.5051282637543
			25.7181941423657	-13.5051282637543
			25.7181941423657	-13.5153827271284
			25.7079396789916	-13.5256371905026
			25.7079396789916	-13.5358916538767
			25.6976852156174	-13.5461461172509
			25.6874307522433	-13.5461461172509
			25.6874307522433	-13.556400580625
			25.6771762888691	-13.5666550439992
			25.666921825495	-13.5769095073733
			25.666921825495	-13.5871639707475
			25.6566673621208	-13.5871639707475
			25.6566673621208	-13.5974184341216
			25.6464128987467	-13.6076728974957
			25.6361584353725	-13.6076728974957
			25.6361584353725	-13.6179273608699
			25.6259039719984	-13.628181824244
			25.6156495086243	-13.6384362876182
			25.6053950452501	-13.6486907509923
			25.595140581876	-13.6589452143665
			25.5848861185018	-13.6691996777406
			25.5746316551277	-13.6794541411148
			25.5643771917535	-13.6794541411148
			25.5541227283794	-13.6897086044889
			25.5438682650052	-13.6999630678631
			25.5336138016311	-13.7102175312372
			25.5233593382569	-13.7204719946114
			25.5131048748828	-13.7204719946114
			25.5028504115086	-13.7307264579855
			25.4925959481345	-13.7409809213597
			25.4823414847603	-13.7512353847338
			25.4720870213862	-13.761489848108
			25.461832558012	-13.761489848108
			25.4515780946379	-13.7717443114821
			25.4413236312637	-13.7819987748563
			25.4310691678896	-13.7922532382304
			25.4208147045154	-13.7922532382304
			25.4105602411413	-13.8025077016046
			25.4003057777671	-13.8127621649787
			25.390051314393	-13.8127621649787
			25.3797968510188	-13.8230166283529
			25.3695423876447	-13.833271091727
			25.3592879242705	-13.8435255551012
			25.3490334608964	-13.8435255551012
			25.3387789975222	-13.8537800184753
			25.3285245341481	-13.8640344818495
			25.3182700707739	-13.8742889452236
			25.3080156073998	-13.8742889452236
			25.2977611440256	-13.8845434085978
			25.2875066806515	-13.8947978719719
			25.2772522172773	-13.9050523353461
			25.2669977539032	-13.9050523353461
			25.256743290529	-13.9153067987202
			25.2464888271549	-13.9255612620944
			25.2362343637807	-13.9255612620944
			25.2259799004066	-13.9358157254685
			25.2157254370324	-13.9460701888427
			25.2054709736583	-13.9460701888427
			25.1952165102841	-13.9563246522168
			25.18496204691	-13.966579115591
			25.1747075835358	-13.966579115591
			25.1644531201617	-13.9768335789651
			25.1541986567875	-13.9768335789651
			25.1439441934134	-13.9870880423393
			25.1336897300392	-13.9973425057134
			25.1234352666651	-13.9973425057134
			25.1131808032909	-14.0075969690876
			25.1029263399168	-14.0075969690876
			25.0926718765426	-14.0178514324617
			25.0824174131685	-14.0281058958359
			25.0721629497944	-14.0281058958359
			25.0619084864202	-14.03836035921
			25.0516540230461	-14.03836035921
			25.0413995596719	-14.03836035921
			25.0311450962978	-14.03836035921
			25.0208906329236	-14.03836035921
			25.0208906329236	-14.0486148225842
			25.0106361695495	-14.0486148225842
			25.0003817061753	-14.0486148225842
			24.9901272428012	-14.0486148225842
			24.979872779427	-14.0486148225842
			24.9696183160529	-14.0486148225842
			24.9593638526787	-14.0486148225842
			24.9491093893046	-14.0486148225842
			24.9388549259304	-14.0486148225842
			24.9286004625563	-14.0588692859583
			24.9183459991821	-14.0588692859583
			24.908091535808	-14.0588692859583
			24.8978370724338	-14.0588692859583
			24.8875826090597	-14.0588692859583
			24.8773281456855	-14.0588692859583
			24.8670736823114	-14.0588692859583
			24.8568192189372	-14.0588692859583
			24.8465647555631	-14.0588692859583
			24.8363102921889	-14.0588692859583
			24.8260558288148	-14.0588692859583
			24.8158013654406	-14.0588692859583
			24.8055469020665	-14.0588692859583
			24.7952924386923	-14.0588692859583
			24.7850379753182	-14.0486148225842
			24.774783511944	-14.0486148225842
			24.7645290485699	-14.0486148225842
			24.7542745851957	-14.0486148225842
			24.7440201218216	-14.0486148225842
			24.7337656584474	-14.03836035921
			24.7235111950733	-14.03836035921
			24.7132567316991	-14.03836035921
			24.703002268325	-14.03836035921
			24.6927478049508	-14.0281058958359
			24.6824933415767	-14.0281058958359
		</Outline4>
	</curves.scaled>
	<ruler.points type=matrix rownames=TRUE colnames=FALSE nrow=2 ncol=2 as.numeric=TRUE >
		Ruler point 1	3208	2303
		Ruler point 2	2233	2322
	</ruler.points>
</shapes>

