<shapes type=list>
	<ruler.pixel type=vector names=FALSE length=1 as.numeric=TRUE >899.0050055478</ruler.pixel>
	<ruler.interval type=vector names=FALSE length=1 as.numeric=TRUE >10</ruler.interval>
	<scaling.units type=vector names=FALSE length=1 as.numeric=FALSE >mm</scaling.units>
	<scaling type=vector names=FALSE length=1 as.numeric=TRUE >0.0111234085887059</scaling>
	<landmarks.pixel type=matrix rownames=TRUE colnames=FALSE nrow=4 ncol=2 as.numeric=TRUE >
		Labial	2363	1777
		Posterior	2296	1725
		Lingual	2355	1662
		Anterior	2423	1717
	</landmarks.pixel>
	<landmarks.scaled type=matrix rownames=TRUE colnames=FALSE nrow=4 ncol=2 as.numeric=TRUE >
		Labial	26.2846144951121	-19.7662970621304
		Posterior	25.5393461196688	-19.1878798155177
		Lingual	26.1956272264024	-18.4871050744292
		Anterior	26.9520190104344	-19.098892546808
	</landmarks.scaled>
	<curves.control type=list>
		<Outline1 type=matrix rownames=FALSE colnames=FALSE nrow=13 ncol=2 as.numeric=TRUE >
			2363	1777
			2355	1779
			2342	1782
			2333	1784
			2324	1784
			2314	1783
			2305	1778
			2299	1773
			2296	1767
			2295	1750
			2296	1739
			2296	1732
			2296	1725
		</Outline1>
		<Outline2 type=matrix rownames=FALSE colnames=FALSE nrow=13 ncol=2 as.numeric=TRUE >
			2296	1725
			2296	1715
			2297	1705
			2299	1695
			2302	1687
			2306	1681
			2311	1675
			2318	1670
			2326	1666
			2332	1664
			2339	1663
			2347	1662
			2355	1662
		</Outline2>
		<Outline3 type=matrix rownames=FALSE colnames=FALSE nrow=15 ncol=2 as.numeric=TRUE >
			2355	1662
			2363	1663
			2371	1663
			2378	1663
			2386	1664
			2393	1666
			2399	1668
			2405	1672
			2410	1676
			2414	1681
			2418	1686
			2422	1693
			2423	1703
			2423	1709
			2423	1717
		</Outline3>
		<Outline4 type=matrix rownames=FALSE colnames=FALSE nrow=13 ncol=2 as.numeric=TRUE >
			2423	1717
			2424	1728
			2423	1737
			2418	1747
			2413	1754
			2409	1760
			2404	1766
			2397	1770
			2390	1773
			2382	1776
			2375	1776
			2368	1776
			2363	1777
		</Outline4>
	</curves.control>
	<curves.pixel type=list>
		<Outline1 type=matrix rownames=FALSE colnames=FALSE nrow=113 ncol=2 as.numeric=TRUE >
			2363	1777
			2362	1777
			2361	1777
			2360	1778
			2359	1778
			2358	1778
			2357	1779
			2356	1779
			2355	1779
			2354	1779
			2353	1779
			2352	1780
			2351	1780
			2350	1780
			2349	1780
			2348	1781
			2347	1781
			2346	1781
			2345	1781
			2344	1782
			2343	1782
			2342	1782
			2341	1782
			2340	1782
			2339	1783
			2338	1783
			2337	1783
			2336	1783
			2335	1783
			2334	1783
			2333	1783
			2332	1784
			2331	1784
			2330	1784
			2329	1784
			2328	1784
			2327	1784
			2326	1784
			2325	1784
			2324	1784
			2323	1784
			2322	1784
			2321	1784
			2320	1783
			2319	1783
			2318	1783
			2317	1783
			2316	1783
			2315	1782
			2314	1782
			2313	1781
			2312	1781
			2311	1781
			2310	1780
			2309	1780
			2308	1780
			2307	1779
			2306	1778
			2305	1778
			2304	1777
			2303	1776
			2302	1776
			2302	1775
			2301	1774
			2300	1773
			2299	1772
			2298	1771
			2297	1770
			2297	1769
			2296	1768
			2296	1767
			2296	1766
			2296	1765
			2296	1764
			2296	1763
			2296	1762
			2296	1761
			2296	1760
			2296	1759
			2296	1758
			2296	1757
			2296	1756
			2296	1755
			2296	1754
			2296	1753
			2296	1752
			2296	1751
			2296	1750
			2296	1749
			2296	1748
			2296	1747
			2296	1746
			2296	1745
			2296	1744
			2296	1743
			2296	1742
			2296	1741
			2296	1740
			2296	1739
			2296	1738
			2296	1737
			2296	1736
			2296	1735
			2296	1734
			2296	1733
			2296	1732
			2296	1731
			2296	1730
			2296	1729
			2296	1728
			2296	1727
			2296	1726
			2296	1725
		</Outline1>
		<Outline2 type=matrix rownames=FALSE colnames=FALSE nrow=98 ncol=2 as.numeric=TRUE >
			2296	1725
			2296	1724
			2296	1723
			2296	1722
			2296	1721
			2296	1720
			2296	1719
			2296	1718
			2296	1717
			2296	1716
			2296	1715
			2296	1714
			2296	1713
			2296	1712
			2297	1711
			2297	1710
			2297	1709
			2297	1708
			2297	1707
			2297	1706
			2297	1705
			2297	1704
			2298	1703
			2298	1702
			2298	1701
			2298	1700
			2298	1699
			2299	1698
			2299	1697
			2299	1696
			2299	1695
			2300	1694
			2300	1693
			2300	1692
			2301	1691
			2301	1690
			2301	1689
			2302	1688
			2302	1687
			2303	1686
			2303	1685
			2304	1685
			2304	1684
			2305	1683
			2305	1682
			2306	1682
			2306	1681
			2307	1680
			2308	1679
			2309	1678
			2309	1677
			2310	1676
			2311	1675
			2312	1674
			2313	1674
			2314	1673
			2315	1672
			2316	1672
			2317	1671
			2318	1670
			2319	1670
			2320	1669
			2321	1669
			2321	1668
			2322	1668
			2323	1668
			2324	1667
			2325	1667
			2326	1666
			2327	1666
			2328	1665
			2329	1665
			2330	1665
			2331	1665
			2332	1664
			2333	1664
			2334	1664
			2335	1664
			2336	1663
			2337	1663
			2338	1663
			2339	1663
			2340	1663
			2341	1663
			2342	1663
			2343	1663
			2344	1662
			2345	1662
			2346	1662
			2347	1662
			2348	1662
			2349	1662
			2350	1662
			2351	1662
			2352	1662
			2353	1662
			2354	1662
			2355	1662
		</Outline2>
		<Outline3 type=matrix rownames=FALSE colnames=FALSE nrow=102 ncol=2 as.numeric=TRUE >
			2355	1662
			2356	1662
			2357	1662
			2358	1662
			2359	1662
			2360	1663
			2361	1663
			2362	1663
			2363	1663
			2364	1663
			2365	1663
			2366	1663
			2367	1663
			2368	1663
			2369	1663
			2370	1663
			2371	1663
			2372	1663
			2373	1663
			2374	1663
			2375	1663
			2376	1663
			2377	1663
			2378	1663
			2379	1663
			2380	1663
			2381	1663
			2381	1664
			2382	1664
			2383	1664
			2384	1664
			2385	1664
			2386	1664
			2387	1664
			2388	1664
			2388	1665
			2389	1665
			2390	1665
			2391	1665
			2392	1666
			2393	1666
			2394	1666
			2395	1667
			2396	1667
			2397	1667
			2398	1668
			2399	1668
			2400	1669
			2401	1669
			2402	1670
			2403	1671
			2404	1672
			2405	1672
			2406	1673
			2407	1674
			2408	1674
			2409	1675
			2410	1676
			2410	1677
			2411	1677
			2412	1678
			2413	1679
			2413	1680
			2414	1681
			2415	1682
			2415	1683
			2416	1684
			2417	1685
			2418	1685
			2418	1686
			2419	1687
			2419	1688
			2419	1689
			2420	1689
			2420	1690
			2420	1691
			2421	1692
			2421	1693
			2421	1694
			2422	1695
			2422	1696
			2422	1697
			2422	1698
			2422	1699
			2423	1700
			2423	1701
			2423	1702
			2423	1703
			2423	1704
			2423	1705
			2423	1706
			2423	1707
			2423	1708
			2423	1709
			2423	1710
			2423	1711
			2423	1712
			2423	1713
			2423	1714
			2423	1715
			2423	1716
			2423	1717
		</Outline3>
		<Outline4 type=matrix rownames=FALSE colnames=FALSE nrow=94 ncol=2 as.numeric=TRUE >
			2423	1717
			2423	1718
			2423	1719
			2423	1720
			2423	1721
			2423	1722
			2423	1723
			2423	1724
			2423	1725
			2423	1726
			2423	1727
			2423	1728
			2423	1729
			2423	1730
			2423	1731
			2423	1732
			2423	1733
			2423	1734
			2423	1735
			2423	1736
			2423	1737
			2422	1738
			2422	1739
			2421	1740
			2421	1741
			2420	1742
			2420	1743
			2419	1744
			2419	1745
			2418	1746
			2418	1747
			2417	1748
			2417	1749
			2416	1750
			2415	1750
			2415	1751
			2414	1752
			2414	1753
			2413	1754
			2412	1755
			2412	1756
			2411	1757
			2410	1758
			2410	1759
			2409	1760
			2408	1760
			2408	1761
			2407	1762
			2407	1763
			2406	1764
			2405	1764
			2405	1765
			2404	1766
			2403	1766
			2402	1767
			2401	1768
			2400	1768
			2399	1769
			2398	1769
			2397	1770
			2396	1770
			2395	1771
			2394	1771
			2393	1772
			2392	1772
			2391	1773
			2390	1773
			2389	1773
			2388	1774
			2387	1774
			2386	1774
			2385	1775
			2384	1775
			2383	1775
			2382	1775
			2381	1776
			2380	1776
			2379	1776
			2378	1776
			2377	1776
			2376	1776
			2375	1776
			2374	1776
			2373	1776
			2372	1776
			2371	1776
			2370	1776
			2369	1776
			2368	1776
			2367	1776
			2366	1777
			2365	1777
			2364	1777
			2363	1777
		</Outline4>
	</curves.pixel>
	<curves.scaled type=list>
		<Outline1 type=matrix rownames=FALSE colnames=FALSE nrow=113 ncol=2 as.numeric=TRUE >
			26.2846144951121	-19.7662970621304
			26.2734910865234	-19.7662970621304
			26.2623676779346	-19.7662970621304
			26.2512442693459	-19.7774204707191
			26.2401208607572	-19.7774204707191
			26.2289974521685	-19.7774204707191
			26.2178740435798	-19.7885438793078
			26.2067506349911	-19.7885438793078
			26.1956272264024	-19.7885438793078
			26.1845038178137	-19.7885438793078
			26.173380409225	-19.7885438793078
			26.1622570006363	-19.7996672878965
			26.1511335920476	-19.7996672878965
			26.1400101834589	-19.7996672878965
			26.1288867748702	-19.7996672878965
			26.1177633662815	-19.8107906964852
			26.1066399576928	-19.8107906964852
			26.0955165491041	-19.8107906964852
			26.0843931405153	-19.8107906964852
			26.0732697319266	-19.8219141050739
			26.0621463233379	-19.8219141050739
			26.0510229147492	-19.8219141050739
			26.0398995061605	-19.8219141050739
			26.0287760975718	-19.8219141050739
			26.0176526889831	-19.8330375136626
			26.0065292803944	-19.8330375136626
			25.9954058718057	-19.8330375136626
			25.984282463217	-19.8330375136626
			25.9731590546283	-19.8330375136626
			25.9620356460396	-19.8330375136626
			25.9509122374509	-19.8330375136626
			25.9397888288622	-19.8441609222513
			25.9286654202735	-19.8441609222513
			25.9175420116848	-19.8441609222513
			25.9064186030961	-19.8441609222513
			25.8952951945074	-19.8441609222513
			25.8841717859186	-19.8441609222513
			25.8730483773299	-19.8441609222513
			25.8619249687412	-19.8441609222513
			25.8508015601525	-19.8441609222513
			25.8396781515638	-19.8441609222513
			25.8285547429751	-19.8441609222513
			25.8174313343864	-19.8441609222513
			25.8063079257977	-19.8330375136626
			25.795184517209	-19.8330375136626
			25.7840611086203	-19.8330375136626
			25.7729377000316	-19.8330375136626
			25.7618142914429	-19.8330375136626
			25.7506908828542	-19.8219141050739
			25.7395674742655	-19.8219141050739
			25.7284440656768	-19.8107906964852
			25.7173206570881	-19.8107906964852
			25.7061972484994	-19.8107906964852
			25.6950738399106	-19.7996672878965
			25.6839504313219	-19.7996672878965
			25.6728270227332	-19.7996672878965
			25.6617036141445	-19.7885438793078
			25.6505802055558	-19.7774204707191
			25.6394567969671	-19.7774204707191
			25.6283333883784	-19.7662970621304
			25.6172099797897	-19.7551736535417
			25.606086571201	-19.7551736535417
			25.606086571201	-19.744050244953
			25.5949631626123	-19.7329268363643
			25.5838397540236	-19.7218034277756
			25.5727163454349	-19.7106800191869
			25.5615929368462	-19.6995566105982
			25.5504695282575	-19.6884332020095
			25.5504695282575	-19.6773097934207
			25.5393461196688	-19.666186384832
			25.5393461196688	-19.6550629762433
			25.5393461196688	-19.6439395676546
			25.5393461196688	-19.6328161590659
			25.5393461196688	-19.6216927504772
			25.5393461196688	-19.6105693418885
			25.5393461196688	-19.5994459332998
			25.5393461196688	-19.5883225247111
			25.5393461196688	-19.5771991161224
			25.5393461196688	-19.5660757075337
			25.5393461196688	-19.554952298945
			25.5393461196688	-19.5438288903563
			25.5393461196688	-19.5327054817676
			25.5393461196688	-19.5215820731789
			25.5393461196688	-19.5104586645902
			25.5393461196688	-19.4993352560015
			25.5393461196688	-19.4882118474127
			25.5393461196688	-19.477088438824
			25.5393461196688	-19.4659650302353
			25.5393461196688	-19.4548416216466
			25.5393461196688	-19.4437182130579
			25.5393461196688	-19.4325948044692
			25.5393461196688	-19.4214713958805
			25.5393461196688	-19.4103479872918
			25.5393461196688	-19.3992245787031
			25.5393461196688	-19.3881011701144
			25.5393461196688	-19.3769777615257
			25.5393461196688	-19.365854352937
			25.5393461196688	-19.3547309443483
			25.5393461196688	-19.3436075357596
			25.5393461196688	-19.3324841271709
			25.5393461196688	-19.3213607185822
			25.5393461196688	-19.3102373099935
			25.5393461196688	-19.2991139014047
			25.5393461196688	-19.287990492816
			25.5393461196688	-19.2768670842273
			25.5393461196688	-19.2657436756386
			25.5393461196688	-19.2546202670499
			25.5393461196688	-19.2434968584612
			25.5393461196688	-19.2323734498725
			25.5393461196688	-19.2212500412838
			25.5393461196688	-19.2101266326951
			25.5393461196688	-19.1990032241064
			25.5393461196688	-19.1878798155177
		</Outline1>
		<Outline2 type=matrix rownames=FALSE colnames=FALSE nrow=98 ncol=2 as.numeric=TRUE >
			25.5393461196688	-19.1878798155177
			25.5393461196688	-19.176756406929
			25.5393461196688	-19.1656329983403
			25.5393461196688	-19.1545095897516
			25.5393461196688	-19.1433861811629
			25.5393461196688	-19.1322627725742
			25.5393461196688	-19.1211393639855
			25.5393461196688	-19.1100159553967
			25.5393461196688	-19.098892546808
			25.5393461196688	-19.0877691382193
			25.5393461196688	-19.0766457296306
			25.5393461196688	-19.0655223210419
			25.5393461196688	-19.0543989124532
			25.5393461196688	-19.0432755038645
			25.5504695282575	-19.0321520952758
			25.5504695282575	-19.0210286866871
			25.5504695282575	-19.0099052780984
			25.5504695282575	-18.9987818695097
			25.5504695282575	-18.987658460921
			25.5504695282575	-18.9765350523323
			25.5504695282575	-18.9654116437436
			25.5504695282575	-18.9542882351549
			25.5615929368462	-18.9431648265662
			25.5615929368462	-18.9320414179775
			25.5615929368462	-18.9209180093887
			25.5615929368462	-18.9097946008
			25.5615929368462	-18.8986711922113
			25.5727163454349	-18.8875477836226
			25.5727163454349	-18.8764243750339
			25.5727163454349	-18.8653009664452
			25.5727163454349	-18.8541775578565
			25.5838397540236	-18.8430541492678
			25.5838397540236	-18.8319307406791
			25.5838397540236	-18.8208073320904
			25.5949631626123	-18.8096839235017
			25.5949631626123	-18.798560514913
			25.5949631626123	-18.7874371063243
			25.606086571201	-18.7763136977356
			25.606086571201	-18.7651902891469
			25.6172099797897	-18.7540668805582
			25.6172099797897	-18.7429434719695
			25.6283333883784	-18.7429434719695
			25.6283333883784	-18.7318200633807
			25.6394567969671	-18.720696654792
			25.6394567969671	-18.7095732462033
			25.6505802055558	-18.7095732462033
			25.6505802055558	-18.6984498376146
			25.6617036141445	-18.6873264290259
			25.6728270227332	-18.6762030204372
			25.6839504313219	-18.6650796118485
			25.6839504313219	-18.6539562032598
			25.6950738399106	-18.6428327946711
			25.7061972484994	-18.6317093860824
			25.7173206570881	-18.6205859774937
			25.7284440656768	-18.6205859774937
			25.7395674742655	-18.609462568905
			25.7506908828542	-18.5983391603163
			25.7618142914429	-18.5983391603163
			25.7729377000316	-18.5872157517276
			25.7840611086203	-18.5760923431389
			25.795184517209	-18.5760923431389
			25.8063079257977	-18.5649689345502
			25.8174313343864	-18.5649689345502
			25.8174313343864	-18.5538455259615
			25.8285547429751	-18.5538455259615
			25.8396781515638	-18.5538455259615
			25.8508015601525	-18.5427221173727
			25.8619249687412	-18.5427221173727
			25.8730483773299	-18.531598708784
			25.8841717859186	-18.531598708784
			25.8952951945074	-18.5204753001953
			25.9064186030961	-18.5204753001953
			25.9175420116848	-18.5204753001953
			25.9286654202735	-18.5204753001953
			25.9397888288622	-18.5093518916066
			25.9509122374509	-18.5093518916066
			25.9620356460396	-18.5093518916066
			25.9731590546283	-18.5093518916066
			25.984282463217	-18.4982284830179
			25.9954058718057	-18.4982284830179
			26.0065292803944	-18.4982284830179
			26.0176526889831	-18.4982284830179
			26.0287760975718	-18.4982284830179
			26.0398995061605	-18.4982284830179
			26.0510229147492	-18.4982284830179
			26.0621463233379	-18.4982284830179
			26.0732697319266	-18.4871050744292
			26.0843931405153	-18.4871050744292
			26.0955165491041	-18.4871050744292
			26.1066399576928	-18.4871050744292
			26.1177633662815	-18.4871050744292
			26.1288867748702	-18.4871050744292
			26.1400101834589	-18.4871050744292
			26.1511335920476	-18.4871050744292
			26.1622570006363	-18.4871050744292
			26.173380409225	-18.4871050744292
			26.1845038178137	-18.4871050744292
			26.1956272264024	-18.4871050744292
		</Outline2>
		<Outline3 type=matrix rownames=FALSE colnames=FALSE nrow=102 ncol=2 as.numeric=TRUE >
			26.1956272264024	-18.4871050744292
			26.2067506349911	-18.4871050744292
			26.2178740435798	-18.4871050744292
			26.2289974521685	-18.4871050744292
			26.2401208607572	-18.4871050744292
			26.2512442693459	-18.4982284830179
			26.2623676779346	-18.4982284830179
			26.2734910865234	-18.4982284830179
			26.2846144951121	-18.4982284830179
			26.2957379037008	-18.4982284830179
			26.3068613122895	-18.4982284830179
			26.3179847208782	-18.4982284830179
			26.3291081294669	-18.4982284830179
			26.3402315380556	-18.4982284830179
			26.3513549466443	-18.4982284830179
			26.362478355233	-18.4982284830179
			26.3736017638217	-18.4982284830179
			26.3847251724104	-18.4982284830179
			26.3958485809991	-18.4982284830179
			26.4069719895878	-18.4982284830179
			26.4180953981765	-18.4982284830179
			26.4292188067652	-18.4982284830179
			26.4403422153539	-18.4982284830179
			26.4514656239426	-18.4982284830179
			26.4625890325314	-18.4982284830179
			26.4737124411201	-18.4982284830179
			26.4848358497088	-18.4982284830179
			26.4848358497088	-18.5093518916066
			26.4959592582975	-18.5093518916066
			26.5070826668862	-18.5093518916066
			26.5182060754749	-18.5093518916066
			26.5293294840636	-18.5093518916066
			26.5404528926523	-18.5093518916066
			26.551576301241	-18.5093518916066
			26.5626997098297	-18.5093518916066
			26.5626997098297	-18.5204753001953
			26.5738231184184	-18.5204753001953
			26.5849465270071	-18.5204753001953
			26.5960699355958	-18.5204753001953
			26.6071933441845	-18.531598708784
			26.6183167527732	-18.531598708784
			26.6294401613619	-18.531598708784
			26.6405635699506	-18.5427221173727
			26.6516869785394	-18.5427221173727
			26.6628103871281	-18.5427221173727
			26.6739337957168	-18.5538455259615
			26.6850572043055	-18.5538455259615
			26.6961806128942	-18.5649689345502
			26.7073040214829	-18.5649689345502
			26.7184274300716	-18.5760923431389
			26.7295508386603	-18.5872157517276
			26.740674247249	-18.5983391603163
			26.7517976558377	-18.5983391603163
			26.7629210644264	-18.609462568905
			26.7740444730151	-18.6205859774937
			26.7851678816038	-18.6205859774937
			26.7962912901925	-18.6317093860824
			26.8074146987812	-18.6428327946711
			26.8074146987812	-18.6539562032598
			26.8185381073699	-18.6539562032598
			26.8296615159586	-18.6650796118485
			26.8407849245474	-18.6762030204372
			26.8407849245474	-18.6873264290259
			26.8519083331361	-18.6984498376146
			26.8630317417248	-18.7095732462033
			26.8630317417248	-18.720696654792
			26.8741551503135	-18.7318200633807
			26.8852785589022	-18.7429434719695
			26.8964019674909	-18.7429434719695
			26.8964019674909	-18.7540668805582
			26.9075253760796	-18.7651902891469
			26.9075253760796	-18.7763136977356
			26.9075253760796	-18.7874371063243
			26.9186487846683	-18.7874371063243
			26.9186487846683	-18.798560514913
			26.9186487846683	-18.8096839235017
			26.929772193257	-18.8208073320904
			26.929772193257	-18.8319307406791
			26.929772193257	-18.8430541492678
			26.9408956018457	-18.8541775578565
			26.9408956018457	-18.8653009664452
			26.9408956018457	-18.8764243750339
			26.9408956018457	-18.8875477836226
			26.9408956018457	-18.8986711922113
			26.9520190104344	-18.9097946008
			26.9520190104344	-18.9209180093887
			26.9520190104344	-18.9320414179775
			26.9520190104344	-18.9431648265662
			26.9520190104344	-18.9542882351549
			26.9520190104344	-18.9654116437436
			26.9520190104344	-18.9765350523323
			26.9520190104344	-18.987658460921
			26.9520190104344	-18.9987818695097
			26.9520190104344	-19.0099052780984
			26.9520190104344	-19.0210286866871
			26.9520190104344	-19.0321520952758
			26.9520190104344	-19.0432755038645
			26.9520190104344	-19.0543989124532
			26.9520190104344	-19.0655223210419
			26.9520190104344	-19.0766457296306
			26.9520190104344	-19.0877691382193
			26.9520190104344	-19.098892546808
		</Outline3>
		<Outline4 type=matrix rownames=FALSE colnames=FALSE nrow=94 ncol=2 as.numeric=TRUE >
			26.9520190104344	-19.098892546808
			26.9520190104344	-19.1100159553967
			26.9520190104344	-19.1211393639855
			26.9520190104344	-19.1322627725742
			26.9520190104344	-19.1433861811629
			26.9520190104344	-19.1545095897516
			26.9520190104344	-19.1656329983403
			26.9520190104344	-19.176756406929
			26.9520190104344	-19.1878798155177
			26.9520190104344	-19.1990032241064
			26.9520190104344	-19.2101266326951
			26.9520190104344	-19.2212500412838
			26.9520190104344	-19.2323734498725
			26.9520190104344	-19.2434968584612
			26.9520190104344	-19.2546202670499
			26.9520190104344	-19.2657436756386
			26.9520190104344	-19.2768670842273
			26.9520190104344	-19.287990492816
			26.9520190104344	-19.2991139014047
			26.9520190104344	-19.3102373099935
			26.9520190104344	-19.3213607185822
			26.9408956018457	-19.3324841271709
			26.9408956018457	-19.3436075357596
			26.929772193257	-19.3547309443483
			26.929772193257	-19.365854352937
			26.9186487846683	-19.3769777615257
			26.9186487846683	-19.3881011701144
			26.9075253760796	-19.3992245787031
			26.9075253760796	-19.4103479872918
			26.8964019674909	-19.4214713958805
			26.8964019674909	-19.4325948044692
			26.8852785589022	-19.4437182130579
			26.8852785589022	-19.4548416216466
			26.8741551503135	-19.4659650302353
			26.8630317417248	-19.4659650302353
			26.8630317417248	-19.477088438824
			26.8519083331361	-19.4882118474127
			26.8519083331361	-19.4993352560015
			26.8407849245474	-19.5104586645902
			26.8296615159586	-19.5215820731789
			26.8296615159586	-19.5327054817676
			26.8185381073699	-19.5438288903563
			26.8074146987812	-19.554952298945
			26.8074146987812	-19.5660757075337
			26.7962912901925	-19.5771991161224
			26.7851678816038	-19.5771991161224
			26.7851678816038	-19.5883225247111
			26.7740444730151	-19.5994459332998
			26.7740444730151	-19.6105693418885
			26.7629210644264	-19.6216927504772
			26.7517976558377	-19.6216927504772
			26.7517976558377	-19.6328161590659
			26.740674247249	-19.6439395676546
			26.7295508386603	-19.6439395676546
			26.7184274300716	-19.6550629762433
			26.7073040214829	-19.666186384832
			26.6961806128942	-19.666186384832
			26.6850572043055	-19.6773097934207
			26.6739337957168	-19.6773097934207
			26.6628103871281	-19.6884332020095
			26.6516869785394	-19.6884332020095
			26.6405635699506	-19.6995566105982
			26.6294401613619	-19.6995566105982
			26.6183167527732	-19.7106800191869
			26.6071933441845	-19.7106800191869
			26.5960699355958	-19.7218034277756
			26.5849465270071	-19.7218034277756
			26.5738231184184	-19.7218034277756
			26.5626997098297	-19.7329268363643
			26.551576301241	-19.7329268363643
			26.5404528926523	-19.7329268363643
			26.5293294840636	-19.744050244953
			26.5182060754749	-19.744050244953
			26.5070826668862	-19.744050244953
			26.4959592582975	-19.744050244953
			26.4848358497088	-19.7551736535417
			26.4737124411201	-19.7551736535417
			26.4625890325314	-19.7551736535417
			26.4514656239426	-19.7551736535417
			26.4403422153539	-19.7551736535417
			26.4292188067652	-19.7551736535417
			26.4180953981765	-19.7551736535417
			26.4069719895878	-19.7551736535417
			26.3958485809991	-19.7551736535417
			26.3847251724104	-19.7551736535417
			26.3736017638217	-19.7551736535417
			26.362478355233	-19.7551736535417
			26.3513549466443	-19.7551736535417
			26.3402315380556	-19.7551736535417
			26.3291081294669	-19.7551736535417
			26.3179847208782	-19.7662970621304
			26.3068613122895	-19.7662970621304
			26.2957379037008	-19.7662970621304
			26.2846144951121	-19.7662970621304
		</Outline4>
	</curves.scaled>
	<ruler.points type=matrix rownames=TRUE colnames=FALSE nrow=2 ncol=2 as.numeric=TRUE >
		Ruler point 1	3189	372
		Ruler point 2	2290	369
	</ruler.points>
</shapes>

