<shapes type=list>
	<ruler.pixel type=vector names=FALSE length=1 as.numeric=TRUE >1065.06760348815</ruler.pixel>
	<ruler.interval type=vector names=FALSE length=1 as.numeric=TRUE >10</ruler.interval>
	<scaling.units type=vector names=FALSE length=1 as.numeric=FALSE >mm</scaling.units>
	<scaling type=vector names=FALSE length=1 as.numeric=TRUE >0.00938907536690578</scaling>
	<landmarks.pixel type=matrix rownames=TRUE colnames=FALSE nrow=4 ncol=2 as.numeric=TRUE >
		Labial	2356	1882
		Posterior	2243	1821
		Lingual	2312	1717
		Anterior	2425	1775
	</landmarks.pixel>
	<landmarks.scaled type=matrix rownames=TRUE colnames=FALSE nrow=4 ncol=2 as.numeric=TRUE >
		Labial	22.12066156443	-17.6702398405167
		Posterior	21.0596960479697	-17.0975062431354
		Lingual	21.7075422482862	-16.1210424049772
		Anterior	22.7685077647465	-16.6656087762578
	</landmarks.scaled>
	<curves.control type=list>
		<Outline1 type=matrix rownames=FALSE colnames=FALSE nrow=15 ncol=2 as.numeric=TRUE >
			2356	1882
			2341	1890
			2328	1898
			2318	1902
			2307	1905
			2294	1907
			2280	1905
			2268	1900
			2258	1890
			2252	1881
			2247	1868
			2243	1852
			2243	1839
			2243	1830
			2243	1821
		</Outline1>
		<Outline2 type=matrix rownames=FALSE colnames=FALSE nrow=13 ncol=2 as.numeric=TRUE >
			2243	1821
			2244	1803
			2245	1785
			2247	1771
			2248	1759
			2251	1748
			2256	1740
			2265	1733
			2274	1729
			2285	1725
			2296	1721
			2304	1719
			2312	1717
		</Outline2>
		<Outline3 type=matrix rownames=FALSE colnames=FALSE nrow=13 ncol=2 as.numeric=TRUE >
			2312	1717
			2322	1716
			2335	1716
			2348	1715
			2360	1716
			2371	1718
			2382	1722
			2392	1728
			2401	1737
			2409	1745
			2416	1754
			2422	1764
			2425	1775
		</Outline3>
		<Outline4 type=matrix rownames=FALSE colnames=FALSE nrow=11 ncol=2 as.numeric=TRUE >
			2425	1775
			2428	1789
			2428	1797
			2428	1806
			2426	1819
			2422	1830
			2411	1846
			2398	1859
			2385	1868
			2373	1875
			2356	1882
		</Outline4>
	</curves.control>
	<curves.pixel type=list>
		<Outline1 type=matrix rownames=FALSE colnames=FALSE nrow=174 ncol=2 as.numeric=TRUE >
			2356	1882
			2355	1883
			2354	1883
			2353	1884
			2352	1884
			2351	1885
			2350	1885
			2349	1886
			2348	1886
			2347	1887
			2346	1887
			2345	1888
			2344	1889
			2343	1889
			2342	1890
			2341	1890
			2340	1891
			2339	1891
			2338	1892
			2337	1892
			2336	1893
			2335	1894
			2334	1894
			2334	1895
			2333	1895
			2332	1896
			2331	1896
			2330	1897
			2329	1897
			2328	1898
			2327	1898
			2326	1899
			2325	1899
			2324	1900
			2323	1900
			2322	1900
			2321	1900
			2321	1901
			2320	1901
			2319	1901
			2318	1902
			2317	1902
			2316	1902
			2315	1902
			2315	1903
			2314	1903
			2313	1903
			2312	1904
			2311	1904
			2310	1904
			2309	1904
			2309	1905
			2308	1905
			2307	1905
			2306	1905
			2305	1905
			2304	1905
			2303	1906
			2302	1906
			2301	1906
			2300	1906
			2299	1906
			2298	1906
			2297	1906
			2296	1906
			2295	1906
			2294	1906
			2293	1906
			2292	1906
			2291	1906
			2290	1906
			2289	1906
			2288	1906
			2287	1906
			2286	1906
			2285	1906
			2284	1906
			2283	1905
			2282	1905
			2281	1905
			2280	1905
			2279	1904
			2278	1904
			2277	1903
			2276	1903
			2275	1902
			2274	1902
			2273	1901
			2272	1901
			2271	1900
			2270	1900
			2269	1899
			2268	1898
			2267	1898
			2266	1897
			2265	1897
			2265	1896
			2264	1895
			2263	1894
			2262	1894
			2261	1893
			2260	1892
			2259	1891
			2258	1890
			2257	1889
			2257	1888
			2256	1887
			2256	1886
			2255	1885
			2254	1884
			2254	1883
			2253	1882
			2253	1881
			2252	1880
			2252	1879
			2251	1878
			2251	1877
			2250	1876
			2250	1875
			2249	1874
			2249	1873
			2248	1872
			2248	1871
			2248	1870
			2247	1869
			2247	1868
			2247	1867
			2246	1866
			2246	1865
			2246	1864
			2246	1863
			2246	1862
			2245	1861
			2245	1860
			2245	1859
			2245	1858
			2245	1857
			2245	1856
			2244	1855
			2244	1854
			2244	1853
			2244	1852
			2244	1851
			2244	1850
			2244	1849
			2243	1849
			2243	1848
			2243	1847
			2243	1846
			2243	1845
			2243	1844
			2243	1843
			2243	1842
			2243	1841
			2243	1840
			2243	1839
			2243	1838
			2243	1837
			2243	1836
			2243	1835
			2243	1834
			2243	1833
			2243	1832
			2243	1831
			2243	1830
			2243	1829
			2243	1828
			2243	1827
			2243	1826
			2243	1825
			2243	1824
			2243	1823
			2243	1822
			2243	1821
		</Outline1>
		<Outline2 type=matrix rownames=FALSE colnames=FALSE nrow=143 ncol=2 as.numeric=TRUE >
			2243	1821
			2243	1820
			2243	1819
			2243	1818
			2243	1817
			2243	1816
			2243	1815
			2243	1814
			2243	1813
			2244	1812
			2244	1811
			2244	1810
			2244	1809
			2244	1808
			2244	1807
			2244	1806
			2244	1805
			2244	1804
			2244	1803
			2244	1802
			2244	1801
			2244	1800
			2244	1799
			2244	1798
			2244	1797
			2244	1796
			2244	1795
			2244	1794
			2245	1794
			2245	1793
			2245	1792
			2245	1791
			2245	1790
			2245	1789
			2245	1788
			2245	1787
			2245	1786
			2245	1785
			2245	1784
			2245	1783
			2245	1782
			2246	1781
			2246	1780
			2246	1779
			2246	1778
			2246	1777
			2246	1776
			2246	1775
			2246	1774
			2247	1773
			2247	1772
			2247	1771
			2247	1770
			2247	1769
			2247	1768
			2247	1767
			2247	1766
			2247	1765
			2248	1764
			2248	1763
			2248	1762
			2248	1761
			2248	1760
			2248	1759
			2248	1758
			2249	1757
			2249	1756
			2249	1755
			2250	1754
			2250	1753
			2250	1752
			2251	1751
			2251	1750
			2251	1749
			2252	1749
			2252	1748
			2252	1747
			2253	1746
			2253	1745
			2254	1744
			2254	1743
			2255	1742
			2256	1741
			2256	1740
			2257	1739
			2258	1739
			2258	1738
			2259	1738
			2260	1737
			2261	1737
			2261	1736
			2262	1736
			2263	1735
			2264	1734
			2265	1733
			2266	1733
			2267	1732
			2268	1732
			2269	1732
			2270	1731
			2271	1730
			2272	1730
			2273	1729
			2274	1729
			2275	1729
			2276	1728
			2277	1728
			2278	1728
			2279	1727
			2280	1727
			2281	1727
			2282	1726
			2283	1726
			2284	1725
			2285	1725
			2286	1725
			2287	1724
			2288	1724
			2289	1723
			2290	1723
			2291	1723
			2292	1723
			2292	1722
			2293	1722
			2294	1722
			2295	1721
			2296	1721
			2297	1721
			2298	1720
			2299	1720
			2300	1720
			2301	1720
			2302	1719
			2303	1719
			2304	1719
			2305	1719
			2306	1719
			2307	1718
			2308	1718
			2309	1718
			2310	1717
			2311	1717
			2312	1717
		</Outline2>
		<Outline3 type=matrix rownames=FALSE colnames=FALSE nrow=132 ncol=2 as.numeric=TRUE >
			2312	1717
			2313	1717
			2314	1717
			2315	1717
			2316	1717
			2317	1717
			2318	1716
			2319	1716
			2320	1716
			2321	1716
			2322	1716
			2323	1716
			2324	1716
			2325	1716
			2326	1716
			2327	1716
			2328	1716
			2329	1716
			2330	1716
			2331	1716
			2332	1716
			2333	1716
			2334	1716
			2335	1716
			2336	1716
			2337	1716
			2338	1716
			2339	1716
			2340	1716
			2341	1716
			2342	1716
			2343	1716
			2344	1716
			2345	1716
			2346	1716
			2347	1716
			2348	1716
			2349	1716
			2350	1716
			2351	1716
			2352	1716
			2353	1716
			2354	1716
			2355	1716
			2356	1716
			2357	1716
			2358	1716
			2359	1716
			2360	1716
			2361	1716
			2362	1716
			2363	1717
			2364	1717
			2365	1717
			2366	1717
			2367	1718
			2368	1718
			2369	1718
			2370	1718
			2371	1718
			2372	1719
			2373	1719
			2374	1719
			2375	1720
			2376	1720
			2377	1720
			2378	1721
			2379	1721
			2380	1721
			2381	1722
			2382	1722
			2383	1723
			2384	1723
			2385	1724
			2386	1725
			2387	1725
			2387	1726
			2388	1726
			2389	1726
			2389	1727
			2390	1727
			2391	1728
			2392	1729
			2393	1730
			2394	1731
			2395	1731
			2396	1732
			2396	1733
			2397	1733
			2398	1734
			2399	1735
			2400	1736
			2401	1737
			2402	1738
			2403	1739
			2404	1740
			2405	1741
			2406	1742
			2407	1743
			2408	1744
			2409	1745
			2410	1746
			2410	1747
			2411	1748
			2412	1749
			2413	1750
			2414	1751
			2415	1752
			2416	1753
			2416	1754
			2417	1755
			2417	1756
			2418	1757
			2418	1758
			2419	1759
			2419	1760
			2420	1761
			2420	1762
			2421	1763
			2421	1764
			2422	1765
			2422	1766
			2422	1767
			2423	1767
			2423	1768
			2423	1769
			2423	1770
			2424	1771
			2424	1772
			2424	1773
			2425	1774
			2425	1775
		</Outline3>
		<Outline4 type=matrix rownames=FALSE colnames=FALSE nrow=139 ncol=2 as.numeric=TRUE >
			2425	1775
			2425	1776
			2425	1777
			2426	1778
			2426	1779
			2426	1780
			2426	1781
			2426	1782
			2427	1783
			2427	1784
			2427	1785
			2427	1786
			2427	1787
			2427	1788
			2427	1789
			2428	1790
			2428	1791
			2428	1792
			2428	1793
			2428	1794
			2428	1795
			2428	1796
			2428	1797
			2428	1798
			2428	1799
			2428	1800
			2428	1801
			2428	1802
			2428	1803
			2428	1804
			2428	1805
			2428	1806
			2428	1807
			2427	1808
			2427	1809
			2427	1810
			2427	1811
			2427	1812
			2427	1813
			2427	1814
			2427	1815
			2426	1816
			2426	1817
			2426	1818
			2426	1819
			2426	1820
			2425	1820
			2425	1821
			2425	1822
			2424	1823
			2424	1824
			2424	1825
			2423	1826
			2423	1827
			2422	1827
			2422	1828
			2421	1829
			2421	1830
			2420	1831
			2420	1832
			2419	1833
			2418	1834
			2418	1835
			2417	1836
			2417	1837
			2416	1838
			2416	1839
			2415	1839
			2415	1840
			2415	1841
			2414	1841
			2414	1842
			2413	1843
			2412	1844
			2412	1845
			2411	1846
			2410	1847
			2409	1848
			2408	1849
			2407	1850
			2406	1851
			2405	1852
			2404	1852
			2404	1853
			2403	1854
			2402	1855
			2401	1855
			2400	1856
			2400	1857
			2399	1857
			2398	1858
			2397	1859
			2396	1859
			2395	1860
			2395	1861
			2394	1861
			2393	1862
			2392	1863
			2391	1863
			2390	1864
			2390	1865
			2389	1865
			2388	1866
			2387	1866
			2386	1867
			2386	1868
			2385	1868
			2384	1869
			2383	1869
			2382	1869
			2382	1870
			2381	1870
			2380	1871
			2379	1871
			2378	1872
			2377	1872
			2377	1873
			2376	1873
			2375	1873
			2374	1874
			2373	1874
			2372	1875
			2371	1875
			2370	1876
			2369	1876
			2368	1877
			2367	1877
			2366	1878
			2365	1878
			2364	1879
			2363	1879
			2362	1879
			2361	1880
			2360	1880
			2359	1881
			2358	1881
			2357	1881
			2357	1882
			2356	1882
		</Outline4>
	</curves.pixel>
	<curves.scaled type=list>
		<Outline1 type=matrix rownames=FALSE colnames=FALSE nrow=174 ncol=2 as.numeric=TRUE >
			22.12066156443	-17.6702398405167
			22.1112724890631	-17.6796289158836
			22.1018834136962	-17.6796289158836
			22.0924943383293	-17.6890179912505
			22.0831052629624	-17.6890179912505
			22.0737161875955	-17.6984070666174
			22.0643271122286	-17.6984070666174
			22.0549380368617	-17.7077961419843
			22.0455489614948	-17.7077961419843
			22.0361598861279	-17.7171852173512
			22.026770810761	-17.7171852173512
			22.017381735394	-17.7265742927181
			22.0079926600271	-17.735963368085
			21.9986035846602	-17.735963368085
			21.9892145092933	-17.7453524434519
			21.9798254339264	-17.7453524434519
			21.9704363585595	-17.7547415188188
			21.9610472831926	-17.7547415188188
			21.9516582078257	-17.7641305941857
			21.9422691324588	-17.7641305941857
			21.9328800570919	-17.7735196695526
			21.923490981725	-17.7829087449195
			21.9141019063581	-17.7829087449195
			21.9141019063581	-17.7922978202864
			21.9047128309912	-17.7922978202864
			21.8953237556243	-17.8016868956534
			21.8859346802574	-17.8016868956534
			21.8765456048905	-17.8110759710203
			21.8671565295236	-17.8110759710203
			21.8577674541567	-17.8204650463872
			21.8483783787897	-17.8204650463872
			21.8389893034228	-17.8298541217541
			21.8296002280559	-17.8298541217541
			21.820211152689	-17.839243197121
			21.8108220773221	-17.839243197121
			21.8014330019552	-17.839243197121
			21.7920439265883	-17.839243197121
			21.7920439265883	-17.8486322724879
			21.7826548512214	-17.8486322724879
			21.7732657758545	-17.8486322724879
			21.7638767004876	-17.8580213478548
			21.7544876251207	-17.8580213478548
			21.7450985497538	-17.8580213478548
			21.7357094743869	-17.8580213478548
			21.7357094743869	-17.8674104232217
			21.72632039902	-17.8674104232217
			21.7169313236531	-17.8674104232217
			21.7075422482862	-17.8767994985886
			21.6981531729193	-17.8767994985886
			21.6887640975523	-17.8767994985886
			21.6793750221854	-17.8767994985886
			21.6793750221854	-17.8861885739555
			21.6699859468185	-17.8861885739555
			21.6605968714516	-17.8861885739555
			21.6512077960847	-17.8861885739555
			21.6418187207178	-17.8861885739555
			21.6324296453509	-17.8861885739555
			21.623040569984	-17.8955776493224
			21.6136514946171	-17.8955776493224
			21.6042624192502	-17.8955776493224
			21.5948733438833	-17.8955776493224
			21.5854842685164	-17.8955776493224
			21.5760951931495	-17.8955776493224
			21.5667061177826	-17.8955776493224
			21.5573170424157	-17.8955776493224
			21.5479279670488	-17.8955776493224
			21.5385388916819	-17.8955776493224
			21.5291498163149	-17.8955776493224
			21.519760740948	-17.8955776493224
			21.5103716655811	-17.8955776493224
			21.5009825902142	-17.8955776493224
			21.4915935148473	-17.8955776493224
			21.4822044394804	-17.8955776493224
			21.4728153641135	-17.8955776493224
			21.4634262887466	-17.8955776493224
			21.4540372133797	-17.8955776493224
			21.4446481380128	-17.8955776493224
			21.4352590626459	-17.8861885739555
			21.425869987279	-17.8861885739555
			21.4164809119121	-17.8861885739555
			21.4070918365452	-17.8861885739555
			21.3977027611783	-17.8767994985886
			21.3883136858114	-17.8767994985886
			21.3789246104445	-17.8674104232217
			21.3695355350776	-17.8674104232217
			21.3601464597106	-17.8580213478548
			21.3507573843437	-17.8580213478548
			21.3413683089768	-17.8486322724879
			21.3319792336099	-17.8486322724879
			21.322590158243	-17.839243197121
			21.3132010828761	-17.839243197121
			21.3038120075092	-17.8298541217541
			21.2944229321423	-17.8204650463872
			21.2850338567754	-17.8204650463872
			21.2756447814085	-17.8110759710203
			21.2662557060416	-17.8110759710203
			21.2662557060416	-17.8016868956534
			21.2568666306747	-17.7922978202864
			21.2474775553078	-17.7829087449195
			21.2380884799409	-17.7829087449195
			21.228699404574	-17.7735196695526
			21.2193103292071	-17.7641305941857
			21.2099212538402	-17.7547415188188
			21.2005321784732	-17.7453524434519
			21.1911431031063	-17.735963368085
			21.1911431031063	-17.7265742927181
			21.1817540277394	-17.7171852173512
			21.1817540277394	-17.7077961419843
			21.1723649523725	-17.6984070666174
			21.1629758770056	-17.6890179912505
			21.1629758770056	-17.6796289158836
			21.1535868016387	-17.6702398405167
			21.1535868016387	-17.6608507651498
			21.1441977262718	-17.6514616897829
			21.1441977262718	-17.642072614416
			21.1348086509049	-17.6326835390491
			21.1348086509049	-17.6232944636821
			21.125419575538	-17.6139053883152
			21.125419575538	-17.6045163129483
			21.1160305001711	-17.5951272375814
			21.1160305001711	-17.5857381622145
			21.1066414248042	-17.5763490868476
			21.1066414248042	-17.5669600114807
			21.1066414248042	-17.5575709361138
			21.0972523494373	-17.5481818607469
			21.0972523494373	-17.53879278538
			21.0972523494373	-17.5294037100131
			21.0878632740704	-17.5200146346462
			21.0878632740704	-17.5106255592793
			21.0878632740704	-17.5012364839124
			21.0878632740704	-17.4918474085455
			21.0878632740704	-17.4824583331786
			21.0784741987035	-17.4730692578117
			21.0784741987035	-17.4636801824447
			21.0784741987035	-17.4542911070778
			21.0784741987035	-17.4449020317109
			21.0784741987035	-17.435512956344
			21.0784741987035	-17.4261238809771
			21.0690851233366	-17.4167348056102
			21.0690851233366	-17.4073457302433
			21.0690851233366	-17.3979566548764
			21.0690851233366	-17.3885675795095
			21.0690851233366	-17.3791785041426
			21.0690851233366	-17.3697894287757
			21.0690851233366	-17.3604003534088
			21.0596960479697	-17.3604003534088
			21.0596960479697	-17.3510112780419
			21.0596960479697	-17.341622202675
			21.0596960479697	-17.3322331273081
			21.0596960479697	-17.3228440519412
			21.0596960479697	-17.3134549765743
			21.0596960479697	-17.3040659012073
			21.0596960479697	-17.2946768258404
			21.0596960479697	-17.2852877504735
			21.0596960479697	-17.2758986751066
			21.0596960479697	-17.2665095997397
			21.0596960479697	-17.2571205243728
			21.0596960479697	-17.2477314490059
			21.0596960479697	-17.238342373639
			21.0596960479697	-17.2289532982721
			21.0596960479697	-17.2195642229052
			21.0596960479697	-17.2101751475383
			21.0596960479697	-17.2007860721714
			21.0596960479697	-17.1913969968045
			21.0596960479697	-17.1820079214376
			21.0596960479697	-17.1726188460707
			21.0596960479697	-17.1632297707038
			21.0596960479697	-17.1538406953369
			21.0596960479697	-17.14445161997
			21.0596960479697	-17.135062544603
			21.0596960479697	-17.1256734692361
			21.0596960479697	-17.1162843938692
			21.0596960479697	-17.1068953185023
			21.0596960479697	-17.0975062431354
		</Outline1>
		<Outline2 type=matrix rownames=FALSE colnames=FALSE nrow=143 ncol=2 as.numeric=TRUE >
			21.0596960479697	-17.0975062431354
			21.0596960479697	-17.0881171677685
			21.0596960479697	-17.0787280924016
			21.0596960479697	-17.0693390170347
			21.0596960479697	-17.0599499416678
			21.0596960479697	-17.0505608663009
			21.0596960479697	-17.041171790934
			21.0596960479697	-17.0317827155671
			21.0596960479697	-17.0223936402002
			21.0690851233366	-17.0130045648333
			21.0690851233366	-17.0036154894664
			21.0690851233366	-16.9942264140995
			21.0690851233366	-16.9848373387326
			21.0690851233366	-16.9754482633656
			21.0690851233366	-16.9660591879987
			21.0690851233366	-16.9566701126318
			21.0690851233366	-16.9472810372649
			21.0690851233366	-16.937891961898
			21.0690851233366	-16.9285028865311
			21.0690851233366	-16.9191138111642
			21.0690851233366	-16.9097247357973
			21.0690851233366	-16.9003356604304
			21.0690851233366	-16.8909465850635
			21.0690851233366	-16.8815575096966
			21.0690851233366	-16.8721684343297
			21.0690851233366	-16.8627793589628
			21.0690851233366	-16.8533902835959
			21.0690851233366	-16.844001208229
			21.0784741987035	-16.844001208229
			21.0784741987035	-16.8346121328621
			21.0784741987035	-16.8252230574952
			21.0784741987035	-16.8158339821283
			21.0784741987035	-16.8064449067613
			21.0784741987035	-16.7970558313944
			21.0784741987035	-16.7876667560275
			21.0784741987035	-16.7782776806606
			21.0784741987035	-16.7688886052937
			21.0784741987035	-16.7594995299268
			21.0784741987035	-16.7501104545599
			21.0784741987035	-16.740721379193
			21.0784741987035	-16.7313323038261
			21.0878632740704	-16.7219432284592
			21.0878632740704	-16.7125541530923
			21.0878632740704	-16.7031650777254
			21.0878632740704	-16.6937760023585
			21.0878632740704	-16.6843869269916
			21.0878632740704	-16.6749978516247
			21.0878632740704	-16.6656087762578
			21.0878632740704	-16.6562197008909
			21.0972523494373	-16.6468306255239
			21.0972523494373	-16.637441550157
			21.0972523494373	-16.6280524747901
			21.0972523494373	-16.6186633994232
			21.0972523494373	-16.6092743240563
			21.0972523494373	-16.5998852486894
			21.0972523494373	-16.5904961733225
			21.0972523494373	-16.5811070979556
			21.0972523494373	-16.5717180225887
			21.1066414248042	-16.5623289472218
			21.1066414248042	-16.5529398718549
			21.1066414248042	-16.543550796488
			21.1066414248042	-16.5341617211211
			21.1066414248042	-16.5247726457542
			21.1066414248042	-16.5153835703873
			21.1066414248042	-16.5059944950204
			21.1160305001711	-16.4966054196535
			21.1160305001711	-16.4872163442865
			21.1160305001711	-16.4778272689196
			21.125419575538	-16.4684381935527
			21.125419575538	-16.4590491181858
			21.125419575538	-16.4496600428189
			21.1348086509049	-16.440270967452
			21.1348086509049	-16.4308818920851
			21.1348086509049	-16.4214928167182
			21.1441977262718	-16.4214928167182
			21.1441977262718	-16.4121037413513
			21.1441977262718	-16.4027146659844
			21.1535868016387	-16.3933255906175
			21.1535868016387	-16.3839365152506
			21.1629758770056	-16.3745474398837
			21.1629758770056	-16.3651583645168
			21.1723649523725	-16.3557692891499
			21.1817540277394	-16.346380213783
			21.1817540277394	-16.3369911384161
			21.1911431031063	-16.3276020630491
			21.2005321784732	-16.3276020630491
			21.2005321784732	-16.3182129876822
			21.2099212538402	-16.3182129876822
			21.2193103292071	-16.3088239123153
			21.228699404574	-16.3088239123153
			21.228699404574	-16.2994348369484
			21.2380884799409	-16.2994348369484
			21.2474775553078	-16.2900457615815
			21.2568666306747	-16.2806566862146
			21.2662557060416	-16.2712676108477
			21.2756447814085	-16.2712676108477
			21.2850338567754	-16.2618785354808
			21.2944229321423	-16.2618785354808
			21.3038120075092	-16.2618785354808
			21.3132010828761	-16.2524894601139
			21.322590158243	-16.243100384747
			21.3319792336099	-16.243100384747
			21.3413683089768	-16.2337113093801
			21.3507573843437	-16.2337113093801
			21.3601464597106	-16.2337113093801
			21.3695355350776	-16.2243222340132
			21.3789246104445	-16.2243222340132
			21.3883136858114	-16.2243222340132
			21.3977027611783	-16.2149331586463
			21.4070918365452	-16.2149331586463
			21.4164809119121	-16.2149331586463
			21.425869987279	-16.2055440832794
			21.4352590626459	-16.2055440832794
			21.4446481380128	-16.1961550079125
			21.4540372133797	-16.1961550079125
			21.4634262887466	-16.1961550079125
			21.4728153641135	-16.1867659325456
			21.4822044394804	-16.1867659325456
			21.4915935148473	-16.1773768571787
			21.5009825902142	-16.1773768571787
			21.5103716655811	-16.1773768571787
			21.519760740948	-16.1773768571787
			21.519760740948	-16.1679877818117
			21.5291498163149	-16.1679877818117
			21.5385388916819	-16.1679877818117
			21.5479279670488	-16.1585987064448
			21.5573170424157	-16.1585987064448
			21.5667061177826	-16.1585987064448
			21.5760951931495	-16.1492096310779
			21.5854842685164	-16.1492096310779
			21.5948733438833	-16.1492096310779
			21.6042624192502	-16.1492096310779
			21.6136514946171	-16.139820555711
			21.623040569984	-16.139820555711
			21.6324296453509	-16.139820555711
			21.6418187207178	-16.139820555711
			21.6512077960847	-16.139820555711
			21.6605968714516	-16.1304314803441
			21.6699859468185	-16.1304314803441
			21.6793750221854	-16.1304314803441
			21.6887640975523	-16.1210424049772
			21.6981531729193	-16.1210424049772
			21.7075422482862	-16.1210424049772
		</Outline2>
		<Outline3 type=matrix rownames=FALSE colnames=FALSE nrow=132 ncol=2 as.numeric=TRUE >
			21.7075422482862	-16.1210424049772
			21.7169313236531	-16.1210424049772
			21.72632039902	-16.1210424049772
			21.7357094743869	-16.1210424049772
			21.7450985497538	-16.1210424049772
			21.7544876251207	-16.1210424049772
			21.7638767004876	-16.1116533296103
			21.7732657758545	-16.1116533296103
			21.7826548512214	-16.1116533296103
			21.7920439265883	-16.1116533296103
			21.8014330019552	-16.1116533296103
			21.8108220773221	-16.1116533296103
			21.820211152689	-16.1116533296103
			21.8296002280559	-16.1116533296103
			21.8389893034228	-16.1116533296103
			21.8483783787897	-16.1116533296103
			21.8577674541567	-16.1116533296103
			21.8671565295236	-16.1116533296103
			21.8765456048905	-16.1116533296103
			21.8859346802574	-16.1116533296103
			21.8953237556243	-16.1116533296103
			21.9047128309912	-16.1116533296103
			21.9141019063581	-16.1116533296103
			21.923490981725	-16.1116533296103
			21.9328800570919	-16.1116533296103
			21.9422691324588	-16.1116533296103
			21.9516582078257	-16.1116533296103
			21.9610472831926	-16.1116533296103
			21.9704363585595	-16.1116533296103
			21.9798254339264	-16.1116533296103
			21.9892145092933	-16.1116533296103
			21.9986035846602	-16.1116533296103
			22.0079926600271	-16.1116533296103
			22.017381735394	-16.1116533296103
			22.026770810761	-16.1116533296103
			22.0361598861279	-16.1116533296103
			22.0455489614948	-16.1116533296103
			22.0549380368617	-16.1116533296103
			22.0643271122286	-16.1116533296103
			22.0737161875955	-16.1116533296103
			22.0831052629624	-16.1116533296103
			22.0924943383293	-16.1116533296103
			22.1018834136962	-16.1116533296103
			22.1112724890631	-16.1116533296103
			22.12066156443	-16.1116533296103
			22.1300506397969	-16.1116533296103
			22.1394397151638	-16.1116533296103
			22.1488287905307	-16.1116533296103
			22.1582178658976	-16.1116533296103
			22.1676069412645	-16.1116533296103
			22.1769960166314	-16.1116533296103
			22.1863850919984	-16.1210424049772
			22.1957741673653	-16.1210424049772
			22.2051632427322	-16.1210424049772
			22.2145523180991	-16.1210424049772
			22.223941393466	-16.1304314803441
			22.2333304688329	-16.1304314803441
			22.2427195441998	-16.1304314803441
			22.2521086195667	-16.1304314803441
			22.2614976949336	-16.1304314803441
			22.2708867703005	-16.139820555711
			22.2802758456674	-16.139820555711
			22.2896649210343	-16.139820555711
			22.2990539964012	-16.1492096310779
			22.3084430717681	-16.1492096310779
			22.317832147135	-16.1492096310779
			22.3272212225019	-16.1585987064448
			22.3366102978688	-16.1585987064448
			22.3459993732358	-16.1585987064448
			22.3553884486027	-16.1679877818117
			22.3647775239696	-16.1679877818117
			22.3741665993365	-16.1773768571787
			22.3835556747034	-16.1773768571787
			22.3929447500703	-16.1867659325456
			22.4023338254372	-16.1961550079125
			22.4117229008041	-16.1961550079125
			22.4117229008041	-16.2055440832794
			22.421111976171	-16.2055440832794
			22.4305010515379	-16.2055440832794
			22.4305010515379	-16.2149331586463
			22.4398901269048	-16.2149331586463
			22.4492792022717	-16.2243222340132
			22.4586682776386	-16.2337113093801
			22.4680573530055	-16.243100384747
			22.4774464283724	-16.2524894601139
			22.4868355037393	-16.2524894601139
			22.4962245791062	-16.2618785354808
			22.4962245791062	-16.2712676108477
			22.5056136544732	-16.2712676108477
			22.5150027298401	-16.2806566862146
			22.524391805207	-16.2900457615815
			22.5337808805739	-16.2994348369484
			22.5431699559408	-16.3088239123153
			22.5525590313077	-16.3182129876822
			22.5619481066746	-16.3276020630491
			22.5713371820415	-16.3369911384161
			22.5807262574084	-16.346380213783
			22.5901153327753	-16.3557692891499
			22.5995044081422	-16.3651583645168
			22.6088934835091	-16.3745474398837
			22.618282558876	-16.3839365152506
			22.6276716342429	-16.3933255906175
			22.6276716342429	-16.4027146659844
			22.6370607096098	-16.4121037413513
			22.6464497849767	-16.4214928167182
			22.6558388603436	-16.4308818920851
			22.6652279357106	-16.440270967452
			22.6746170110775	-16.4496600428189
			22.6840060864444	-16.4590491181858
			22.6840060864444	-16.4684381935527
			22.6933951618113	-16.4778272689196
			22.6933951618113	-16.4872163442865
			22.7027842371782	-16.4966054196535
			22.7027842371782	-16.5059944950204
			22.7121733125451	-16.5153835703873
			22.7121733125451	-16.5247726457542
			22.721562387912	-16.5341617211211
			22.721562387912	-16.543550796488
			22.7309514632789	-16.5529398718549
			22.7309514632789	-16.5623289472218
			22.7403405386458	-16.5717180225887
			22.7403405386458	-16.5811070979556
			22.7403405386458	-16.5904961733225
			22.7497296140127	-16.5904961733225
			22.7497296140127	-16.5998852486894
			22.7497296140127	-16.6092743240563
			22.7497296140127	-16.6186633994232
			22.7591186893796	-16.6280524747901
			22.7591186893796	-16.637441550157
			22.7591186893796	-16.6468306255239
			22.7685077647465	-16.6562197008909
			22.7685077647465	-16.6656087762578
		</Outline3>
		<Outline4 type=matrix rownames=FALSE colnames=FALSE nrow=139 ncol=2 as.numeric=TRUE >
			22.7685077647465	-16.6656087762578
			22.7685077647465	-16.6749978516247
			22.7685077647465	-16.6843869269916
			22.7778968401134	-16.6937760023585
			22.7778968401134	-16.7031650777254
			22.7778968401134	-16.7125541530923
			22.7778968401134	-16.7219432284592
			22.7778968401134	-16.7313323038261
			22.7872859154803	-16.740721379193
			22.7872859154803	-16.7501104545599
			22.7872859154803	-16.7594995299268
			22.7872859154803	-16.7688886052937
			22.7872859154803	-16.7782776806606
			22.7872859154803	-16.7876667560275
			22.7872859154803	-16.7970558313944
			22.7966749908472	-16.8064449067613
			22.7966749908472	-16.8158339821283
			22.7966749908472	-16.8252230574952
			22.7966749908472	-16.8346121328621
			22.7966749908472	-16.844001208229
			22.7966749908472	-16.8533902835959
			22.7966749908472	-16.8627793589628
			22.7966749908472	-16.8721684343297
			22.7966749908472	-16.8815575096966
			22.7966749908472	-16.8909465850635
			22.7966749908472	-16.9003356604304
			22.7966749908472	-16.9097247357973
			22.7966749908472	-16.9191138111642
			22.7966749908472	-16.9285028865311
			22.7966749908472	-16.937891961898
			22.7966749908472	-16.9472810372649
			22.7966749908472	-16.9566701126318
			22.7966749908472	-16.9660591879987
			22.7872859154803	-16.9754482633656
			22.7872859154803	-16.9848373387326
			22.7872859154803	-16.9942264140995
			22.7872859154803	-17.0036154894664
			22.7872859154803	-17.0130045648333
			22.7872859154803	-17.0223936402002
			22.7872859154803	-17.0317827155671
			22.7872859154803	-17.041171790934
			22.7778968401134	-17.0505608663009
			22.7778968401134	-17.0599499416678
			22.7778968401134	-17.0693390170347
			22.7778968401134	-17.0787280924016
			22.7778968401134	-17.0881171677685
			22.7685077647465	-17.0881171677685
			22.7685077647465	-17.0975062431354
			22.7685077647465	-17.1068953185023
			22.7591186893796	-17.1162843938692
			22.7591186893796	-17.1256734692361
			22.7591186893796	-17.135062544603
			22.7497296140127	-17.14445161997
			22.7497296140127	-17.1538406953369
			22.7403405386458	-17.1538406953369
			22.7403405386458	-17.1632297707038
			22.7309514632789	-17.1726188460707
			22.7309514632789	-17.1820079214376
			22.721562387912	-17.1913969968045
			22.721562387912	-17.2007860721714
			22.7121733125451	-17.2101751475383
			22.7027842371782	-17.2195642229052
			22.7027842371782	-17.2289532982721
			22.6933951618113	-17.238342373639
			22.6933951618113	-17.2477314490059
			22.6840060864444	-17.2571205243728
			22.6840060864444	-17.2665095997397
			22.6746170110775	-17.2665095997397
			22.6746170110775	-17.2758986751066
			22.6746170110775	-17.2852877504735
			22.6652279357106	-17.2852877504735
			22.6652279357106	-17.2946768258404
			22.6558388603436	-17.3040659012073
			22.6464497849767	-17.3134549765743
			22.6464497849767	-17.3228440519412
			22.6370607096098	-17.3322331273081
			22.6276716342429	-17.341622202675
			22.618282558876	-17.3510112780419
			22.6088934835091	-17.3604003534088
			22.5995044081422	-17.3697894287757
			22.5901153327753	-17.3791785041426
			22.5807262574084	-17.3885675795095
			22.5713371820415	-17.3885675795095
			22.5713371820415	-17.3979566548764
			22.5619481066746	-17.4073457302433
			22.5525590313077	-17.4167348056102
			22.5431699559408	-17.4167348056102
			22.5337808805739	-17.4261238809771
			22.5337808805739	-17.435512956344
			22.524391805207	-17.435512956344
			22.5150027298401	-17.4449020317109
			22.5056136544732	-17.4542911070778
			22.4962245791062	-17.4542911070778
			22.4868355037393	-17.4636801824447
			22.4868355037393	-17.4730692578117
			22.4774464283724	-17.4730692578117
			22.4680573530055	-17.4824583331786
			22.4586682776386	-17.4918474085455
			22.4492792022717	-17.4918474085455
			22.4398901269048	-17.5012364839124
			22.4398901269048	-17.5106255592793
			22.4305010515379	-17.5106255592793
			22.421111976171	-17.5200146346462
			22.4117229008041	-17.5200146346462
			22.4023338254372	-17.5294037100131
			22.4023338254372	-17.53879278538
			22.3929447500703	-17.53879278538
			22.3835556747034	-17.5481818607469
			22.3741665993365	-17.5481818607469
			22.3647775239696	-17.5481818607469
			22.3647775239696	-17.5575709361138
			22.3553884486027	-17.5575709361138
			22.3459993732358	-17.5669600114807
			22.3366102978688	-17.5669600114807
			22.3272212225019	-17.5763490868476
			22.317832147135	-17.5763490868476
			22.317832147135	-17.5857381622145
			22.3084430717681	-17.5857381622145
			22.2990539964012	-17.5857381622145
			22.2896649210343	-17.5951272375814
			22.2802758456674	-17.5951272375814
			22.2708867703005	-17.6045163129483
			22.2614976949336	-17.6045163129483
			22.2521086195667	-17.6139053883152
			22.2427195441998	-17.6139053883152
			22.2333304688329	-17.6232944636821
			22.223941393466	-17.6232944636821
			22.2145523180991	-17.6326835390491
			22.2051632427322	-17.6326835390491
			22.1957741673653	-17.642072614416
			22.1863850919984	-17.642072614416
			22.1769960166314	-17.642072614416
			22.1676069412645	-17.6514616897829
			22.1582178658976	-17.6514616897829
			22.1488287905307	-17.6608507651498
			22.1394397151638	-17.6608507651498
			22.1300506397969	-17.6608507651498
			22.1300506397969	-17.6702398405167
			22.12066156443	-17.6702398405167
		</Outline4>
	</curves.scaled>
	<ruler.points type=matrix rownames=TRUE colnames=FALSE nrow=2 ncol=2 as.numeric=TRUE >
		Ruler point 1	3613	2660
		Ruler point 2	2548	2672
	</ruler.points>
</shapes>

