<shapes type=list>
	<ruler.pixel type=vector names=FALSE length=1 as.numeric=TRUE >907.008820243772</ruler.pixel>
	<ruler.interval type=vector names=FALSE length=1 as.numeric=TRUE >10</ruler.interval>
	<scaling.units type=vector names=FALSE length=1 as.numeric=FALSE >mm</scaling.units>
	<scaling type=vector names=FALSE length=1 as.numeric=TRUE >0.0110252511076048</scaling>
	<landmarks.pixel type=matrix rownames=TRUE colnames=FALSE nrow=4 ncol=2 as.numeric=TRUE >
		Labial	2149	1464
		Posterior	2073	1427
		Lingual	2128	1361
		Anterior	2208	1397
	</landmarks.pixel>
	<landmarks.scaled type=matrix rownames=TRUE colnames=FALSE nrow=4 ncol=2 as.numeric=TRUE >
		Labial	23.6932646302428	-16.1409676215335
		Posterior	22.8553455460648	-15.7330333305521
		Lingual	23.4617343569831	-15.0053667574502
		Anterior	24.3437544455915	-15.4022757973239
	</landmarks.scaled>
	<curves.control type=list>
		<Outline1 type=matrix rownames=FALSE colnames=FALSE nrow=15 ncol=2 as.numeric=TRUE >
			2149	1464
			2143	1469
			2136	1473
			2128	1475
			2123	1480
			2118	1483
			2111	1485
			2105	1485
			2098	1484
			2091	1482
			2086	1478
			2081	1471
			2079	1464
			2077	1453
			2073	1427
		</Outline1>
		<Outline2 type=matrix rownames=FALSE colnames=FALSE nrow=15 ncol=2 as.numeric=TRUE >
			2073	1427
			2071	1418
			2071	1411
			2071	1402
			2073	1393
			2075	1383
			2078	1375
			2083	1369
			2090	1365
			2098	1362
			2106	1362
			2113	1362
			2119	1363
			2122	1363
			2128	1361
		</Outline2>
		<Outline3 type=matrix rownames=FALSE colnames=FALSE nrow=15 ncol=2 as.numeric=TRUE >
			2128	1361
			2133	1360
			2140	1360
			2149	1360
			2156	1359
			2165	1358
			2172	1358
			2180	1360
			2186	1365
			2191	1372
			2195	1377
			2200	1382
			2204	1387
			2207	1391
			2208	1397
		</Outline3>
		<Outline4 type=matrix rownames=FALSE colnames=FALSE nrow=13 ncol=2 as.numeric=TRUE >
			2208	1397
			2209	1408
			2208	1417
			2203	1428
			2199	1436
			2191	1445
			2185	1450
			2177	1455
			2170	1457
			2163	1459
			2157	1460
			2152	1462
			2149	1464
		</Outline4>
	</curves.control>
	<curves.pixel type=list>
		<Outline1 type=matrix rownames=FALSE colnames=FALSE nrow=118 ncol=2 as.numeric=TRUE >
			2149	1464
			2148	1465
			2147	1466
			2146	1467
			2145	1467
			2144	1468
			2143	1469
			2142	1469
			2141	1470
			2140	1470
			2139	1471
			2138	1472
			2137	1472
			2137	1473
			2136	1473
			2135	1473
			2134	1473
			2134	1474
			2133	1474
			2132	1474
			2131	1475
			2130	1475
			2129	1476
			2128	1476
			2127	1477
			2126	1477
			2125	1478
			2124	1479
			2123	1480
			2122	1480
			2122	1481
			2121	1481
			2120	1482
			2119	1482
			2118	1483
			2117	1483
			2116	1483
			2115	1484
			2114	1484
			2113	1484
			2112	1485
			2111	1485
			2110	1485
			2109	1485
			2108	1485
			2107	1485
			2106	1485
			2105	1485
			2104	1485
			2103	1485
			2102	1484
			2101	1484
			2100	1484
			2099	1484
			2098	1484
			2097	1484
			2096	1483
			2095	1483
			2094	1483
			2093	1482
			2092	1482
			2091	1481
			2090	1481
			2089	1480
			2088	1479
			2087	1479
			2086	1478
			2085	1477
			2085	1476
			2084	1475
			2083	1474
			2083	1473
			2082	1472
			2082	1471
			2081	1470
			2081	1469
			2080	1468
			2080	1467
			2080	1466
			2079	1465
			2079	1464
			2079	1463
			2079	1462
			2078	1461
			2078	1460
			2078	1459
			2078	1458
			2078	1457
			2078	1456
			2077	1455
			2077	1454
			2077	1453
			2077	1452
			2077	1451
			2077	1450
			2077	1449
			2076	1448
			2076	1447
			2076	1446
			2076	1445
			2076	1444
			2076	1443
			2075	1442
			2075	1441
			2075	1440
			2075	1439
			2075	1438
			2075	1437
			2074	1436
			2074	1435
			2074	1434
			2074	1433
			2074	1432
			2074	1431
			2074	1430
			2073	1429
			2073	1428
			2073	1427
		</Outline1>
		<Outline2 type=matrix rownames=FALSE colnames=FALSE nrow=105 ncol=2 as.numeric=TRUE >
			2073	1427
			2073	1426
			2073	1425
			2072	1424
			2072	1423
			2072	1422
			2072	1421
			2072	1420
			2072	1419
			2071	1418
			2071	1417
			2071	1416
			2071	1415
			2071	1414
			2071	1413
			2071	1412
			2071	1411
			2071	1410
			2071	1409
			2071	1408
			2071	1407
			2071	1406
			2071	1405
			2071	1404
			2071	1403
			2071	1402
			2072	1401
			2072	1400
			2072	1399
			2072	1398
			2072	1397
			2072	1396
			2073	1395
			2073	1394
			2073	1393
			2073	1392
			2073	1391
			2074	1390
			2074	1389
			2074	1388
			2074	1387
			2075	1386
			2075	1385
			2075	1384
			2075	1383
			2076	1382
			2076	1381
			2076	1380
			2077	1379
			2077	1378
			2077	1377
			2078	1376
			2078	1375
			2079	1374
			2079	1373
			2080	1373
			2081	1372
			2081	1371
			2082	1371
			2083	1370
			2084	1369
			2085	1368
			2086	1368
			2087	1367
			2088	1366
			2089	1366
			2090	1365
			2091	1365
			2092	1364
			2093	1364
			2094	1364
			2095	1363
			2096	1363
			2097	1363
			2098	1363
			2099	1363
			2100	1362
			2101	1362
			2102	1362
			2103	1362
			2104	1362
			2105	1362
			2106	1362
			2107	1362
			2108	1362
			2109	1362
			2110	1362
			2111	1362
			2112	1362
			2113	1362
			2114	1362
			2115	1362
			2116	1363
			2117	1363
			2118	1363
			2119	1363
			2120	1363
			2121	1363
			2122	1363
			2123	1362
			2124	1362
			2125	1362
			2126	1362
			2127	1361
			2128	1361
		</Outline2>
		<Outline3 type=matrix rownames=FALSE colnames=FALSE nrow=95 ncol=2 as.numeric=TRUE >
			2128	1361
			2129	1361
			2130	1361
			2131	1360
			2132	1360
			2133	1360
			2134	1360
			2135	1360
			2136	1360
			2137	1360
			2138	1360
			2139	1360
			2140	1360
			2141	1360
			2142	1360
			2143	1360
			2144	1360
			2145	1360
			2146	1360
			2147	1360
			2148	1360
			2149	1360
			2150	1360
			2151	1360
			2152	1359
			2153	1359
			2154	1359
			2155	1359
			2156	1359
			2157	1359
			2158	1359
			2159	1359
			2160	1359
			2161	1359
			2162	1358
			2163	1358
			2164	1358
			2165	1358
			2166	1358
			2167	1358
			2168	1358
			2169	1358
			2170	1358
			2171	1358
			2172	1358
			2173	1358
			2174	1358
			2174	1359
			2175	1359
			2176	1359
			2177	1360
			2178	1360
			2179	1361
			2180	1361
			2181	1361
			2181	1362
			2182	1362
			2183	1363
			2184	1363
			2185	1364
			2186	1365
			2187	1366
			2187	1367
			2188	1368
			2189	1369
			2190	1370
			2190	1371
			2191	1372
			2192	1373
			2192	1374
			2193	1375
			2194	1375
			2194	1376
			2195	1377
			2196	1378
			2197	1379
			2198	1380
			2199	1381
			2200	1382
			2200	1383
			2201	1384
			2202	1385
			2203	1386
			2204	1386
			2204	1387
			2205	1388
			2205	1389
			2206	1390
			2206	1391
			2207	1392
			2207	1393
			2207	1394
			2208	1395
			2208	1396
			2208	1397
		</Outline3>
		<Outline4 type=matrix rownames=FALSE colnames=FALSE nrow=101 ncol=2 as.numeric=TRUE >
			2208	1397
			2208	1398
			2208	1399
			2208	1400
			2208	1401
			2208	1402
			2208	1403
			2208	1404
			2208	1405
			2208	1406
			2208	1407
			2208	1408
			2208	1409
			2208	1410
			2208	1411
			2208	1412
			2208	1413
			2208	1414
			2208	1415
			2208	1416
			2208	1417
			2207	1418
			2207	1419
			2206	1420
			2206	1421
			2206	1422
			2205	1423
			2205	1424
			2204	1425
			2204	1426
			2203	1427
			2203	1428
			2203	1429
			2202	1429
			2202	1430
			2202	1431
			2201	1431
			2201	1432
			2201	1433
			2200	1433
			2200	1434
			2200	1435
			2199	1435
			2199	1436
			2198	1437
			2197	1438
			2196	1439
			2196	1440
			2195	1441
			2194	1441
			2194	1442
			2193	1443
			2192	1443
			2192	1444
			2191	1445
			2190	1445
			2190	1446
			2189	1446
			2189	1447
			2188	1447
			2187	1448
			2186	1449
			2185	1450
			2184	1451
			2183	1451
			2182	1452
			2181	1452
			2180	1453
			2179	1454
			2178	1454
			2177	1454
			2176	1455
			2175	1455
			2174	1456
			2173	1456
			2172	1456
			2171	1457
			2170	1457
			2169	1457
			2168	1457
			2168	1458
			2167	1458
			2166	1458
			2165	1458
			2164	1459
			2163	1459
			2162	1459
			2161	1459
			2160	1459
			2159	1460
			2158	1460
			2157	1460
			2156	1460
			2155	1461
			2154	1461
			2153	1462
			2152	1462
			2151	1463
			2150	1463
			2150	1464
			2149	1464
		</Outline4>
	</curves.pixel>
	<curves.scaled type=list>
		<Outline1 type=matrix rownames=FALSE colnames=FALSE nrow=118 ncol=2 as.numeric=TRUE >
			23.6932646302428	-16.1409676215335
			23.6822393791352	-16.1519928726411
			23.6712141280276	-16.1630181237487
			23.66018887692	-16.1740433748563
			23.6491636258124	-16.1740433748563
			23.6381383747048	-16.1850686259639
			23.6271131235971	-16.1960938770715
			23.6160878724895	-16.1960938770715
			23.6050626213819	-16.2071191281791
			23.5940373702743	-16.2071191281791
			23.5830121191667	-16.2181443792867
			23.5719868680591	-16.2291696303943
			23.5609616169515	-16.2291696303943
			23.5609616169515	-16.2401948815019
			23.5499363658439	-16.2401948815019
			23.5389111147363	-16.2401948815019
			23.5278858636287	-16.2401948815019
			23.5278858636287	-16.2512201326095
			23.5168606125211	-16.2512201326095
			23.5058353614135	-16.2512201326095
			23.4948101103059	-16.2622453837171
			23.4837848591983	-16.2622453837171
			23.4727596080907	-16.2732706348247
			23.4617343569831	-16.2732706348247
			23.4507091058755	-16.2842958859323
			23.4396838547679	-16.2842958859323
			23.4286586036603	-16.2953211370399
			23.4176333525527	-16.3063463881475
			23.406608101445	-16.3173716392551
			23.3955828503374	-16.3173716392551
			23.3955828503374	-16.3283968903628
			23.3845575992298	-16.3283968903628
			23.3735323481222	-16.3394221414704
			23.3625070970146	-16.3394221414704
			23.351481845907	-16.350447392578
			23.3404565947994	-16.350447392578
			23.3294313436918	-16.350447392578
			23.3184060925842	-16.3614726436856
			23.3073808414766	-16.3614726436856
			23.296355590369	-16.3614726436856
			23.2853303392614	-16.3724978947932
			23.2743050881538	-16.3724978947932
			23.2632798370462	-16.3724978947932
			23.2522545859386	-16.3724978947932
			23.241229334831	-16.3724978947932
			23.2302040837234	-16.3724978947932
			23.2191788326158	-16.3724978947932
			23.2081535815082	-16.3724978947932
			23.1971283304006	-16.3724978947932
			23.186103079293	-16.3724978947932
			23.1750778281853	-16.3614726436856
			23.1640525770777	-16.3614726436856
			23.1530273259701	-16.3614726436856
			23.1420020748625	-16.3614726436856
			23.1309768237549	-16.3614726436856
			23.1199515726473	-16.3614726436856
			23.1089263215397	-16.350447392578
			23.0979010704321	-16.350447392578
			23.0868758193245	-16.350447392578
			23.0758505682169	-16.3394221414704
			23.0648253171093	-16.3394221414704
			23.0538000660017	-16.3283968903628
			23.0427748148941	-16.3283968903628
			23.0317495637865	-16.3173716392551
			23.0207243126789	-16.3063463881475
			23.0096990615713	-16.3063463881475
			22.9986738104637	-16.2953211370399
			22.9876485593561	-16.2842958859323
			22.9876485593561	-16.2732706348247
			22.9766233082485	-16.2622453837171
			22.9655980571409	-16.2512201326095
			22.9655980571409	-16.2401948815019
			22.9545728060333	-16.2291696303943
			22.9545728060333	-16.2181443792867
			22.9435475549256	-16.2071191281791
			22.9435475549256	-16.1960938770715
			22.932522303818	-16.1850686259639
			22.932522303818	-16.1740433748563
			22.932522303818	-16.1630181237487
			22.9214970527104	-16.1519928726411
			22.9214970527104	-16.1409676215335
			22.9214970527104	-16.1299423704259
			22.9214970527104	-16.1189171193183
			22.9104718016028	-16.1078918682107
			22.9104718016028	-16.096866617103
			22.9104718016028	-16.0858413659954
			22.9104718016028	-16.0748161148878
			22.9104718016028	-16.0637908637802
			22.9104718016028	-16.0527656126726
			22.8994465504952	-16.041740361565
			22.8994465504952	-16.0307151104574
			22.8994465504952	-16.0196898593498
			22.8994465504952	-16.0086646082422
			22.8994465504952	-15.9976393571346
			22.8994465504952	-15.986614106027
			22.8994465504952	-15.9755888549194
			22.8884212993876	-15.9645636038118
			22.8884212993876	-15.9535383527042
			22.8884212993876	-15.9425131015966
			22.8884212993876	-15.931487850489
			22.8884212993876	-15.9204625993814
			22.8884212993876	-15.9094373482738
			22.87739604828	-15.8984120971662
			22.87739604828	-15.8873868460586
			22.87739604828	-15.876361594951
			22.87739604828	-15.8653363438433
			22.87739604828	-15.8543110927357
			22.87739604828	-15.8432858416281
			22.8663707971724	-15.8322605905205
			22.8663707971724	-15.8212353394129
			22.8663707971724	-15.8102100883053
			22.8663707971724	-15.7991848371977
			22.8663707971724	-15.7881595860901
			22.8663707971724	-15.7771343349825
			22.8663707971724	-15.7661090838749
			22.8553455460648	-15.7550838327673
			22.8553455460648	-15.7440585816597
			22.8553455460648	-15.7330333305521
		</Outline1>
		<Outline2 type=matrix rownames=FALSE colnames=FALSE nrow=105 ncol=2 as.numeric=TRUE >
			22.8553455460648	-15.7330333305521
			22.8553455460648	-15.7220080794445
			22.8553455460648	-15.7109828283369
			22.8443202949572	-15.6999575772293
			22.8443202949572	-15.6889323261217
			22.8443202949572	-15.6779070750141
			22.8443202949572	-15.6668818239065
			22.8443202949572	-15.6558565727989
			22.8443202949572	-15.6448313216912
			22.8332950438496	-15.6338060705836
			22.8332950438496	-15.622780819476
			22.8332950438496	-15.6117555683684
			22.8332950438496	-15.6007303172608
			22.8332950438496	-15.5897050661532
			22.8332950438496	-15.5786798150456
			22.8332950438496	-15.567654563938
			22.8332950438496	-15.5566293128304
			22.8332950438496	-15.5456040617228
			22.8332950438496	-15.5345788106152
			22.8332950438496	-15.5235535595076
			22.8332950438496	-15.5125283084
			22.8332950438496	-15.5015030572924
			22.8332950438496	-15.4904778061848
			22.8332950438496	-15.4794525550772
			22.8332950438496	-15.4684273039696
			22.8332950438496	-15.457402052862
			22.8443202949572	-15.4463768017544
			22.8443202949572	-15.4353515506468
			22.8443202949572	-15.4243262995392
			22.8443202949572	-15.4133010484315
			22.8443202949572	-15.4022757973239
			22.8443202949572	-15.3912505462163
			22.8553455460648	-15.3802252951087
			22.8553455460648	-15.3692000440011
			22.8553455460648	-15.3581747928935
			22.8553455460648	-15.3471495417859
			22.8553455460648	-15.3361242906783
			22.8663707971724	-15.3250990395707
			22.8663707971724	-15.3140737884631
			22.8663707971724	-15.3030485373555
			22.8663707971724	-15.2920232862479
			22.87739604828	-15.2809980351403
			22.87739604828	-15.2699727840327
			22.87739604828	-15.2589475329251
			22.87739604828	-15.2479222818175
			22.8884212993876	-15.2368970307099
			22.8884212993876	-15.2258717796023
			22.8884212993876	-15.2148465284947
			22.8994465504952	-15.2038212773871
			22.8994465504952	-15.1927960262795
			22.8994465504952	-15.1817707751718
			22.9104718016028	-15.1707455240642
			22.9104718016028	-15.1597202729566
			22.9214970527104	-15.148695021849
			22.9214970527104	-15.1376697707414
			22.932522303818	-15.1376697707414
			22.9435475549256	-15.1266445196338
			22.9435475549256	-15.1156192685262
			22.9545728060333	-15.1156192685262
			22.9655980571409	-15.1045940174186
			22.9766233082485	-15.093568766311
			22.9876485593561	-15.0825435152034
			22.9986738104637	-15.0825435152034
			23.0096990615713	-15.0715182640958
			23.0207243126789	-15.0604930129882
			23.0317495637865	-15.0604930129882
			23.0427748148941	-15.0494677618806
			23.0538000660017	-15.0494677618806
			23.0648253171093	-15.038442510773
			23.0758505682169	-15.038442510773
			23.0868758193245	-15.038442510773
			23.0979010704321	-15.0274172596654
			23.1089263215397	-15.0274172596654
			23.1199515726473	-15.0274172596654
			23.1309768237549	-15.0274172596654
			23.1420020748625	-15.0274172596654
			23.1530273259701	-15.0163920085578
			23.1640525770777	-15.0163920085578
			23.1750778281853	-15.0163920085578
			23.186103079293	-15.0163920085578
			23.1971283304006	-15.0163920085578
			23.2081535815082	-15.0163920085578
			23.2191788326158	-15.0163920085578
			23.2302040837234	-15.0163920085578
			23.241229334831	-15.0163920085578
			23.2522545859386	-15.0163920085578
			23.2632798370462	-15.0163920085578
			23.2743050881538	-15.0163920085578
			23.2853303392614	-15.0163920085578
			23.296355590369	-15.0163920085578
			23.3073808414766	-15.0163920085578
			23.3184060925842	-15.0163920085578
			23.3294313436918	-15.0274172596654
			23.3404565947994	-15.0274172596654
			23.351481845907	-15.0274172596654
			23.3625070970146	-15.0274172596654
			23.3735323481222	-15.0274172596654
			23.3845575992298	-15.0274172596654
			23.3955828503374	-15.0274172596654
			23.406608101445	-15.0163920085578
			23.4176333525527	-15.0163920085578
			23.4286586036603	-15.0163920085578
			23.4396838547679	-15.0163920085578
			23.4507091058755	-15.0053667574502
			23.4617343569831	-15.0053667574502
		</Outline2>
		<Outline3 type=matrix rownames=FALSE colnames=FALSE nrow=95 ncol=2 as.numeric=TRUE >
			23.4617343569831	-15.0053667574502
			23.4727596080907	-15.0053667574502
			23.4837848591983	-15.0053667574502
			23.4948101103059	-14.9943415063426
			23.5058353614135	-14.9943415063426
			23.5168606125211	-14.9943415063426
			23.5278858636287	-14.9943415063426
			23.5389111147363	-14.9943415063426
			23.5499363658439	-14.9943415063426
			23.5609616169515	-14.9943415063426
			23.5719868680591	-14.9943415063426
			23.5830121191667	-14.9943415063426
			23.5940373702743	-14.9943415063426
			23.6050626213819	-14.9943415063426
			23.6160878724895	-14.9943415063426
			23.6271131235971	-14.9943415063426
			23.6381383747048	-14.9943415063426
			23.6491636258124	-14.9943415063426
			23.66018887692	-14.9943415063426
			23.6712141280276	-14.9943415063426
			23.6822393791352	-14.9943415063426
			23.6932646302428	-14.9943415063426
			23.7042898813504	-14.9943415063426
			23.715315132458	-14.9943415063426
			23.7263403835656	-14.983316255235
			23.7373656346732	-14.983316255235
			23.7483908857808	-14.983316255235
			23.7594161368884	-14.983316255235
			23.770441387996	-14.983316255235
			23.7814666391036	-14.983316255235
			23.7924918902112	-14.983316255235
			23.8035171413188	-14.983316255235
			23.8145423924264	-14.983316255235
			23.825567643534	-14.983316255235
			23.8365928946416	-14.9722910041274
			23.8476181457492	-14.9722910041274
			23.8586433968568	-14.9722910041274
			23.8696686479645	-14.9722910041274
			23.8806938990721	-14.9722910041274
			23.8917191501797	-14.9722910041274
			23.9027444012873	-14.9722910041274
			23.9137696523949	-14.9722910041274
			23.9247949035025	-14.9722910041274
			23.9358201546101	-14.9722910041274
			23.9468454057177	-14.9722910041274
			23.9578706568253	-14.9722910041274
			23.9688959079329	-14.9722910041274
			23.9688959079329	-14.983316255235
			23.9799211590405	-14.983316255235
			23.9909464101481	-14.983316255235
			24.0019716612557	-14.9943415063426
			24.0129969123633	-14.9943415063426
			24.0240221634709	-15.0053667574502
			24.0350474145785	-15.0053667574502
			24.0460726656861	-15.0053667574502
			24.0460726656861	-15.0163920085578
			24.0570979167937	-15.0163920085578
			24.0681231679013	-15.0274172596654
			24.0791484190089	-15.0274172596654
			24.0901736701165	-15.038442510773
			24.1011989212242	-15.0494677618806
			24.1122241723318	-15.0604930129882
			24.1122241723318	-15.0715182640958
			24.1232494234394	-15.0825435152034
			24.134274674547	-15.093568766311
			24.1452999256546	-15.1045940174186
			24.1452999256546	-15.1156192685262
			24.1563251767622	-15.1266445196338
			24.1673504278698	-15.1376697707414
			24.1673504278698	-15.148695021849
			24.1783756789774	-15.1597202729566
			24.189400930085	-15.1597202729566
			24.189400930085	-15.1707455240642
			24.2004261811926	-15.1817707751718
			24.2114514323002	-15.1927960262795
			24.2224766834078	-15.2038212773871
			24.2335019345154	-15.2148465284947
			24.244527185623	-15.2258717796023
			24.2555524367306	-15.2368970307099
			24.2555524367306	-15.2479222818175
			24.2665776878382	-15.2589475329251
			24.2776029389458	-15.2699727840327
			24.2886281900534	-15.2809980351403
			24.299653441161	-15.2809980351403
			24.299653441161	-15.2920232862479
			24.3106786922686	-15.3030485373555
			24.3106786922686	-15.3140737884631
			24.3217039433762	-15.3250990395707
			24.3217039433762	-15.3361242906783
			24.3327291944839	-15.3471495417859
			24.3327291944839	-15.3581747928935
			24.3327291944839	-15.3692000440011
			24.3437544455915	-15.3802252951087
			24.3437544455915	-15.3912505462163
			24.3437544455915	-15.4022757973239
		</Outline3>
		<Outline4 type=matrix rownames=FALSE colnames=FALSE nrow=101 ncol=2 as.numeric=TRUE >
			24.3437544455915	-15.4022757973239
			24.3437544455915	-15.4133010484315
			24.3437544455915	-15.4243262995392
			24.3437544455915	-15.4353515506468
			24.3437544455915	-15.4463768017544
			24.3437544455915	-15.457402052862
			24.3437544455915	-15.4684273039696
			24.3437544455915	-15.4794525550772
			24.3437544455915	-15.4904778061848
			24.3437544455915	-15.5015030572924
			24.3437544455915	-15.5125283084
			24.3437544455915	-15.5235535595076
			24.3437544455915	-15.5345788106152
			24.3437544455915	-15.5456040617228
			24.3437544455915	-15.5566293128304
			24.3437544455915	-15.567654563938
			24.3437544455915	-15.5786798150456
			24.3437544455915	-15.5897050661532
			24.3437544455915	-15.6007303172608
			24.3437544455915	-15.6117555683684
			24.3437544455915	-15.622780819476
			24.3327291944839	-15.6338060705836
			24.3327291944839	-15.6448313216912
			24.3217039433762	-15.6558565727989
			24.3217039433762	-15.6668818239065
			24.3217039433762	-15.6779070750141
			24.3106786922686	-15.6889323261217
			24.3106786922686	-15.6999575772293
			24.299653441161	-15.7109828283369
			24.299653441161	-15.7220080794445
			24.2886281900534	-15.7330333305521
			24.2886281900534	-15.7440585816597
			24.2886281900534	-15.7550838327673
			24.2776029389458	-15.7550838327673
			24.2776029389458	-15.7661090838749
			24.2776029389458	-15.7771343349825
			24.2665776878382	-15.7771343349825
			24.2665776878382	-15.7881595860901
			24.2665776878382	-15.7991848371977
			24.2555524367306	-15.7991848371977
			24.2555524367306	-15.8102100883053
			24.2555524367306	-15.8212353394129
			24.244527185623	-15.8212353394129
			24.244527185623	-15.8322605905205
			24.2335019345154	-15.8432858416281
			24.2224766834078	-15.8543110927357
			24.2114514323002	-15.8653363438433
			24.2114514323002	-15.876361594951
			24.2004261811926	-15.8873868460586
			24.189400930085	-15.8873868460586
			24.189400930085	-15.8984120971662
			24.1783756789774	-15.9094373482738
			24.1673504278698	-15.9094373482738
			24.1673504278698	-15.9204625993814
			24.1563251767622	-15.931487850489
			24.1452999256546	-15.931487850489
			24.1452999256546	-15.9425131015966
			24.134274674547	-15.9425131015966
			24.134274674547	-15.9535383527042
			24.1232494234394	-15.9535383527042
			24.1122241723318	-15.9645636038118
			24.1011989212242	-15.9755888549194
			24.0901736701165	-15.986614106027
			24.0791484190089	-15.9976393571346
			24.0681231679013	-15.9976393571346
			24.0570979167937	-16.0086646082422
			24.0460726656861	-16.0086646082422
			24.0350474145785	-16.0196898593498
			24.0240221634709	-16.0307151104574
			24.0129969123633	-16.0307151104574
			24.0019716612557	-16.0307151104574
			23.9909464101481	-16.041740361565
			23.9799211590405	-16.041740361565
			23.9688959079329	-16.0527656126726
			23.9578706568253	-16.0527656126726
			23.9468454057177	-16.0527656126726
			23.9358201546101	-16.0637908637802
			23.9247949035025	-16.0637908637802
			23.9137696523949	-16.0637908637802
			23.9027444012873	-16.0637908637802
			23.9027444012873	-16.0748161148878
			23.8917191501797	-16.0748161148878
			23.8806938990721	-16.0748161148878
			23.8696686479645	-16.0748161148878
			23.8586433968568	-16.0858413659954
			23.8476181457492	-16.0858413659954
			23.8365928946416	-16.0858413659954
			23.825567643534	-16.0858413659954
			23.8145423924264	-16.0858413659954
			23.8035171413188	-16.096866617103
			23.7924918902112	-16.096866617103
			23.7814666391036	-16.096866617103
			23.770441387996	-16.096866617103
			23.7594161368884	-16.1078918682107
			23.7483908857808	-16.1078918682107
			23.7373656346732	-16.1189171193183
			23.7263403835656	-16.1189171193183
			23.715315132458	-16.1299423704259
			23.7042898813504	-16.1299423704259
			23.7042898813504	-16.1409676215335
			23.6932646302428	-16.1409676215335
		</Outline4>
	</curves.scaled>
	<ruler.points type=matrix rownames=TRUE colnames=FALSE nrow=2 ncol=2 as.numeric=TRUE >
		Ruler point 1	2686	2410
		Ruler point 2	1779	2406
	</ruler.points>
</shapes>

