<shapes type=list>
	<ruler.pixel type=vector names=FALSE length=1 as.numeric=TRUE >1099.02229276753</ruler.pixel>
	<ruler.interval type=vector names=FALSE length=1 as.numeric=TRUE >10</ruler.interval>
	<scaling.units type=vector names=FALSE length=1 as.numeric=FALSE >mm</scaling.units>
	<scaling type=vector names=FALSE length=1 as.numeric=TRUE >0.00909899650426403</scaling>
	<landmarks.pixel type=matrix rownames=TRUE colnames=FALSE nrow=4 ncol=2 as.numeric=TRUE >
		Labial	2272	1621
		Posterior	2200	1587
		Lingual	2233	1515
		Anterior	2311	1547
	</landmarks.pixel>
	<landmarks.scaled type=matrix rownames=TRUE colnames=FALSE nrow=4 ncol=2 as.numeric=TRUE >
		Labial	20.6729200576879	-14.749473333412
		Posterior	20.0177923093809	-14.440107452267
		Lingual	20.3180591940216	-13.78497970396
		Anterior	21.0277809213542	-14.0761475920965
	</landmarks.scaled>
	<curves.control type=list>
		<Outline1 type=matrix rownames=FALSE colnames=FALSE nrow=15 ncol=2 as.numeric=TRUE >
			2272	1621
			2264	1628
			2257	1633
			2252	1637
			2244	1641
			2238	1643
			2232	1643
			2226	1642
			2220	1640
			2215	1636
			2211	1632
			2207	1627
			2205	1621
			2203	1614
			2200	1587
		</Outline1>
		<Outline2 type=matrix rownames=FALSE colnames=FALSE nrow=13 ncol=2 as.numeric=TRUE >
			2200	1587
			2199	1577
			2201	1567
			2202	1558
			2203	1550
			2204	1542
			2205	1534
			2207	1527
			2212	1523
			2218	1519
			2224	1517
			2229	1515
			2233	1515
		</Outline2>
		<Outline3 type=matrix rownames=FALSE colnames=FALSE nrow=15 ncol=2 as.numeric=TRUE >
			2233	1515
			2239	1515
			2247	1515
			2254	1515
			2261	1514
			2268	1513
			2275	1514
			2282	1516
			2287	1518
			2292	1521
			2296	1525
			2301	1531
			2305	1536
			2308	1541
			2311	1547
		</Outline3>
		<Outline4 type=matrix rownames=FALSE colnames=FALSE nrow=17 ncol=2 as.numeric=TRUE >
			2311	1547
			2314	1554
			2315	1562
			2315	1569
			2315	1575
			2315	1580
			2314	1585
			2313	1590
			2311	1595
			2306	1601
			2301	1605
			2297	1609
			2291	1611
			2286	1613
			2282	1615
			2278	1617
			2272	1621
		</Outline4>
	</curves.control>
	<curves.pixel type=list>
		<Outline1 type=matrix rownames=FALSE colnames=FALSE nrow=109 ncol=2 as.numeric=TRUE >
			2272	1621
			2271	1622
			2270	1623
			2269	1623
			2268	1624
			2267	1625
			2266	1626
			2265	1627
			2264	1628
			2263	1629
			2262	1629
			2261	1630
			2260	1631
			2259	1632
			2258	1633
			2257	1633
			2256	1634
			2255	1635
			2254	1635
			2253	1636
			2252	1637
			2251	1637
			2250	1638
			2249	1638
			2248	1639
			2247	1639
			2246	1640
			2245	1640
			2244	1641
			2243	1641
			2242	1642
			2241	1642
			2240	1642
			2239	1642
			2238	1642
			2237	1643
			2236	1643
			2235	1643
			2234	1643
			2233	1643
			2232	1643
			2231	1643
			2230	1643
			2229	1642
			2228	1642
			2227	1642
			2226	1642
			2225	1641
			2224	1641
			2223	1641
			2222	1641
			2221	1640
			2220	1640
			2219	1639
			2218	1638
			2217	1638
			2216	1637
			2215	1636
			2215	1635
			2214	1635
			2213	1634
			2212	1633
			2211	1632
			2210	1631
			2209	1630
			2209	1629
			2208	1628
			2208	1627
			2207	1627
			2207	1626
			2207	1625
			2206	1624
			2206	1623
			2205	1622
			2205	1621
			2205	1620
			2205	1619
			2204	1618
			2204	1617
			2204	1616
			2204	1615
			2204	1614
			2203	1613
			2203	1612
			2203	1611
			2203	1610
			2203	1609
			2203	1608
			2202	1607
			2202	1606
			2202	1605
			2202	1604
			2202	1603
			2202	1602
			2202	1601
			2202	1600
			2201	1599
			2201	1598
			2201	1597
			2201	1596
			2201	1595
			2201	1594
			2201	1593
			2201	1592
			2200	1591
			2200	1590
			2200	1589
			2200	1588
			2200	1587
		</Outline1>
		<Outline2 type=matrix rownames=FALSE colnames=FALSE nrow=89 ncol=2 as.numeric=TRUE >
			2200	1587
			2200	1586
			2200	1585
			2200	1584
			2200	1583
			2200	1582
			2200	1581
			2200	1580
			2200	1579
			2200	1578
			2200	1577
			2200	1576
			2200	1575
			2200	1574
			2200	1573
			2200	1572
			2200	1571
			2200	1570
			2201	1569
			2201	1568
			2201	1567
			2201	1566
			2201	1565
			2201	1564
			2201	1563
			2202	1562
			2202	1561
			2202	1560
			2202	1559
			2202	1558
			2202	1557
			2202	1556
			2202	1555
			2203	1554
			2203	1553
			2203	1552
			2203	1551
			2203	1550
			2203	1549
			2203	1548
			2203	1547
			2203	1546
			2204	1545
			2204	1544
			2204	1543
			2204	1542
			2204	1541
			2204	1540
			2204	1539
			2204	1538
			2205	1538
			2205	1537
			2205	1536
			2205	1535
			2205	1534
			2205	1533
			2206	1532
			2206	1531
			2207	1530
			2207	1529
			2208	1528
			2208	1527
			2209	1526
			2210	1525
			2211	1524
			2212	1523
			2213	1522
			2214	1522
			2215	1521
			2216	1521
			2216	1520
			2217	1520
			2218	1520
			2218	1519
			2219	1519
			2220	1519
			2221	1518
			2222	1518
			2223	1517
			2224	1517
			2225	1517
			2226	1516
			2227	1516
			2228	1516
			2229	1515
			2230	1515
			2231	1515
			2232	1515
			2233	1515
		</Outline2>
		<Outline3 type=matrix rownames=FALSE colnames=FALSE nrow=89 ncol=2 as.numeric=TRUE >
			2233	1515
			2234	1515
			2235	1515
			2236	1515
			2237	1515
			2238	1515
			2239	1515
			2240	1515
			2241	1515
			2242	1515
			2243	1515
			2244	1515
			2245	1515
			2246	1515
			2247	1515
			2248	1515
			2249	1515
			2250	1515
			2251	1515
			2252	1515
			2253	1515
			2254	1515
			2255	1515
			2256	1515
			2257	1514
			2258	1514
			2259	1514
			2260	1514
			2261	1514
			2262	1514
			2263	1514
			2264	1514
			2265	1514
			2266	1514
			2267	1514
			2268	1514
			2269	1514
			2270	1514
			2271	1514
			2272	1514
			2273	1514
			2274	1514
			2275	1514
			2276	1514
			2277	1515
			2278	1515
			2279	1515
			2280	1516
			2281	1516
			2282	1516
			2283	1517
			2284	1517
			2285	1517
			2286	1518
			2287	1518
			2288	1518
			2288	1519
			2289	1519
			2290	1520
			2291	1520
			2291	1521
			2292	1522
			2293	1522
			2294	1523
			2295	1524
			2296	1525
			2297	1526
			2298	1527
			2298	1528
			2299	1528
			2299	1529
			2300	1530
			2301	1531
			2302	1532
			2303	1533
			2303	1534
			2304	1535
			2305	1536
			2306	1537
			2306	1538
			2307	1539
			2307	1540
			2308	1541
			2308	1542
			2309	1543
			2309	1544
			2310	1545
			2310	1546
			2311	1547
		</Outline3>
		<Outline4 type=matrix rownames=FALSE colnames=FALSE nrow=92 ncol=2 as.numeric=TRUE >
			2311	1547
			2311	1548
			2312	1549
			2312	1550
			2312	1551
			2313	1552
			2313	1553
			2314	1554
			2314	1555
			2314	1556
			2314	1557
			2314	1558
			2315	1559
			2315	1560
			2315	1561
			2315	1562
			2315	1563
			2315	1564
			2315	1565
			2315	1566
			2315	1567
			2315	1568
			2315	1569
			2315	1570
			2315	1571
			2315	1572
			2315	1573
			2315	1574
			2315	1575
			2315	1576
			2315	1577
			2315	1578
			2315	1579
			2315	1580
			2315	1581
			2314	1582
			2314	1583
			2314	1584
			2314	1585
			2314	1586
			2314	1587
			2313	1588
			2313	1589
			2313	1590
			2312	1591
			2312	1592
			2312	1593
			2312	1594
			2311	1594
			2311	1595
			2310	1596
			2309	1597
			2309	1598
			2308	1599
			2307	1599
			2306	1600
			2306	1601
			2305	1602
			2304	1602
			2303	1603
			2303	1604
			2302	1604
			2301	1605
			2300	1606
			2299	1607
			2298	1608
			2297	1608
			2296	1609
			2295	1609
			2294	1610
			2293	1610
			2292	1611
			2291	1611
			2290	1611
			2289	1612
			2288	1612
			2287	1613
			2286	1613
			2285	1614
			2284	1614
			2283	1615
			2282	1615
			2281	1615
			2280	1616
			2279	1616
			2278	1617
			2277	1618
			2276	1618
			2275	1619
			2274	1620
			2273	1621
			2272	1621
		</Outline4>
	</curves.pixel>
	<curves.scaled type=list>
		<Outline1 type=matrix rownames=FALSE colnames=FALSE nrow=109 ncol=2 as.numeric=TRUE >
			20.6729200576879	-14.749473333412
			20.6638210611836	-14.7585723299163
			20.6547220646793	-14.7676713264205
			20.6456230681751	-14.7676713264205
			20.6365240716708	-14.7767703229248
			20.6274250751666	-14.785869319429
			20.6183260786623	-14.7949683159333
			20.609227082158	-14.8040673124376
			20.6001280856538	-14.8131663089418
			20.5910290891495	-14.8222653054461
			20.5819300926452	-14.8222653054461
			20.572831096141	-14.8313643019504
			20.5637320996367	-14.8404632984546
			20.5546331031324	-14.8495622949589
			20.5455341066282	-14.8586612914632
			20.5364351101239	-14.8586612914632
			20.5273361136197	-14.8677602879674
			20.5182371171154	-14.8768592844717
			20.5091381206111	-14.8768592844717
			20.5000391241069	-14.885958280976
			20.4909401276026	-14.8950572774802
			20.4818411310983	-14.8950572774802
			20.4727421345941	-14.9041562739845
			20.4636431380898	-14.9041562739845
			20.4545441415855	-14.9132552704887
			20.4454451450813	-14.9132552704887
			20.436346148577	-14.922354266993
			20.4272471520727	-14.922354266993
			20.4181481555685	-14.9314532634973
			20.4090491590642	-14.9314532634973
			20.39995016256	-14.9405522600015
			20.3908511660557	-14.9405522600015
			20.3817521695514	-14.9405522600015
			20.3726531730472	-14.9405522600015
			20.3635541765429	-14.9405522600015
			20.3544551800386	-14.9496512565058
			20.3453561835344	-14.9496512565058
			20.3362571870301	-14.9496512565058
			20.3271581905258	-14.9496512565058
			20.3180591940216	-14.9496512565058
			20.3089601975173	-14.9496512565058
			20.2998612010131	-14.9496512565058
			20.2907622045088	-14.9496512565058
			20.2816632080045	-14.9405522600015
			20.2725642115003	-14.9405522600015
			20.263465214996	-14.9405522600015
			20.2543662184917	-14.9405522600015
			20.2452672219875	-14.9314532634973
			20.2361682254832	-14.9314532634973
			20.2270692289789	-14.9314532634973
			20.2179702324747	-14.9314532634973
			20.2088712359704	-14.922354266993
			20.1997722394661	-14.922354266993
			20.1906732429619	-14.9132552704887
			20.1815742464576	-14.9041562739845
			20.1724752499534	-14.9041562739845
			20.1633762534491	-14.8950572774802
			20.1542772569448	-14.885958280976
			20.1542772569448	-14.8768592844717
			20.1451782604406	-14.8768592844717
			20.1360792639363	-14.8677602879674
			20.126980267432	-14.8586612914632
			20.1178812709278	-14.8495622949589
			20.1087822744235	-14.8404632984546
			20.0996832779192	-14.8313643019504
			20.0996832779192	-14.8222653054461
			20.090584281415	-14.8131663089418
			20.090584281415	-14.8040673124376
			20.0814852849107	-14.8040673124376
			20.0814852849107	-14.7949683159333
			20.0814852849107	-14.785869319429
			20.0723862884064	-14.7767703229248
			20.0723862884064	-14.7676713264205
			20.0632872919022	-14.7585723299163
			20.0632872919022	-14.749473333412
			20.0632872919022	-14.7403743369077
			20.0632872919022	-14.7312753404035
			20.0541882953979	-14.7221763438992
			20.0541882953979	-14.7130773473949
			20.0541882953979	-14.7039783508907
			20.0541882953979	-14.6948793543864
			20.0541882953979	-14.6857803578821
			20.0450892988937	-14.6766813613779
			20.0450892988937	-14.6675823648736
			20.0450892988937	-14.6584833683694
			20.0450892988937	-14.6493843718651
			20.0450892988937	-14.6402853753608
			20.0450892988937	-14.6311863788566
			20.0359903023894	-14.6220873823523
			20.0359903023894	-14.612988385848
			20.0359903023894	-14.6038893893438
			20.0359903023894	-14.5947903928395
			20.0359903023894	-14.5856913963352
			20.0359903023894	-14.576592399831
			20.0359903023894	-14.5674934033267
			20.0359903023894	-14.5583944068224
			20.0268913058851	-14.5492954103182
			20.0268913058851	-14.5401964138139
			20.0268913058851	-14.5310974173097
			20.0268913058851	-14.5219984208054
			20.0268913058851	-14.5128994243011
			20.0268913058851	-14.5038004277969
			20.0268913058851	-14.4947014312926
			20.0268913058851	-14.4856024347883
			20.0177923093809	-14.4765034382841
			20.0177923093809	-14.4674044417798
			20.0177923093809	-14.4583054452755
			20.0177923093809	-14.4492064487713
			20.0177923093809	-14.440107452267
		</Outline1>
		<Outline2 type=matrix rownames=FALSE colnames=FALSE nrow=89 ncol=2 as.numeric=TRUE >
			20.0177923093809	-14.440107452267
			20.0177923093809	-14.4310084557628
			20.0177923093809	-14.4219094592585
			20.0177923093809	-14.4128104627542
			20.0177923093809	-14.40371146625
			20.0177923093809	-14.3946124697457
			20.0177923093809	-14.3855134732414
			20.0177923093809	-14.3764144767372
			20.0177923093809	-14.3673154802329
			20.0177923093809	-14.3582164837286
			20.0177923093809	-14.3491174872244
			20.0177923093809	-14.3400184907201
			20.0177923093809	-14.3309194942158
			20.0177923093809	-14.3218204977116
			20.0177923093809	-14.3127215012073
			20.0177923093809	-14.3036225047031
			20.0177923093809	-14.2945235081988
			20.0177923093809	-14.2854245116945
			20.0268913058851	-14.2763255151903
			20.0268913058851	-14.267226518686
			20.0268913058851	-14.2581275221817
			20.0268913058851	-14.2490285256775
			20.0268913058851	-14.2399295291732
			20.0268913058851	-14.2308305326689
			20.0268913058851	-14.2217315361647
			20.0359903023894	-14.2126325396604
			20.0359903023894	-14.2035335431561
			20.0359903023894	-14.1944345466519
			20.0359903023894	-14.1853355501476
			20.0359903023894	-14.1762365536434
			20.0359903023894	-14.1671375571391
			20.0359903023894	-14.1580385606348
			20.0359903023894	-14.1489395641306
			20.0450892988937	-14.1398405676263
			20.0450892988937	-14.130741571122
			20.0450892988937	-14.1216425746178
			20.0450892988937	-14.1125435781135
			20.0450892988937	-14.1034445816092
			20.0450892988937	-14.094345585105
			20.0450892988937	-14.0852465886007
			20.0450892988937	-14.0761475920965
			20.0450892988937	-14.0670485955922
			20.0541882953979	-14.0579495990879
			20.0541882953979	-14.0488506025837
			20.0541882953979	-14.0397516060794
			20.0541882953979	-14.0306526095751
			20.0541882953979	-14.0215536130709
			20.0541882953979	-14.0124546165666
			20.0541882953979	-14.0033556200623
			20.0541882953979	-13.9942566235581
			20.0632872919022	-13.9942566235581
			20.0632872919022	-13.9851576270538
			20.0632872919022	-13.9760586305495
			20.0632872919022	-13.9669596340453
			20.0632872919022	-13.957860637541
			20.0632872919022	-13.9487616410368
			20.0723862884064	-13.9396626445325
			20.0723862884064	-13.9305636480282
			20.0814852849107	-13.921464651524
			20.0814852849107	-13.9123656550197
			20.090584281415	-13.9032666585154
			20.090584281415	-13.8941676620112
			20.0996832779192	-13.8850686655069
			20.1087822744235	-13.8759696690026
			20.1178812709278	-13.8668706724984
			20.126980267432	-13.8577716759941
			20.1360792639363	-13.8486726794899
			20.1451782604406	-13.8486726794899
			20.1542772569448	-13.8395736829856
			20.1633762534491	-13.8395736829856
			20.1633762534491	-13.8304746864813
			20.1724752499534	-13.8304746864813
			20.1815742464576	-13.8304746864813
			20.1815742464576	-13.8213756899771
			20.1906732429619	-13.8213756899771
			20.1997722394661	-13.8213756899771
			20.2088712359704	-13.8122766934728
			20.2179702324747	-13.8122766934728
			20.2270692289789	-13.8031776969685
			20.2361682254832	-13.8031776969685
			20.2452672219875	-13.8031776969685
			20.2543662184917	-13.7940787004643
			20.263465214996	-13.7940787004643
			20.2725642115003	-13.7940787004643
			20.2816632080045	-13.78497970396
			20.2907622045088	-13.78497970396
			20.2998612010131	-13.78497970396
			20.3089601975173	-13.78497970396
			20.3180591940216	-13.78497970396
		</Outline2>
		<Outline3 type=matrix rownames=FALSE colnames=FALSE nrow=89 ncol=2 as.numeric=TRUE >
			20.3180591940216	-13.78497970396
			20.3271581905258	-13.78497970396
			20.3362571870301	-13.78497970396
			20.3453561835344	-13.78497970396
			20.3544551800386	-13.78497970396
			20.3635541765429	-13.78497970396
			20.3726531730472	-13.78497970396
			20.3817521695514	-13.78497970396
			20.3908511660557	-13.78497970396
			20.39995016256	-13.78497970396
			20.4090491590642	-13.78497970396
			20.4181481555685	-13.78497970396
			20.4272471520727	-13.78497970396
			20.436346148577	-13.78497970396
			20.4454451450813	-13.78497970396
			20.4545441415855	-13.78497970396
			20.4636431380898	-13.78497970396
			20.4727421345941	-13.78497970396
			20.4818411310983	-13.78497970396
			20.4909401276026	-13.78497970396
			20.5000391241069	-13.78497970396
			20.5091381206111	-13.78497970396
			20.5182371171154	-13.78497970396
			20.5273361136197	-13.78497970396
			20.5364351101239	-13.7758807074557
			20.5455341066282	-13.7758807074557
			20.5546331031324	-13.7758807074557
			20.5637320996367	-13.7758807074557
			20.572831096141	-13.7758807074557
			20.5819300926452	-13.7758807074557
			20.5910290891495	-13.7758807074557
			20.6001280856538	-13.7758807074557
			20.609227082158	-13.7758807074557
			20.6183260786623	-13.7758807074557
			20.6274250751666	-13.7758807074557
			20.6365240716708	-13.7758807074557
			20.6456230681751	-13.7758807074557
			20.6547220646793	-13.7758807074557
			20.6638210611836	-13.7758807074557
			20.6729200576879	-13.7758807074557
			20.6820190541921	-13.7758807074557
			20.6911180506964	-13.7758807074557
			20.7002170472007	-13.7758807074557
			20.7093160437049	-13.7758807074557
			20.7184150402092	-13.78497970396
			20.7275140367135	-13.78497970396
			20.7366130332177	-13.78497970396
			20.745712029722	-13.7940787004643
			20.7548110262263	-13.7940787004643
			20.7639100227305	-13.7940787004643
			20.7730090192348	-13.8031776969685
			20.782108015739	-13.8031776969685
			20.7912070122433	-13.8031776969685
			20.8003060087476	-13.8122766934728
			20.8094050052518	-13.8122766934728
			20.8185040017561	-13.8122766934728
			20.8185040017561	-13.8213756899771
			20.8276029982604	-13.8213756899771
			20.8367019947646	-13.8304746864813
			20.8458009912689	-13.8304746864813
			20.8458009912689	-13.8395736829856
			20.8548999877732	-13.8486726794899
			20.8639989842774	-13.8486726794899
			20.8730979807817	-13.8577716759941
			20.8821969772859	-13.8668706724984
			20.8912959737902	-13.8759696690026
			20.9003949702945	-13.8850686655069
			20.9094939667987	-13.8941676620112
			20.9094939667987	-13.9032666585154
			20.918592963303	-13.9032666585154
			20.918592963303	-13.9123656550197
			20.9276919598073	-13.921464651524
			20.9367909563115	-13.9305636480282
			20.9458899528158	-13.9396626445325
			20.9549889493201	-13.9487616410368
			20.9549889493201	-13.957860637541
			20.9640879458243	-13.9669596340453
			20.9731869423286	-13.9760586305495
			20.9822859388329	-13.9851576270538
			20.9822859388329	-13.9942566235581
			20.9913849353371	-14.0033556200623
			20.9913849353371	-14.0124546165666
			21.0004839318414	-14.0215536130709
			21.0004839318414	-14.0306526095751
			21.0095829283456	-14.0397516060794
			21.0095829283456	-14.0488506025837
			21.0186819248499	-14.0579495990879
			21.0186819248499	-14.0670485955922
			21.0277809213542	-14.0761475920965
		</Outline3>
		<Outline4 type=matrix rownames=FALSE colnames=FALSE nrow=92 ncol=2 as.numeric=TRUE >
			21.0277809213542	-14.0761475920965
			21.0277809213542	-14.0852465886007
			21.0368799178584	-14.094345585105
			21.0368799178584	-14.1034445816092
			21.0368799178584	-14.1125435781135
			21.0459789143627	-14.1216425746178
			21.0459789143627	-14.130741571122
			21.055077910867	-14.1398405676263
			21.055077910867	-14.1489395641306
			21.055077910867	-14.1580385606348
			21.055077910867	-14.1671375571391
			21.055077910867	-14.1762365536434
			21.0641769073712	-14.1853355501476
			21.0641769073712	-14.1944345466519
			21.0641769073712	-14.2035335431561
			21.0641769073712	-14.2126325396604
			21.0641769073712	-14.2217315361647
			21.0641769073712	-14.2308305326689
			21.0641769073712	-14.2399295291732
			21.0641769073712	-14.2490285256775
			21.0641769073712	-14.2581275221817
			21.0641769073712	-14.267226518686
			21.0641769073712	-14.2763255151903
			21.0641769073712	-14.2854245116945
			21.0641769073712	-14.2945235081988
			21.0641769073712	-14.3036225047031
			21.0641769073712	-14.3127215012073
			21.0641769073712	-14.3218204977116
			21.0641769073712	-14.3309194942158
			21.0641769073712	-14.3400184907201
			21.0641769073712	-14.3491174872244
			21.0641769073712	-14.3582164837286
			21.0641769073712	-14.3673154802329
			21.0641769073712	-14.3764144767372
			21.0641769073712	-14.3855134732414
			21.055077910867	-14.3946124697457
			21.055077910867	-14.40371146625
			21.055077910867	-14.4128104627542
			21.055077910867	-14.4219094592585
			21.055077910867	-14.4310084557628
			21.055077910867	-14.440107452267
			21.0459789143627	-14.4492064487713
			21.0459789143627	-14.4583054452755
			21.0459789143627	-14.4674044417798
			21.0368799178584	-14.4765034382841
			21.0368799178584	-14.4856024347883
			21.0368799178584	-14.4947014312926
			21.0368799178584	-14.5038004277969
			21.0277809213542	-14.5038004277969
			21.0277809213542	-14.5128994243011
			21.0186819248499	-14.5219984208054
			21.0095829283456	-14.5310974173097
			21.0095829283456	-14.5401964138139
			21.0004839318414	-14.5492954103182
			20.9913849353371	-14.5492954103182
			20.9822859388329	-14.5583944068224
			20.9822859388329	-14.5674934033267
			20.9731869423286	-14.576592399831
			20.9640879458243	-14.576592399831
			20.9549889493201	-14.5856913963352
			20.9549889493201	-14.5947903928395
			20.9458899528158	-14.5947903928395
			20.9367909563115	-14.6038893893438
			20.9276919598073	-14.612988385848
			20.918592963303	-14.6220873823523
			20.9094939667987	-14.6311863788566
			20.9003949702945	-14.6311863788566
			20.8912959737902	-14.6402853753608
			20.8821969772859	-14.6402853753608
			20.8730979807817	-14.6493843718651
			20.8639989842774	-14.6493843718651
			20.8548999877732	-14.6584833683694
			20.8458009912689	-14.6584833683694
			20.8367019947646	-14.6584833683694
			20.8276029982604	-14.6675823648736
			20.8185040017561	-14.6675823648736
			20.8094050052518	-14.6766813613779
			20.8003060087476	-14.6766813613779
			20.7912070122433	-14.6857803578821
			20.782108015739	-14.6857803578821
			20.7730090192348	-14.6948793543864
			20.7639100227305	-14.6948793543864
			20.7548110262263	-14.6948793543864
			20.745712029722	-14.7039783508907
			20.7366130332177	-14.7039783508907
			20.7275140367135	-14.7130773473949
			20.7184150402092	-14.7221763438992
			20.7093160437049	-14.7221763438992
			20.7002170472007	-14.7312753404035
			20.6911180506964	-14.7403743369077
			20.6820190541921	-14.749473333412
			20.6729200576879	-14.749473333412
		</Outline4>
	</curves.scaled>
	<ruler.points type=matrix rownames=TRUE colnames=FALSE nrow=2 ncol=2 as.numeric=TRUE >
		Ruler point 1	3559	2463
		Ruler point 2	2460	2470
	</ruler.points>
</shapes>

