<shapes type=list>
	<ruler.pixel type=vector names=FALSE length=1 as.numeric=TRUE >694</ruler.pixel>
	<ruler.interval type=vector names=FALSE length=1 as.numeric=TRUE >10</ruler.interval>
	<scaling.units type=vector names=FALSE length=1 as.numeric=FALSE >mm</scaling.units>
	<scaling type=vector names=FALSE length=1 as.numeric=TRUE >0.0144092219020173</scaling>
	<landmarks.pixel type=matrix rownames=TRUE colnames=FALSE nrow=4 ncol=2 as.numeric=TRUE >
		Labial	2358	1703
		Posterior	2272	1657
		Lingual	2331	1576
		Anterior	2424	1624
	</landmarks.pixel>
	<landmarks.scaled type=matrix rownames=TRUE colnames=FALSE nrow=4 ncol=2 as.numeric=TRUE >
		Labial	33.9769452449568	-24.5389048991354
		Posterior	32.7377521613833	-23.8760806916426
		Lingual	33.5878962536023	-22.7089337175792
		Anterior	34.9279538904899	-23.4005763688761
	</landmarks.scaled>
	<curves.control type=list>
		<Outline1 type=matrix rownames=FALSE colnames=FALSE nrow=23 ncol=2 as.numeric=TRUE >
			2358	1703
			2353	1706
			2350	1711
			2345	1718
			2340	1724
			2334	1730
			2328	1735
			2322	1738
			2317	1739
			2312	1740
			2306	1739
			2301	1737
			2296	1733
			2292	1728
			2288	1721
			2284	1715
			2281	1708
			2279	1701
			2277	1694
			2275	1685
			2274	1677
			2273	1667
			2272	1657
		</Outline1>
		<Outline2 type=matrix rownames=FALSE colnames=FALSE nrow=17 ncol=2 as.numeric=TRUE >
			2272	1657
			2271	1646
			2272	1635
			2273	1627
			2275	1619
			2278	1611
			2282	1605
			2285	1600
			2288	1595
			2292	1591
			2297	1586
			2304	1582
			2311	1579
			2317	1577
			2324	1576
			2328	1576
			2331	1576
		</Outline2>
		<Outline3 type=matrix rownames=FALSE colnames=FALSE nrow=19 ncol=2 as.numeric=TRUE >
			2331	1576
			2335	1576
			2340	1574
			2347	1571
			2356	1569
			2362	1567
			2368	1566
			2376	1566
			2382	1568
			2388	1571
			2393	1574
			2401	1579
			2407	1582
			2412	1585
			2415	1590
			2418	1597
			2419	1604
			2421	1612
			2424	1624
		</Outline3>
		<Outline4 type=matrix rownames=FALSE colnames=FALSE nrow=17 ncol=2 as.numeric=TRUE >
			2424	1624
			2424	1634
			2422	1642
			2419	1652
			2414	1664
			2411	1674
			2407	1684
			2401	1694
			2397	1700
			2393	1703
			2389	1706
			2383	1708
			2378	1709
			2371	1708
			2366	1707
			2362	1705
			2358	1703
		</Outline4>
	</curves.control>
	<curves.pixel type=list>
		<Outline1 type=matrix rownames=FALSE colnames=FALSE nrow=147 ncol=2 as.numeric=TRUE >
			2358	1703
			2357	1703
			2357	1704
			2356	1704
			2355	1705
			2354	1706
			2353	1707
			2352	1708
			2351	1709
			2351	1710
			2350	1711
			2349	1712
			2348	1713
			2348	1714
			2347	1715
			2346	1716
			2345	1717
			2345	1718
			2344	1718
			2344	1719
			2343	1720
			2342	1721
			2341	1722
			2341	1723
			2340	1724
			2339	1725
			2338	1726
			2337	1727
			2336	1728
			2335	1729
			2334	1730
			2333	1731
			2332	1731
			2331	1732
			2330	1733
			2330	1734
			2329	1734
			2328	1735
			2327	1735
			2326	1736
			2325	1736
			2325	1737
			2324	1737
			2323	1737
			2322	1738
			2321	1738
			2320	1738
			2319	1739
			2318	1739
			2317	1739
			2316	1739
			2315	1739
			2314	1739
			2313	1739
			2312	1739
			2311	1739
			2310	1739
			2309	1739
			2308	1739
			2307	1739
			2306	1739
			2305	1739
			2304	1738
			2303	1738
			2302	1737
			2301	1737
			2300	1736
			2299	1735
			2298	1734
			2297	1734
			2296	1733
			2295	1732
			2294	1731
			2294	1730
			2293	1729
			2292	1728
			2292	1727
			2291	1726
			2290	1725
			2290	1724
			2289	1723
			2289	1722
			2288	1721
			2287	1720
			2287	1719
			2286	1718
			2286	1717
			2285	1716
			2285	1715
			2284	1714
			2284	1713
			2283	1712
			2282	1711
			2282	1710
			2282	1709
			2281	1708
			2281	1707
			2280	1706
			2280	1705
			2280	1704
			2279	1703
			2279	1702
			2279	1701
			2279	1700
			2278	1699
			2278	1698
			2278	1697
			2277	1696
			2277	1695
			2277	1694
			2277	1693
			2277	1692
			2276	1691
			2276	1690
			2276	1689
			2276	1688
			2276	1687
			2275	1686
			2275	1685
			2275	1684
			2275	1683
			2275	1682
			2275	1681
			2274	1680
			2274	1679
			2274	1678
			2274	1677
			2274	1676
			2274	1675
			2274	1674
			2274	1673
			2274	1672
			2273	1671
			2273	1670
			2273	1669
			2273	1668
			2273	1667
			2273	1666
			2273	1665
			2273	1664
			2273	1663
			2272	1662
			2272	1661
			2272	1660
			2272	1659
			2272	1658
			2272	1657
		</Outline1>
		<Outline2 type=matrix rownames=FALSE colnames=FALSE nrow=109 ncol=2 as.numeric=TRUE >
			2272	1657
			2272	1656
			2272	1655
			2272	1654
			2272	1653
			2272	1652
			2272	1651
			2272	1650
			2272	1649
			2272	1648
			2272	1647
			2272	1646
			2272	1645
			2272	1644
			2272	1643
			2272	1642
			2272	1641
			2272	1640
			2272	1639
			2272	1638
			2272	1637
			2272	1636
			2272	1635
			2272	1634
			2272	1633
			2272	1632
			2273	1631
			2273	1630
			2273	1629
			2273	1628
			2273	1627
			2274	1626
			2274	1625
			2274	1624
			2274	1623
			2274	1622
			2275	1621
			2275	1620
			2275	1619
			2276	1618
			2276	1617
			2276	1616
			2277	1615
			2277	1614
			2278	1613
			2278	1612
			2278	1611
			2279	1610
			2279	1609
			2280	1609
			2280	1608
			2281	1607
			2281	1606
			2282	1605
			2283	1604
			2283	1603
			2284	1602
			2284	1601
			2285	1600
			2285	1599
			2286	1599
			2286	1598
			2287	1597
			2287	1596
			2288	1596
			2288	1595
			2289	1594
			2290	1593
			2291	1592
			2292	1591
			2293	1590
			2294	1589
			2295	1588
			2296	1587
			2297	1586
			2298	1586
			2299	1585
			2300	1585
			2301	1584
			2302	1583
			2303	1583
			2304	1582
			2305	1582
			2306	1581
			2307	1581
			2308	1580
			2309	1580
			2310	1580
			2311	1579
			2312	1579
			2313	1578
			2314	1578
			2315	1578
			2316	1578
			2317	1577
			2318	1577
			2319	1577
			2320	1577
			2321	1576
			2322	1576
			2323	1576
			2324	1576
			2325	1576
			2326	1576
			2327	1576
			2328	1576
			2329	1576
			2330	1576
			2331	1576
		</Outline2>
		<Outline3 type=matrix rownames=FALSE colnames=FALSE nrow=124 ncol=2 as.numeric=TRUE >
			2331	1576
			2332	1576
			2333	1576
			2334	1576
			2335	1576
			2336	1575
			2337	1575
			2338	1575
			2339	1574
			2340	1574
			2341	1574
			2342	1573
			2343	1573
			2344	1572
			2345	1572
			2346	1572
			2347	1571
			2348	1571
			2349	1571
			2350	1570
			2351	1570
			2352	1570
			2353	1570
			2354	1569
			2355	1569
			2356	1569
			2357	1569
			2358	1568
			2359	1568
			2360	1568
			2361	1568
			2362	1567
			2363	1567
			2364	1567
			2365	1566
			2366	1566
			2367	1566
			2368	1566
			2369	1566
			2370	1566
			2371	1566
			2372	1566
			2373	1566
			2374	1566
			2375	1566
			2376	1567
			2377	1567
			2378	1567
			2379	1567
			2380	1567
			2381	1568
			2382	1568
			2383	1569
			2384	1569
			2385	1569
			2386	1570
			2387	1570
			2387	1571
			2388	1571
			2389	1572
			2390	1572
			2391	1573
			2392	1574
			2393	1574
			2394	1575
			2395	1575
			2396	1576
			2397	1576
			2397	1577
			2398	1577
			2399	1578
			2400	1578
			2401	1579
			2402	1579
			2403	1580
			2404	1580
			2405	1581
			2406	1581
			2406	1582
			2407	1582
			2408	1582
			2408	1583
			2409	1583
			2410	1584
			2411	1585
			2412	1586
			2413	1587
			2414	1588
			2415	1589
			2415	1590
			2415	1591
			2416	1592
			2416	1593
			2417	1594
			2417	1595
			2417	1596
			2418	1597
			2418	1598
			2418	1599
			2418	1600
			2418	1601
			2419	1602
			2419	1603
			2419	1604
			2419	1605
			2420	1606
			2420	1607
			2420	1608
			2420	1609
			2421	1610
			2421	1611
			2421	1612
			2421	1613
			2421	1614
			2422	1615
			2422	1616
			2422	1617
			2423	1618
			2423	1619
			2423	1620
			2423	1621
			2424	1622
			2424	1623
			2424	1624
		</Outline3>
		<Outline4 type=matrix rownames=FALSE colnames=FALSE nrow=123 ncol=2 as.numeric=TRUE >
			2424	1624
			2424	1625
			2424	1626
			2424	1627
			2424	1628
			2424	1629
			2424	1630
			2424	1631
			2424	1632
			2424	1633
			2423	1634
			2423	1635
			2423	1636
			2423	1637
			2423	1638
			2423	1639
			2422	1640
			2422	1641
			2422	1642
			2422	1643
			2421	1644
			2421	1645
			2421	1646
			2420	1647
			2420	1648
			2420	1649
			2420	1650
			2419	1650
			2419	1651
			2419	1652
			2418	1653
			2418	1654
			2418	1655
			2417	1656
			2417	1657
			2417	1658
			2416	1659
			2416	1660
			2415	1660
			2415	1661
			2415	1662
			2414	1663
			2414	1664
			2414	1665
			2413	1666
			2413	1667
			2413	1668
			2412	1669
			2412	1670
			2412	1671
			2411	1672
			2411	1673
			2411	1674
			2410	1675
			2410	1676
			2410	1677
			2409	1678
			2409	1679
			2409	1680
			2408	1681
			2408	1682
			2408	1683
			2407	1684
			2407	1685
			2406	1686
			2405	1687
			2404	1688
			2404	1689
			2403	1690
			2402	1691
			2402	1692
			2401	1693
			2401	1694
			2400	1695
			2400	1696
			2399	1697
			2399	1698
			2398	1698
			2398	1699
			2397	1700
			2396	1701
			2395	1701
			2394	1702
			2393	1703
			2392	1704
			2391	1705
			2390	1705
			2390	1706
			2389	1706
			2388	1706
			2387	1707
			2386	1707
			2385	1707
			2384	1708
			2383	1708
			2382	1708
			2381	1708
			2380	1709
			2379	1709
			2378	1709
			2377	1709
			2376	1709
			2375	1709
			2374	1708
			2373	1708
			2372	1708
			2371	1708
			2370	1708
			2369	1708
			2368	1707
			2367	1707
			2366	1707
			2365	1707
			2365	1706
			2364	1706
			2363	1706
			2363	1705
			2362	1705
			2361	1705
			2361	1704
			2360	1704
			2359	1704
			2358	1703
		</Outline4>
	</curves.pixel>
	<curves.scaled type=list>
		<Outline1 type=matrix rownames=FALSE colnames=FALSE nrow=147 ncol=2 as.numeric=TRUE >
			33.9769452449568	-24.5389048991354
			33.9625360230548	-24.5389048991354
			33.9625360230548	-24.5533141210375
			33.9481268011527	-24.5533141210375
			33.9337175792507	-24.5677233429395
			33.9193083573487	-24.5821325648415
			33.9048991354467	-24.5965417867435
			33.8904899135447	-24.6109510086455
			33.8760806916426	-24.6253602305475
			33.8760806916426	-24.6397694524496
			33.8616714697406	-24.6541786743516
			33.8472622478386	-24.6685878962536
			33.8328530259366	-24.6829971181556
			33.8328530259366	-24.6974063400576
			33.8184438040346	-24.7118155619597
			33.8040345821326	-24.7262247838617
			33.7896253602305	-24.7406340057637
			33.7896253602305	-24.7550432276657
			33.7752161383285	-24.7550432276657
			33.7752161383285	-24.7694524495677
			33.7608069164265	-24.7838616714697
			33.7463976945245	-24.7982708933718
			33.7319884726225	-24.8126801152738
			33.7319884726225	-24.8270893371758
			33.7175792507205	-24.8414985590778
			33.7031700288184	-24.8559077809798
			33.6887608069164	-24.8703170028818
			33.6743515850144	-24.8847262247839
			33.6599423631124	-24.8991354466859
			33.6455331412104	-24.9135446685879
			33.6311239193084	-24.9279538904899
			33.6167146974063	-24.9423631123919
			33.6023054755043	-24.9423631123919
			33.5878962536023	-24.9567723342939
			33.5734870317003	-24.971181556196
			33.5734870317003	-24.985590778098
			33.5590778097983	-24.985590778098
			33.5446685878963	-25
			33.5302593659942	-25
			33.5158501440922	-25.014409221902
			33.5014409221902	-25.014409221902
			33.5014409221902	-25.028818443804
			33.4870317002882	-25.028818443804
			33.4726224783862	-25.028818443804
			33.4582132564842	-25.0432276657061
			33.4438040345821	-25.0432276657061
			33.4293948126801	-25.0432276657061
			33.4149855907781	-25.0576368876081
			33.4005763688761	-25.0576368876081
			33.3861671469741	-25.0576368876081
			33.371757925072	-25.0576368876081
			33.35734870317	-25.0576368876081
			33.342939481268	-25.0576368876081
			33.328530259366	-25.0576368876081
			33.314121037464	-25.0576368876081
			33.299711815562	-25.0576368876081
			33.2853025936599	-25.0576368876081
			33.2708933717579	-25.0576368876081
			33.2564841498559	-25.0576368876081
			33.2420749279539	-25.0576368876081
			33.2276657060519	-25.0576368876081
			33.2132564841499	-25.0576368876081
			33.1988472622478	-25.0432276657061
			33.1844380403458	-25.0432276657061
			33.1700288184438	-25.028818443804
			33.1556195965418	-25.028818443804
			33.1412103746398	-25.014409221902
			33.1268011527377	-25
			33.1123919308357	-24.985590778098
			33.0979827089337	-24.985590778098
			33.0835734870317	-24.971181556196
			33.0691642651297	-24.9567723342939
			33.0547550432277	-24.9423631123919
			33.0547550432277	-24.9279538904899
			33.0403458213256	-24.9135446685879
			33.0259365994236	-24.8991354466859
			33.0259365994236	-24.8847262247839
			33.0115273775216	-24.8703170028818
			32.9971181556196	-24.8559077809798
			32.9971181556196	-24.8414985590778
			32.9827089337176	-24.8270893371758
			32.9827089337176	-24.8126801152738
			32.9682997118156	-24.7982708933718
			32.9538904899135	-24.7838616714697
			32.9538904899135	-24.7694524495677
			32.9394812680115	-24.7550432276657
			32.9394812680115	-24.7406340057637
			32.9250720461095	-24.7262247838617
			32.9250720461095	-24.7118155619597
			32.9106628242075	-24.6974063400576
			32.9106628242075	-24.6829971181556
			32.8962536023055	-24.6685878962536
			32.8818443804035	-24.6541786743516
			32.8818443804035	-24.6397694524496
			32.8818443804035	-24.6253602305475
			32.8674351585014	-24.6109510086455
			32.8674351585014	-24.5965417867435
			32.8530259365994	-24.5821325648415
			32.8530259365994	-24.5677233429395
			32.8530259365994	-24.5533141210375
			32.8386167146974	-24.5389048991354
			32.8386167146974	-24.5244956772334
			32.8386167146974	-24.5100864553314
			32.8386167146974	-24.4956772334294
			32.8242074927954	-24.4812680115274
			32.8242074927954	-24.4668587896254
			32.8242074927954	-24.4524495677233
			32.8097982708934	-24.4380403458213
			32.8097982708934	-24.4236311239193
			32.8097982708934	-24.4092219020173
			32.8097982708934	-24.3948126801153
			32.8097982708934	-24.3804034582133
			32.7953890489914	-24.3659942363112
			32.7953890489914	-24.3515850144092
			32.7953890489914	-24.3371757925072
			32.7953890489914	-24.3227665706052
			32.7953890489914	-24.3083573487032
			32.7809798270893	-24.2939481268012
			32.7809798270893	-24.2795389048991
			32.7809798270893	-24.2651296829971
			32.7809798270893	-24.2507204610951
			32.7809798270893	-24.2363112391931
			32.7809798270893	-24.2219020172911
			32.7665706051873	-24.207492795389
			32.7665706051873	-24.193083573487
			32.7665706051873	-24.178674351585
			32.7665706051873	-24.164265129683
			32.7665706051873	-24.149855907781
			32.7665706051873	-24.135446685879
			32.7665706051873	-24.1210374639769
			32.7665706051873	-24.1066282420749
			32.7665706051873	-24.0922190201729
			32.7521613832853	-24.0778097982709
			32.7521613832853	-24.0634005763689
			32.7521613832853	-24.0489913544669
			32.7521613832853	-24.0345821325648
			32.7521613832853	-24.0201729106628
			32.7521613832853	-24.0057636887608
			32.7521613832853	-23.9913544668588
			32.7521613832853	-23.9769452449568
			32.7521613832853	-23.9625360230548
			32.7377521613833	-23.9481268011527
			32.7377521613833	-23.9337175792507
			32.7377521613833	-23.9193083573487
			32.7377521613833	-23.9048991354467
			32.7377521613833	-23.8904899135447
			32.7377521613833	-23.8760806916426
		</Outline1>
		<Outline2 type=matrix rownames=FALSE colnames=FALSE nrow=109 ncol=2 as.numeric=TRUE >
			32.7377521613833	-23.8760806916426
			32.7377521613833	-23.8616714697406
			32.7377521613833	-23.8472622478386
			32.7377521613833	-23.8328530259366
			32.7377521613833	-23.8184438040346
			32.7377521613833	-23.8040345821326
			32.7377521613833	-23.7896253602305
			32.7377521613833	-23.7752161383285
			32.7377521613833	-23.7608069164265
			32.7377521613833	-23.7463976945245
			32.7377521613833	-23.7319884726225
			32.7377521613833	-23.7175792507205
			32.7377521613833	-23.7031700288184
			32.7377521613833	-23.6887608069164
			32.7377521613833	-23.6743515850144
			32.7377521613833	-23.6599423631124
			32.7377521613833	-23.6455331412104
			32.7377521613833	-23.6311239193084
			32.7377521613833	-23.6167146974063
			32.7377521613833	-23.6023054755043
			32.7377521613833	-23.5878962536023
			32.7377521613833	-23.5734870317003
			32.7377521613833	-23.5590778097983
			32.7377521613833	-23.5446685878963
			32.7377521613833	-23.5302593659942
			32.7377521613833	-23.5158501440922
			32.7521613832853	-23.5014409221902
			32.7521613832853	-23.4870317002882
			32.7521613832853	-23.4726224783862
			32.7521613832853	-23.4582132564842
			32.7521613832853	-23.4438040345821
			32.7665706051873	-23.4293948126801
			32.7665706051873	-23.4149855907781
			32.7665706051873	-23.4005763688761
			32.7665706051873	-23.3861671469741
			32.7665706051873	-23.371757925072
			32.7809798270893	-23.35734870317
			32.7809798270893	-23.342939481268
			32.7809798270893	-23.328530259366
			32.7953890489914	-23.314121037464
			32.7953890489914	-23.299711815562
			32.7953890489914	-23.2853025936599
			32.8097982708934	-23.2708933717579
			32.8097982708934	-23.2564841498559
			32.8242074927954	-23.2420749279539
			32.8242074927954	-23.2276657060519
			32.8242074927954	-23.2132564841499
			32.8386167146974	-23.1988472622478
			32.8386167146974	-23.1844380403458
			32.8530259365994	-23.1844380403458
			32.8530259365994	-23.1700288184438
			32.8674351585014	-23.1556195965418
			32.8674351585014	-23.1412103746398
			32.8818443804035	-23.1268011527378
			32.8962536023055	-23.1123919308357
			32.8962536023055	-23.0979827089337
			32.9106628242075	-23.0835734870317
			32.9106628242075	-23.0691642651297
			32.9250720461095	-23.0547550432277
			32.9250720461095	-23.0403458213256
			32.9394812680115	-23.0403458213256
			32.9394812680115	-23.0259365994236
			32.9538904899135	-23.0115273775216
			32.9538904899135	-22.9971181556196
			32.9682997118156	-22.9971181556196
			32.9682997118156	-22.9827089337176
			32.9827089337176	-22.9682997118156
			32.9971181556196	-22.9538904899135
			33.0115273775216	-22.9394812680115
			33.0259365994236	-22.9250720461095
			33.0403458213256	-22.9106628242075
			33.0547550432277	-22.8962536023055
			33.0691642651297	-22.8818443804035
			33.0835734870317	-22.8674351585014
			33.0979827089337	-22.8530259365994
			33.1123919308357	-22.8530259365994
			33.1268011527377	-22.8386167146974
			33.1412103746398	-22.8386167146974
			33.1556195965418	-22.8242074927954
			33.1700288184438	-22.8097982708934
			33.1844380403458	-22.8097982708934
			33.1988472622478	-22.7953890489914
			33.2132564841499	-22.7953890489914
			33.2276657060519	-22.7809798270893
			33.2420749279539	-22.7809798270893
			33.2564841498559	-22.7665706051873
			33.2708933717579	-22.7665706051873
			33.2853025936599	-22.7665706051873
			33.299711815562	-22.7521613832853
			33.314121037464	-22.7521613832853
			33.328530259366	-22.7377521613833
			33.342939481268	-22.7377521613833
			33.35734870317	-22.7377521613833
			33.371757925072	-22.7377521613833
			33.3861671469741	-22.7233429394813
			33.4005763688761	-22.7233429394813
			33.4149855907781	-22.7233429394813
			33.4293948126801	-22.7233429394813
			33.4438040345821	-22.7089337175792
			33.4582132564842	-22.7089337175792
			33.4726224783862	-22.7089337175792
			33.4870317002882	-22.7089337175792
			33.5014409221902	-22.7089337175792
			33.5158501440922	-22.7089337175792
			33.5302593659942	-22.7089337175792
			33.5446685878963	-22.7089337175792
			33.5590778097983	-22.7089337175792
			33.5734870317003	-22.7089337175792
			33.5878962536023	-22.7089337175792
		</Outline2>
		<Outline3 type=matrix rownames=FALSE colnames=FALSE nrow=124 ncol=2 as.numeric=TRUE >
			33.5878962536023	-22.7089337175792
			33.6023054755043	-22.7089337175792
			33.6167146974063	-22.7089337175792
			33.6311239193084	-22.7089337175792
			33.6455331412104	-22.7089337175792
			33.6599423631124	-22.6945244956772
			33.6743515850144	-22.6945244956772
			33.6887608069164	-22.6945244956772
			33.7031700288184	-22.6801152737752
			33.7175792507205	-22.6801152737752
			33.7319884726225	-22.6801152737752
			33.7463976945245	-22.6657060518732
			33.7608069164265	-22.6657060518732
			33.7752161383285	-22.6512968299712
			33.7896253602305	-22.6512968299712
			33.8040345821326	-22.6512968299712
			33.8184438040346	-22.6368876080692
			33.8328530259366	-22.6368876080692
			33.8472622478386	-22.6368876080692
			33.8616714697406	-22.6224783861671
			33.8760806916426	-22.6224783861671
			33.8904899135447	-22.6224783861671
			33.9048991354467	-22.6224783861671
			33.9193083573487	-22.6080691642651
			33.9337175792507	-22.6080691642651
			33.9481268011527	-22.6080691642651
			33.9625360230548	-22.6080691642651
			33.9769452449568	-22.5936599423631
			33.9913544668588	-22.5936599423631
			34.0057636887608	-22.5936599423631
			34.0201729106628	-22.5936599423631
			34.0345821325648	-22.5792507204611
			34.0489913544669	-22.5792507204611
			34.0634005763689	-22.5792507204611
			34.0778097982709	-22.5648414985591
			34.0922190201729	-22.5648414985591
			34.1066282420749	-22.5648414985591
			34.1210374639769	-22.5648414985591
			34.135446685879	-22.5648414985591
			34.149855907781	-22.5648414985591
			34.164265129683	-22.5648414985591
			34.178674351585	-22.5648414985591
			34.193083573487	-22.5648414985591
			34.2074927953891	-22.5648414985591
			34.2219020172911	-22.5648414985591
			34.2363112391931	-22.5792507204611
			34.2507204610951	-22.5792507204611
			34.2651296829971	-22.5792507204611
			34.2795389048991	-22.5792507204611
			34.2939481268012	-22.5792507204611
			34.3083573487032	-22.5936599423631
			34.3227665706052	-22.5936599423631
			34.3371757925072	-22.6080691642651
			34.3515850144092	-22.6080691642651
			34.3659942363112	-22.6080691642651
			34.3804034582133	-22.6224783861671
			34.3948126801153	-22.6224783861671
			34.3948126801153	-22.6368876080692
			34.4092219020173	-22.6368876080692
			34.4236311239193	-22.6512968299712
			34.4380403458213	-22.6512968299712
			34.4524495677233	-22.6657060518732
			34.4668587896254	-22.6801152737752
			34.4812680115274	-22.6801152737752
			34.4956772334294	-22.6945244956772
			34.5100864553314	-22.6945244956772
			34.5244956772334	-22.7089337175792
			34.5389048991354	-22.7089337175792
			34.5389048991354	-22.7233429394813
			34.5533141210375	-22.7233429394813
			34.5677233429395	-22.7377521613833
			34.5821325648415	-22.7377521613833
			34.5965417867435	-22.7521613832853
			34.6109510086455	-22.7521613832853
			34.6253602305475	-22.7665706051873
			34.6397694524496	-22.7665706051873
			34.6541786743516	-22.7809798270893
			34.6685878962536	-22.7809798270893
			34.6685878962536	-22.7953890489914
			34.6829971181556	-22.7953890489914
			34.6974063400576	-22.7953890489914
			34.6974063400576	-22.8097982708934
			34.7118155619597	-22.8097982708934
			34.7262247838617	-22.8242074927954
			34.7406340057637	-22.8386167146974
			34.7550432276657	-22.8530259365994
			34.7694524495677	-22.8674351585014
			34.7838616714697	-22.8818443804035
			34.7982708933718	-22.8962536023055
			34.7982708933718	-22.9106628242075
			34.7982708933718	-22.9250720461095
			34.8126801152738	-22.9394812680115
			34.8126801152738	-22.9538904899135
			34.8270893371758	-22.9682997118156
			34.8270893371758	-22.9827089337176
			34.8270893371758	-22.9971181556196
			34.8414985590778	-23.0115273775216
			34.8414985590778	-23.0259365994236
			34.8414985590778	-23.0403458213256
			34.8414985590778	-23.0547550432277
			34.8414985590778	-23.0691642651297
			34.8559077809798	-23.0835734870317
			34.8559077809798	-23.0979827089337
			34.8559077809798	-23.1123919308357
			34.8559077809798	-23.1268011527378
			34.8703170028818	-23.1412103746398
			34.8703170028818	-23.1556195965418
			34.8703170028818	-23.1700288184438
			34.8703170028818	-23.1844380403458
			34.8847262247839	-23.1988472622478
			34.8847262247839	-23.2132564841499
			34.8847262247839	-23.2276657060519
			34.8847262247839	-23.2420749279539
			34.8847262247839	-23.2564841498559
			34.8991354466859	-23.2708933717579
			34.8991354466859	-23.2853025936599
			34.8991354466859	-23.299711815562
			34.9135446685879	-23.314121037464
			34.9135446685879	-23.328530259366
			34.9135446685879	-23.342939481268
			34.9135446685879	-23.35734870317
			34.9279538904899	-23.371757925072
			34.9279538904899	-23.3861671469741
			34.9279538904899	-23.4005763688761
		</Outline3>
		<Outline4 type=matrix rownames=FALSE colnames=FALSE nrow=123 ncol=2 as.numeric=TRUE >
			34.9279538904899	-23.4005763688761
			34.9279538904899	-23.4149855907781
			34.9279538904899	-23.4293948126801
			34.9279538904899	-23.4438040345821
			34.9279538904899	-23.4582132564842
			34.9279538904899	-23.4726224783862
			34.9279538904899	-23.4870317002882
			34.9279538904899	-23.5014409221902
			34.9279538904899	-23.5158501440922
			34.9279538904899	-23.5302593659942
			34.9135446685879	-23.5446685878963
			34.9135446685879	-23.5590778097983
			34.9135446685879	-23.5734870317003
			34.9135446685879	-23.5878962536023
			34.9135446685879	-23.6023054755043
			34.9135446685879	-23.6167146974063
			34.8991354466859	-23.6311239193084
			34.8991354466859	-23.6455331412104
			34.8991354466859	-23.6599423631124
			34.8991354466859	-23.6743515850144
			34.8847262247839	-23.6887608069164
			34.8847262247839	-23.7031700288184
			34.8847262247839	-23.7175792507205
			34.8703170028818	-23.7319884726225
			34.8703170028818	-23.7463976945245
			34.8703170028818	-23.7608069164265
			34.8703170028818	-23.7752161383285
			34.8559077809798	-23.7752161383285
			34.8559077809798	-23.7896253602305
			34.8559077809798	-23.8040345821326
			34.8414985590778	-23.8184438040346
			34.8414985590778	-23.8328530259366
			34.8414985590778	-23.8472622478386
			34.8270893371758	-23.8616714697406
			34.8270893371758	-23.8760806916426
			34.8270893371758	-23.8904899135447
			34.8126801152738	-23.9048991354467
			34.8126801152738	-23.9193083573487
			34.7982708933718	-23.9193083573487
			34.7982708933718	-23.9337175792507
			34.7982708933718	-23.9481268011527
			34.7838616714697	-23.9625360230548
			34.7838616714697	-23.9769452449568
			34.7838616714697	-23.9913544668588
			34.7694524495677	-24.0057636887608
			34.7694524495677	-24.0201729106628
			34.7694524495677	-24.0345821325648
			34.7550432276657	-24.0489913544669
			34.7550432276657	-24.0634005763689
			34.7550432276657	-24.0778097982709
			34.7406340057637	-24.0922190201729
			34.7406340057637	-24.1066282420749
			34.7406340057637	-24.1210374639769
			34.7262247838617	-24.135446685879
			34.7262247838617	-24.149855907781
			34.7262247838617	-24.164265129683
			34.7118155619597	-24.178674351585
			34.7118155619597	-24.193083573487
			34.7118155619597	-24.207492795389
			34.6974063400576	-24.2219020172911
			34.6974063400576	-24.2363112391931
			34.6974063400576	-24.2507204610951
			34.6829971181556	-24.2651296829971
			34.6829971181556	-24.2795389048991
			34.6685878962536	-24.2939481268012
			34.6541786743516	-24.3083573487032
			34.6397694524496	-24.3227665706052
			34.6397694524496	-24.3371757925072
			34.6253602305475	-24.3515850144092
			34.6109510086455	-24.3659942363112
			34.6109510086455	-24.3804034582133
			34.5965417867435	-24.3948126801153
			34.5965417867435	-24.4092219020173
			34.5821325648415	-24.4236311239193
			34.5821325648415	-24.4380403458213
			34.5677233429395	-24.4524495677233
			34.5677233429395	-24.4668587896254
			34.5533141210375	-24.4668587896254
			34.5533141210375	-24.4812680115274
			34.5389048991354	-24.4956772334294
			34.5244956772334	-24.5100864553314
			34.5100864553314	-24.5100864553314
			34.4956772334294	-24.5244956772334
			34.4812680115274	-24.5389048991354
			34.4668587896254	-24.5533141210375
			34.4524495677233	-24.5677233429395
			34.4380403458213	-24.5677233429395
			34.4380403458213	-24.5821325648415
			34.4236311239193	-24.5821325648415
			34.4092219020173	-24.5821325648415
			34.3948126801153	-24.5965417867435
			34.3804034582133	-24.5965417867435
			34.3659942363112	-24.5965417867435
			34.3515850144092	-24.6109510086455
			34.3371757925072	-24.6109510086455
			34.3227665706052	-24.6109510086455
			34.3083573487032	-24.6109510086455
			34.2939481268012	-24.6253602305475
			34.2795389048991	-24.6253602305475
			34.2651296829971	-24.6253602305475
			34.2507204610951	-24.6253602305475
			34.2363112391931	-24.6253602305475
			34.2219020172911	-24.6253602305475
			34.2074927953891	-24.6109510086455
			34.193083573487	-24.6109510086455
			34.178674351585	-24.6109510086455
			34.164265129683	-24.6109510086455
			34.149855907781	-24.6109510086455
			34.135446685879	-24.6109510086455
			34.1210374639769	-24.5965417867435
			34.1066282420749	-24.5965417867435
			34.0922190201729	-24.5965417867435
			34.0778097982709	-24.5965417867435
			34.0778097982709	-24.5821325648415
			34.0634005763689	-24.5821325648415
			34.0489913544669	-24.5821325648415
			34.0489913544669	-24.5677233429395
			34.0345821325648	-24.5677233429395
			34.0201729106628	-24.5677233429395
			34.0201729106628	-24.5533141210375
			34.0057636887608	-24.5533141210375
			33.9913544668588	-24.5533141210375
			33.9769452449568	-24.5389048991354
		</Outline4>
	</curves.scaled>
	<ruler.points type=matrix rownames=TRUE colnames=FALSE nrow=2 ncol=2 as.numeric=TRUE >
		Ruler point 1	2939	2531
		Ruler point 2	2245	2531
	</ruler.points>
</shapes>

