<shapes type=list>
	<ruler.pixel type=vector names=FALSE length=1 as.numeric=TRUE >1057.00756856325</ruler.pixel>
	<ruler.interval type=vector names=FALSE length=1 as.numeric=TRUE >10</ruler.interval>
	<scaling.units type=vector names=FALSE length=1 as.numeric=FALSE >mm</scaling.units>
	<scaling type=vector names=FALSE length=1 as.numeric=TRUE >0.0094606701951932</scaling>
	<landmarks.pixel type=matrix rownames=TRUE colnames=FALSE nrow=4 ncol=2 as.numeric=TRUE >
		Labial	2561	1634
		Posterior	2492	1587
		Lingual	2544	1520
		Anterior	2617	1569
	</landmarks.pixel>
	<landmarks.scaled type=matrix rownames=TRUE colnames=FALSE nrow=4 ncol=2 as.numeric=TRUE >
		Labial	24.2287763698898	-15.4587350989457
		Posterior	23.5759901264215	-15.0140835997716
		Lingual	24.0679449765715	-14.3802186966937
		Anterior	24.7585739008206	-14.8437915362581
	</landmarks.scaled>
	<curves.control type=list>
		<Outline1 type=matrix rownames=FALSE colnames=FALSE nrow=15 ncol=2 as.numeric=TRUE >
			2561	1634
			2554	1635
			2547	1636
			2541	1638
			2534	1640
			2526	1642
			2519	1641
			2513	1640
			2506	1637
			2500	1633
			2496	1629
			2492	1624
			2490	1617
			2489	1611
			2492	1587
		</Outline1>
		<Outline2 type=matrix rownames=FALSE colnames=FALSE nrow=15 ncol=2 as.numeric=TRUE >
			2492	1587
			2492	1578
			2492	1569
			2493	1561
			2494	1553
			2495	1544
			2498	1536
			2501	1530
			2506	1524
			2511	1521
			2517	1520
			2523	1519
			2529	1520
			2536	1520
			2544	1520
		</Outline2>
		<Outline3 type=matrix rownames=FALSE colnames=FALSE nrow=19 ncol=2 as.numeric=TRUE >
			2544	1520
			2551	1520
			2558	1519
			2565	1517
			2573	1516
			2579	1515
			2586	1515
			2593	1516
			2599	1518
			2603	1521
			2607	1525
			2610	1530
			2612	1536
			2614	1543
			2614	1549
			2615	1556
			2615	1560
			2615	1564
			2617	1569
		</Outline3>
		<Outline4 type=matrix rownames=FALSE colnames=FALSE nrow=17 ncol=2 as.numeric=TRUE >
			2617	1569
			2618	1572
			2618	1576
			2617	1581
			2616	1588
			2614	1594
			2613	1599
			2610	1605
			2607	1610
			2604	1614
			2599	1619
			2594	1623
			2589	1626
			2584	1629
			2578	1631
			2571	1633
			2561	1634
		</Outline4>
	</curves.control>
	<curves.pixel type=list>
		<Outline1 type=matrix rownames=FALSE colnames=FALSE nrow=109 ncol=2 as.numeric=TRUE >
			2561	1634
			2560	1634
			2559	1634
			2558	1634
			2557	1635
			2556	1635
			2555	1635
			2554	1635
			2553	1635
			2552	1635
			2551	1635
			2550	1636
			2549	1636
			2548	1636
			2547	1636
			2546	1636
			2545	1637
			2544	1637
			2543	1637
			2542	1638
			2541	1638
			2540	1638
			2539	1639
			2538	1639
			2537	1639
			2536	1640
			2535	1640
			2534	1640
			2533	1640
			2532	1640
			2532	1641
			2531	1641
			2530	1641
			2529	1641
			2528	1641
			2527	1641
			2526	1641
			2525	1641
			2524	1641
			2523	1641
			2522	1641
			2521	1641
			2520	1641
			2519	1641
			2518	1641
			2517	1641
			2516	1640
			2515	1640
			2514	1640
			2513	1639
			2512	1639
			2511	1639
			2510	1638
			2509	1638
			2508	1638
			2507	1637
			2506	1637
			2505	1636
			2504	1636
			2503	1635
			2502	1634
			2501	1633
			2500	1632
			2499	1631
			2498	1630
			2497	1630
			2496	1629
			2495	1628
			2495	1627
			2494	1626
			2493	1625
			2493	1624
			2492	1623
			2492	1622
			2491	1621
			2491	1620
			2490	1619
			2490	1618
			2490	1617
			2490	1616
			2490	1615
			2490	1614
			2490	1613
			2490	1612
			2490	1611
			2490	1610
			2490	1609
			2490	1608
			2490	1607
			2490	1606
			2490	1605
			2490	1604
			2490	1603
			2490	1602
			2490	1601
			2491	1600
			2491	1599
			2491	1598
			2491	1597
			2491	1596
			2491	1595
			2491	1594
			2491	1593
			2491	1592
			2492	1591
			2492	1590
			2492	1589
			2492	1588
			2492	1587
		</Outline1>
		<Outline2 type=matrix rownames=FALSE colnames=FALSE nrow=106 ncol=2 as.numeric=TRUE >
			2492	1587
			2492	1586
			2492	1585
			2492	1584
			2492	1583
			2492	1582
			2492	1581
			2492	1580
			2492	1579
			2492	1578
			2492	1577
			2492	1576
			2492	1575
			2492	1574
			2492	1573
			2492	1572
			2492	1571
			2492	1570
			2492	1569
			2492	1568
			2492	1567
			2492	1566
			2493	1565
			2493	1564
			2493	1563
			2493	1562
			2493	1561
			2493	1560
			2493	1559
			2493	1558
			2493	1557
			2494	1557
			2494	1556
			2494	1555
			2494	1554
			2494	1553
			2494	1552
			2494	1551
			2494	1550
			2495	1549
			2495	1548
			2495	1547
			2495	1546
			2495	1545
			2496	1544
			2496	1543
			2496	1542
			2496	1541
			2497	1540
			2497	1539
			2497	1538
			2498	1537
			2498	1536
			2498	1535
			2499	1535
			2499	1534
			2499	1533
			2500	1533
			2500	1532
			2501	1531
			2502	1530
			2503	1529
			2503	1528
			2504	1527
			2504	1526
			2505	1525
			2506	1524
			2507	1523
			2508	1523
			2509	1523
			2510	1522
			2511	1522
			2511	1521
			2512	1521
			2513	1521
			2514	1521
			2515	1520
			2516	1520
			2517	1520
			2518	1520
			2519	1520
			2520	1520
			2521	1520
			2522	1520
			2523	1520
			2524	1520
			2525	1520
			2526	1520
			2527	1520
			2528	1520
			2529	1520
			2530	1520
			2531	1520
			2532	1520
			2533	1520
			2534	1520
			2535	1520
			2536	1520
			2537	1520
			2538	1520
			2539	1520
			2540	1520
			2541	1520
			2542	1520
			2543	1520
			2544	1520
		</Outline2>
		<Outline3 type=matrix rownames=FALSE colnames=FALSE nrow=111 ncol=2 as.numeric=TRUE >
			2544	1520
			2545	1520
			2546	1520
			2547	1520
			2548	1520
			2549	1520
			2550	1520
			2551	1520
			2552	1520
			2553	1520
			2554	1519
			2555	1519
			2556	1519
			2557	1519
			2558	1519
			2559	1519
			2560	1518
			2561	1518
			2562	1518
			2563	1518
			2564	1517
			2565	1517
			2566	1517
			2567	1517
			2568	1517
			2569	1517
			2570	1516
			2571	1516
			2572	1516
			2573	1516
			2574	1516
			2575	1516
			2576	1516
			2577	1515
			2578	1515
			2579	1515
			2580	1515
			2581	1515
			2582	1515
			2583	1515
			2584	1515
			2585	1515
			2586	1515
			2587	1515
			2588	1515
			2589	1515
			2590	1516
			2591	1516
			2592	1516
			2593	1516
			2594	1517
			2595	1517
			2596	1517
			2597	1517
			2597	1518
			2598	1518
			2599	1518
			2600	1519
			2601	1519
			2602	1520
			2603	1521
			2604	1522
			2605	1523
			2606	1524
			2607	1525
			2607	1526
			2608	1527
			2609	1528
			2609	1529
			2610	1530
			2610	1531
			2610	1532
			2611	1532
			2611	1533
			2611	1534
			2612	1535
			2612	1536
			2612	1537
			2613	1538
			2613	1539
			2613	1540
			2613	1541
			2613	1542
			2614	1543
			2614	1544
			2614	1545
			2614	1546
			2614	1547
			2614	1548
			2614	1549
			2614	1550
			2614	1551
			2614	1552
			2614	1553
			2615	1553
			2615	1554
			2615	1555
			2615	1556
			2615	1557
			2615	1558
			2615	1559
			2615	1560
			2615	1561
			2615	1562
			2615	1563
			2615	1564
			2616	1565
			2616	1566
			2616	1567
			2617	1568
			2617	1569
		</Outline3>
		<Outline4 type=matrix rownames=FALSE colnames=FALSE nrow=96 ncol=2 as.numeric=TRUE >
			2617	1569
			2617	1570
			2617	1571
			2618	1572
			2618	1573
			2618	1574
			2618	1575
			2618	1576
			2618	1577
			2618	1578
			2617	1579
			2617	1580
			2617	1581
			2617	1582
			2617	1583
			2617	1584
			2616	1585
			2616	1586
			2616	1587
			2616	1588
			2616	1589
			2615	1590
			2615	1591
			2615	1592
			2614	1593
			2614	1594
			2614	1595
			2614	1596
			2613	1597
			2613	1598
			2613	1599
			2613	1600
			2612	1601
			2612	1602
			2611	1603
			2610	1604
			2610	1605
			2609	1606
			2609	1607
			2608	1608
			2608	1609
			2607	1610
			2607	1611
			2606	1611
			2606	1612
			2605	1612
			2605	1613
			2604	1614
			2603	1614
			2603	1615
			2602	1616
			2601	1617
			2600	1618
			2599	1619
			2598	1620
			2597	1620
			2597	1621
			2596	1622
			2595	1622
			2594	1623
			2593	1623
			2592	1624
			2591	1625
			2590	1625
			2589	1626
			2588	1627
			2587	1627
			2586	1628
			2585	1628
			2584	1628
			2584	1629
			2583	1629
			2582	1629
			2582	1630
			2581	1630
			2580	1630
			2579	1631
			2578	1631
			2577	1631
			2576	1632
			2575	1632
			2574	1632
			2573	1632
			2572	1632
			2572	1633
			2571	1633
			2570	1633
			2569	1633
			2568	1633
			2567	1633
			2566	1633
			2565	1634
			2564	1634
			2563	1634
			2562	1634
			2561	1634
		</Outline4>
	</curves.pixel>
	<curves.scaled type=list>
		<Outline1 type=matrix rownames=FALSE colnames=FALSE nrow=109 ncol=2 as.numeric=TRUE >
			24.2287763698898	-15.4587350989457
			24.2193156996946	-15.4587350989457
			24.2098550294994	-15.4587350989457
			24.2003943593042	-15.4587350989457
			24.190933689109	-15.4681957691409
			24.1814730189138	-15.4681957691409
			24.1720123487186	-15.4681957691409
			24.1625516785234	-15.4681957691409
			24.1530910083282	-15.4681957691409
			24.143630338133	-15.4681957691409
			24.1341696679379	-15.4681957691409
			24.1247089977427	-15.4776564393361
			24.1152483275475	-15.4776564393361
			24.1057876573523	-15.4776564393361
			24.0963269871571	-15.4776564393361
			24.0868663169619	-15.4776564393361
			24.0774056467667	-15.4871171095313
			24.0679449765715	-15.4871171095313
			24.0584843063763	-15.4871171095313
			24.0490236361811	-15.4965777797265
			24.0395629659859	-15.4965777797265
			24.0301022957907	-15.4965777797265
			24.0206416255955	-15.5060384499217
			24.0111809554003	-15.5060384499217
			24.0017202852051	-15.5060384499217
			23.99225961501	-15.5154991201168
			23.9827989448148	-15.5154991201168
			23.9733382746196	-15.5154991201168
			23.9638776044244	-15.5154991201168
			23.9544169342292	-15.5154991201168
			23.9544169342292	-15.524959790312
			23.944956264034	-15.524959790312
			23.9354955938388	-15.524959790312
			23.9260349236436	-15.524959790312
			23.9165742534484	-15.524959790312
			23.9071135832532	-15.524959790312
			23.897652913058	-15.524959790312
			23.8881922428628	-15.524959790312
			23.8787315726676	-15.524959790312
			23.8692709024724	-15.524959790312
			23.8598102322772	-15.524959790312
			23.8503495620821	-15.524959790312
			23.8408888918869	-15.524959790312
			23.8314282216917	-15.524959790312
			23.8219675514965	-15.524959790312
			23.8125068813013	-15.524959790312
			23.8030462111061	-15.5154991201168
			23.7935855409109	-15.5154991201168
			23.7841248707157	-15.5154991201168
			23.7746642005205	-15.5060384499217
			23.7652035303253	-15.5060384499217
			23.7557428601301	-15.5060384499217
			23.7462821899349	-15.4965777797265
			23.7368215197397	-15.4965777797265
			23.7273608495445	-15.4965777797265
			23.7179001793493	-15.4871171095313
			23.7084395091542	-15.4871171095313
			23.698978838959	-15.4776564393361
			23.6895181687638	-15.4776564393361
			23.6800574985686	-15.4681957691409
			23.6705968283734	-15.4587350989457
			23.6611361581782	-15.4492744287505
			23.651675487983	-15.4398137585553
			23.6422148177878	-15.4303530883601
			23.6327541475926	-15.4208924181649
			23.6232934773974	-15.4208924181649
			23.6138328072022	-15.4114317479697
			23.604372137007	-15.4019710777745
			23.604372137007	-15.3925104075793
			23.5949114668118	-15.3830497373841
			23.5854507966166	-15.3735890671889
			23.5854507966166	-15.3641283969938
			23.5759901264215	-15.3546677267986
			23.5759901264215	-15.3452070566034
			23.5665294562263	-15.3357463864082
			23.5665294562263	-15.326285716213
			23.5570687860311	-15.3168250460178
			23.5570687860311	-15.3073643758226
			23.5570687860311	-15.2979037056274
			23.5570687860311	-15.2884430354322
			23.5570687860311	-15.278982365237
			23.5570687860311	-15.2695216950418
			23.5570687860311	-15.2600610248466
			23.5570687860311	-15.2506003546514
			23.5570687860311	-15.2411396844562
			23.5570687860311	-15.2316790142611
			23.5570687860311	-15.2222183440659
			23.5570687860311	-15.2127576738707
			23.5570687860311	-15.2032970036755
			23.5570687860311	-15.1938363334803
			23.5570687860311	-15.1843756632851
			23.5570687860311	-15.1749149930899
			23.5570687860311	-15.1654543228947
			23.5570687860311	-15.1559936526995
			23.5570687860311	-15.1465329825043
			23.5665294562263	-15.1370723123091
			23.5665294562263	-15.1276116421139
			23.5665294562263	-15.1181509719187
			23.5665294562263	-15.1086903017235
			23.5665294562263	-15.0992296315283
			23.5665294562263	-15.0897689613332
			23.5665294562263	-15.080308291138
			23.5665294562263	-15.0708476209428
			23.5665294562263	-15.0613869507476
			23.5759901264215	-15.0519262805524
			23.5759901264215	-15.0424656103572
			23.5759901264215	-15.033004940162
			23.5759901264215	-15.0235442699668
			23.5759901264215	-15.0140835997716
		</Outline1>
		<Outline2 type=matrix rownames=FALSE colnames=FALSE nrow=106 ncol=2 as.numeric=TRUE >
			23.5759901264215	-15.0140835997716
			23.5759901264215	-15.0046229295764
			23.5759901264215	-14.9951622593812
			23.5759901264215	-14.985701589186
			23.5759901264215	-14.9762409189908
			23.5759901264215	-14.9667802487956
			23.5759901264215	-14.9573195786004
			23.5759901264215	-14.9478589084053
			23.5759901264215	-14.9383982382101
			23.5759901264215	-14.9289375680149
			23.5759901264215	-14.9194768978197
			23.5759901264215	-14.9100162276245
			23.5759901264215	-14.9005555574293
			23.5759901264215	-14.8910948872341
			23.5759901264215	-14.8816342170389
			23.5759901264215	-14.8721735468437
			23.5759901264215	-14.8627128766485
			23.5759901264215	-14.8532522064533
			23.5759901264215	-14.8437915362581
			23.5759901264215	-14.8343308660629
			23.5759901264215	-14.8248701958677
			23.5759901264215	-14.8154095256725
			23.5854507966166	-14.8059488554774
			23.5854507966166	-14.7964881852822
			23.5854507966166	-14.787027515087
			23.5854507966166	-14.7775668448918
			23.5854507966166	-14.7681061746966
			23.5854507966166	-14.7586455045014
			23.5854507966166	-14.7491848343062
			23.5854507966166	-14.739724164111
			23.5854507966166	-14.7302634939158
			23.5949114668118	-14.7302634939158
			23.5949114668118	-14.7208028237206
			23.5949114668118	-14.7113421535254
			23.5949114668118	-14.7018814833302
			23.5949114668118	-14.692420813135
			23.5949114668118	-14.6829601429398
			23.5949114668118	-14.6734994727447
			23.5949114668118	-14.6640388025495
			23.604372137007	-14.6545781323543
			23.604372137007	-14.6451174621591
			23.604372137007	-14.6356567919639
			23.604372137007	-14.6261961217687
			23.604372137007	-14.6167354515735
			23.6138328072022	-14.6072747813783
			23.6138328072022	-14.5978141111831
			23.6138328072022	-14.5883534409879
			23.6138328072022	-14.5788927707927
			23.6232934773974	-14.5694321005975
			23.6232934773974	-14.5599714304023
			23.6232934773974	-14.5505107602071
			23.6327541475926	-14.5410500900119
			23.6327541475926	-14.5315894198168
			23.6327541475926	-14.5221287496216
			23.6422148177878	-14.5221287496216
			23.6422148177878	-14.5126680794264
			23.6422148177878	-14.5032074092312
			23.651675487983	-14.5032074092312
			23.651675487983	-14.493746739036
			23.6611361581782	-14.4842860688408
			23.6705968283734	-14.4748253986456
			23.6800574985686	-14.4653647284504
			23.6800574985686	-14.4559040582552
			23.6895181687638	-14.44644338806
			23.6895181687638	-14.4369827178648
			23.698978838959	-14.4275220476696
			23.7084395091542	-14.4180613774744
			23.7179001793493	-14.4086007072792
			23.7273608495445	-14.4086007072792
			23.7368215197397	-14.4086007072792
			23.7462821899349	-14.399140037084
			23.7557428601301	-14.399140037084
			23.7557428601301	-14.3896793668889
			23.7652035303253	-14.3896793668889
			23.7746642005205	-14.3896793668889
			23.7841248707157	-14.3896793668889
			23.7935855409109	-14.3802186966937
			23.8030462111061	-14.3802186966937
			23.8125068813013	-14.3802186966937
			23.8219675514965	-14.3802186966937
			23.8314282216917	-14.3802186966937
			23.8408888918869	-14.3802186966937
			23.8503495620821	-14.3802186966937
			23.8598102322772	-14.3802186966937
			23.8692709024724	-14.3802186966937
			23.8787315726676	-14.3802186966937
			23.8881922428628	-14.3802186966937
			23.897652913058	-14.3802186966937
			23.9071135832532	-14.3802186966937
			23.9165742534484	-14.3802186966937
			23.9260349236436	-14.3802186966937
			23.9354955938388	-14.3802186966937
			23.944956264034	-14.3802186966937
			23.9544169342292	-14.3802186966937
			23.9638776044244	-14.3802186966937
			23.9733382746196	-14.3802186966937
			23.9827989448148	-14.3802186966937
			23.99225961501	-14.3802186966937
			24.0017202852051	-14.3802186966937
			24.0111809554003	-14.3802186966937
			24.0206416255955	-14.3802186966937
			24.0301022957907	-14.3802186966937
			24.0395629659859	-14.3802186966937
			24.0490236361811	-14.3802186966937
			24.0584843063763	-14.3802186966937
			24.0679449765715	-14.3802186966937
		</Outline2>
		<Outline3 type=matrix rownames=FALSE colnames=FALSE nrow=111 ncol=2 as.numeric=TRUE >
			24.0679449765715	-14.3802186966937
			24.0774056467667	-14.3802186966937
			24.0868663169619	-14.3802186966937
			24.0963269871571	-14.3802186966937
			24.1057876573523	-14.3802186966937
			24.1152483275475	-14.3802186966937
			24.1247089977427	-14.3802186966937
			24.1341696679379	-14.3802186966937
			24.143630338133	-14.3802186966937
			24.1530910083282	-14.3802186966937
			24.1625516785234	-14.3707580264985
			24.1720123487186	-14.3707580264985
			24.1814730189138	-14.3707580264985
			24.190933689109	-14.3707580264985
			24.2003943593042	-14.3707580264985
			24.2098550294994	-14.3707580264985
			24.2193156996946	-14.3612973563033
			24.2287763698898	-14.3612973563033
			24.238237040085	-14.3612973563033
			24.2476977102802	-14.3612973563033
			24.2571583804754	-14.3518366861081
			24.2666190506706	-14.3518366861081
			24.2760797208657	-14.3518366861081
			24.2855403910609	-14.3518366861081
			24.2950010612561	-14.3518366861081
			24.3044617314513	-14.3518366861081
			24.3139224016465	-14.3423760159129
			24.3233830718417	-14.3423760159129
			24.3328437420369	-14.3423760159129
			24.3423044122321	-14.3423760159129
			24.3517650824273	-14.3423760159129
			24.3612257526225	-14.3423760159129
			24.3706864228177	-14.3423760159129
			24.3801470930129	-14.3329153457177
			24.3896077632081	-14.3329153457177
			24.3990684334033	-14.3329153457177
			24.4085291035985	-14.3329153457177
			24.4179897737936	-14.3329153457177
			24.4274504439888	-14.3329153457177
			24.436911114184	-14.3329153457177
			24.4463717843792	-14.3329153457177
			24.4558324545744	-14.3329153457177
			24.4652931247696	-14.3329153457177
			24.4747537949648	-14.3329153457177
			24.48421446516	-14.3329153457177
			24.4936751353552	-14.3329153457177
			24.5031358055504	-14.3423760159129
			24.5125964757456	-14.3423760159129
			24.5220571459408	-14.3423760159129
			24.531517816136	-14.3423760159129
			24.5409784863312	-14.3518366861081
			24.5504391565264	-14.3518366861081
			24.5598998267215	-14.3518366861081
			24.5693604969167	-14.3518366861081
			24.5693604969167	-14.3612973563033
			24.5788211671119	-14.3612973563033
			24.5882818373071	-14.3612973563033
			24.5977425075023	-14.3707580264985
			24.6072031776975	-14.3707580264985
			24.6166638478927	-14.3802186966937
			24.6261245180879	-14.3896793668889
			24.6355851882831	-14.399140037084
			24.6450458584783	-14.4086007072792
			24.6545065286735	-14.4180613774744
			24.6639671988687	-14.4275220476696
			24.6639671988687	-14.4369827178648
			24.6734278690639	-14.44644338806
			24.6828885392591	-14.4559040582552
			24.6828885392591	-14.4653647284504
			24.6923492094542	-14.4748253986456
			24.6923492094542	-14.4842860688408
			24.6923492094542	-14.493746739036
			24.7018098796494	-14.493746739036
			24.7018098796494	-14.5032074092312
			24.7018098796494	-14.5126680794264
			24.7112705498446	-14.5221287496216
			24.7112705498446	-14.5315894198168
			24.7112705498446	-14.5410500900119
			24.7207312200398	-14.5505107602071
			24.7207312200398	-14.5599714304023
			24.7207312200398	-14.5694321005975
			24.7207312200398	-14.5788927707927
			24.7207312200398	-14.5883534409879
			24.730191890235	-14.5978141111831
			24.730191890235	-14.6072747813783
			24.730191890235	-14.6167354515735
			24.730191890235	-14.6261961217687
			24.730191890235	-14.6356567919639
			24.730191890235	-14.6451174621591
			24.730191890235	-14.6545781323543
			24.730191890235	-14.6640388025495
			24.730191890235	-14.6734994727447
			24.730191890235	-14.6829601429398
			24.730191890235	-14.692420813135
			24.7396525604302	-14.692420813135
			24.7396525604302	-14.7018814833302
			24.7396525604302	-14.7113421535254
			24.7396525604302	-14.7208028237206
			24.7396525604302	-14.7302634939158
			24.7396525604302	-14.739724164111
			24.7396525604302	-14.7491848343062
			24.7396525604302	-14.7586455045014
			24.7396525604302	-14.7681061746966
			24.7396525604302	-14.7775668448918
			24.7396525604302	-14.787027515087
			24.7396525604302	-14.7964881852822
			24.7491132306254	-14.8059488554774
			24.7491132306254	-14.8154095256725
			24.7491132306254	-14.8248701958677
			24.7585739008206	-14.8343308660629
			24.7585739008206	-14.8437915362581
		</Outline3>
		<Outline4 type=matrix rownames=FALSE colnames=FALSE nrow=96 ncol=2 as.numeric=TRUE >
			24.7585739008206	-14.8437915362581
			24.7585739008206	-14.8532522064533
			24.7585739008206	-14.8627128766485
			24.7680345710158	-14.8721735468437
			24.7680345710158	-14.8816342170389
			24.7680345710158	-14.8910948872341
			24.7680345710158	-14.9005555574293
			24.7680345710158	-14.9100162276245
			24.7680345710158	-14.9194768978197
			24.7680345710158	-14.9289375680149
			24.7585739008206	-14.9383982382101
			24.7585739008206	-14.9478589084053
			24.7585739008206	-14.9573195786004
			24.7585739008206	-14.9667802487956
			24.7585739008206	-14.9762409189908
			24.7585739008206	-14.985701589186
			24.7491132306254	-14.9951622593812
			24.7491132306254	-15.0046229295764
			24.7491132306254	-15.0140835997716
			24.7491132306254	-15.0235442699668
			24.7491132306254	-15.033004940162
			24.7396525604302	-15.0424656103572
			24.7396525604302	-15.0519262805524
			24.7396525604302	-15.0613869507476
			24.730191890235	-15.0708476209428
			24.730191890235	-15.080308291138
			24.730191890235	-15.0897689613332
			24.730191890235	-15.0992296315283
			24.7207312200398	-15.1086903017235
			24.7207312200398	-15.1181509719187
			24.7207312200398	-15.1276116421139
			24.7207312200398	-15.1370723123091
			24.7112705498446	-15.1465329825043
			24.7112705498446	-15.1559936526995
			24.7018098796494	-15.1654543228947
			24.6923492094542	-15.1749149930899
			24.6923492094542	-15.1843756632851
			24.6828885392591	-15.1938363334803
			24.6828885392591	-15.2032970036755
			24.6734278690639	-15.2127576738707
			24.6734278690639	-15.2222183440659
			24.6639671988687	-15.2316790142611
			24.6639671988687	-15.2411396844562
			24.6545065286735	-15.2411396844562
			24.6545065286735	-15.2506003546514
			24.6450458584783	-15.2506003546514
			24.6450458584783	-15.2600610248466
			24.6355851882831	-15.2695216950418
			24.6261245180879	-15.2695216950418
			24.6261245180879	-15.278982365237
			24.6166638478927	-15.2884430354322
			24.6072031776975	-15.2979037056274
			24.5977425075023	-15.3073643758226
			24.5882818373071	-15.3168250460178
			24.5788211671119	-15.326285716213
			24.5693604969167	-15.326285716213
			24.5693604969167	-15.3357463864082
			24.5598998267215	-15.3452070566034
			24.5504391565264	-15.3452070566034
			24.5409784863312	-15.3546677267986
			24.531517816136	-15.3546677267986
			24.5220571459408	-15.3641283969938
			24.5125964757456	-15.3735890671889
			24.5031358055504	-15.3735890671889
			24.4936751353552	-15.3830497373841
			24.48421446516	-15.3925104075793
			24.4747537949648	-15.3925104075793
			24.4652931247696	-15.4019710777745
			24.4558324545744	-15.4019710777745
			24.4463717843792	-15.4019710777745
			24.4463717843792	-15.4114317479697
			24.436911114184	-15.4114317479697
			24.4274504439888	-15.4114317479697
			24.4274504439888	-15.4208924181649
			24.4179897737936	-15.4208924181649
			24.4085291035985	-15.4208924181649
			24.3990684334033	-15.4303530883601
			24.3896077632081	-15.4303530883601
			24.3801470930129	-15.4303530883601
			24.3706864228177	-15.4398137585553
			24.3612257526225	-15.4398137585553
			24.3517650824273	-15.4398137585553
			24.3423044122321	-15.4398137585553
			24.3328437420369	-15.4398137585553
			24.3328437420369	-15.4492744287505
			24.3233830718417	-15.4492744287505
			24.3139224016465	-15.4492744287505
			24.3044617314513	-15.4492744287505
			24.2950010612561	-15.4492744287505
			24.2855403910609	-15.4492744287505
			24.2760797208657	-15.4492744287505
			24.2666190506706	-15.4587350989457
			24.2571583804754	-15.4587350989457
			24.2476977102802	-15.4587350989457
			24.238237040085	-15.4587350989457
			24.2287763698898	-15.4587350989457
		</Outline4>
	</curves.scaled>
	<ruler.points type=matrix rownames=TRUE colnames=FALSE nrow=2 ncol=2 as.numeric=TRUE >
		Ruler point 1	3310	2555
		Ruler point 2	2253	2551
	</ruler.points>
</shapes>

