<shapes type=list>
	<ruler.pixel type=vector names=FALSE length=1 as.numeric=TRUE >531.033897223143</ruler.pixel>
	<ruler.interval type=vector names=FALSE length=1 as.numeric=TRUE >10</ruler.interval>
	<scaling.units type=vector names=FALSE length=1 as.numeric=FALSE >mm</scaling.units>
	<scaling type=vector names=FALSE length=1 as.numeric=TRUE >0.0188311895950362</scaling>
	<landmarks.pixel type=matrix rownames=TRUE colnames=FALSE nrow=4 ncol=2 as.numeric=TRUE >
		Labial	2678	1456
		Posterior	2563	1287
		Lingual	2737	1182
		Anterior	2856	1357
	</landmarks.pixel>
	<landmarks.scaled type=matrix rownames=TRUE colnames=FALSE nrow=4 ncol=2 as.numeric=TRUE >
		Labial	50.429925735507	-27.4182120503728
		Posterior	48.2643389320779	-24.2357410088116
		Lingual	51.5409659216142	-22.2584661013328
		Anterior	53.7818774834235	-25.5539242804642
	</landmarks.scaled>
	<curves.control type=list>
		<Outline1 type=matrix rownames=FALSE colnames=FALSE nrow=25 ncol=2 as.numeric=TRUE >
			2678	1456
			2667	1453
			2656	1448
			2646	1447
			2632	1446
			2624	1448
			2616	1451
			2606	1456
			2596	1459
			2583	1461
			2569	1458
			2557	1452
			2548	1445
			2539	1433
			2534	1419
			2532	1407
			2530	1390
			2531	1377
			2534	1360
			2538	1345
			2541	1335
			2545	1325
			2551	1313
			2557	1301
			2563	1287
		</Outline1>
		<Outline2 type=matrix rownames=FALSE colnames=FALSE nrow=15 ncol=2 as.numeric=TRUE >
			2563	1287
			2571	1275
			2579	1261
			2588	1245
			2598	1232
			2606	1217
			2615	1204
			2623	1191
			2632	1181
			2645	1175
			2663	1172
			2685	1172
			2701	1174
			2718	1177
			2737	1182
		</Outline2>
		<Outline3 type=matrix rownames=FALSE colnames=FALSE nrow=19 ncol=2 as.numeric=TRUE >
			2737	1182
			2757	1188
			2774	1192
			2796	1201
			2815	1209
			2830	1218
			2845	1226
			2858	1233
			2870	1241
			2878	1250
			2886	1263
			2891	1275
			2892	1284
			2889	1295
			2882	1306
			2872	1318
			2862	1328
			2856	1338
			2856	1357
		</Outline3>
		<Outline4 type=matrix rownames=FALSE colnames=FALSE nrow=15 ncol=2 as.numeric=TRUE >
			2856	1357
			2853	1374
			2849	1389
			2842	1403
			2832	1415
			2819	1426
			2803	1436
			2787	1443
			2775	1450
			2761	1454
			2744	1459
			2728	1459
			2714	1461
			2696	1460
			2678	1456
		</Outline4>
	</curves.control>
	<curves.pixel type=list>
		<Outline1 type=matrix rownames=FALSE colnames=FALSE nrow=300 ncol=2 as.numeric=TRUE >
			2678	1456
			2677	1456
			2676	1456
			2675	1455
			2674	1455
			2673	1454
			2672	1454
			2671	1454
			2670	1453
			2669	1453
			2668	1453
			2667	1453
			2667	1452
			2666	1452
			2665	1452
			2664	1451
			2663	1451
			2662	1450
			2661	1450
			2660	1450
			2659	1450
			2659	1449
			2658	1449
			2657	1449
			2656	1448
			2655	1448
			2654	1448
			2653	1448
			2652	1448
			2651	1448
			2650	1447
			2649	1447
			2648	1447
			2647	1447
			2646	1447
			2645	1447
			2644	1447
			2643	1447
			2642	1447
			2641	1447
			2640	1447
			2639	1447
			2638	1446
			2637	1446
			2636	1446
			2635	1446
			2634	1446
			2633	1446
			2632	1446
			2631	1446
			2630	1447
			2629	1447
			2628	1447
			2627	1447
			2626	1448
			2625	1448
			2624	1448
			2623	1449
			2622	1449
			2621	1449
			2620	1450
			2619	1450
			2618	1450
			2617	1451
			2616	1451
			2615	1451
			2614	1452
			2613	1452
			2612	1453
			2611	1454
			2610	1454
			2609	1454
			2608	1455
			2607	1455
			2606	1455
			2605	1456
			2604	1456
			2603	1457
			2602	1457
			2601	1457
			2600	1458
			2599	1458
			2598	1458
			2597	1459
			2596	1459
			2595	1459
			2594	1459
			2593	1459
			2592	1459
			2592	1460
			2591	1460
			2590	1460
			2589	1460
			2588	1460
			2587	1460
			2586	1460
			2585	1460
			2584	1460
			2583	1460
			2582	1460
			2581	1460
			2580	1460
			2579	1460
			2578	1459
			2577	1459
			2576	1459
			2575	1459
			2574	1459
			2573	1459
			2572	1459
			2571	1458
			2570	1458
			2569	1458
			2568	1457
			2567	1457
			2566	1457
			2565	1456
			2564	1455
			2563	1455
			2562	1454
			2561	1454
			2560	1453
			2559	1452
			2558	1452
			2557	1451
			2556	1451
			2555	1450
			2554	1450
			2554	1449
			2553	1448
			2552	1448
			2551	1447
			2550	1447
			2549	1446
			2549	1445
			2548	1445
			2547	1444
			2546	1443
			2546	1442
			2545	1441
			2544	1440
			2544	1439
			2543	1438
			2543	1437
			2542	1436
			2542	1435
			2541	1435
			2541	1434
			2540	1433
			2540	1432
			2539	1431
			2539	1430
			2538	1429
			2538	1428
			2537	1427
			2537	1426
			2536	1425
			2536	1424
			2535	1423
			2535	1422
			2535	1421
			2534	1420
			2534	1419
			2534	1418
			2534	1417
			2533	1416
			2533	1415
			2533	1414
			2533	1413
			2533	1412
			2533	1411
			2533	1410
			2532	1409
			2532	1408
			2532	1407
			2532	1406
			2532	1405
			2532	1404
			2532	1403
			2532	1402
			2531	1401
			2531	1400
			2531	1399
			2531	1398
			2531	1397
			2531	1396
			2531	1395
			2530	1394
			2530	1393
			2530	1392
			2530	1391
			2530	1390
			2530	1389
			2530	1388
			2530	1387
			2530	1386
			2530	1385
			2531	1384
			2531	1383
			2531	1382
			2531	1381
			2531	1380
			2531	1379
			2531	1378
			2531	1377
			2532	1376
			2532	1375
			2532	1374
			2532	1373
			2532	1372
			2532	1371
			2532	1370
			2533	1369
			2533	1368
			2533	1367
			2533	1366
			2533	1365
			2533	1364
			2533	1363
			2534	1362
			2534	1361
			2534	1360
			2534	1359
			2535	1358
			2535	1357
			2535	1356
			2535	1355
			2536	1354
			2536	1353
			2536	1352
			2536	1351
			2537	1350
			2537	1349
			2537	1348
			2537	1347
			2538	1346
			2538	1345
			2538	1344
			2539	1343
			2539	1342
			2539	1341
			2540	1340
			2540	1339
			2540	1338
			2540	1337
			2541	1336
			2541	1335
			2542	1334
			2542	1333
			2542	1332
			2543	1331
			2543	1330
			2543	1329
			2544	1329
			2544	1328
			2544	1327
			2545	1327
			2545	1326
			2545	1325
			2546	1324
			2546	1323
			2547	1322
			2547	1321
			2547	1320
			2548	1319
			2549	1318
			2549	1317
			2550	1316
			2550	1315
			2551	1314
			2551	1313
			2552	1312
			2552	1311
			2552	1310
			2553	1309
			2553	1308
			2554	1307
			2554	1306
			2555	1306
			2555	1305
			2555	1304
			2556	1303
			2556	1302
			2557	1302
			2557	1301
			2557	1300
			2558	1299
			2558	1298
			2558	1297
			2559	1297
			2559	1296
			2560	1295
			2560	1294
			2560	1293
			2561	1292
			2561	1291
			2562	1290
			2562	1289
			2563	1288
			2563	1287
		</Outline1>
		<Outline2 type=matrix rownames=FALSE colnames=FALSE nrow=226 ncol=2 as.numeric=TRUE >
			2563	1287
			2563	1286
			2564	1286
			2564	1285
			2565	1284
			2565	1283
			2566	1283
			2566	1282
			2567	1281
			2567	1280
			2568	1280
			2568	1279
			2569	1278
			2569	1277
			2570	1277
			2570	1276
			2571	1275
			2571	1274
			2572	1273
			2573	1272
			2573	1271
			2574	1270
			2574	1269
			2575	1268
			2575	1267
			2576	1266
			2577	1265
			2577	1264
			2578	1263
			2578	1262
			2579	1261
			2580	1260
			2580	1259
			2581	1258
			2581	1257
			2582	1256
			2583	1255
			2583	1254
			2584	1253
			2585	1252
			2585	1251
			2585	1250
			2586	1249
			2587	1248
			2588	1247
			2588	1246
			2589	1245
			2589	1244
			2590	1243
			2590	1242
			2591	1242
			2592	1241
			2592	1240
			2593	1239
			2593	1238
			2594	1237
			2595	1236
			2596	1235
			2597	1234
			2597	1233
			2598	1232
			2599	1231
			2599	1230
			2600	1229
			2600	1228
			2601	1227
			2602	1226
			2602	1225
			2602	1224
			2603	1223
			2603	1222
			2604	1222
			2604	1221
			2605	1220
			2605	1219
			2606	1219
			2606	1218
			2606	1217
			2607	1216
			2608	1215
			2608	1214
			2609	1213
			2609	1212
			2610	1211
			2611	1211
			2611	1210
			2612	1209
			2612	1208
			2613	1207
			2613	1206
			2614	1205
			2615	1205
			2615	1204
			2616	1203
			2616	1202
			2617	1201
			2617	1200
			2618	1200
			2618	1199
			2619	1198
			2619	1197
			2620	1196
			2621	1195
			2622	1194
			2622	1193
			2623	1192
			2624	1191
			2624	1190
			2625	1190
			2626	1189
			2626	1188
			2627	1187
			2628	1186
			2628	1185
			2629	1185
			2630	1184
			2630	1183
			2631	1182
			2632	1181
			2633	1181
			2634	1180
			2635	1180
			2636	1179
			2637	1179
			2638	1179
			2639	1178
			2640	1178
			2641	1177
			2642	1177
			2643	1177
			2644	1176
			2645	1176
			2646	1176
			2647	1176
			2648	1175
			2649	1175
			2650	1175
			2651	1175
			2651	1174
			2652	1174
			2653	1174
			2654	1174
			2655	1173
			2656	1173
			2657	1173
			2658	1173
			2659	1173
			2660	1173
			2661	1172
			2662	1172
			2663	1172
			2664	1172
			2665	1172
			2666	1172
			2667	1172
			2668	1172
			2669	1172
			2670	1172
			2671	1172
			2672	1172
			2673	1172
			2674	1172
			2675	1172
			2676	1172
			2677	1172
			2678	1172
			2679	1172
			2680	1172
			2681	1172
			2682	1172
			2683	1172
			2684	1173
			2685	1173
			2686	1173
			2687	1173
			2688	1173
			2689	1173
			2690	1173
			2691	1173
			2692	1173
			2693	1173
			2694	1173
			2695	1173
			2696	1173
			2697	1174
			2698	1174
			2699	1174
			2700	1174
			2701	1174
			2702	1174
			2703	1174
			2704	1175
			2705	1175
			2706	1175
			2707	1175
			2708	1175
			2709	1176
			2710	1176
			2711	1176
			2712	1176
			2713	1176
			2714	1176
			2715	1177
			2716	1177
			2717	1177
			2718	1177
			2719	1178
			2720	1178
			2721	1178
			2722	1178
			2723	1178
			2724	1179
			2725	1179
			2726	1179
			2727	1179
			2727	1180
			2728	1180
			2729	1180
			2730	1180
			2731	1180
			2732	1181
			2733	1181
			2734	1181
			2735	1181
			2736	1182
			2737	1182
		</Outline2>
		<Outline3 type=matrix rownames=FALSE colnames=FALSE nrow=263 ncol=2 as.numeric=TRUE >
			2737	1182
			2738	1182
			2739	1183
			2740	1183
			2741	1183
			2742	1184
			2743	1184
			2744	1184
			2745	1184
			2746	1185
			2747	1185
			2748	1185
			2749	1186
			2750	1186
			2751	1186
			2752	1186
			2753	1187
			2754	1187
			2755	1187
			2756	1187
			2757	1188
			2758	1188
			2759	1188
			2760	1188
			2761	1189
			2762	1189
			2763	1189
			2764	1189
			2765	1190
			2766	1190
			2767	1190
			2768	1191
			2769	1191
			2770	1191
			2771	1191
			2772	1192
			2773	1192
			2774	1192
			2775	1192
			2776	1193
			2777	1193
			2778	1194
			2779	1194
			2780	1194
			2781	1195
			2782	1195
			2783	1195
			2783	1196
			2784	1196
			2785	1197
			2786	1197
			2787	1197
			2788	1198
			2789	1198
			2790	1198
			2790	1199
			2791	1199
			2792	1199
			2793	1200
			2794	1200
			2795	1201
			2796	1201
			2797	1202
			2798	1202
			2799	1202
			2800	1203
			2801	1203
			2802	1204
			2803	1204
			2804	1204
			2805	1205
			2806	1205
			2807	1206
			2808	1206
			2809	1207
			2810	1207
			2811	1207
			2812	1208
			2813	1208
			2814	1209
			2815	1209
			2816	1209
			2816	1210
			2817	1210
			2818	1211
			2819	1211
			2819	1212
			2820	1212
			2821	1213
			2822	1213
			2823	1214
			2824	1214
			2825	1215
			2826	1215
			2827	1216
			2828	1216
			2829	1217
			2830	1218
			2831	1219
			2832	1219
			2833	1220
			2834	1220
			2835	1221
			2836	1221
			2837	1222
			2838	1222
			2839	1223
			2840	1223
			2841	1224
			2842	1224
			2843	1225
			2844	1225
			2845	1226
			2846	1226
			2847	1227
			2848	1228
			2849	1228
			2850	1229
			2851	1229
			2852	1230
			2853	1230
			2854	1231
			2855	1231
			2856	1232
			2857	1233
			2858	1233
			2858	1234
			2859	1234
			2860	1235
			2861	1235
			2862	1236
			2863	1237
			2864	1237
			2865	1238
			2866	1238
			2867	1239
			2868	1239
			2869	1240
			2869	1241
			2870	1241
			2871	1242
			2871	1243
			2872	1243
			2873	1244
			2873	1245
			2874	1245
			2874	1246
			2875	1247
			2876	1248
			2876	1249
			2877	1249
			2877	1250
			2878	1251
			2879	1252
			2879	1253
			2880	1253
			2880	1254
			2881	1255
			2882	1256
			2882	1257
			2883	1258
			2883	1259
			2884	1260
			2885	1261
			2885	1262
			2886	1263
			2887	1264
			2887	1265
			2887	1266
			2888	1267
			2888	1268
			2888	1269
			2889	1270
			2889	1271
			2889	1272
			2890	1273
			2890	1274
			2890	1275
			2891	1276
			2891	1277
			2891	1278
			2891	1279
			2891	1280
			2891	1281
			2892	1281
			2892	1282
			2892	1283
			2892	1284
			2892	1285
			2891	1286
			2891	1287
			2891	1288
			2891	1289
			2890	1290
			2890	1291
			2889	1292
			2889	1293
			2889	1294
			2888	1295
			2888	1296
			2887	1297
			2887	1298
			2886	1299
			2886	1300
			2885	1301
			2885	1302
			2884	1303
			2883	1304
			2883	1305
			2882	1306
			2881	1307
			2880	1308
			2879	1309
			2879	1310
			2878	1311
			2877	1312
			2876	1313
			2876	1314
			2875	1314
			2874	1315
			2873	1316
			2872	1317
			2872	1318
			2871	1319
			2870	1320
			2869	1320
			2869	1321
			2868	1322
			2867	1323
			2866	1324
			2865	1325
			2864	1326
			2863	1327
			2862	1328
			2861	1329
			2861	1330
			2860	1331
			2860	1332
			2860	1333
			2859	1334
			2859	1335
			2859	1336
			2858	1337
			2858	1338
			2858	1339
			2858	1340
			2857	1341
			2857	1342
			2857	1343
			2857	1344
			2857	1345
			2857	1346
			2856	1347
			2856	1348
			2856	1349
			2856	1350
			2856	1351
			2856	1352
			2856	1353
			2856	1354
			2856	1355
			2856	1356
			2856	1357
		</Outline3>
		<Outline4 type=matrix rownames=FALSE colnames=FALSE nrow=221 ncol=2 as.numeric=TRUE >
			2856	1357
			2856	1358
			2856	1359
			2855	1360
			2855	1361
			2855	1362
			2855	1363
			2855	1364
			2854	1365
			2854	1366
			2854	1367
			2854	1368
			2854	1369
			2853	1370
			2853	1371
			2853	1372
			2853	1373
			2853	1374
			2852	1375
			2852	1376
			2852	1377
			2852	1378
			2852	1379
			2851	1380
			2851	1381
			2851	1382
			2851	1383
			2850	1384
			2850	1385
			2850	1386
			2850	1387
			2849	1388
			2849	1389
			2848	1390
			2848	1391
			2847	1392
			2847	1393
			2847	1394
			2846	1394
			2846	1395
			2845	1396
			2845	1397
			2844	1398
			2843	1399
			2843	1400
			2842	1401
			2842	1402
			2841	1403
			2840	1404
			2839	1405
			2839	1406
			2838	1407
			2837	1408
			2837	1409
			2836	1410
			2835	1411
			2835	1412
			2834	1413
			2833	1414
			2832	1415
			2831	1416
			2830	1416
			2829	1417
			2828	1418
			2827	1419
			2826	1420
			2825	1420
			2824	1421
			2823	1422
			2822	1423
			2821	1424
			2820	1424
			2819	1425
			2818	1426
			2817	1427
			2816	1428
			2815	1428
			2814	1429
			2813	1430
			2812	1430
			2811	1431
			2810	1431
			2810	1432
			2809	1432
			2808	1433
			2807	1433
			2806	1434
			2805	1435
			2804	1435
			2804	1436
			2803	1436
			2802	1437
			2801	1437
			2800	1437
			2799	1438
			2798	1438
			2797	1439
			2796	1439
			2795	1440
			2794	1440
			2793	1441
			2792	1441
			2791	1442
			2790	1442
			2789	1442
			2788	1443
			2787	1443
			2786	1444
			2785	1444
			2785	1445
			2784	1445
			2783	1446
			2782	1446
			2781	1447
			2780	1447
			2779	1448
			2778	1448
			2777	1449
			2776	1450
			2775	1450
			2774	1450
			2773	1451
			2772	1451
			2771	1451
			2770	1451
			2769	1452
			2768	1452
			2767	1452
			2766	1453
			2765	1453
			2764	1453
			2763	1453
			2763	1454
			2762	1454
			2761	1454
			2760	1454
			2759	1455
			2758	1455
			2757	1455
			2756	1455
			2756	1456
			2755	1456
			2754	1456
			2753	1456
			2752	1457
			2751	1457
			2750	1457
			2749	1458
			2748	1458
			2747	1458
			2746	1458
			2745	1459
			2744	1459
			2743	1459
			2742	1459
			2741	1459
			2740	1459
			2739	1459
			2738	1459
			2737	1459
			2736	1459
			2735	1459
			2734	1459
			2733	1459
			2732	1459
			2731	1459
			2730	1459
			2729	1459
			2728	1460
			2727	1460
			2726	1460
			2725	1460
			2724	1460
			2723	1460
			2722	1460
			2721	1460
			2720	1460
			2719	1460
			2718	1460
			2718	1461
			2717	1461
			2716	1461
			2715	1461
			2714	1461
			2713	1461
			2712	1461
			2711	1461
			2710	1461
			2709	1461
			2708	1461
			2707	1460
			2706	1460
			2705	1460
			2704	1460
			2703	1460
			2702	1460
			2701	1460
			2700	1460
			2699	1460
			2698	1460
			2697	1459
			2696	1459
			2695	1459
			2694	1459
			2693	1459
			2692	1459
			2691	1459
			2690	1458
			2689	1458
			2688	1458
			2687	1458
			2686	1458
			2685	1457
			2684	1457
			2683	1457
			2682	1457
			2681	1457
			2680	1457
			2680	1456
			2679	1456
			2678	1456
		</Outline4>
	</curves.pixel>
	<curves.scaled type=list>
		<Outline1 type=matrix rownames=FALSE colnames=FALSE nrow=300 ncol=2 as.numeric=TRUE >
			50.429925735507	-27.4182120503728
			50.411094545912	-27.4182120503728
			50.392263356317	-27.4182120503728
			50.3734321667219	-27.3993808607777
			50.3546009771269	-27.3993808607777
			50.3357697875319	-27.3805496711827
			50.3169385979368	-27.3805496711827
			50.2981074083418	-27.3805496711827
			50.2792762187468	-27.3617184815877
			50.2604450291517	-27.3617184815877
			50.2416138395567	-27.3617184815877
			50.2227826499616	-27.3617184815877
			50.2227826499616	-27.3428872919926
			50.2039514603666	-27.3428872919926
			50.1851202707716	-27.3428872919926
			50.1662890811765	-27.3240561023976
			50.1474578915815	-27.3240561023976
			50.1286267019865	-27.3052249128025
			50.1097955123914	-27.3052249128025
			50.0909643227964	-27.3052249128025
			50.0721331332014	-27.3052249128025
			50.0721331332014	-27.2863937232075
			50.0533019436063	-27.2863937232075
			50.0344707540113	-27.2863937232075
			50.0156395644162	-27.2675625336125
			49.9968083748212	-27.2675625336125
			49.9779771852262	-27.2675625336125
			49.9591459956311	-27.2675625336125
			49.9403148060361	-27.2675625336125
			49.9214836164411	-27.2675625336125
			49.902652426846	-27.2487313440174
			49.883821237251	-27.2487313440174
			49.864990047656	-27.2487313440174
			49.8461588580609	-27.2487313440174
			49.8273276684659	-27.2487313440174
			49.8084964788709	-27.2487313440174
			49.7896652892758	-27.2487313440174
			49.7708340996808	-27.2487313440174
			49.7520029100857	-27.2487313440174
			49.7331717204907	-27.2487313440174
			49.7143405308957	-27.2487313440174
			49.6955093413006	-27.2487313440174
			49.6766781517056	-27.2299001544224
			49.6578469621106	-27.2299001544224
			49.6390157725155	-27.2299001544224
			49.6201845829205	-27.2299001544224
			49.6013533933254	-27.2299001544224
			49.5825222037304	-27.2299001544224
			49.5636910141354	-27.2299001544224
			49.5448598245403	-27.2299001544224
			49.5260286349453	-27.2487313440174
			49.5071974453503	-27.2487313440174
			49.4883662557552	-27.2487313440174
			49.4695350661602	-27.2487313440174
			49.4507038765652	-27.2675625336125
			49.4318726869701	-27.2675625336125
			49.4130414973751	-27.2675625336125
			49.39421030778	-27.2863937232075
			49.375379118185	-27.2863937232075
			49.35654792859	-27.2863937232075
			49.3377167389949	-27.3052249128025
			49.3188855493999	-27.3052249128025
			49.3000543598049	-27.3052249128025
			49.2812231702098	-27.3240561023976
			49.2623919806148	-27.3240561023976
			49.2435607910198	-27.3240561023976
			49.2247296014247	-27.3428872919926
			49.2058984118297	-27.3428872919926
			49.1870672222347	-27.3617184815877
			49.1682360326396	-27.3805496711827
			49.1494048430446	-27.3805496711827
			49.1305736534495	-27.3805496711827
			49.1117424638545	-27.3993808607777
			49.0929112742595	-27.3993808607777
			49.0740800846644	-27.3993808607777
			49.0552488950694	-27.4182120503728
			49.0364177054744	-27.4182120503728
			49.0175865158793	-27.4370432399678
			48.9987553262843	-27.4370432399678
			48.9799241366893	-27.4370432399678
			48.9610929470942	-27.4558744295628
			48.9422617574992	-27.4558744295628
			48.9234305679041	-27.4558744295628
			48.9045993783091	-27.4747056191579
			48.8857681887141	-27.4747056191579
			48.866936999119	-27.4747056191579
			48.848105809524	-27.4747056191579
			48.829274619929	-27.4747056191579
			48.8104434303339	-27.4747056191579
			48.8104434303339	-27.4935368087529
			48.7916122407389	-27.4935368087529
			48.7727810511439	-27.4935368087529
			48.7539498615488	-27.4935368087529
			48.7351186719538	-27.4935368087529
			48.7162874823587	-27.4935368087529
			48.6974562927637	-27.4935368087529
			48.6786251031687	-27.4935368087529
			48.6597939135736	-27.4935368087529
			48.6409627239786	-27.4935368087529
			48.6221315343836	-27.4935368087529
			48.6033003447885	-27.4935368087529
			48.5844691551935	-27.4935368087529
			48.5656379655985	-27.4935368087529
			48.5468067760034	-27.4747056191579
			48.5279755864084	-27.4747056191579
			48.5091443968133	-27.4747056191579
			48.4903132072183	-27.4747056191579
			48.4714820176233	-27.4747056191579
			48.4526508280282	-27.4747056191579
			48.4338196384332	-27.4747056191579
			48.4149884488382	-27.4558744295628
			48.3961572592431	-27.4558744295628
			48.3773260696481	-27.4558744295628
			48.3584948800531	-27.4370432399678
			48.339663690458	-27.4370432399678
			48.320832500863	-27.4370432399678
			48.302001311268	-27.4182120503728
			48.2831701216729	-27.3993808607777
			48.2643389320779	-27.3993808607777
			48.2455077424828	-27.3805496711827
			48.2266765528878	-27.3805496711827
			48.2078453632928	-27.3617184815877
			48.1890141736977	-27.3428872919926
			48.1701829841027	-27.3428872919926
			48.1513517945077	-27.3240561023976
			48.1325206049126	-27.3240561023976
			48.1136894153176	-27.3052249128025
			48.0948582257225	-27.3052249128025
			48.0948582257225	-27.2863937232075
			48.0760270361275	-27.2675625336125
			48.0571958465325	-27.2675625336125
			48.0383646569374	-27.2487313440174
			48.0195334673424	-27.2487313440174
			48.0007022777474	-27.2299001544224
			48.0007022777474	-27.2110689648274
			47.9818710881523	-27.2110689648274
			47.9630398985573	-27.1922377752323
			47.9442087089623	-27.1734065856373
			47.9442087089623	-27.1545753960423
			47.9253775193672	-27.1357442064472
			47.9065463297722	-27.1169130168522
			47.9065463297722	-27.0980818272571
			47.8877151401771	-27.0792506376621
			47.8877151401771	-27.0604194480671
			47.8688839505821	-27.041588258472
			47.8688839505821	-27.022757068877
			47.8500527609871	-27.022757068877
			47.8500527609871	-27.003925879282
			47.831221571392	-26.9850946896869
			47.831221571392	-26.9662635000919
			47.812390381797	-26.9474323104969
			47.812390381797	-26.9286011209018
			47.793559192202	-26.9097699313068
			47.793559192202	-26.8909387417117
			47.7747280026069	-26.8721075521167
			47.7747280026069	-26.8532763625217
			47.7558968130119	-26.8344451729266
			47.7558968130119	-26.8156139833316
			47.7370656234169	-26.7967827937366
			47.7370656234169	-26.7779516041415
			47.7370656234169	-26.7591204145465
			47.7182344338218	-26.7402892249515
			47.7182344338218	-26.7214580353564
			47.7182344338218	-26.7026268457614
			47.7182344338218	-26.6837956561663
			47.6994032442268	-26.6649644665713
			47.6994032442268	-26.6461332769763
			47.6994032442268	-26.6273020873812
			47.6994032442268	-26.6084708977862
			47.6994032442268	-26.5896397081912
			47.6994032442268	-26.5708085185961
			47.6994032442268	-26.5519773290011
			47.6805720546318	-26.5331461394061
			47.6805720546318	-26.514314949811
			47.6805720546318	-26.495483760216
			47.6805720546318	-26.4766525706209
			47.6805720546318	-26.4578213810259
			47.6805720546318	-26.4389901914309
			47.6805720546318	-26.4201590018358
			47.6805720546318	-26.4013278122408
			47.6617408650367	-26.3824966226458
			47.6617408650367	-26.3636654330507
			47.6617408650367	-26.3448342434557
			47.6617408650367	-26.3260030538607
			47.6617408650367	-26.3071718642656
			47.6617408650367	-26.2883406746706
			47.6617408650367	-26.2695094850756
			47.6429096754417	-26.2506782954805
			47.6429096754417	-26.2318471058855
			47.6429096754417	-26.2130159162904
			47.6429096754417	-26.1941847266954
			47.6429096754417	-26.1753535371004
			47.6429096754417	-26.1565223475053
			47.6429096754417	-26.1376911579103
			47.6429096754417	-26.1188599683153
			47.6429096754417	-26.1000287787202
			47.6429096754417	-26.0811975891252
			47.6617408650367	-26.0623663995302
			47.6617408650367	-26.0435352099351
			47.6617408650367	-26.0247040203401
			47.6617408650367	-26.005872830745
			47.6617408650367	-25.98704164115
			47.6617408650367	-25.968210451555
			47.6617408650367	-25.9493792619599
			47.6617408650367	-25.9305480723649
			47.6805720546318	-25.9117168827699
			47.6805720546318	-25.8928856931748
			47.6805720546318	-25.8740545035798
			47.6805720546318	-25.8552233139848
			47.6805720546318	-25.8363921243897
			47.6805720546318	-25.8175609347947
			47.6805720546318	-25.7987297451996
			47.6994032442268	-25.7798985556046
			47.6994032442268	-25.7610673660096
			47.6994032442268	-25.7422361764145
			47.6994032442268	-25.7234049868195
			47.6994032442268	-25.7045737972245
			47.6994032442268	-25.6857426076294
			47.6994032442268	-25.6669114180344
			47.7182344338218	-25.6480802284394
			47.7182344338218	-25.6292490388443
			47.7182344338218	-25.6104178492493
			47.7182344338218	-25.5915866596542
			47.7370656234169	-25.5727554700592
			47.7370656234169	-25.5539242804642
			47.7370656234169	-25.5350930908691
			47.7370656234169	-25.5162619012741
			47.7558968130119	-25.4974307116791
			47.7558968130119	-25.478599522084
			47.7558968130119	-25.459768332489
			47.7558968130119	-25.440937142894
			47.7747280026069	-25.4221059532989
			47.7747280026069	-25.4032747637039
			47.7747280026069	-25.3844435741088
			47.7747280026069	-25.3656123845138
			47.793559192202	-25.3467811949188
			47.793559192202	-25.3279500053237
			47.793559192202	-25.3091188157287
			47.812390381797	-25.2902876261337
			47.812390381797	-25.2714564365386
			47.812390381797	-25.2526252469436
			47.831221571392	-25.2337940573486
			47.831221571392	-25.2149628677535
			47.831221571392	-25.1961316781585
			47.831221571392	-25.1773004885634
			47.8500527609871	-25.1584692989684
			47.8500527609871	-25.1396381093734
			47.8688839505821	-25.1208069197783
			47.8688839505821	-25.1019757301833
			47.8688839505821	-25.0831445405883
			47.8877151401771	-25.0643133509932
			47.8877151401771	-25.0454821613982
			47.8877151401771	-25.0266509718032
			47.9065463297722	-25.0266509718032
			47.9065463297722	-25.0078197822081
			47.9065463297722	-24.9889885926131
			47.9253775193672	-24.9889885926131
			47.9253775193672	-24.970157403018
			47.9253775193672	-24.951326213423
			47.9442087089623	-24.932495023828
			47.9442087089623	-24.9136638342329
			47.9630398985573	-24.8948326446379
			47.9630398985573	-24.8760014550429
			47.9630398985573	-24.8571702654478
			47.9818710881523	-24.8383390758528
			48.0007022777474	-24.8195078862578
			48.0007022777474	-24.8006766966627
			48.0195334673424	-24.7818455070677
			48.0195334673424	-24.7630143174727
			48.0383646569374	-24.7441831278776
			48.0383646569374	-24.7253519382826
			48.0571958465325	-24.7065207486875
			48.0571958465325	-24.6876895590925
			48.0571958465325	-24.6688583694975
			48.0760270361275	-24.6500271799024
			48.0760270361275	-24.6311959903074
			48.0948582257225	-24.6123648007124
			48.0948582257225	-24.5935336111173
			48.1136894153176	-24.5935336111173
			48.1136894153176	-24.5747024215223
			48.1136894153176	-24.5558712319273
			48.1325206049126	-24.5370400423322
			48.1325206049126	-24.5182088527372
			48.1513517945077	-24.5182088527372
			48.1513517945077	-24.4993776631421
			48.1513517945077	-24.4805464735471
			48.1701829841027	-24.4617152839521
			48.1701829841027	-24.442884094357
			48.1701829841027	-24.424052904762
			48.1890141736977	-24.424052904762
			48.1890141736977	-24.405221715167
			48.2078453632928	-24.3863905255719
			48.2078453632928	-24.3675593359769
			48.2078453632928	-24.3487281463819
			48.2266765528878	-24.3298969567868
			48.2266765528878	-24.3110657671918
			48.2455077424828	-24.2922345775967
			48.2455077424828	-24.2734033880017
			48.2643389320779	-24.2545721984067
			48.2643389320779	-24.2357410088116
		</Outline1>
		<Outline2 type=matrix rownames=FALSE colnames=FALSE nrow=226 ncol=2 as.numeric=TRUE >
			48.2643389320779	-24.2357410088116
			48.2643389320779	-24.2169098192166
			48.2831701216729	-24.2169098192166
			48.2831701216729	-24.1980786296216
			48.302001311268	-24.1792474400265
			48.302001311268	-24.1604162504315
			48.320832500863	-24.1604162504315
			48.320832500863	-24.1415850608365
			48.339663690458	-24.1227538712414
			48.339663690458	-24.1039226816464
			48.3584948800531	-24.1039226816464
			48.3584948800531	-24.0850914920513
			48.3773260696481	-24.0662603024563
			48.3773260696481	-24.0474291128613
			48.3961572592431	-24.0474291128613
			48.3961572592431	-24.0285979232662
			48.4149884488382	-24.0097667336712
			48.4149884488382	-23.9909355440762
			48.4338196384332	-23.9721043544811
			48.4526508280282	-23.9532731648861
			48.4526508280282	-23.9344419752911
			48.4714820176233	-23.915610785696
			48.4714820176233	-23.896779596101
			48.4903132072183	-23.8779484065059
			48.4903132072183	-23.8591172169109
			48.5091443968133	-23.8402860273159
			48.5279755864084	-23.8214548377208
			48.5279755864084	-23.8026236481258
			48.5468067760034	-23.7837924585308
			48.5468067760034	-23.7649612689357
			48.5656379655985	-23.7461300793407
			48.5844691551935	-23.7272988897457
			48.5844691551935	-23.7084677001506
			48.6033003447885	-23.6896365105556
			48.6033003447885	-23.6708053209606
			48.6221315343836	-23.6519741313655
			48.6409627239786	-23.6331429417705
			48.6409627239786	-23.6143117521754
			48.6597939135736	-23.5954805625804
			48.6786251031687	-23.5766493729854
			48.6786251031687	-23.5578181833903
			48.6786251031687	-23.5389869937953
			48.6974562927637	-23.5201558042003
			48.7162874823587	-23.5013246146052
			48.7351186719538	-23.4824934250102
			48.7351186719538	-23.4636622354151
			48.7539498615488	-23.4448310458201
			48.7539498615488	-23.4259998562251
			48.7727810511439	-23.40716866663
			48.7727810511439	-23.388337477035
			48.7916122407389	-23.388337477035
			48.8104434303339	-23.36950628744
			48.8104434303339	-23.3506750978449
			48.829274619929	-23.3318439082499
			48.829274619929	-23.3130127186549
			48.848105809524	-23.2941815290598
			48.866936999119	-23.2753503394648
			48.8857681887141	-23.2565191498698
			48.9045993783091	-23.2376879602747
			48.9045993783091	-23.2188567706797
			48.9234305679041	-23.2000255810846
			48.9422617574992	-23.1811943914896
			48.9422617574992	-23.1623632018946
			48.9610929470942	-23.1435320122995
			48.9610929470942	-23.1247008227045
			48.9799241366893	-23.1058696331095
			48.9987553262843	-23.0870384435144
			48.9987553262843	-23.0682072539194
			48.9987553262843	-23.0493760643244
			49.0175865158793	-23.0305448747293
			49.0175865158793	-23.0117136851343
			49.0364177054744	-23.0117136851343
			49.0364177054744	-22.9928824955392
			49.0552488950694	-22.9740513059442
			49.0552488950694	-22.9552201163492
			49.0740800846644	-22.9552201163492
			49.0740800846644	-22.9363889267541
			49.0740800846644	-22.9175577371591
			49.0929112742595	-22.8987265475641
			49.1117424638545	-22.879895357969
			49.1117424638545	-22.861064168374
			49.1305736534495	-22.842232978779
			49.1305736534495	-22.8234017891839
			49.1494048430446	-22.8045705995889
			49.1682360326396	-22.8045705995889
			49.1682360326396	-22.7857394099938
			49.1870672222347	-22.7669082203988
			49.1870672222347	-22.7480770308038
			49.2058984118297	-22.7292458412087
			49.2058984118297	-22.7104146516137
			49.2247296014247	-22.6915834620187
			49.2435607910198	-22.6915834620187
			49.2435607910198	-22.6727522724236
			49.2623919806148	-22.6539210828286
			49.2623919806148	-22.6350898932336
			49.2812231702098	-22.6162587036385
			49.2812231702098	-22.5974275140435
			49.3000543598049	-22.5974275140435
			49.3000543598049	-22.5785963244484
			49.3188855493999	-22.5597651348534
			49.3188855493999	-22.5409339452584
			49.3377167389949	-22.5221027556633
			49.35654792859	-22.5032715660683
			49.375379118185	-22.4844403764733
			49.375379118185	-22.4656091868782
			49.39421030778	-22.4467779972832
			49.4130414973751	-22.4279468076882
			49.4130414973751	-22.4091156180931
			49.4318726869701	-22.4091156180931
			49.4507038765652	-22.3902844284981
			49.4507038765652	-22.3714532389031
			49.4695350661602	-22.352622049308
			49.4883662557552	-22.333790859713
			49.4883662557552	-22.3149596701179
			49.5071974453503	-22.3149596701179
			49.5260286349453	-22.2961284805229
			49.5260286349453	-22.2772972909279
			49.5448598245403	-22.2584661013328
			49.5636910141354	-22.2396349117378
			49.5825222037304	-22.2396349117378
			49.6013533933254	-22.2208037221428
			49.6201845829205	-22.2208037221428
			49.6390157725155	-22.2019725325477
			49.6578469621106	-22.2019725325477
			49.6766781517056	-22.2019725325477
			49.6955093413006	-22.1831413429527
			49.7143405308957	-22.1831413429527
			49.7331717204907	-22.1643101533577
			49.7520029100857	-22.1643101533577
			49.7708340996808	-22.1643101533577
			49.7896652892758	-22.1454789637626
			49.8084964788709	-22.1454789637626
			49.8273276684659	-22.1454789637626
			49.8461588580609	-22.1454789637626
			49.864990047656	-22.1266477741676
			49.883821237251	-22.1266477741676
			49.902652426846	-22.1266477741676
			49.9214836164411	-22.1266477741676
			49.9214836164411	-22.1078165845725
			49.9403148060361	-22.1078165845725
			49.9591459956311	-22.1078165845725
			49.9779771852262	-22.1078165845725
			49.9968083748212	-22.0889853949775
			50.0156395644162	-22.0889853949775
			50.0344707540113	-22.0889853949775
			50.0533019436063	-22.0889853949775
			50.0721331332014	-22.0889853949775
			50.0909643227964	-22.0889853949775
			50.1097955123914	-22.0701542053825
			50.1286267019865	-22.0701542053825
			50.1474578915815	-22.0701542053825
			50.1662890811765	-22.0701542053825
			50.1851202707716	-22.0701542053825
			50.2039514603666	-22.0701542053825
			50.2227826499616	-22.0701542053825
			50.2416138395567	-22.0701542053825
			50.2604450291517	-22.0701542053825
			50.2792762187468	-22.0701542053825
			50.2981074083418	-22.0701542053825
			50.3169385979368	-22.0701542053825
			50.3357697875319	-22.0701542053825
			50.3546009771269	-22.0701542053825
			50.3734321667219	-22.0701542053825
			50.392263356317	-22.0701542053825
			50.411094545912	-22.0701542053825
			50.429925735507	-22.0701542053825
			50.4487569251021	-22.0701542053825
			50.4675881146971	-22.0701542053825
			50.4864193042921	-22.0701542053825
			50.5052504938872	-22.0701542053825
			50.5240816834822	-22.0701542053825
			50.5429128730773	-22.0889853949775
			50.5617440626723	-22.0889853949775
			50.5805752522673	-22.0889853949775
			50.5994064418624	-22.0889853949775
			50.6182376314574	-22.0889853949775
			50.6370688210524	-22.0889853949775
			50.6559000106475	-22.0889853949775
			50.6747312002425	-22.0889853949775
			50.6935623898376	-22.0889853949775
			50.7123935794326	-22.0889853949775
			50.7312247690276	-22.0889853949775
			50.7500559586227	-22.0889853949775
			50.7688871482177	-22.0889853949775
			50.7877183378127	-22.1078165845725
			50.8065495274078	-22.1078165845725
			50.8253807170028	-22.1078165845725
			50.8442119065978	-22.1078165845725
			50.8630430961929	-22.1078165845725
			50.8818742857879	-22.1078165845725
			50.9007054753829	-22.1078165845725
			50.919536664978	-22.1266477741676
			50.938367854573	-22.1266477741676
			50.9571990441681	-22.1266477741676
			50.9760302337631	-22.1266477741676
			50.9948614233581	-22.1266477741676
			51.0136926129532	-22.1454789637626
			51.0325238025482	-22.1454789637626
			51.0513549921432	-22.1454789637626
			51.0701861817383	-22.1454789637626
			51.0890173713333	-22.1454789637626
			51.1078485609283	-22.1454789637626
			51.1266797505234	-22.1643101533577
			51.1455109401184	-22.1643101533577
			51.1643421297135	-22.1643101533577
			51.1831733193085	-22.1643101533577
			51.2020045089035	-22.1831413429527
			51.2208356984986	-22.1831413429527
			51.2396668880936	-22.1831413429527
			51.2584980776886	-22.1831413429527
			51.2773292672837	-22.1831413429527
			51.2961604568787	-22.2019725325477
			51.3149916464737	-22.2019725325477
			51.3338228360688	-22.2019725325477
			51.3526540256638	-22.2019725325477
			51.3526540256638	-22.2208037221428
			51.3714852152589	-22.2208037221428
			51.3903164048539	-22.2208037221428
			51.4091475944489	-22.2208037221428
			51.427978784044	-22.2208037221428
			51.446809973639	-22.2396349117378
			51.465641163234	-22.2396349117378
			51.4844723528291	-22.2396349117378
			51.5033035424241	-22.2396349117378
			51.5221347320191	-22.2584661013328
			51.5409659216142	-22.2584661013328
		</Outline2>
		<Outline3 type=matrix rownames=FALSE colnames=FALSE nrow=263 ncol=2 as.numeric=TRUE >
			51.5409659216142	-22.2584661013328
			51.5597971112092	-22.2584661013328
			51.5786283008043	-22.2772972909279
			51.5974594903993	-22.2772972909279
			51.6162906799943	-22.2772972909279
			51.6351218695894	-22.2961284805229
			51.6539530591844	-22.2961284805229
			51.6727842487794	-22.2961284805229
			51.6916154383745	-22.2961284805229
			51.7104466279695	-22.3149596701179
			51.7292778175645	-22.3149596701179
			51.7481090071596	-22.3149596701179
			51.7669401967546	-22.333790859713
			51.7857713863497	-22.333790859713
			51.8046025759447	-22.333790859713
			51.8234337655397	-22.333790859713
			51.8422649551348	-22.352622049308
			51.8610961447298	-22.352622049308
			51.8799273343248	-22.352622049308
			51.8987585239199	-22.352622049308
			51.9175897135149	-22.3714532389031
			51.9364209031099	-22.3714532389031
			51.955252092705	-22.3714532389031
			51.9740832823	-22.3714532389031
			51.992914471895	-22.3902844284981
			52.0117456614901	-22.3902844284981
			52.0305768510851	-22.3902844284981
			52.0494080406802	-22.3902844284981
			52.0682392302752	-22.4091156180931
			52.0870704198702	-22.4091156180931
			52.1059016094653	-22.4091156180931
			52.1247327990603	-22.4279468076882
			52.1435639886553	-22.4279468076882
			52.1623951782504	-22.4279468076882
			52.1812263678454	-22.4279468076882
			52.2000575574405	-22.4467779972832
			52.2188887470355	-22.4467779972832
			52.2377199366305	-22.4467779972832
			52.2565511262256	-22.4467779972832
			52.2753823158206	-22.4656091868782
			52.2942135054156	-22.4656091868782
			52.3130446950107	-22.4844403764733
			52.3318758846057	-22.4844403764733
			52.3507070742007	-22.4844403764733
			52.3695382637958	-22.5032715660683
			52.3883694533908	-22.5032715660683
			52.4072006429858	-22.5032715660683
			52.4072006429858	-22.5221027556633
			52.4260318325809	-22.5221027556633
			52.4448630221759	-22.5409339452584
			52.463694211771	-22.5409339452584
			52.482525401366	-22.5409339452584
			52.501356590961	-22.5597651348534
			52.5201877805561	-22.5597651348534
			52.5390189701511	-22.5597651348534
			52.5390189701511	-22.5785963244484
			52.5578501597461	-22.5785963244484
			52.5766813493412	-22.5785963244484
			52.5955125389362	-22.5974275140435
			52.6143437285312	-22.5974275140435
			52.6331749181263	-22.6162587036385
			52.6520061077213	-22.6162587036385
			52.6708372973164	-22.6350898932336
			52.6896684869114	-22.6350898932336
			52.7084996765064	-22.6350898932336
			52.7273308661015	-22.6539210828286
			52.7461620556965	-22.6539210828286
			52.7649932452915	-22.6727522724236
			52.7838244348866	-22.6727522724236
			52.8026556244816	-22.6727522724236
			52.8214868140766	-22.6915834620187
			52.8403180036717	-22.6915834620187
			52.8591491932667	-22.7104146516137
			52.8779803828618	-22.7104146516137
			52.8968115724568	-22.7292458412087
			52.9156427620518	-22.7292458412087
			52.9344739516469	-22.7292458412087
			52.9533051412419	-22.7480770308038
			52.9721363308369	-22.7480770308038
			52.990967520432	-22.7669082203988
			53.009798710027	-22.7669082203988
			53.028629899622	-22.7669082203988
			53.028629899622	-22.7857394099938
			53.0474610892171	-22.7857394099938
			53.0662922788121	-22.8045705995889
			53.0851234684072	-22.8045705995889
			53.0851234684072	-22.8234017891839
			53.1039546580022	-22.8234017891839
			53.1227858475972	-22.842232978779
			53.1416170371923	-22.842232978779
			53.1604482267873	-22.861064168374
			53.1792794163823	-22.861064168374
			53.1981106059774	-22.879895357969
			53.2169417955724	-22.879895357969
			53.2357729851674	-22.8987265475641
			53.2546041747625	-22.8987265475641
			53.2734353643575	-22.9175577371591
			53.2922665539526	-22.9363889267541
			53.3110977435476	-22.9552201163492
			53.3299289331426	-22.9552201163492
			53.3487601227377	-22.9740513059442
			53.3675913123327	-22.9740513059442
			53.3864225019277	-22.9928824955392
			53.4052536915228	-22.9928824955392
			53.4240848811178	-23.0117136851343
			53.4429160707128	-23.0117136851343
			53.4617472603079	-23.0305448747293
			53.4805784499029	-23.0305448747293
			53.4994096394979	-23.0493760643244
			53.518240829093	-23.0493760643244
			53.537072018688	-23.0682072539194
			53.5559032082831	-23.0682072539194
			53.5747343978781	-23.0870384435144
			53.5935655874731	-23.0870384435144
			53.6123967770682	-23.1058696331095
			53.6312279666632	-23.1247008227045
			53.6500591562582	-23.1247008227045
			53.6688903458533	-23.1435320122995
			53.6877215354483	-23.1435320122995
			53.7065527250434	-23.1623632018946
			53.7253839146384	-23.1623632018946
			53.7442151042334	-23.1811943914896
			53.7630462938285	-23.1811943914896
			53.7818774834235	-23.2000255810846
			53.8007086730185	-23.2188567706797
			53.8195398626136	-23.2188567706797
			53.8195398626136	-23.2376879602747
			53.8383710522086	-23.2376879602747
			53.8572022418036	-23.2565191498698
			53.8760334313987	-23.2565191498698
			53.8948646209937	-23.2753503394648
			53.9136958105887	-23.2941815290598
			53.9325270001838	-23.2941815290598
			53.9513581897788	-23.3130127186549
			53.9701893793739	-23.3130127186549
			53.9890205689689	-23.3318439082499
			54.0078517585639	-23.3318439082499
			54.026682948159	-23.3506750978449
			54.026682948159	-23.36950628744
			54.045514137754	-23.36950628744
			54.064345327349	-23.388337477035
			54.064345327349	-23.40716866663
			54.0831765169441	-23.40716866663
			54.1020077065391	-23.4259998562251
			54.1020077065391	-23.4448310458201
			54.1208388961341	-23.4448310458201
			54.1208388961341	-23.4636622354151
			54.1396700857292	-23.4824934250102
			54.1585012753242	-23.5013246146052
			54.1585012753242	-23.5201558042003
			54.1773324649193	-23.5201558042003
			54.1773324649193	-23.5389869937953
			54.1961636545143	-23.5578181833903
			54.2149948441093	-23.5766493729854
			54.2149948441093	-23.5954805625804
			54.2338260337044	-23.5954805625804
			54.2338260337044	-23.6143117521754
			54.2526572232994	-23.6331429417705
			54.2714884128944	-23.6519741313655
			54.2714884128944	-23.6708053209606
			54.2903196024895	-23.6896365105556
			54.2903196024895	-23.7084677001506
			54.3091507920845	-23.7272988897457
			54.3279819816795	-23.7461300793407
			54.3279819816795	-23.7649612689357
			54.3468131712746	-23.7837924585308
			54.3656443608696	-23.8026236481258
			54.3656443608696	-23.8214548377208
			54.3656443608696	-23.8402860273159
			54.3844755504646	-23.8591172169109
			54.3844755504646	-23.8779484065059
			54.3844755504646	-23.896779596101
			54.4033067400597	-23.915610785696
			54.4033067400597	-23.9344419752911
			54.4033067400597	-23.9532731648861
			54.4221379296547	-23.9721043544811
			54.4221379296547	-23.9909355440762
			54.4221379296547	-24.0097667336712
			54.4409691192498	-24.0285979232662
			54.4409691192498	-24.0474291128613
			54.4409691192498	-24.0662603024563
			54.4409691192498	-24.0850914920513
			54.4409691192498	-24.1039226816464
			54.4409691192498	-24.1227538712414
			54.4598003088448	-24.1227538712414
			54.4598003088448	-24.1415850608365
			54.4598003088448	-24.1604162504315
			54.4598003088448	-24.1792474400265
			54.4598003088448	-24.1980786296216
			54.4409691192498	-24.2169098192166
			54.4409691192498	-24.2357410088116
			54.4409691192498	-24.2545721984067
			54.4409691192498	-24.2734033880017
			54.4221379296547	-24.2922345775967
			54.4221379296547	-24.3110657671918
			54.4033067400597	-24.3298969567868
			54.4033067400597	-24.3487281463819
			54.4033067400597	-24.3675593359769
			54.3844755504646	-24.3863905255719
			54.3844755504646	-24.405221715167
			54.3656443608696	-24.424052904762
			54.3656443608696	-24.442884094357
			54.3468131712746	-24.4617152839521
			54.3468131712746	-24.4805464735471
			54.3279819816795	-24.4993776631421
			54.3279819816795	-24.5182088527372
			54.3091507920845	-24.5370400423322
			54.2903196024895	-24.5558712319273
			54.2903196024895	-24.5747024215223
			54.2714884128944	-24.5935336111173
			54.2526572232994	-24.6123648007124
			54.2338260337044	-24.6311959903074
			54.2149948441093	-24.6500271799024
			54.2149948441093	-24.6688583694975
			54.1961636545143	-24.6876895590925
			54.1773324649193	-24.7065207486875
			54.1585012753242	-24.7253519382826
			54.1585012753242	-24.7441831278776
			54.1396700857292	-24.7441831278776
			54.1208388961341	-24.7630143174727
			54.1020077065391	-24.7818455070677
			54.0831765169441	-24.8006766966627
			54.0831765169441	-24.8195078862578
			54.064345327349	-24.8383390758528
			54.045514137754	-24.8571702654478
			54.026682948159	-24.8571702654478
			54.026682948159	-24.8760014550429
			54.0078517585639	-24.8948326446379
			53.9890205689689	-24.9136638342329
			53.9701893793739	-24.932495023828
			53.9513581897788	-24.951326213423
			53.9325270001838	-24.970157403018
			53.9136958105887	-24.9889885926131
			53.8948646209937	-25.0078197822081
			53.8760334313987	-25.0266509718032
			53.8760334313987	-25.0454821613982
			53.8572022418036	-25.0643133509932
			53.8572022418036	-25.0831445405883
			53.8572022418036	-25.1019757301833
			53.8383710522086	-25.1208069197783
			53.8383710522086	-25.1396381093734
			53.8383710522086	-25.1584692989684
			53.8195398626136	-25.1773004885634
			53.8195398626136	-25.1961316781585
			53.8195398626136	-25.2149628677535
			53.8195398626136	-25.2337940573486
			53.8007086730185	-25.2526252469436
			53.8007086730185	-25.2714564365386
			53.8007086730185	-25.2902876261337
			53.8007086730185	-25.3091188157287
			53.8007086730185	-25.3279500053237
			53.8007086730185	-25.3467811949188
			53.7818774834235	-25.3656123845138
			53.7818774834235	-25.3844435741088
			53.7818774834235	-25.4032747637039
			53.7818774834235	-25.4221059532989
			53.7818774834235	-25.440937142894
			53.7818774834235	-25.459768332489
			53.7818774834235	-25.478599522084
			53.7818774834235	-25.4974307116791
			53.7818774834235	-25.5162619012741
			53.7818774834235	-25.5350930908691
			53.7818774834235	-25.5539242804642
		</Outline3>
		<Outline4 type=matrix rownames=FALSE colnames=FALSE nrow=221 ncol=2 as.numeric=TRUE >
			53.7818774834235	-25.5539242804642
			53.7818774834235	-25.5727554700592
			53.7818774834235	-25.5915866596542
			53.7630462938285	-25.6104178492493
			53.7630462938285	-25.6292490388443
			53.7630462938285	-25.6480802284394
			53.7630462938285	-25.6669114180344
			53.7630462938285	-25.6857426076294
			53.7442151042334	-25.7045737972245
			53.7442151042334	-25.7234049868195
			53.7442151042334	-25.7422361764145
			53.7442151042334	-25.7610673660096
			53.7442151042334	-25.7798985556046
			53.7253839146384	-25.7987297451996
			53.7253839146384	-25.8175609347947
			53.7253839146384	-25.8363921243897
			53.7253839146384	-25.8552233139848
			53.7253839146384	-25.8740545035798
			53.7065527250434	-25.8928856931748
			53.7065527250434	-25.9117168827699
			53.7065527250434	-25.9305480723649
			53.7065527250434	-25.9493792619599
			53.7065527250434	-25.968210451555
			53.6877215354483	-25.98704164115
			53.6877215354483	-26.005872830745
			53.6877215354483	-26.0247040203401
			53.6877215354483	-26.0435352099351
			53.6688903458533	-26.0623663995302
			53.6688903458533	-26.0811975891252
			53.6688903458533	-26.1000287787202
			53.6688903458533	-26.1188599683153
			53.6500591562582	-26.1376911579103
			53.6500591562582	-26.1565223475053
			53.6312279666632	-26.1753535371004
			53.6312279666632	-26.1941847266954
			53.6123967770682	-26.2130159162904
			53.6123967770682	-26.2318471058855
			53.6123967770682	-26.2506782954805
			53.5935655874731	-26.2506782954805
			53.5935655874731	-26.2695094850756
			53.5747343978781	-26.2883406746706
			53.5747343978781	-26.3071718642656
			53.5559032082831	-26.3260030538607
			53.537072018688	-26.3448342434557
			53.537072018688	-26.3636654330507
			53.518240829093	-26.3824966226458
			53.518240829093	-26.4013278122408
			53.4994096394979	-26.4201590018358
			53.4805784499029	-26.4389901914309
			53.4617472603079	-26.4578213810259
			53.4617472603079	-26.4766525706209
			53.4429160707128	-26.495483760216
			53.4240848811178	-26.514314949811
			53.4240848811178	-26.5331461394061
			53.4052536915228	-26.5519773290011
			53.3864225019277	-26.5708085185961
			53.3864225019277	-26.5896397081912
			53.3675913123327	-26.6084708977862
			53.3487601227377	-26.6273020873812
			53.3299289331426	-26.6461332769763
			53.3110977435476	-26.6649644665713
			53.2922665539526	-26.6649644665713
			53.2734353643575	-26.6837956561663
			53.2546041747625	-26.7026268457614
			53.2357729851674	-26.7214580353564
			53.2169417955724	-26.7402892249515
			53.1981106059774	-26.7402892249515
			53.1792794163823	-26.7591204145465
			53.1604482267873	-26.7779516041415
			53.1416170371923	-26.7967827937366
			53.1227858475972	-26.8156139833316
			53.1039546580022	-26.8156139833316
			53.0851234684072	-26.8344451729266
			53.0662922788121	-26.8532763625217
			53.0474610892171	-26.8721075521167
			53.028629899622	-26.8909387417117
			53.009798710027	-26.8909387417117
			52.990967520432	-26.9097699313068
			52.9721363308369	-26.9286011209018
			52.9533051412419	-26.9286011209018
			52.9344739516469	-26.9474323104969
			52.9156427620518	-26.9474323104969
			52.9156427620518	-26.9662635000919
			52.8968115724568	-26.9662635000919
			52.8779803828618	-26.9850946896869
			52.8591491932667	-26.9850946896869
			52.8403180036717	-27.003925879282
			52.8214868140766	-27.022757068877
			52.8026556244816	-27.022757068877
			52.8026556244816	-27.041588258472
			52.7838244348866	-27.041588258472
			52.7649932452915	-27.0604194480671
			52.7461620556965	-27.0604194480671
			52.7273308661015	-27.0604194480671
			52.7084996765064	-27.0792506376621
			52.6896684869114	-27.0792506376621
			52.6708372973164	-27.0980818272571
			52.6520061077213	-27.0980818272571
			52.6331749181263	-27.1169130168522
			52.6143437285312	-27.1169130168522
			52.5955125389362	-27.1357442064472
			52.5766813493412	-27.1357442064472
			52.5578501597461	-27.1545753960423
			52.5390189701511	-27.1545753960423
			52.5201877805561	-27.1545753960423
			52.501356590961	-27.1734065856373
			52.482525401366	-27.1734065856373
			52.463694211771	-27.1922377752323
			52.4448630221759	-27.1922377752323
			52.4448630221759	-27.2110689648274
			52.4260318325809	-27.2110689648274
			52.4072006429858	-27.2299001544224
			52.3883694533908	-27.2299001544224
			52.3695382637958	-27.2487313440174
			52.3507070742007	-27.2487313440174
			52.3318758846057	-27.2675625336125
			52.3130446950107	-27.2675625336125
			52.2942135054156	-27.2863937232075
			52.2753823158206	-27.3052249128025
			52.2565511262256	-27.3052249128025
			52.2377199366305	-27.3052249128025
			52.2188887470355	-27.3240561023976
			52.2000575574405	-27.3240561023976
			52.1812263678454	-27.3240561023976
			52.1623951782504	-27.3240561023976
			52.1435639886553	-27.3428872919926
			52.1247327990603	-27.3428872919926
			52.1059016094653	-27.3428872919926
			52.0870704198702	-27.3617184815877
			52.0682392302752	-27.3617184815877
			52.0494080406802	-27.3617184815877
			52.0305768510851	-27.3617184815877
			52.0305768510851	-27.3805496711827
			52.0117456614901	-27.3805496711827
			51.992914471895	-27.3805496711827
			51.9740832823	-27.3805496711827
			51.955252092705	-27.3993808607777
			51.9364209031099	-27.3993808607777
			51.9175897135149	-27.3993808607777
			51.8987585239199	-27.3993808607777
			51.8987585239199	-27.4182120503728
			51.8799273343248	-27.4182120503728
			51.8610961447298	-27.4182120503728
			51.8422649551348	-27.4182120503728
			51.8234337655397	-27.4370432399678
			51.8046025759447	-27.4370432399678
			51.7857713863497	-27.4370432399678
			51.7669401967546	-27.4558744295628
			51.7481090071596	-27.4558744295628
			51.7292778175645	-27.4558744295628
			51.7104466279695	-27.4558744295628
			51.6916154383745	-27.4747056191579
			51.6727842487794	-27.4747056191579
			51.6539530591844	-27.4747056191579
			51.6351218695894	-27.4747056191579
			51.6162906799943	-27.4747056191579
			51.5974594903993	-27.4747056191579
			51.5786283008043	-27.4747056191579
			51.5597971112092	-27.4747056191579
			51.5409659216142	-27.4747056191579
			51.5221347320191	-27.4747056191579
			51.5033035424241	-27.4747056191579
			51.4844723528291	-27.4747056191579
			51.465641163234	-27.4747056191579
			51.446809973639	-27.4747056191579
			51.427978784044	-27.4747056191579
			51.4091475944489	-27.4747056191579
			51.3903164048539	-27.4747056191579
			51.3714852152589	-27.4935368087529
			51.3526540256638	-27.4935368087529
			51.3338228360688	-27.4935368087529
			51.3149916464737	-27.4935368087529
			51.2961604568787	-27.4935368087529
			51.2773292672837	-27.4935368087529
			51.2584980776886	-27.4935368087529
			51.2396668880936	-27.4935368087529
			51.2208356984986	-27.4935368087529
			51.2020045089035	-27.4935368087529
			51.1831733193085	-27.4935368087529
			51.1831733193085	-27.5123679983479
			51.1643421297135	-27.5123679983479
			51.1455109401184	-27.5123679983479
			51.1266797505234	-27.5123679983479
			51.1078485609283	-27.5123679983479
			51.0890173713333	-27.5123679983479
			51.0701861817383	-27.5123679983479
			51.0513549921432	-27.5123679983479
			51.0325238025482	-27.5123679983479
			51.0136926129532	-27.5123679983479
			50.9948614233581	-27.5123679983479
			50.9760302337631	-27.4935368087529
			50.9571990441681	-27.4935368087529
			50.938367854573	-27.4935368087529
			50.919536664978	-27.4935368087529
			50.9007054753829	-27.4935368087529
			50.8818742857879	-27.4935368087529
			50.8630430961929	-27.4935368087529
			50.8442119065978	-27.4935368087529
			50.8253807170028	-27.4935368087529
			50.8065495274078	-27.4935368087529
			50.7877183378127	-27.4747056191579
			50.7688871482177	-27.4747056191579
			50.7500559586227	-27.4747056191579
			50.7312247690276	-27.4747056191579
			50.7123935794326	-27.4747056191579
			50.6935623898376	-27.4747056191579
			50.6747312002425	-27.4747056191579
			50.6559000106475	-27.4558744295628
			50.6370688210524	-27.4558744295628
			50.6182376314574	-27.4558744295628
			50.5994064418624	-27.4558744295628
			50.5805752522673	-27.4558744295628
			50.5617440626723	-27.4370432399678
			50.5429128730773	-27.4370432399678
			50.5240816834822	-27.4370432399678
			50.5052504938872	-27.4370432399678
			50.4864193042921	-27.4370432399678
			50.4675881146971	-27.4370432399678
			50.4675881146971	-27.4182120503728
			50.4487569251021	-27.4182120503728
			50.429925735507	-27.4182120503728
		</Outline4>
	</curves.scaled>
	<ruler.points type=matrix rownames=TRUE colnames=FALSE nrow=2 ncol=2 as.numeric=TRUE >
		Ruler point 1	3158	2572
		Ruler point 2	2627	2578
	</ruler.points>
</shapes>

