<shapes type=list>
	<ruler.pixel type=vector names=FALSE length=1 as.numeric=TRUE >1221.32100612411</ruler.pixel>
	<ruler.interval type=vector names=FALSE length=1 as.numeric=TRUE >10</ruler.interval>
	<scaling.units type=vector names=FALSE length=1 as.numeric=FALSE >mm</scaling.units>
	<scaling type=vector names=FALSE length=1 as.numeric=TRUE >0.0081878555677473</scaling>
	<landmarks.pixel type=matrix rownames=TRUE colnames=FALSE nrow=4 ncol=2 as.numeric=TRUE >
		Labial	2526	1574
		Posterior	2438	1542
		Lingual	2475	1457
		Anterior	2567	1490
	</landmarks.pixel>
	<landmarks.scaled type=matrix rownames=TRUE colnames=FALSE nrow=4 ncol=2 as.numeric=TRUE >
		Labial	20.6825231641297	-12.8876846636342
		Posterior	19.9619918741679	-12.6256732854663
		Lingual	20.2649425301746	-11.9297055622078
		Anterior	21.0182252424073	-12.1999047959435
	</landmarks.scaled>
	<curves.control type=list>
		<Outline1 type=matrix rownames=FALSE colnames=FALSE nrow=15 ncol=2 as.numeric=TRUE >
			2526	1574
			2521	1581
			2513	1587
			2505	1592
			2497	1596
			2490	1598
			2482	1599
			2473	1599
			2466	1597
			2460	1594
			2454	1588
			2449	1581
			2446	1572
			2443	1564
			2438	1542
		</Outline1>
		<Outline2 type=matrix rownames=FALSE colnames=FALSE nrow=11 ncol=2 as.numeric=TRUE >
			2438	1542
			2434	1528
			2432	1517
			2430	1508
			2431	1497
			2433	1487
			2440	1478
			2447	1471
			2455	1466
			2463	1461
			2475	1457
		</Outline2>
		<Outline3 type=matrix rownames=FALSE colnames=FALSE nrow=13 ncol=2 as.numeric=TRUE >
			2475	1457
			2483	1455
			2494	1454
			2505	1454
			2517	1455
			2529	1458
			2536	1461
			2543	1465
			2549	1469
			2556	1474
			2560	1479
			2564	1484
			2567	1490
		</Outline3>
		<Outline4 type=matrix rownames=FALSE colnames=FALSE nrow=17 ncol=2 as.numeric=TRUE >
			2567	1490
			2570	1497
			2572	1504
			2574	1510
			2575	1517
			2576	1525
			2575	1531
			2572	1538
			2568	1543
			2563	1547
			2557	1552
			2551	1556
			2546	1560
			2541	1563
			2534	1566
			2530	1570
			2526	1574
		</Outline4>
	</curves.control>
	<curves.pixel type=list>
		<Outline1 type=matrix rownames=FALSE colnames=FALSE nrow=124 ncol=2 as.numeric=TRUE >
			2526	1574
			2525	1575
			2524	1576
			2524	1577
			2523	1578
			2522	1579
			2521	1580
			2520	1581
			2519	1582
			2518	1583
			2517	1584
			2516	1585
			2515	1585
			2514	1586
			2513	1587
			2512	1588
			2511	1588
			2510	1589
			2509	1589
			2508	1590
			2507	1590
			2506	1591
			2505	1591
			2505	1592
			2504	1592
			2503	1593
			2502	1593
			2501	1594
			2500	1594
			2499	1595
			2498	1595
			2498	1596
			2497	1596
			2496	1596
			2495	1596
			2494	1597
			2493	1597
			2492	1597
			2491	1598
			2490	1598
			2489	1598
			2488	1598
			2487	1598
			2486	1598
			2485	1599
			2484	1599
			2483	1599
			2482	1599
			2481	1599
			2480	1599
			2479	1599
			2478	1599
			2477	1599
			2476	1599
			2475	1599
			2474	1599
			2473	1598
			2472	1598
			2471	1598
			2470	1598
			2469	1598
			2468	1598
			2467	1597
			2466	1597
			2465	1596
			2464	1596
			2463	1595
			2462	1595
			2461	1594
			2460	1593
			2459	1593
			2459	1592
			2458	1592
			2457	1591
			2456	1590
			2455	1589
			2454	1588
			2453	1587
			2453	1586
			2452	1585
			2452	1584
			2451	1584
			2451	1583
			2450	1582
			2450	1581
			2449	1580
			2449	1579
			2448	1578
			2448	1577
			2447	1576
			2447	1575
			2447	1574
			2446	1573
			2446	1572
			2446	1571
			2445	1570
			2445	1569
			2445	1568
			2444	1567
			2444	1566
			2444	1565
			2443	1564
			2443	1563
			2443	1562
			2443	1561
			2442	1560
			2442	1559
			2442	1558
			2442	1557
			2441	1556
			2441	1555
			2441	1554
			2441	1553
			2440	1552
			2440	1551
			2440	1550
			2440	1549
			2439	1548
			2439	1547
			2439	1546
			2439	1545
			2439	1544
			2438	1543
			2438	1542
		</Outline1>
		<Outline2 type=matrix rownames=FALSE colnames=FALSE nrow=103 ncol=2 as.numeric=TRUE >
			2438	1542
			2438	1541
			2437	1540
			2437	1539
			2437	1538
			2437	1537
			2436	1536
			2436	1535
			2436	1534
			2436	1533
			2435	1533
			2435	1532
			2435	1531
			2435	1530
			2435	1529
			2434	1528
			2434	1527
			2434	1526
			2434	1525
			2433	1524
			2433	1523
			2433	1522
			2433	1521
			2433	1520
			2432	1519
			2432	1518
			2432	1517
			2432	1516
			2432	1515
			2431	1514
			2431	1513
			2431	1512
			2431	1511
			2431	1510
			2431	1509
			2431	1508
			2431	1507
			2431	1506
			2431	1505
			2431	1504
			2431	1503
			2431	1502
			2431	1501
			2431	1500
			2431	1499
			2431	1498
			2431	1497
			2431	1496
			2432	1495
			2432	1494
			2432	1493
			2432	1492
			2433	1491
			2433	1490
			2434	1489
			2434	1488
			2434	1487
			2435	1486
			2435	1485
			2436	1484
			2436	1483
			2437	1482
			2438	1481
			2438	1480
			2439	1480
			2440	1479
			2440	1478
			2441	1477
			2442	1476
			2443	1475
			2444	1474
			2445	1473
			2446	1472
			2447	1472
			2448	1471
			2449	1470
			2450	1470
			2451	1469
			2452	1468
			2453	1468
			2454	1467
			2454	1466
			2455	1466
			2456	1465
			2457	1465
			2458	1464
			2459	1464
			2460	1463
			2461	1463
			2462	1462
			2463	1462
			2464	1461
			2465	1461
			2466	1460
			2467	1460
			2468	1460
			2469	1459
			2470	1459
			2471	1458
			2472	1458
			2473	1458
			2474	1457
			2475	1457
		</Outline2>
		<Outline3 type=matrix rownames=FALSE colnames=FALSE nrow=99 ncol=2 as.numeric=TRUE >
			2475	1457
			2476	1457
			2477	1457
			2478	1456
			2479	1456
			2480	1456
			2481	1456
			2482	1456
			2483	1455
			2484	1455
			2485	1455
			2486	1455
			2487	1455
			2488	1455
			2489	1455
			2490	1454
			2491	1454
			2492	1454
			2493	1454
			2494	1454
			2495	1454
			2496	1454
			2497	1454
			2498	1454
			2499	1454
			2500	1454
			2501	1454
			2502	1454
			2503	1454
			2504	1454
			2505	1454
			2506	1454
			2507	1454
			2508	1454
			2509	1454
			2510	1455
			2511	1455
			2512	1455
			2513	1455
			2514	1455
			2515	1455
			2516	1455
			2517	1455
			2518	1455
			2519	1456
			2520	1456
			2521	1456
			2522	1456
			2523	1457
			2524	1457
			2525	1457
			2526	1457
			2526	1458
			2527	1458
			2528	1458
			2529	1458
			2530	1459
			2531	1459
			2532	1459
			2533	1460
			2534	1460
			2535	1461
			2536	1461
			2537	1462
			2538	1462
			2539	1463
			2540	1463
			2541	1464
			2542	1465
			2543	1465
			2544	1466
			2545	1466
			2546	1467
			2547	1468
			2548	1468
			2549	1469
			2550	1469
			2551	1470
			2552	1471
			2553	1472
			2554	1473
			2555	1474
			2556	1475
			2557	1476
			2558	1477
			2559	1478
			2560	1478
			2560	1479
			2561	1480
			2562	1481
			2562	1482
			2563	1483
			2564	1484
			2564	1485
			2565	1486
			2565	1487
			2566	1488
			2566	1489
			2567	1490
		</Outline3>
		<Outline4 type=matrix rownames=FALSE colnames=FALSE nrow=100 ncol=2 as.numeric=TRUE >
			2567	1490
			2567	1491
			2568	1492
			2568	1493
			2569	1494
			2569	1495
			2569	1496
			2570	1497
			2570	1498
			2571	1499
			2571	1500
			2571	1501
			2572	1502
			2572	1503
			2572	1504
			2572	1505
			2573	1506
			2573	1507
			2573	1508
			2573	1509
			2574	1510
			2574	1511
			2574	1512
			2574	1513
			2574	1514
			2575	1515
			2575	1516
			2575	1517
			2575	1518
			2575	1519
			2575	1520
			2575	1521
			2575	1522
			2575	1523
			2575	1524
			2575	1525
			2575	1526
			2575	1527
			2575	1528
			2575	1529
			2575	1530
			2575	1531
			2575	1532
			2574	1533
			2574	1534
			2573	1535
			2573	1536
			2572	1537
			2572	1538
			2571	1538
			2571	1539
			2570	1540
			2570	1541
			2569	1541
			2569	1542
			2568	1543
			2567	1544
			2566	1545
			2565	1545
			2564	1546
			2563	1547
			2562	1548
			2561	1549
			2560	1550
			2559	1551
			2558	1551
			2557	1552
			2556	1553
			2555	1554
			2554	1554
			2553	1555
			2552	1555
			2552	1556
			2551	1556
			2550	1557
			2549	1557
			2549	1558
			2548	1558
			2547	1559
			2546	1560
			2545	1561
			2544	1561
			2543	1562
			2542	1562
			2541	1563
			2540	1563
			2539	1564
			2538	1564
			2537	1565
			2536	1565
			2535	1565
			2534	1566
			2533	1567
			2532	1568
			2531	1569
			2530	1570
			2529	1571
			2528	1572
			2527	1573
			2526	1574
		</Outline4>
	</curves.pixel>
	<curves.scaled type=list>
		<Outline1 type=matrix rownames=FALSE colnames=FALSE nrow=124 ncol=2 as.numeric=TRUE >
			20.6825231641297	-12.8876846636342
			20.6743353085619	-12.895872519202
			20.6661474529942	-12.9040603747697
			20.6661474529942	-12.9122482303375
			20.6579595974264	-12.9204360859052
			20.6497717418587	-12.928623941473
			20.6415838862909	-12.9368117970407
			20.6333960307232	-12.9449996526085
			20.6252081751554	-12.9531875081762
			20.6170203195877	-12.961375363744
			20.60883246402	-12.9695632193117
			20.6006446084522	-12.9777510748795
			20.5924567528845	-12.9777510748795
			20.5842688973167	-12.9859389304472
			20.576081041749	-12.994126786015
			20.5678931861812	-13.0023146415827
			20.5597053306135	-13.0023146415827
			20.5515174750457	-13.0105024971505
			20.543329619478	-13.0105024971505
			20.5351417639102	-13.0186903527182
			20.5269539083425	-13.0186903527182
			20.5187660527747	-13.026878208286
			20.510578197207	-13.026878208286
			20.510578197207	-13.0350660638537
			20.5023903416392	-13.0350660638537
			20.4942024860715	-13.0432539194214
			20.4860146305037	-13.0432539194214
			20.477826774936	-13.0514417749892
			20.4696389193683	-13.0514417749892
			20.4614510638005	-13.0596296305569
			20.4532632082328	-13.0596296305569
			20.4532632082328	-13.0678174861247
			20.445075352665	-13.0678174861247
			20.4368874970973	-13.0678174861247
			20.4286996415295	-13.0678174861247
			20.4205117859618	-13.0760053416924
			20.412323930394	-13.0760053416924
			20.4041360748263	-13.0760053416924
			20.3959482192585	-13.0841931972602
			20.3877603636908	-13.0841931972602
			20.379572508123	-13.0841931972602
			20.3713846525553	-13.0841931972602
			20.3631967969875	-13.0841931972602
			20.3550089414198	-13.0841931972602
			20.346821085852	-13.0923810528279
			20.3386332302843	-13.0923810528279
			20.3304453747165	-13.0923810528279
			20.3222575191488	-13.0923810528279
			20.3140696635811	-13.0923810528279
			20.3058818080133	-13.0923810528279
			20.2976939524456	-13.0923810528279
			20.2895060968778	-13.0923810528279
			20.2813182413101	-13.0923810528279
			20.2731303857423	-13.0923810528279
			20.2649425301746	-13.0923810528279
			20.2567546746068	-13.0923810528279
			20.2485668190391	-13.0841931972602
			20.2403789634713	-13.0841931972602
			20.2321911079036	-13.0841931972602
			20.2240032523358	-13.0841931972602
			20.2158153967681	-13.0841931972602
			20.2076275412003	-13.0841931972602
			20.1994396856326	-13.0760053416924
			20.1912518300648	-13.0760053416924
			20.1830639744971	-13.0678174861247
			20.1748761189293	-13.0678174861247
			20.1666882633616	-13.0596296305569
			20.1585004077939	-13.0596296305569
			20.1503125522261	-13.0514417749892
			20.1421246966584	-13.0432539194214
			20.1339368410906	-13.0432539194214
			20.1339368410906	-13.0350660638537
			20.1257489855229	-13.0350660638537
			20.1175611299551	-13.026878208286
			20.1093732743874	-13.0186903527182
			20.1011854188196	-13.0105024971505
			20.0929975632519	-13.0023146415827
			20.0848097076841	-12.994126786015
			20.0848097076841	-12.9859389304472
			20.0766218521164	-12.9777510748795
			20.0766218521164	-12.9695632193117
			20.0684339965486	-12.9695632193117
			20.0684339965486	-12.961375363744
			20.0602461409809	-12.9531875081762
			20.0602461409809	-12.9449996526085
			20.0520582854131	-12.9368117970407
			20.0520582854131	-12.928623941473
			20.0438704298454	-12.9204360859052
			20.0438704298454	-12.9122482303375
			20.0356825742776	-12.9040603747697
			20.0356825742776	-12.895872519202
			20.0356825742776	-12.8876846636342
			20.0274947187099	-12.8794968080665
			20.0274947187099	-12.8713089524988
			20.0274947187099	-12.863121096931
			20.0193068631421	-12.8549332413633
			20.0193068631421	-12.8467453857955
			20.0193068631421	-12.8385575302278
			20.0111190075744	-12.83036967466
			20.0111190075744	-12.8221818190923
			20.0111190075744	-12.8139939635245
			20.0029311520067	-12.8058061079568
			20.0029311520067	-12.797618252389
			20.0029311520067	-12.7894303968213
			20.0029311520067	-12.7812425412535
			19.9947432964389	-12.7730546856858
			19.9947432964389	-12.764866830118
			19.9947432964389	-12.7566789745503
			19.9947432964389	-12.7484911189825
			19.9865554408712	-12.7403032634148
			19.9865554408712	-12.7321154078471
			19.9865554408712	-12.7239275522793
			19.9865554408712	-12.7157396967116
			19.9783675853034	-12.7075518411438
			19.9783675853034	-12.6993639855761
			19.9783675853034	-12.6911761300083
			19.9783675853034	-12.6829882744406
			19.9701797297357	-12.6748004188728
			19.9701797297357	-12.6666125633051
			19.9701797297357	-12.6584247077373
			19.9701797297357	-12.6502368521696
			19.9701797297357	-12.6420489966018
			19.9619918741679	-12.6338611410341
			19.9619918741679	-12.6256732854663
		</Outline1>
		<Outline2 type=matrix rownames=FALSE colnames=FALSE nrow=103 ncol=2 as.numeric=TRUE >
			19.9619918741679	-12.6256732854663
			19.9619918741679	-12.6174854298986
			19.9538040186002	-12.6092975743308
			19.9538040186002	-12.6011097187631
			19.9538040186002	-12.5929218631953
			19.9538040186002	-12.5847340076276
			19.9456161630324	-12.5765461520599
			19.9456161630324	-12.5683582964921
			19.9456161630324	-12.5601704409244
			19.9456161630324	-12.5519825853566
			19.9374283074647	-12.5519825853566
			19.9374283074647	-12.5437947297889
			19.9374283074647	-12.5356068742211
			19.9374283074647	-12.5274190186534
			19.9374283074647	-12.5192311630856
			19.9292404518969	-12.5110433075179
			19.9292404518969	-12.5028554519501
			19.9292404518969	-12.4946675963824
			19.9292404518969	-12.4864797408146
			19.9210525963292	-12.4782918852469
			19.9210525963292	-12.4701040296791
			19.9210525963292	-12.4619161741114
			19.9210525963292	-12.4537283185436
			19.9210525963292	-12.4455404629759
			19.9128647407614	-12.4373526074081
			19.9128647407614	-12.4291647518404
			19.9128647407614	-12.4209768962727
			19.9128647407614	-12.4127890407049
			19.9128647407614	-12.4046011851372
			19.9046768851937	-12.3964133295694
			19.9046768851937	-12.3882254740017
			19.9046768851937	-12.3800376184339
			19.9046768851937	-12.3718497628662
			19.9046768851937	-12.3636619072984
			19.9046768851937	-12.3554740517307
			19.9046768851937	-12.3472861961629
			19.9046768851937	-12.3390983405952
			19.9046768851937	-12.3309104850274
			19.9046768851937	-12.3227226294597
			19.9046768851937	-12.3145347738919
			19.9046768851937	-12.3063469183242
			19.9046768851937	-12.2981590627564
			19.9046768851937	-12.2899712071887
			19.9046768851937	-12.281783351621
			19.9046768851937	-12.2735954960532
			19.9046768851937	-12.2654076404855
			19.9046768851937	-12.2572197849177
			19.9046768851937	-12.24903192935
			19.9128647407614	-12.2408440737822
			19.9128647407614	-12.2326562182145
			19.9128647407614	-12.2244683626467
			19.9128647407614	-12.216280507079
			19.9210525963292	-12.2080926515112
			19.9210525963292	-12.1999047959435
			19.9292404518969	-12.1917169403757
			19.9292404518969	-12.183529084808
			19.9292404518969	-12.1753412292402
			19.9374283074647	-12.1671533736725
			19.9374283074647	-12.1589655181047
			19.9456161630324	-12.150777662537
			19.9456161630324	-12.1425898069692
			19.9538040186002	-12.1344019514015
			19.9619918741679	-12.1262140958338
			19.9619918741679	-12.118026240266
			19.9701797297357	-12.118026240266
			19.9783675853034	-12.1098383846983
			19.9783675853034	-12.1016505291305
			19.9865554408712	-12.0934626735628
			19.9947432964389	-12.085274817995
			20.0029311520067	-12.0770869624273
			20.0111190075744	-12.0688991068595
			20.0193068631421	-12.0607112512918
			20.0274947187099	-12.052523395724
			20.0356825742776	-12.052523395724
			20.0438704298454	-12.0443355401563
			20.0520582854131	-12.0361476845885
			20.0602461409809	-12.0361476845885
			20.0684339965486	-12.0279598290208
			20.0766218521164	-12.019771973453
			20.0848097076841	-12.019771973453
			20.0929975632519	-12.0115841178853
			20.0929975632519	-12.0033962623175
			20.1011854188196	-12.0033962623175
			20.1093732743874	-11.9952084067498
			20.1175611299551	-11.9952084067498
			20.1257489855229	-11.987020551182
			20.1339368410906	-11.987020551182
			20.1421246966584	-11.9788326956143
			20.1503125522261	-11.9788326956143
			20.1585004077939	-11.9706448400466
			20.1666882633616	-11.9706448400466
			20.1748761189293	-11.9624569844788
			20.1830639744971	-11.9624569844788
			20.1912518300648	-11.9542691289111
			20.1994396856326	-11.9542691289111
			20.2076275412003	-11.9542691289111
			20.2158153967681	-11.9460812733433
			20.2240032523358	-11.9460812733433
			20.2321911079036	-11.9378934177756
			20.2403789634713	-11.9378934177756
			20.2485668190391	-11.9378934177756
			20.2567546746068	-11.9297055622078
			20.2649425301746	-11.9297055622078
		</Outline2>
		<Outline3 type=matrix rownames=FALSE colnames=FALSE nrow=99 ncol=2 as.numeric=TRUE >
			20.2649425301746	-11.9297055622078
			20.2731303857423	-11.9297055622078
			20.2813182413101	-11.9297055622078
			20.2895060968778	-11.9215177066401
			20.2976939524456	-11.9215177066401
			20.3058818080133	-11.9215177066401
			20.3140696635811	-11.9215177066401
			20.3222575191488	-11.9215177066401
			20.3304453747165	-11.9133298510723
			20.3386332302843	-11.9133298510723
			20.346821085852	-11.9133298510723
			20.3550089414198	-11.9133298510723
			20.3631967969875	-11.9133298510723
			20.3713846525553	-11.9133298510723
			20.379572508123	-11.9133298510723
			20.3877603636908	-11.9051419955046
			20.3959482192585	-11.9051419955046
			20.4041360748263	-11.9051419955046
			20.412323930394	-11.9051419955046
			20.4205117859618	-11.9051419955046
			20.4286996415295	-11.9051419955046
			20.4368874970973	-11.9051419955046
			20.445075352665	-11.9051419955046
			20.4532632082328	-11.9051419955046
			20.4614510638005	-11.9051419955046
			20.4696389193683	-11.9051419955046
			20.477826774936	-11.9051419955046
			20.4860146305037	-11.9051419955046
			20.4942024860715	-11.9051419955046
			20.5023903416392	-11.9051419955046
			20.510578197207	-11.9051419955046
			20.5187660527747	-11.9051419955046
			20.5269539083425	-11.9051419955046
			20.5351417639102	-11.9051419955046
			20.543329619478	-11.9051419955046
			20.5515174750457	-11.9133298510723
			20.5597053306135	-11.9133298510723
			20.5678931861812	-11.9133298510723
			20.576081041749	-11.9133298510723
			20.5842688973167	-11.9133298510723
			20.5924567528845	-11.9133298510723
			20.6006446084522	-11.9133298510723
			20.60883246402	-11.9133298510723
			20.6170203195877	-11.9133298510723
			20.6252081751554	-11.9215177066401
			20.6333960307232	-11.9215177066401
			20.6415838862909	-11.9215177066401
			20.6497717418587	-11.9215177066401
			20.6579595974264	-11.9297055622078
			20.6661474529942	-11.9297055622078
			20.6743353085619	-11.9297055622078
			20.6825231641297	-11.9297055622078
			20.6825231641297	-11.9378934177756
			20.6907110196974	-11.9378934177756
			20.6988988752652	-11.9378934177756
			20.7070867308329	-11.9378934177756
			20.7152745864007	-11.9460812733433
			20.7234624419684	-11.9460812733433
			20.7316502975362	-11.9460812733433
			20.7398381531039	-11.9542691289111
			20.7480260086717	-11.9542691289111
			20.7562138642394	-11.9624569844788
			20.7644017198072	-11.9624569844788
			20.7725895753749	-11.9706448400466
			20.7807774309426	-11.9706448400466
			20.7889652865104	-11.9788326956143
			20.7971531420781	-11.9788326956143
			20.8053409976459	-11.987020551182
			20.8135288532136	-11.9952084067498
			20.8217167087814	-11.9952084067498
			20.8299045643491	-12.0033962623175
			20.8380924199169	-12.0033962623175
			20.8462802754846	-12.0115841178853
			20.8544681310524	-12.019771973453
			20.8626559866201	-12.019771973453
			20.8708438421879	-12.0279598290208
			20.8790316977556	-12.0279598290208
			20.8872195533234	-12.0361476845885
			20.8954074088911	-12.0443355401563
			20.9035952644589	-12.052523395724
			20.9117831200266	-12.0607112512918
			20.9199709755943	-12.0688991068595
			20.9281588311621	-12.0770869624273
			20.9363466867298	-12.085274817995
			20.9445345422976	-12.0934626735628
			20.9527223978653	-12.1016505291305
			20.9609102534331	-12.1016505291305
			20.9609102534331	-12.1098383846983
			20.9690981090008	-12.118026240266
			20.9772859645686	-12.1262140958338
			20.9772859645686	-12.1344019514015
			20.9854738201363	-12.1425898069692
			20.9936616757041	-12.150777662537
			20.9936616757041	-12.1589655181047
			21.0018495312718	-12.1671533736725
			21.0018495312718	-12.1753412292402
			21.0100373868396	-12.183529084808
			21.0100373868396	-12.1917169403757
			21.0182252424073	-12.1999047959435
		</Outline3>
		<Outline4 type=matrix rownames=FALSE colnames=FALSE nrow=100 ncol=2 as.numeric=TRUE >
			21.0182252424073	-12.1999047959435
			21.0182252424073	-12.2080926515112
			21.0264130979751	-12.216280507079
			21.0264130979751	-12.2244683626467
			21.0346009535428	-12.2326562182145
			21.0346009535428	-12.2408440737822
			21.0346009535428	-12.24903192935
			21.0427888091106	-12.2572197849177
			21.0427888091106	-12.2654076404855
			21.0509766646783	-12.2735954960532
			21.0509766646783	-12.281783351621
			21.0509766646783	-12.2899712071887
			21.0591645202461	-12.2981590627564
			21.0591645202461	-12.3063469183242
			21.0591645202461	-12.3145347738919
			21.0591645202461	-12.3227226294597
			21.0673523758138	-12.3309104850274
			21.0673523758138	-12.3390983405952
			21.0673523758138	-12.3472861961629
			21.0673523758138	-12.3554740517307
			21.0755402313815	-12.3636619072984
			21.0755402313815	-12.3718497628662
			21.0755402313815	-12.3800376184339
			21.0755402313815	-12.3882254740017
			21.0755402313815	-12.3964133295694
			21.0837280869493	-12.4046011851372
			21.0837280869493	-12.4127890407049
			21.0837280869493	-12.4209768962727
			21.0837280869493	-12.4291647518404
			21.0837280869493	-12.4373526074081
			21.0837280869493	-12.4455404629759
			21.0837280869493	-12.4537283185436
			21.0837280869493	-12.4619161741114
			21.0837280869493	-12.4701040296791
			21.0837280869493	-12.4782918852469
			21.0837280869493	-12.4864797408146
			21.0837280869493	-12.4946675963824
			21.0837280869493	-12.5028554519501
			21.0837280869493	-12.5110433075179
			21.0837280869493	-12.5192311630856
			21.0837280869493	-12.5274190186534
			21.0837280869493	-12.5356068742211
			21.0837280869493	-12.5437947297889
			21.0755402313815	-12.5519825853566
			21.0755402313815	-12.5601704409244
			21.0673523758138	-12.5683582964921
			21.0673523758138	-12.5765461520599
			21.0591645202461	-12.5847340076276
			21.0591645202461	-12.5929218631953
			21.0509766646783	-12.5929218631953
			21.0509766646783	-12.6011097187631
			21.0427888091106	-12.6092975743308
			21.0427888091106	-12.6174854298986
			21.0346009535428	-12.6174854298986
			21.0346009535428	-12.6256732854663
			21.0264130979751	-12.6338611410341
			21.0182252424073	-12.6420489966018
			21.0100373868396	-12.6502368521696
			21.0018495312718	-12.6502368521696
			20.9936616757041	-12.6584247077373
			20.9854738201363	-12.6666125633051
			20.9772859645686	-12.6748004188728
			20.9690981090008	-12.6829882744406
			20.9609102534331	-12.6911761300083
			20.9527223978653	-12.6993639855761
			20.9445345422976	-12.6993639855761
			20.9363466867298	-12.7075518411438
			20.9281588311621	-12.7157396967116
			20.9199709755943	-12.7239275522793
			20.9117831200266	-12.7239275522793
			20.9035952644589	-12.7321154078471
			20.8954074088911	-12.7321154078471
			20.8954074088911	-12.7403032634148
			20.8872195533234	-12.7403032634148
			20.8790316977556	-12.7484911189825
			20.8708438421879	-12.7484911189825
			20.8708438421879	-12.7566789745503
			20.8626559866201	-12.7566789745503
			20.8544681310524	-12.764866830118
			20.8462802754846	-12.7730546856858
			20.8380924199169	-12.7812425412535
			20.8299045643491	-12.7812425412535
			20.8217167087814	-12.7894303968213
			20.8135288532136	-12.7894303968213
			20.8053409976459	-12.797618252389
			20.7971531420781	-12.797618252389
			20.7889652865104	-12.8058061079568
			20.7807774309426	-12.8058061079568
			20.7725895753749	-12.8139939635245
			20.7644017198072	-12.8139939635245
			20.7562138642394	-12.8139939635245
			20.7480260086717	-12.8221818190923
			20.7398381531039	-12.83036967466
			20.7316502975362	-12.8385575302278
			20.7234624419684	-12.8467453857955
			20.7152745864007	-12.8549332413633
			20.7070867308329	-12.863121096931
			20.6988988752652	-12.8713089524988
			20.6907110196974	-12.8794968080665
			20.6825231641297	-12.8876846636342
		</Outline4>
	</curves.scaled>
	<ruler.points type=matrix rownames=TRUE colnames=FALSE nrow=2 ncol=2 as.numeric=TRUE >
		Ruler point 1	3583	2283
		Ruler point 2	2362	2311
	</ruler.points>
</shapes>

