<shapes type=list>
	<ruler.pixel type=vector names=FALSE length=1 as.numeric=TRUE >894.020134001466</ruler.pixel>
	<ruler.interval type=vector names=FALSE length=1 as.numeric=TRUE >10</ruler.interval>
	<scaling.units type=vector names=FALSE length=1 as.numeric=FALSE >mm</scaling.units>
	<scaling type=vector names=FALSE length=1 as.numeric=TRUE >0.0111854304166975</scaling>
	<landmarks.pixel type=matrix rownames=TRUE colnames=FALSE nrow=4 ncol=2 as.numeric=TRUE >
		Labial	2704	1659
		Posterior	2601	1622
		Lingual	2659	1529
		Anterior	2761	1567
	</landmarks.pixel>
	<landmarks.scaled type=matrix rownames=TRUE colnames=FALSE nrow=4 ncol=2 as.numeric=TRUE >
		Labial	30.2454038467501	-18.5566290613012
		Posterior	29.0933045138303	-18.1427681358834
		Lingual	29.7420594779987	-17.1025231071305
		Anterior	30.8829733805019	-17.527569462965
	</landmarks.scaled>
	<curves.control type=list>
		<Outline1 type=matrix rownames=FALSE colnames=FALSE nrow=19 ncol=2 as.numeric=TRUE >
			2704	1659
			2698	1664
			2692	1669
			2687	1674
			2680	1680
			2672	1685
			2663	1688
			2653	1689
			2644	1688
			2635	1687
			2627	1682
			2620	1677
			2613	1669
			2608	1661
			2605	1651
			2603	1641
			2602	1633
			2601	1627
			2601	1622
		</Outline1>
		<Outline2 type=matrix rownames=FALSE colnames=FALSE nrow=17 ncol=2 as.numeric=TRUE >
			2601	1622
			2599	1613
			2599	1604
			2599	1595
			2601	1584
			2603	1575
			2607	1568
			2611	1561
			2615	1554
			2617	1549
			2620	1542
			2624	1537
			2630	1533
			2636	1532
			2643	1531
			2649	1531
			2659	1529
		</Outline2>
		<Outline3 type=matrix rownames=FALSE colnames=FALSE nrow=19 ncol=2 as.numeric=TRUE >
			2659	1529
			2665	1528
			2675	1527
			2684	1526
			2694	1526
			2702	1526
			2710	1527
			2717	1527
			2723	1529
			2728	1532
			2734	1536
			2739	1540
			2744	1543
			2747	1546
			2750	1551
			2753	1555
			2758	1561
			2759	1564
			2761	1567
		</Outline3>
		<Outline4 type=matrix rownames=FALSE colnames=FALSE nrow=21 ncol=2 as.numeric=TRUE >
			2761	1567
			2763	1572
			2765	1579
			2766	1585
			2767	1591
			2767	1598
			2764	1607
			2761	1614
			2760	1621
			2758	1627
			2755	1631
			2751	1635
			2747	1640
			2743	1643
			2738	1645
			2733	1646
			2728	1646
			2722	1646
			2718	1648
			2714	1651
			2704	1659
		</Outline4>
	</curves.control>
	<curves.pixel type=list>
		<Outline1 type=matrix rownames=FALSE colnames=FALSE nrow=146 ncol=2 as.numeric=TRUE >
			2704	1659
			2703	1660
			2702	1661
			2701	1662
			2700	1663
			2699	1663
			2698	1664
			2697	1665
			2696	1665
			2696	1666
			2695	1667
			2694	1667
			2693	1668
			2692	1669
			2691	1670
			2690	1671
			2689	1672
			2688	1673
			2687	1674
			2686	1675
			2685	1676
			2684	1676
			2683	1677
			2682	1678
			2681	1679
			2680	1680
			2679	1681
			2678	1681
			2677	1682
			2676	1682
			2675	1683
			2674	1684
			2673	1684
			2672	1684
			2671	1685
			2670	1685
			2669	1686
			2668	1686
			2667	1687
			2666	1687
			2665	1687
			2664	1688
			2663	1688
			2662	1688
			2661	1688
			2660	1688
			2659	1688
			2658	1688
			2657	1688
			2656	1688
			2655	1688
			2654	1688
			2653	1688
			2652	1688
			2651	1688
			2650	1688
			2649	1688
			2648	1688
			2647	1688
			2646	1688
			2645	1688
			2644	1688
			2643	1688
			2642	1688
			2641	1687
			2640	1687
			2639	1687
			2638	1687
			2637	1687
			2636	1686
			2635	1686
			2634	1686
			2633	1685
			2632	1685
			2631	1684
			2630	1684
			2629	1683
			2628	1683
			2628	1682
			2627	1682
			2626	1681
			2625	1681
			2624	1680
			2624	1679
			2623	1679
			2622	1678
			2621	1678
			2621	1677
			2620	1676
			2619	1676
			2618	1675
			2618	1674
			2617	1673
			2616	1673
			2615	1672
			2615	1671
			2614	1670
			2613	1669
			2613	1668
			2612	1668
			2612	1667
			2611	1666
			2611	1665
			2610	1664
			2610	1663
			2609	1662
			2609	1661
			2608	1660
			2608	1659
			2608	1658
			2607	1657
			2607	1656
			2606	1655
			2606	1654
			2606	1653
			2605	1652
			2605	1651
			2605	1650
			2605	1649
			2604	1648
			2604	1647
			2604	1646
			2604	1645
			2604	1644
			2603	1643
			2603	1642
			2603	1641
			2603	1640
			2603	1639
			2603	1638
			2603	1637
			2602	1636
			2602	1635
			2602	1634
			2602	1633
			2602	1632
			2602	1631
			2602	1630
			2601	1629
			2601	1628
			2601	1627
			2601	1626
			2601	1625
			2601	1624
			2601	1623
			2601	1622
		</Outline1>
		<Outline2 type=matrix rownames=FALSE colnames=FALSE nrow=124 ncol=2 as.numeric=TRUE >
			2601	1622
			2601	1621
			2601	1620
			2600	1619
			2600	1618
			2600	1617
			2600	1616
			2600	1615
			2600	1614
			2599	1613
			2599	1612
			2599	1611
			2599	1610
			2599	1609
			2599	1608
			2599	1607
			2599	1606
			2599	1605
			2599	1604
			2599	1603
			2599	1602
			2599	1601
			2599	1600
			2599	1599
			2599	1598
			2599	1597
			2599	1596
			2599	1595
			2600	1594
			2600	1593
			2600	1592
			2600	1591
			2600	1590
			2600	1589
			2600	1588
			2600	1587
			2601	1586
			2601	1585
			2601	1584
			2601	1583
			2601	1582
			2602	1581
			2602	1580
			2602	1579
			2603	1578
			2603	1577
			2603	1576
			2604	1575
			2604	1574
			2604	1573
			2605	1573
			2605	1572
			2605	1571
			2606	1570
			2606	1569
			2607	1568
			2608	1567
			2608	1566
			2609	1565
			2609	1564
			2610	1563
			2610	1562
			2611	1561
			2611	1560
			2612	1559
			2613	1558
			2613	1557
			2614	1556
			2614	1555
			2615	1555
			2615	1554
			2615	1553
			2616	1552
			2616	1551
			2617	1550
			2617	1549
			2617	1548
			2618	1547
			2618	1546
			2619	1545
			2619	1544
			2620	1543
			2620	1542
			2621	1541
			2622	1540
			2622	1539
			2623	1539
			2624	1538
			2625	1537
			2625	1536
			2626	1536
			2627	1535
			2628	1534
			2629	1534
			2630	1533
			2631	1533
			2632	1533
			2633	1533
			2634	1532
			2635	1532
			2636	1532
			2637	1532
			2638	1532
			2639	1532
			2640	1531
			2641	1531
			2642	1531
			2643	1531
			2644	1531
			2645	1531
			2646	1531
			2647	1531
			2648	1531
			2649	1531
			2650	1531
			2651	1530
			2652	1530
			2653	1530
			2654	1530
			2655	1530
			2656	1530
			2657	1529
			2658	1529
			2659	1529
		</Outline2>
		<Outline3 type=matrix rownames=FALSE colnames=FALSE nrow=117 ncol=2 as.numeric=TRUE >
			2659	1529
			2660	1529
			2661	1529
			2662	1529
			2663	1528
			2664	1528
			2665	1528
			2666	1528
			2667	1528
			2668	1528
			2669	1528
			2670	1528
			2670	1527
			2671	1527
			2672	1527
			2673	1527
			2674	1527
			2675	1527
			2676	1527
			2677	1527
			2678	1527
			2679	1527
			2680	1527
			2681	1526
			2682	1526
			2683	1526
			2684	1526
			2685	1526
			2686	1526
			2687	1526
			2688	1526
			2689	1526
			2690	1526
			2691	1526
			2692	1526
			2693	1526
			2694	1526
			2695	1526
			2696	1526
			2697	1526
			2698	1526
			2699	1526
			2700	1526
			2701	1526
			2702	1526
			2703	1526
			2704	1526
			2705	1526
			2705	1527
			2706	1527
			2707	1527
			2708	1527
			2709	1527
			2710	1527
			2711	1527
			2712	1527
			2713	1527
			2714	1527
			2715	1527
			2716	1527
			2717	1527
			2718	1528
			2719	1528
			2720	1528
			2721	1528
			2722	1529
			2723	1529
			2724	1530
			2725	1530
			2726	1531
			2727	1531
			2727	1532
			2728	1532
			2729	1533
			2730	1533
			2731	1534
			2732	1535
			2733	1535
			2734	1536
			2735	1537
			2736	1537
			2736	1538
			2737	1538
			2738	1539
			2739	1540
			2740	1540
			2740	1541
			2741	1541
			2742	1542
			2743	1542
			2744	1543
			2745	1544
			2746	1545
			2747	1546
			2748	1547
			2748	1548
			2749	1549
			2749	1550
			2750	1551
			2751	1552
			2751	1553
			2752	1554
			2753	1554
			2753	1555
			2754	1556
			2755	1557
			2756	1558
			2756	1559
			2757	1559
			2757	1560
			2758	1561
			2758	1562
			2759	1563
			2759	1564
			2760	1565
			2760	1566
			2761	1567
		</Outline3>
		<Outline4 type=matrix rownames=FALSE colnames=FALSE nrow=119 ncol=2 as.numeric=TRUE >
			2761	1567
			2761	1568
			2762	1569
			2762	1570
			2763	1571
			2763	1572
			2763	1573
			2764	1574
			2764	1575
			2764	1576
			2764	1577
			2765	1578
			2765	1579
			2765	1580
			2765	1581
			2766	1582
			2766	1583
			2766	1584
			2766	1585
			2766	1586
			2766	1587
			2767	1588
			2767	1589
			2767	1590
			2767	1591
			2767	1592
			2767	1593
			2767	1594
			2767	1595
			2767	1596
			2766	1597
			2766	1598
			2766	1599
			2766	1600
			2766	1601
			2766	1602
			2765	1603
			2765	1604
			2765	1605
			2764	1606
			2764	1607
			2764	1608
			2763	1609
			2763	1610
			2762	1611
			2762	1612
			2762	1613
			2761	1614
			2761	1615
			2761	1616
			2761	1617
			2761	1618
			2760	1619
			2760	1620
			2760	1621
			2760	1622
			2759	1623
			2759	1624
			2758	1625
			2758	1626
			2758	1627
			2757	1628
			2756	1629
			2756	1630
			2755	1631
			2754	1632
			2753	1633
			2752	1634
			2751	1635
			2750	1636
			2750	1637
			2749	1637
			2749	1638
			2748	1639
			2747	1640
			2746	1641
			2745	1641
			2744	1642
			2743	1643
			2742	1643
			2741	1643
			2741	1644
			2740	1644
			2739	1645
			2738	1645
			2737	1645
			2736	1645
			2735	1645
			2734	1646
			2733	1646
			2732	1646
			2731	1646
			2730	1646
			2729	1646
			2728	1646
			2727	1646
			2726	1646
			2725	1646
			2724	1646
			2723	1646
			2722	1647
			2721	1647
			2720	1647
			2719	1648
			2718	1648
			2717	1649
			2716	1649
			2715	1650
			2714	1651
			2713	1652
			2712	1653
			2711	1653
			2710	1654
			2709	1655
			2708	1656
			2707	1656
			2706	1657
			2705	1658
			2704	1659
		</Outline4>
	</curves.pixel>
	<curves.scaled type=list>
		<Outline1 type=matrix rownames=FALSE colnames=FALSE nrow=146 ncol=2 as.numeric=TRUE >
			30.2454038467501	-18.5566290613012
			30.2342184163334	-18.5678144917179
			30.2230329859167	-18.5789999221346
			30.2118475555	-18.5901853525513
			30.2006621250833	-18.601370782968
			30.1894766946666	-18.601370782968
			30.1782912642499	-18.6125562133847
			30.1671058338332	-18.6237416438014
			30.1559204034165	-18.6237416438014
			30.1559204034165	-18.6349270742181
			30.1447349729998	-18.6461125046348
			30.1335495425831	-18.6461125046348
			30.1223641121664	-18.6572979350515
			30.1111786817497	-18.6684833654682
			30.099993251333	-18.6796687958849
			30.0888078209163	-18.6908542263016
			30.0776223904996	-18.7020396567183
			30.0664369600829	-18.713225087135
			30.0552515296663	-18.7244105175517
			30.0440660992496	-18.7355959479684
			30.0328806688329	-18.7467813783851
			30.0216952384162	-18.7467813783851
			30.0105098079995	-18.7579668088018
			29.9993243775828	-18.7691522392184
			29.9881389471661	-18.7803376696351
			29.9769535167494	-18.7915231000518
			29.9657680863327	-18.8027085304685
			29.954582655916	-18.8027085304685
			29.9433972254993	-18.8138939608852
			29.9322117950826	-18.8138939608852
			29.9210263646659	-18.8250793913019
			29.9098409342492	-18.8362648217186
			29.8986555038325	-18.8362648217186
			29.8874700734158	-18.8362648217186
			29.8762846429991	-18.8474502521353
			29.8650992125824	-18.8474502521353
			29.8539137821657	-18.858635682552
			29.842728351749	-18.858635682552
			29.8315429213323	-18.8698211129687
			29.8203574909156	-18.8698211129687
			29.8091720604989	-18.8698211129687
			29.7979866300822	-18.8810065433854
			29.7868011996655	-18.8810065433854
			29.7756157692488	-18.8810065433854
			29.7644303388321	-18.8810065433854
			29.7532449084154	-18.8810065433854
			29.7420594779987	-18.8810065433854
			29.730874047582	-18.8810065433854
			29.7196886171653	-18.8810065433854
			29.7085031867486	-18.8810065433854
			29.6973177563319	-18.8810065433854
			29.6861323259152	-18.8810065433854
			29.6749468954985	-18.8810065433854
			29.6637614650818	-18.8810065433854
			29.6525760346651	-18.8810065433854
			29.6413906042484	-18.8810065433854
			29.6302051738317	-18.8810065433854
			29.619019743415	-18.8810065433854
			29.6078343129983	-18.8810065433854
			29.5966488825817	-18.8810065433854
			29.585463452165	-18.8810065433854
			29.5742780217483	-18.8810065433854
			29.5630925913316	-18.8810065433854
			29.5519071609149	-18.8810065433854
			29.5407217304982	-18.8698211129687
			29.5295363000815	-18.8698211129687
			29.5183508696648	-18.8698211129687
			29.5071654392481	-18.8698211129687
			29.4959800088314	-18.8698211129687
			29.4847945784147	-18.858635682552
			29.473609147998	-18.858635682552
			29.4624237175813	-18.858635682552
			29.4512382871646	-18.8474502521353
			29.4400528567479	-18.8474502521353
			29.4288674263312	-18.8362648217186
			29.4176819959145	-18.8362648217186
			29.4064965654978	-18.8250793913019
			29.3953111350811	-18.8250793913019
			29.3953111350811	-18.8138939608852
			29.3841257046644	-18.8138939608852
			29.3729402742477	-18.8027085304685
			29.361754843831	-18.8027085304685
			29.3505694134143	-18.7915231000518
			29.3505694134143	-18.7803376696351
			29.3393839829976	-18.7803376696351
			29.3281985525809	-18.7691522392184
			29.3170131221642	-18.7691522392184
			29.3170131221642	-18.7579668088018
			29.3058276917475	-18.7467813783851
			29.2946422613308	-18.7467813783851
			29.2834568309141	-18.7355959479684
			29.2834568309141	-18.7244105175517
			29.2722714004974	-18.713225087135
			29.2610859700807	-18.713225087135
			29.249900539664	-18.7020396567183
			29.249900539664	-18.6908542263016
			29.2387151092473	-18.6796687958849
			29.2275296788306	-18.6684833654682
			29.2275296788306	-18.6572979350515
			29.2163442484139	-18.6572979350515
			29.2163442484139	-18.6461125046348
			29.2051588179972	-18.6349270742181
			29.2051588179972	-18.6237416438014
			29.1939733875805	-18.6125562133847
			29.1939733875805	-18.601370782968
			29.1827879571638	-18.5901853525513
			29.1827879571638	-18.5789999221346
			29.1716025267471	-18.5678144917179
			29.1716025267471	-18.5566290613012
			29.1716025267471	-18.5454436308845
			29.1604170963304	-18.5342582004678
			29.1604170963304	-18.5230727700511
			29.1492316659137	-18.5118873396344
			29.1492316659137	-18.5007019092177
			29.1492316659137	-18.489516478801
			29.1380462354971	-18.4783310483843
			29.1380462354971	-18.4671456179676
			29.1380462354971	-18.4559601875509
			29.1380462354971	-18.4447747571342
			29.1268608050804	-18.4335893267175
			29.1268608050804	-18.4224038963008
			29.1268608050804	-18.4112184658841
			29.1268608050804	-18.4000330354674
			29.1268608050804	-18.3888476050507
			29.1156753746637	-18.377662174634
			29.1156753746637	-18.3664767442173
			29.1156753746637	-18.3552913138006
			29.1156753746637	-18.3441058833839
			29.1156753746637	-18.3329204529672
			29.1156753746637	-18.3217350225505
			29.1156753746637	-18.3105495921338
			29.104489944247	-18.2993641617172
			29.104489944247	-18.2881787313005
			29.104489944247	-18.2769933008838
			29.104489944247	-18.2658078704671
			29.104489944247	-18.2546224400504
			29.104489944247	-18.2434370096337
			29.104489944247	-18.232251579217
			29.0933045138303	-18.2210661488003
			29.0933045138303	-18.2098807183836
			29.0933045138303	-18.1986952879669
			29.0933045138303	-18.1875098575502
			29.0933045138303	-18.1763244271335
			29.0933045138303	-18.1651389967168
			29.0933045138303	-18.1539535663001
			29.0933045138303	-18.1427681358834
		</Outline1>
		<Outline2 type=matrix rownames=FALSE colnames=FALSE nrow=124 ncol=2 as.numeric=TRUE >
			29.0933045138303	-18.1427681358834
			29.0933045138303	-18.1315827054667
			29.0933045138303	-18.12039727505
			29.0821190834136	-18.1092118446333
			29.0821190834136	-18.0980264142166
			29.0821190834136	-18.0868409837999
			29.0821190834136	-18.0756555533832
			29.0821190834136	-18.0644701229665
			29.0821190834136	-18.0532846925498
			29.0709336529969	-18.0420992621331
			29.0709336529969	-18.0309138317164
			29.0709336529969	-18.0197284012997
			29.0709336529969	-18.008542970883
			29.0709336529969	-17.9973575404663
			29.0709336529969	-17.9861721100496
			29.0709336529969	-17.9749866796329
			29.0709336529969	-17.9638012492162
			29.0709336529969	-17.9526158187995
			29.0709336529969	-17.9414303883828
			29.0709336529969	-17.9302449579661
			29.0709336529969	-17.9190595275494
			29.0709336529969	-17.9078740971327
			29.0709336529969	-17.896688666716
			29.0709336529969	-17.8855032362993
			29.0709336529969	-17.8743178058826
			29.0709336529969	-17.8631323754659
			29.0709336529969	-17.8519469450492
			29.0709336529969	-17.8407615146326
			29.0821190834136	-17.8295760842159
			29.0821190834136	-17.8183906537992
			29.0821190834136	-17.8072052233825
			29.0821190834136	-17.7960197929658
			29.0821190834136	-17.7848343625491
			29.0821190834136	-17.7736489321324
			29.0821190834136	-17.7624635017157
			29.0821190834136	-17.751278071299
			29.0933045138303	-17.7400926408823
			29.0933045138303	-17.7289072104656
			29.0933045138303	-17.7177217800489
			29.0933045138303	-17.7065363496322
			29.0933045138303	-17.6953509192155
			29.104489944247	-17.6841654887988
			29.104489944247	-17.6729800583821
			29.104489944247	-17.6617946279654
			29.1156753746637	-17.6506091975487
			29.1156753746637	-17.639423767132
			29.1156753746637	-17.6282383367153
			29.1268608050804	-17.6170529062986
			29.1268608050804	-17.6058674758819
			29.1268608050804	-17.5946820454652
			29.1380462354971	-17.5946820454652
			29.1380462354971	-17.5834966150485
			29.1380462354971	-17.5723111846318
			29.1492316659137	-17.5611257542151
			29.1492316659137	-17.5499403237984
			29.1604170963304	-17.5387548933817
			29.1716025267471	-17.527569462965
			29.1716025267471	-17.5163840325483
			29.1827879571638	-17.5051986021316
			29.1827879571638	-17.4940131717149
			29.1939733875805	-17.4828277412982
			29.1939733875805	-17.4716423108815
			29.2051588179972	-17.4604568804648
			29.2051588179972	-17.4492714500481
			29.2163442484139	-17.4380860196314
			29.2275296788306	-17.4269005892147
			29.2275296788306	-17.415715158798
			29.2387151092473	-17.4045297283813
			29.2387151092473	-17.3933442979647
			29.249900539664	-17.3933442979647
			29.249900539664	-17.382158867548
			29.249900539664	-17.3709734371313
			29.2610859700807	-17.3597880067146
			29.2610859700807	-17.3486025762979
			29.2722714004974	-17.3374171458812
			29.2722714004974	-17.3262317154645
			29.2722714004974	-17.3150462850478
			29.2834568309141	-17.3038608546311
			29.2834568309141	-17.2926754242144
			29.2946422613308	-17.2814899937977
			29.2946422613308	-17.270304563381
			29.3058276917475	-17.2591191329643
			29.3058276917475	-17.2479337025476
			29.3170131221642	-17.2367482721309
			29.3281985525809	-17.2255628417142
			29.3281985525809	-17.2143774112975
			29.3393839829976	-17.2143774112975
			29.3505694134143	-17.2031919808808
			29.361754843831	-17.1920065504641
			29.361754843831	-17.1808211200474
			29.3729402742477	-17.1808211200474
			29.3841257046644	-17.1696356896307
			29.3953111350811	-17.158450259214
			29.4064965654978	-17.158450259214
			29.4176819959145	-17.1472648287973
			29.4288674263312	-17.1472648287973
			29.4400528567479	-17.1472648287973
			29.4512382871646	-17.1472648287973
			29.4624237175813	-17.1360793983806
			29.473609147998	-17.1360793983806
			29.4847945784147	-17.1360793983806
			29.4959800088314	-17.1360793983806
			29.5071654392481	-17.1360793983806
			29.5183508696648	-17.1360793983806
			29.5295363000815	-17.1248939679639
			29.5407217304982	-17.1248939679639
			29.5519071609149	-17.1248939679639
			29.5630925913316	-17.1248939679639
			29.5742780217483	-17.1248939679639
			29.585463452165	-17.1248939679639
			29.5966488825817	-17.1248939679639
			29.6078343129983	-17.1248939679639
			29.619019743415	-17.1248939679639
			29.6302051738317	-17.1248939679639
			29.6413906042484	-17.1248939679639
			29.6525760346651	-17.1137085375472
			29.6637614650818	-17.1137085375472
			29.6749468954985	-17.1137085375472
			29.6861323259152	-17.1137085375472
			29.6973177563319	-17.1137085375472
			29.7085031867486	-17.1137085375472
			29.7196886171653	-17.1025231071305
			29.730874047582	-17.1025231071305
			29.7420594779987	-17.1025231071305
		</Outline2>
		<Outline3 type=matrix rownames=FALSE colnames=FALSE nrow=117 ncol=2 as.numeric=TRUE >
			29.7420594779987	-17.1025231071305
			29.7532449084154	-17.1025231071305
			29.7644303388321	-17.1025231071305
			29.7756157692488	-17.1025231071305
			29.7868011996655	-17.0913376767138
			29.7979866300822	-17.0913376767138
			29.8091720604989	-17.0913376767138
			29.8203574909156	-17.0913376767138
			29.8315429213323	-17.0913376767138
			29.842728351749	-17.0913376767138
			29.8539137821657	-17.0913376767138
			29.8650992125824	-17.0913376767138
			29.8650992125824	-17.0801522462971
			29.8762846429991	-17.0801522462971
			29.8874700734158	-17.0801522462971
			29.8986555038325	-17.0801522462971
			29.9098409342492	-17.0801522462971
			29.9210263646659	-17.0801522462971
			29.9322117950826	-17.0801522462971
			29.9433972254993	-17.0801522462971
			29.954582655916	-17.0801522462971
			29.9657680863327	-17.0801522462971
			29.9769535167494	-17.0801522462971
			29.9881389471661	-17.0689668158804
			29.9993243775828	-17.0689668158804
			30.0105098079995	-17.0689668158804
			30.0216952384162	-17.0689668158804
			30.0328806688329	-17.0689668158804
			30.0440660992496	-17.0689668158804
			30.0552515296663	-17.0689668158804
			30.0664369600829	-17.0689668158804
			30.0776223904996	-17.0689668158804
			30.0888078209163	-17.0689668158804
			30.099993251333	-17.0689668158804
			30.1111786817497	-17.0689668158804
			30.1223641121664	-17.0689668158804
			30.1335495425831	-17.0689668158804
			30.1447349729998	-17.0689668158804
			30.1559204034165	-17.0689668158804
			30.1671058338332	-17.0689668158804
			30.1782912642499	-17.0689668158804
			30.1894766946666	-17.0689668158804
			30.2006621250833	-17.0689668158804
			30.2118475555	-17.0689668158804
			30.2230329859167	-17.0689668158804
			30.2342184163334	-17.0689668158804
			30.2454038467501	-17.0689668158804
			30.2565892771668	-17.0689668158804
			30.2565892771668	-17.0801522462971
			30.2677747075835	-17.0801522462971
			30.2789601380002	-17.0801522462971
			30.2901455684169	-17.0801522462971
			30.3013309988336	-17.0801522462971
			30.3125164292503	-17.0801522462971
			30.323701859667	-17.0801522462971
			30.3348872900837	-17.0801522462971
			30.3460727205004	-17.0801522462971
			30.3572581509171	-17.0801522462971
			30.3684435813338	-17.0801522462971
			30.3796290117505	-17.0801522462971
			30.3908144421672	-17.0801522462971
			30.4019998725839	-17.0913376767138
			30.4131853030006	-17.0913376767138
			30.4243707334173	-17.0913376767138
			30.435556163834	-17.0913376767138
			30.4467415942507	-17.1025231071305
			30.4579270246674	-17.1025231071305
			30.4691124550841	-17.1137085375472
			30.4802978855008	-17.1137085375472
			30.4914833159175	-17.1248939679639
			30.5026687463342	-17.1248939679639
			30.5026687463342	-17.1360793983806
			30.5138541767508	-17.1360793983806
			30.5250396071675	-17.1472648287973
			30.5362250375842	-17.1472648287973
			30.5474104680009	-17.158450259214
			30.5585958984176	-17.1696356896307
			30.5697813288343	-17.1696356896307
			30.580966759251	-17.1808211200474
			30.5921521896677	-17.1920065504641
			30.6033376200844	-17.1920065504641
			30.6033376200844	-17.2031919808808
			30.6145230505011	-17.2031919808808
			30.6257084809178	-17.2143774112975
			30.6368939113345	-17.2255628417142
			30.6480793417512	-17.2255628417142
			30.6480793417512	-17.2367482721309
			30.6592647721679	-17.2367482721309
			30.6704502025846	-17.2479337025476
			30.6816356330013	-17.2479337025476
			30.692821063418	-17.2591191329643
			30.7040064938347	-17.270304563381
			30.7151919242514	-17.2814899937977
			30.7263773546681	-17.2926754242144
			30.7375627850848	-17.3038608546311
			30.7375627850848	-17.3150462850478
			30.7487482155015	-17.3262317154645
			30.7487482155015	-17.3374171458812
			30.7599336459182	-17.3486025762979
			30.7711190763349	-17.3597880067146
			30.7711190763349	-17.3709734371313
			30.7823045067516	-17.382158867548
			30.7934899371683	-17.382158867548
			30.7934899371683	-17.3933442979647
			30.804675367585	-17.4045297283813
			30.8158607980017	-17.415715158798
			30.8270462284184	-17.4269005892147
			30.8270462284184	-17.4380860196314
			30.8382316588351	-17.4380860196314
			30.8382316588351	-17.4492714500481
			30.8494170892518	-17.4604568804648
			30.8494170892518	-17.4716423108815
			30.8606025196685	-17.4828277412982
			30.8606025196685	-17.4940131717149
			30.8717879500852	-17.5051986021316
			30.8717879500852	-17.5163840325483
			30.8829733805019	-17.527569462965
		</Outline3>
		<Outline4 type=matrix rownames=FALSE colnames=FALSE nrow=119 ncol=2 as.numeric=TRUE >
			30.8829733805019	-17.527569462965
			30.8829733805019	-17.5387548933817
			30.8941588109186	-17.5499403237984
			30.8941588109186	-17.5611257542151
			30.9053442413353	-17.5723111846318
			30.9053442413353	-17.5834966150485
			30.9053442413353	-17.5946820454652
			30.916529671752	-17.6058674758819
			30.916529671752	-17.6170529062986
			30.916529671752	-17.6282383367153
			30.916529671752	-17.639423767132
			30.9277151021687	-17.6506091975487
			30.9277151021687	-17.6617946279654
			30.9277151021687	-17.6729800583821
			30.9277151021687	-17.6841654887988
			30.9389005325854	-17.6953509192155
			30.9389005325854	-17.7065363496322
			30.9389005325854	-17.7177217800489
			30.9389005325854	-17.7289072104656
			30.9389005325854	-17.7400926408823
			30.9389005325854	-17.751278071299
			30.9500859630021	-17.7624635017157
			30.9500859630021	-17.7736489321324
			30.9500859630021	-17.7848343625491
			30.9500859630021	-17.7960197929658
			30.9500859630021	-17.8072052233825
			30.9500859630021	-17.8183906537992
			30.9500859630021	-17.8295760842159
			30.9500859630021	-17.8407615146326
			30.9500859630021	-17.8519469450492
			30.9389005325854	-17.8631323754659
			30.9389005325854	-17.8743178058826
			30.9389005325854	-17.8855032362993
			30.9389005325854	-17.896688666716
			30.9389005325854	-17.9078740971327
			30.9389005325854	-17.9190595275494
			30.9277151021687	-17.9302449579661
			30.9277151021687	-17.9414303883828
			30.9277151021687	-17.9526158187995
			30.916529671752	-17.9638012492162
			30.916529671752	-17.9749866796329
			30.916529671752	-17.9861721100496
			30.9053442413353	-17.9973575404663
			30.9053442413353	-18.008542970883
			30.8941588109186	-18.0197284012997
			30.8941588109186	-18.0309138317164
			30.8941588109186	-18.0420992621331
			30.8829733805019	-18.0532846925498
			30.8829733805019	-18.0644701229665
			30.8829733805019	-18.0756555533832
			30.8829733805019	-18.0868409837999
			30.8829733805019	-18.0980264142166
			30.8717879500852	-18.1092118446333
			30.8717879500852	-18.12039727505
			30.8717879500852	-18.1315827054667
			30.8717879500852	-18.1427681358834
			30.8606025196685	-18.1539535663001
			30.8606025196685	-18.1651389967168
			30.8494170892518	-18.1763244271335
			30.8494170892518	-18.1875098575502
			30.8494170892518	-18.1986952879669
			30.8382316588351	-18.2098807183836
			30.8270462284184	-18.2210661488003
			30.8270462284184	-18.232251579217
			30.8158607980017	-18.2434370096337
			30.804675367585	-18.2546224400504
			30.7934899371683	-18.2658078704671
			30.7823045067516	-18.2769933008838
			30.7711190763349	-18.2881787313005
			30.7599336459182	-18.2993641617172
			30.7599336459182	-18.3105495921338
			30.7487482155015	-18.3105495921338
			30.7487482155015	-18.3217350225505
			30.7375627850848	-18.3329204529672
			30.7263773546681	-18.3441058833839
			30.7151919242514	-18.3552913138006
			30.7040064938347	-18.3552913138006
			30.692821063418	-18.3664767442173
			30.6816356330013	-18.377662174634
			30.6704502025846	-18.377662174634
			30.6592647721679	-18.377662174634
			30.6592647721679	-18.3888476050507
			30.6480793417512	-18.3888476050507
			30.6368939113345	-18.4000330354674
			30.6257084809178	-18.4000330354674
			30.6145230505011	-18.4000330354674
			30.6033376200844	-18.4000330354674
			30.5921521896677	-18.4000330354674
			30.580966759251	-18.4112184658841
			30.5697813288343	-18.4112184658841
			30.5585958984176	-18.4112184658841
			30.5474104680009	-18.4112184658841
			30.5362250375842	-18.4112184658841
			30.5250396071675	-18.4112184658841
			30.5138541767508	-18.4112184658841
			30.5026687463342	-18.4112184658841
			30.4914833159175	-18.4112184658841
			30.4802978855008	-18.4112184658841
			30.4691124550841	-18.4112184658841
			30.4579270246674	-18.4112184658841
			30.4467415942507	-18.4224038963008
			30.435556163834	-18.4224038963008
			30.4243707334173	-18.4224038963008
			30.4131853030006	-18.4335893267175
			30.4019998725839	-18.4335893267175
			30.3908144421672	-18.4447747571342
			30.3796290117505	-18.4447747571342
			30.3684435813338	-18.4559601875509
			30.3572581509171	-18.4671456179676
			30.3460727205004	-18.4783310483843
			30.3348872900837	-18.489516478801
			30.323701859667	-18.489516478801
			30.3125164292503	-18.5007019092177
			30.3013309988336	-18.5118873396344
			30.2901455684169	-18.5230727700511
			30.2789601380002	-18.5230727700511
			30.2677747075835	-18.5342582004678
			30.2565892771668	-18.5454436308845
			30.2454038467501	-18.5566290613012
		</Outline4>
	</curves.scaled>
	<ruler.points type=matrix rownames=TRUE colnames=FALSE nrow=2 ncol=2 as.numeric=TRUE >
		Ruler point 1	2916	2473
		Ruler point 2	2022	2467
	</ruler.points>
</shapes>

