<shapes type=list>
	<ruler.pixel type=vector names=FALSE length=1 as.numeric=TRUE >1055.03838792719</ruler.pixel>
	<ruler.interval type=vector names=FALSE length=1 as.numeric=TRUE >10</ruler.interval>
	<scaling.units type=vector names=FALSE length=1 as.numeric=FALSE >mm</scaling.units>
	<scaling type=vector names=FALSE length=1 as.numeric=TRUE >0.00947832810107203</scaling>
	<landmarks.pixel type=matrix rownames=TRUE colnames=FALSE nrow=4 ncol=2 as.numeric=TRUE >
		Labial	2459	1856
		Posterior	2373	1742
		Lingual	2475	1647
		Anterior	2561	1758
	</landmarks.pixel>
	<landmarks.scaled type=matrix rownames=TRUE colnames=FALSE nrow=4 ncol=2 as.numeric=TRUE >
		Labial	23.3072088005361	-17.5917769555897
		Posterior	22.4920725838439	-16.5112475520675
		Lingual	23.4588620501533	-15.6108063824656
		Anterior	24.2739982668455	-16.6629008016846
	</landmarks.scaled>
	<curves.control type=list>
		<Outline1 type=matrix rownames=FALSE colnames=FALSE nrow=19 ncol=2 as.numeric=TRUE >
			2459	1856
			2451	1855
			2443	1855
			2435	1856
			2428	1857
			2421	1857
			2413	1853
			2407	1849
			2400	1844
			2394	1839
			2389	1832
			2385	1825
			2382	1817
			2379	1809
			2376	1802
			2374	1795
			2372	1787
			2371	1780
			2373	1742
		</Outline1>
		<Outline2 type=matrix rownames=FALSE colnames=FALSE nrow=19 ncol=2 as.numeric=TRUE >
			2373	1742
			2373	1731
			2374	1720
			2376	1707
			2378	1695
			2380	1686
			2384	1678
			2391	1671
			2402	1663
			2409	1658
			2416	1654
			2423	1651
			2432	1651
			2440	1652
			2448	1652
			2457	1652
			2460	1651
			2465	1649
			2475	1647
		</Outline2>
		<Outline3 type=matrix rownames=FALSE colnames=FALSE nrow=25 ncol=2 as.numeric=TRUE >
			2475	1647
			2479	1646
			2486	1644
			2491	1642
			2500	1641
			2508	1640
			2517	1641
			2525	1643
			2532	1648
			2539	1654
			2542	1661
			2545	1666
			2549	1672
			2553	1678
			2556	1683
			2559	1688
			2562	1693
			2565	1697
			2566	1704
			2566	1711
			2565	1717
			2565	1726
			2565	1734
			2565	1743
			2561	1758
		</Outline3>
		<Outline4 type=matrix rownames=FALSE colnames=FALSE nrow=19 ncol=2 as.numeric=TRUE >
			2561	1758
			2556	1772
			2552	1782
			2549	1793
			2546	1803
			2542	1813
			2535	1824
			2529	1832
			2522	1840
			2515	1848
			2507	1854
			2499	1858
			2490	1861
			2483	1862
			2475	1861
			2470	1859
			2466	1857
			2463	1856
			2459	1856
		</Outline4>
	</curves.control>
	<curves.pixel type=list>
		<Outline1 type=matrix rownames=FALSE colnames=FALSE nrow=170 ncol=2 as.numeric=TRUE >
			2459	1856
			2458	1856
			2457	1856
			2456	1856
			2455	1856
			2454	1855
			2453	1855
			2452	1855
			2451	1855
			2450	1855
			2449	1855
			2448	1855
			2447	1855
			2446	1855
			2445	1855
			2444	1855
			2443	1855
			2442	1855
			2441	1855
			2440	1855
			2439	1856
			2438	1856
			2437	1856
			2436	1856
			2435	1856
			2434	1856
			2433	1856
			2432	1856
			2431	1857
			2430	1857
			2429	1857
			2428	1857
			2427	1857
			2426	1857
			2425	1857
			2424	1857
			2423	1856
			2422	1856
			2421	1856
			2420	1856
			2419	1856
			2419	1855
			2418	1855
			2417	1855
			2416	1854
			2415	1854
			2414	1854
			2413	1853
			2412	1852
			2411	1851
			2410	1851
			2409	1850
			2408	1850
			2407	1849
			2406	1848
			2405	1847
			2404	1847
			2403	1846
			2402	1845
			2401	1845
			2400	1844
			2399	1843
			2398	1842
			2397	1841
			2396	1840
			2395	1839
			2394	1838
			2393	1837
			2392	1836
			2391	1835
			2391	1834
			2390	1833
			2389	1833
			2389	1832
			2388	1831
			2388	1830
			2388	1829
			2387	1829
			2387	1828
			2386	1827
			2386	1826
			2386	1825
			2385	1824
			2384	1823
			2384	1822
			2383	1821
			2383	1820
			2383	1819
			2382	1818
			2382	1817
			2382	1816
			2381	1816
			2381	1815
			2381	1814
			2380	1813
			2380	1812
			2380	1811
			2379	1810
			2379	1809
			2379	1808
			2378	1808
			2378	1807
			2378	1806
			2377	1806
			2377	1805
			2377	1804
			2377	1803
			2376	1803
			2376	1802
			2376	1801
			2375	1800
			2375	1799
			2375	1798
			2375	1797
			2374	1796
			2374	1795
			2374	1794
			2374	1793
			2373	1793
			2373	1792
			2373	1791
			2373	1790
			2372	1789
			2372	1788
			2372	1787
			2372	1786
			2372	1785
			2372	1784
			2372	1783
			2372	1782
			2372	1781
			2372	1780
			2372	1779
			2372	1778
			2372	1777
			2372	1776
			2372	1775
			2372	1774
			2372	1773
			2372	1772
			2372	1771
			2372	1770
			2372	1769
			2372	1768
			2372	1767
			2372	1766
			2372	1765
			2372	1764
			2372	1763
			2372	1762
			2372	1761
			2372	1760
			2372	1759
			2372	1758
			2372	1757
			2372	1756
			2372	1755
			2372	1754
			2372	1753
			2373	1752
			2373	1751
			2373	1750
			2373	1749
			2373	1748
			2373	1747
			2373	1746
			2373	1745
			2373	1744
			2373	1743
			2373	1742
		</Outline1>
		<Outline2 type=matrix rownames=FALSE colnames=FALSE nrow=169 ncol=2 as.numeric=TRUE >
			2373	1742
			2373	1741
			2373	1740
			2373	1739
			2373	1738
			2373	1737
			2373	1736
			2373	1735
			2373	1734
			2373	1733
			2373	1732
			2373	1731
			2373	1730
			2373	1729
			2373	1728
			2373	1727
			2374	1726
			2374	1725
			2374	1724
			2374	1723
			2374	1722
			2374	1721
			2374	1720
			2374	1719
			2374	1718
			2374	1717
			2375	1716
			2375	1715
			2375	1714
			2375	1713
			2375	1712
			2375	1711
			2376	1710
			2376	1709
			2376	1708
			2376	1707
			2376	1706
			2376	1705
			2377	1704
			2377	1703
			2377	1702
			2377	1701
			2377	1700
			2377	1699
			2378	1698
			2378	1697
			2378	1696
			2378	1695
			2378	1694
			2378	1693
			2379	1693
			2379	1692
			2379	1691
			2379	1690
			2380	1689
			2380	1688
			2380	1687
			2381	1686
			2381	1685
			2381	1684
			2382	1683
			2382	1682
			2383	1681
			2383	1680
			2383	1679
			2384	1678
			2385	1677
			2386	1676
			2387	1675
			2388	1674
			2389	1674
			2389	1673
			2390	1672
			2391	1672
			2392	1671
			2392	1670
			2393	1670
			2394	1669
			2395	1668
			2396	1668
			2396	1667
			2397	1667
			2398	1666
			2399	1665
			2400	1665
			2401	1664
			2402	1663
			2403	1662
			2404	1661
			2405	1661
			2406	1660
			2407	1660
			2407	1659
			2408	1659
			2409	1658
			2410	1658
			2410	1657
			2411	1657
			2412	1657
			2412	1656
			2413	1656
			2414	1655
			2415	1655
			2415	1654
			2416	1654
			2417	1654
			2417	1653
			2418	1653
			2419	1653
			2420	1653
			2420	1652
			2421	1652
			2422	1652
			2423	1652
			2424	1652
			2425	1651
			2426	1651
			2427	1651
			2428	1651
			2429	1651
			2430	1651
			2431	1651
			2432	1651
			2433	1651
			2434	1651
			2435	1651
			2436	1651
			2437	1652
			2438	1652
			2439	1652
			2440	1652
			2441	1652
			2442	1652
			2443	1652
			2444	1652
			2445	1652
			2446	1652
			2447	1652
			2448	1652
			2449	1652
			2450	1652
			2451	1652
			2452	1652
			2453	1652
			2454	1652
			2455	1652
			2456	1652
			2457	1652
			2458	1652
			2458	1651
			2459	1651
			2460	1651
			2461	1650
			2462	1650
			2463	1650
			2464	1650
			2464	1649
			2465	1649
			2466	1649
			2467	1649
			2468	1649
			2468	1648
			2469	1648
			2470	1648
			2471	1648
			2472	1648
			2473	1647
			2474	1647
			2475	1647
		</Outline2>
		<Outline3 type=matrix rownames=FALSE colnames=FALSE nrow=172 ncol=2 as.numeric=TRUE >
			2475	1647
			2476	1647
			2477	1647
			2478	1646
			2479	1646
			2480	1646
			2481	1645
			2482	1645
			2483	1645
			2484	1645
			2485	1644
			2486	1644
			2487	1644
			2488	1643
			2489	1643
			2490	1643
			2491	1642
			2492	1642
			2493	1642
			2494	1642
			2495	1642
			2496	1642
			2497	1641
			2498	1641
			2499	1641
			2500	1641
			2501	1641
			2502	1641
			2503	1641
			2504	1641
			2505	1641
			2506	1641
			2507	1641
			2508	1641
			2509	1641
			2510	1641
			2511	1641
			2512	1641
			2513	1641
			2514	1641
			2515	1641
			2516	1641
			2517	1641
			2518	1641
			2519	1641
			2520	1642
			2521	1642
			2522	1643
			2523	1643
			2524	1643
			2524	1644
			2525	1644
			2526	1644
			2527	1645
			2528	1645
			2529	1646
			2530	1647
			2531	1647
			2532	1648
			2533	1648
			2533	1649
			2534	1650
			2535	1651
			2536	1652
			2537	1653
			2538	1654
			2539	1655
			2539	1656
			2540	1657
			2541	1658
			2541	1659
			2542	1660
			2542	1661
			2542	1662
			2543	1663
			2544	1664
			2544	1665
			2545	1666
			2546	1667
			2546	1668
			2547	1669
			2548	1670
			2548	1671
			2549	1672
			2550	1673
			2550	1674
			2551	1675
			2552	1676
			2552	1677
			2553	1678
			2553	1679
			2554	1680
			2554	1681
			2555	1681
			2556	1682
			2556	1683
			2557	1684
			2557	1685
			2558	1686
			2558	1687
			2559	1687
			2559	1688
			2560	1689
			2560	1690
			2561	1691
			2561	1692
			2562	1693
			2563	1694
			2563	1695
			2564	1696
			2564	1697
			2565	1698
			2565	1699
			2565	1700
			2565	1701
			2566	1702
			2566	1703
			2566	1704
			2566	1705
			2566	1706
			2566	1707
			2566	1708
			2566	1709
			2566	1710
			2566	1711
			2566	1712
			2566	1713
			2565	1714
			2565	1715
			2565	1716
			2565	1717
			2565	1718
			2565	1719
			2565	1720
			2565	1721
			2565	1722
			2565	1723
			2565	1724
			2565	1725
			2565	1726
			2565	1727
			2565	1728
			2565	1729
			2565	1730
			2565	1731
			2565	1732
			2565	1733
			2565	1734
			2565	1735
			2565	1736
			2565	1737
			2565	1738
			2565	1739
			2565	1740
			2565	1741
			2564	1742
			2564	1743
			2564	1744
			2564	1745
			2564	1746
			2563	1747
			2563	1748
			2563	1749
			2563	1750
			2563	1751
			2562	1752
			2562	1753
			2562	1754
			2562	1755
			2562	1756
			2561	1757
			2561	1758
		</Outline3>
		<Outline4 type=matrix rownames=FALSE colnames=FALSE nrow=153 ncol=2 as.numeric=TRUE >
			2561	1758
			2561	1759
			2560	1760
			2560	1761
			2560	1762
			2559	1763
			2559	1764
			2558	1765
			2558	1766
			2558	1767
			2557	1768
			2557	1769
			2557	1770
			2556	1771
			2556	1772
			2555	1773
			2555	1774
			2555	1775
			2554	1776
			2554	1777
			2554	1778
			2553	1778
			2553	1779
			2553	1780
			2552	1781
			2552	1782
			2552	1783
			2551	1784
			2551	1785
			2551	1786
			2550	1787
			2550	1788
			2550	1789
			2550	1790
			2550	1791
			2549	1792
			2549	1793
			2549	1794
			2548	1795
			2548	1796
			2548	1797
			2548	1798
			2547	1799
			2547	1800
			2547	1801
			2546	1802
			2546	1803
			2545	1804
			2545	1805
			2545	1806
			2544	1807
			2544	1808
			2543	1809
			2543	1810
			2542	1811
			2542	1812
			2541	1813
			2541	1814
			2540	1815
			2540	1816
			2539	1817
			2538	1818
			2538	1819
			2538	1820
			2537	1821
			2536	1822
			2536	1823
			2535	1824
			2534	1825
			2533	1826
			2532	1827
			2532	1828
			2531	1829
			2530	1830
			2530	1831
			2529	1832
			2528	1832
			2528	1833
			2527	1834
			2526	1835
			2526	1836
			2525	1836
			2524	1837
			2524	1838
			2523	1839
			2522	1840
			2522	1841
			2521	1841
			2520	1842
			2519	1843
			2519	1844
			2518	1844
			2517	1845
			2516	1846
			2516	1847
			2515	1847
			2514	1848
			2513	1849
			2512	1850
			2511	1851
			2510	1852
			2509	1852
			2508	1853
			2507	1854
			2506	1854
			2505	1855
			2504	1855
			2503	1856
			2502	1856
			2501	1857
			2500	1857
			2499	1858
			2498	1858
			2497	1859
			2496	1859
			2495	1859
			2494	1860
			2493	1860
			2492	1860
			2491	1861
			2490	1861
			2489	1861
			2488	1861
			2487	1861
			2486	1861
			2485	1861
			2484	1861
			2483	1861
			2482	1861
			2481	1861
			2480	1861
			2479	1861
			2478	1861
			2477	1861
			2476	1861
			2475	1861
			2474	1861
			2474	1860
			2473	1860
			2472	1860
			2471	1859
			2470	1859
			2469	1858
			2468	1858
			2467	1857
			2466	1857
			2465	1857
			2464	1856
			2463	1856
			2462	1856
			2461	1856
			2460	1856
			2459	1856
		</Outline4>
	</curves.pixel>
	<curves.scaled type=list>
		<Outline1 type=matrix rownames=FALSE colnames=FALSE nrow=170 ncol=2 as.numeric=TRUE >
			23.3072088005361	-17.5917769555897
			23.297730472435	-17.5917769555897
			23.288252144334	-17.5917769555897
			23.2787738162329	-17.5917769555897
			23.2692954881318	-17.5917769555897
			23.2598171600308	-17.5822986274886
			23.2503388319297	-17.5822986274886
			23.2408605038286	-17.5822986274886
			23.2313821757275	-17.5822986274886
			23.2219038476265	-17.5822986274886
			23.2124255195254	-17.5822986274886
			23.2029471914243	-17.5822986274886
			23.1934688633233	-17.5822986274886
			23.1839905352222	-17.5822986274886
			23.1745122071211	-17.5822986274886
			23.16503387902	-17.5822986274886
			23.155555550919	-17.5822986274886
			23.1460772228179	-17.5822986274886
			23.1365988947168	-17.5822986274886
			23.1271205666158	-17.5822986274886
			23.1176422385147	-17.5917769555897
			23.1081639104136	-17.5917769555897
			23.0986855823125	-17.5917769555897
			23.0892072542115	-17.5917769555897
			23.0797289261104	-17.5917769555897
			23.0702505980093	-17.5917769555897
			23.0607722699082	-17.5917769555897
			23.0512939418072	-17.5917769555897
			23.0418156137061	-17.6012552836908
			23.032337285605	-17.6012552836908
			23.022858957504	-17.6012552836908
			23.0133806294029	-17.6012552836908
			23.0039023013018	-17.6012552836908
			22.9944239732007	-17.6012552836908
			22.9849456450997	-17.6012552836908
			22.9754673169986	-17.6012552836908
			22.9659889888975	-17.5917769555897
			22.9565106607965	-17.5917769555897
			22.9470323326954	-17.5917769555897
			22.9375540045943	-17.5917769555897
			22.9280756764932	-17.5917769555897
			22.9280756764932	-17.5822986274886
			22.9185973483922	-17.5822986274886
			22.9091190202911	-17.5822986274886
			22.89964069219	-17.5728202993875
			22.890162364089	-17.5728202993875
			22.8806840359879	-17.5728202993875
			22.8712057078868	-17.5633419712865
			22.8617273797857	-17.5538636431854
			22.8522490516847	-17.5443853150843
			22.8427707235836	-17.5443853150843
			22.8332923954825	-17.5349069869833
			22.8238140673814	-17.5349069869833
			22.8143357392804	-17.5254286588822
			22.8048574111793	-17.5159503307811
			22.7953790830782	-17.50647200268
			22.7859007549772	-17.50647200268
			22.7764224268761	-17.496993674579
			22.766944098775	-17.4875153464779
			22.7574657706739	-17.4875153464779
			22.7479874425729	-17.4780370183768
			22.7385091144718	-17.4685586902758
			22.7290307863707	-17.4590803621747
			22.7195524582697	-17.4496020340736
			22.7100741301686	-17.4401237059725
			22.7005958020675	-17.4306453778715
			22.6911174739664	-17.4211670497704
			22.6816391458654	-17.4116887216693
			22.6721608177643	-17.4022103935682
			22.6626824896632	-17.3927320654672
			22.6626824896632	-17.3832537373661
			22.6532041615622	-17.373775409265
			22.6437258334611	-17.373775409265
			22.6437258334611	-17.364297081164
			22.63424750536	-17.3548187530629
			22.63424750536	-17.3453404249618
			22.63424750536	-17.3358620968607
			22.6247691772589	-17.3358620968607
			22.6247691772589	-17.3263837687597
			22.6152908491579	-17.3169054406586
			22.6152908491579	-17.3074271125575
			22.6152908491579	-17.2979487844565
			22.6058125210568	-17.2884704563554
			22.5963341929557	-17.2789921282543
			22.5963341929557	-17.2695138001532
			22.5868558648546	-17.2600354720522
			22.5868558648546	-17.2505571439511
			22.5868558648546	-17.24107881585
			22.5773775367536	-17.231600487749
			22.5773775367536	-17.2221221596479
			22.5773775367536	-17.2126438315468
			22.5678992086525	-17.2126438315468
			22.5678992086525	-17.2031655034457
			22.5678992086525	-17.1936871753447
			22.5584208805514	-17.1842088472436
			22.5584208805514	-17.1747305191425
			22.5584208805514	-17.1652521910414
			22.5489425524504	-17.1557738629404
			22.5489425524504	-17.1462955348393
			22.5489425524504	-17.1368172067382
			22.5394642243493	-17.1368172067382
			22.5394642243493	-17.1273388786372
			22.5394642243493	-17.1178605505361
			22.5299858962482	-17.1178605505361
			22.5299858962482	-17.108382222435
			22.5299858962482	-17.0989038943339
			22.5299858962482	-17.0894255662329
			22.5205075681471	-17.0894255662329
			22.5205075681471	-17.0799472381318
			22.5205075681471	-17.0704689100307
			22.5110292400461	-17.0609905819297
			22.5110292400461	-17.0515122538286
			22.5110292400461	-17.0420339257275
			22.5110292400461	-17.0325555976264
			22.501550911945	-17.0230772695254
			22.501550911945	-17.0135989414243
			22.501550911945	-17.0041206133232
			22.501550911945	-16.9946422852221
			22.4920725838439	-16.9946422852221
			22.4920725838439	-16.9851639571211
			22.4920725838439	-16.97568562902
			22.4920725838439	-16.9662073009189
			22.4825942557429	-16.9567289728179
			22.4825942557429	-16.9472506447168
			22.4825942557429	-16.9377723166157
			22.4825942557429	-16.9282939885146
			22.4825942557429	-16.9188156604136
			22.4825942557429	-16.9093373323125
			22.4825942557429	-16.8998590042114
			22.4825942557429	-16.8903806761104
			22.4825942557429	-16.8809023480093
			22.4825942557429	-16.8714240199082
			22.4825942557429	-16.8619456918071
			22.4825942557429	-16.8524673637061
			22.4825942557429	-16.842989035605
			22.4825942557429	-16.8335107075039
			22.4825942557429	-16.8240323794029
			22.4825942557429	-16.8145540513018
			22.4825942557429	-16.8050757232007
			22.4825942557429	-16.7955973950996
			22.4825942557429	-16.7861190669986
			22.4825942557429	-16.7766407388975
			22.4825942557429	-16.7671624107964
			22.4825942557429	-16.7576840826953
			22.4825942557429	-16.7482057545943
			22.4825942557429	-16.7387274264932
			22.4825942557429	-16.7292490983921
			22.4825942557429	-16.7197707702911
			22.4825942557429	-16.71029244219
			22.4825942557429	-16.7008141140889
			22.4825942557429	-16.6913357859878
			22.4825942557429	-16.6818574578868
			22.4825942557429	-16.6723791297857
			22.4825942557429	-16.6629008016846
			22.4825942557429	-16.6534224735836
			22.4825942557429	-16.6439441454825
			22.4825942557429	-16.6344658173814
			22.4825942557429	-16.6249874892803
			22.4825942557429	-16.6155091611793
			22.4920725838439	-16.6060308330782
			22.4920725838439	-16.5965525049771
			22.4920725838439	-16.5870741768761
			22.4920725838439	-16.577595848775
			22.4920725838439	-16.5681175206739
			22.4920725838439	-16.5586391925728
			22.4920725838439	-16.5491608644718
			22.4920725838439	-16.5396825363707
			22.4920725838439	-16.5302042082696
			22.4920725838439	-16.5207258801685
			22.4920725838439	-16.5112475520675
		</Outline1>
		<Outline2 type=matrix rownames=FALSE colnames=FALSE nrow=169 ncol=2 as.numeric=TRUE >
			22.4920725838439	-16.5112475520675
			22.4920725838439	-16.5017692239664
			22.4920725838439	-16.4922908958653
			22.4920725838439	-16.4828125677643
			22.4920725838439	-16.4733342396632
			22.4920725838439	-16.4638559115621
			22.4920725838439	-16.454377583461
			22.4920725838439	-16.44489925536
			22.4920725838439	-16.4354209272589
			22.4920725838439	-16.4259425991578
			22.4920725838439	-16.4164642710568
			22.4920725838439	-16.4069859429557
			22.4920725838439	-16.3975076148546
			22.4920725838439	-16.3880292867535
			22.4920725838439	-16.3785509586525
			22.4920725838439	-16.3690726305514
			22.501550911945	-16.3595943024503
			22.501550911945	-16.3501159743493
			22.501550911945	-16.3406376462482
			22.501550911945	-16.3311593181471
			22.501550911945	-16.321680990046
			22.501550911945	-16.312202661945
			22.501550911945	-16.3027243338439
			22.501550911945	-16.2932460057428
			22.501550911945	-16.2837676776417
			22.501550911945	-16.2742893495407
			22.5110292400461	-16.2648110214396
			22.5110292400461	-16.2553326933385
			22.5110292400461	-16.2458543652375
			22.5110292400461	-16.2363760371364
			22.5110292400461	-16.2268977090353
			22.5110292400461	-16.2174193809342
			22.5205075681471	-16.2079410528332
			22.5205075681471	-16.1984627247321
			22.5205075681471	-16.188984396631
			22.5205075681471	-16.17950606853
			22.5205075681471	-16.1700277404289
			22.5205075681471	-16.1605494123278
			22.5299858962482	-16.1510710842267
			22.5299858962482	-16.1415927561257
			22.5299858962482	-16.1321144280246
			22.5299858962482	-16.1226360999235
			22.5299858962482	-16.1131577718225
			22.5299858962482	-16.1036794437214
			22.5394642243493	-16.0942011156203
			22.5394642243493	-16.0847227875192
			22.5394642243493	-16.0752444594182
			22.5394642243493	-16.0657661313171
			22.5394642243493	-16.056287803216
			22.5394642243493	-16.0468094751149
			22.5489425524504	-16.0468094751149
			22.5489425524504	-16.0373311470139
			22.5489425524504	-16.0278528189128
			22.5489425524504	-16.0183744908117
			22.5584208805514	-16.0088961627107
			22.5584208805514	-15.9994178346096
			22.5584208805514	-15.9899395065085
			22.5678992086525	-15.9804611784074
			22.5678992086525	-15.9709828503064
			22.5678992086525	-15.9615045222053
			22.5773775367536	-15.9520261941042
			22.5773775367536	-15.9425478660032
			22.5868558648546	-15.9330695379021
			22.5868558648546	-15.923591209801
			22.5868558648546	-15.9141128816999
			22.5963341929557	-15.9046345535989
			22.6058125210568	-15.8951562254978
			22.6152908491579	-15.8856778973967
			22.6247691772589	-15.8761995692957
			22.63424750536	-15.8667212411946
			22.6437258334611	-15.8667212411946
			22.6437258334611	-15.8572429130935
			22.6532041615622	-15.8477645849924
			22.6626824896632	-15.8477645849924
			22.6721608177643	-15.8382862568914
			22.6721608177643	-15.8288079287903
			22.6816391458654	-15.8288079287903
			22.6911174739664	-15.8193296006892
			22.7005958020675	-15.8098512725881
			22.7100741301686	-15.8098512725881
			22.7100741301686	-15.8003729444871
			22.7195524582697	-15.8003729444871
			22.7290307863707	-15.790894616386
			22.7385091144718	-15.7814162882849
			22.7479874425729	-15.7814162882849
			22.7574657706739	-15.7719379601839
			22.766944098775	-15.7624596320828
			22.7764224268761	-15.7529813039817
			22.7859007549772	-15.7435029758806
			22.7953790830782	-15.7435029758806
			22.8048574111793	-15.7340246477796
			22.8143357392804	-15.7340246477796
			22.8143357392804	-15.7245463196785
			22.8238140673814	-15.7245463196785
			22.8332923954825	-15.7150679915774
			22.8427707235836	-15.7150679915774
			22.8427707235836	-15.7055896634764
			22.8522490516847	-15.7055896634764
			22.8617273797857	-15.7055896634764
			22.8617273797857	-15.6961113353753
			22.8712057078868	-15.6961113353753
			22.8806840359879	-15.6866330072742
			22.890162364089	-15.6866330072742
			22.890162364089	-15.6771546791731
			22.89964069219	-15.6771546791731
			22.9091190202911	-15.6771546791731
			22.9091190202911	-15.6676763510721
			22.9185973483922	-15.6676763510721
			22.9280756764932	-15.6676763510721
			22.9375540045943	-15.6676763510721
			22.9375540045943	-15.658198022971
			22.9470323326954	-15.658198022971
			22.9565106607965	-15.658198022971
			22.9659889888975	-15.658198022971
			22.9754673169986	-15.658198022971
			22.9849456450997	-15.6487196948699
			22.9944239732007	-15.6487196948699
			23.0039023013018	-15.6487196948699
			23.0133806294029	-15.6487196948699
			23.022858957504	-15.6487196948699
			23.032337285605	-15.6487196948699
			23.0418156137061	-15.6487196948699
			23.0512939418072	-15.6487196948699
			23.0607722699082	-15.6487196948699
			23.0702505980093	-15.6487196948699
			23.0797289261104	-15.6487196948699
			23.0892072542115	-15.6487196948699
			23.0986855823125	-15.658198022971
			23.1081639104136	-15.658198022971
			23.1176422385147	-15.658198022971
			23.1271205666158	-15.658198022971
			23.1365988947168	-15.658198022971
			23.1460772228179	-15.658198022971
			23.155555550919	-15.658198022971
			23.16503387902	-15.658198022971
			23.1745122071211	-15.658198022971
			23.1839905352222	-15.658198022971
			23.1934688633233	-15.658198022971
			23.2029471914243	-15.658198022971
			23.2124255195254	-15.658198022971
			23.2219038476265	-15.658198022971
			23.2313821757275	-15.658198022971
			23.2408605038286	-15.658198022971
			23.2503388319297	-15.658198022971
			23.2598171600308	-15.658198022971
			23.2692954881318	-15.658198022971
			23.2787738162329	-15.658198022971
			23.288252144334	-15.658198022971
			23.297730472435	-15.658198022971
			23.297730472435	-15.6487196948699
			23.3072088005361	-15.6487196948699
			23.3166871286372	-15.6487196948699
			23.3261654567383	-15.6392413667689
			23.3356437848393	-15.6392413667689
			23.3451221129404	-15.6392413667689
			23.3546004410415	-15.6392413667689
			23.3546004410415	-15.6297630386678
			23.3640787691426	-15.6297630386678
			23.3735570972436	-15.6297630386678
			23.3830354253447	-15.6297630386678
			23.3925137534458	-15.6297630386678
			23.3925137534458	-15.6202847105667
			23.4019920815468	-15.6202847105667
			23.4114704096479	-15.6202847105667
			23.420948737749	-15.6202847105667
			23.4304270658501	-15.6202847105667
			23.4399053939511	-15.6108063824656
			23.4493837220522	-15.6108063824656
			23.4588620501533	-15.6108063824656
		</Outline2>
		<Outline3 type=matrix rownames=FALSE colnames=FALSE nrow=172 ncol=2 as.numeric=TRUE >
			23.4588620501533	-15.6108063824656
			23.4683403782543	-15.6108063824656
			23.4778187063554	-15.6108063824656
			23.4872970344565	-15.6013280543646
			23.4967753625576	-15.6013280543646
			23.5062536906586	-15.6013280543646
			23.5157320187597	-15.5918497262635
			23.5252103468608	-15.5918497262635
			23.5346886749619	-15.5918497262635
			23.5441670030629	-15.5918497262635
			23.553645331164	-15.5823713981624
			23.5631236592651	-15.5823713981624
			23.5726019873661	-15.5823713981624
			23.5820803154672	-15.5728930700613
			23.5915586435683	-15.5728930700613
			23.6010369716694	-15.5728930700613
			23.6105152997704	-15.5634147419603
			23.6199936278715	-15.5634147419603
			23.6294719559726	-15.5634147419603
			23.6389502840736	-15.5634147419603
			23.6484286121747	-15.5634147419603
			23.6579069402758	-15.5634147419603
			23.6673852683769	-15.5539364138592
			23.6768635964779	-15.5539364138592
			23.686341924579	-15.5539364138592
			23.6958202526801	-15.5539364138592
			23.7052985807811	-15.5539364138592
			23.7147769088822	-15.5539364138592
			23.7242552369833	-15.5539364138592
			23.7337335650844	-15.5539364138592
			23.7432118931854	-15.5539364138592
			23.7526902212865	-15.5539364138592
			23.7621685493876	-15.5539364138592
			23.7716468774887	-15.5539364138592
			23.7811252055897	-15.5539364138592
			23.7906035336908	-15.5539364138592
			23.8000818617919	-15.5539364138592
			23.8095601898929	-15.5539364138592
			23.819038517994	-15.5539364138592
			23.8285168460951	-15.5539364138592
			23.8379951741962	-15.5539364138592
			23.8474735022972	-15.5539364138592
			23.8569518303983	-15.5539364138592
			23.8664301584994	-15.5539364138592
			23.8759084866004	-15.5539364138592
			23.8853868147015	-15.5634147419603
			23.8948651428026	-15.5634147419603
			23.9043434709037	-15.5728930700613
			23.9138217990047	-15.5728930700613
			23.9233001271058	-15.5728930700613
			23.9233001271058	-15.5823713981624
			23.9327784552069	-15.5823713981624
			23.9422567833079	-15.5823713981624
			23.951735111409	-15.5918497262635
			23.9612134395101	-15.5918497262635
			23.9706917676112	-15.6013280543646
			23.9801700957122	-15.6108063824656
			23.9896484238133	-15.6108063824656
			23.9991267519144	-15.6202847105667
			24.0086050800155	-15.6202847105667
			24.0086050800155	-15.6297630386678
			24.0180834081165	-15.6392413667689
			24.0275617362176	-15.6487196948699
			24.0370400643187	-15.658198022971
			24.0465183924197	-15.6676763510721
			24.0559967205208	-15.6771546791731
			24.0654750486219	-15.6866330072742
			24.0654750486219	-15.6961113353753
			24.074953376723	-15.7055896634764
			24.084431704824	-15.7150679915774
			24.084431704824	-15.7245463196785
			24.0939100329251	-15.7340246477796
			24.0939100329251	-15.7435029758806
			24.0939100329251	-15.7529813039817
			24.1033883610262	-15.7624596320828
			24.1128666891272	-15.7719379601839
			24.1128666891272	-15.7814162882849
			24.1223450172283	-15.790894616386
			24.1318233453294	-15.8003729444871
			24.1318233453294	-15.8098512725881
			24.1413016734305	-15.8193296006892
			24.1507800015315	-15.8288079287903
			24.1507800015315	-15.8382862568914
			24.1602583296326	-15.8477645849924
			24.1697366577337	-15.8572429130935
			24.1697366577337	-15.8667212411946
			24.1792149858348	-15.8761995692957
			24.1886933139358	-15.8856778973967
			24.1886933139358	-15.8951562254978
			24.1981716420369	-15.9046345535989
			24.1981716420369	-15.9141128816999
			24.207649970138	-15.923591209801
			24.207649970138	-15.9330695379021
			24.217128298239	-15.9330695379021
			24.2266066263401	-15.9425478660032
			24.2266066263401	-15.9520261941042
			24.2360849544412	-15.9615045222053
			24.2360849544412	-15.9709828503064
			24.2455632825423	-15.9804611784074
			24.2455632825423	-15.9899395065085
			24.2550416106433	-15.9899395065085
			24.2550416106433	-15.9994178346096
			24.2645199387444	-16.0088961627107
			24.2645199387444	-16.0183744908117
			24.2739982668455	-16.0278528189128
			24.2739982668455	-16.0373311470139
			24.2834765949465	-16.0468094751149
			24.2929549230476	-16.056287803216
			24.2929549230476	-16.0657661313171
			24.3024332511487	-16.0752444594182
			24.3024332511487	-16.0847227875192
			24.3119115792498	-16.0942011156203
			24.3119115792498	-16.1036794437214
			24.3119115792498	-16.1131577718225
			24.3119115792498	-16.1226360999235
			24.3213899073508	-16.1321144280246
			24.3213899073508	-16.1415927561257
			24.3213899073508	-16.1510710842267
			24.3213899073508	-16.1605494123278
			24.3213899073508	-16.1700277404289
			24.3213899073508	-16.17950606853
			24.3213899073508	-16.188984396631
			24.3213899073508	-16.1984627247321
			24.3213899073508	-16.2079410528332
			24.3213899073508	-16.2174193809342
			24.3213899073508	-16.2268977090353
			24.3213899073508	-16.2363760371364
			24.3119115792498	-16.2458543652375
			24.3119115792498	-16.2553326933385
			24.3119115792498	-16.2648110214396
			24.3119115792498	-16.2742893495407
			24.3119115792498	-16.2837676776417
			24.3119115792498	-16.2932460057428
			24.3119115792498	-16.3027243338439
			24.3119115792498	-16.312202661945
			24.3119115792498	-16.321680990046
			24.3119115792498	-16.3311593181471
			24.3119115792498	-16.3406376462482
			24.3119115792498	-16.3501159743493
			24.3119115792498	-16.3595943024503
			24.3119115792498	-16.3690726305514
			24.3119115792498	-16.3785509586525
			24.3119115792498	-16.3880292867535
			24.3119115792498	-16.3975076148546
			24.3119115792498	-16.4069859429557
			24.3119115792498	-16.4164642710568
			24.3119115792498	-16.4259425991578
			24.3119115792498	-16.4354209272589
			24.3119115792498	-16.44489925536
			24.3119115792498	-16.454377583461
			24.3119115792498	-16.4638559115621
			24.3119115792498	-16.4733342396632
			24.3119115792498	-16.4828125677643
			24.3119115792498	-16.4922908958653
			24.3119115792498	-16.5017692239664
			24.3024332511487	-16.5112475520675
			24.3024332511487	-16.5207258801685
			24.3024332511487	-16.5302042082696
			24.3024332511487	-16.5396825363707
			24.3024332511487	-16.5491608644718
			24.2929549230476	-16.5586391925728
			24.2929549230476	-16.5681175206739
			24.2929549230476	-16.577595848775
			24.2929549230476	-16.5870741768761
			24.2929549230476	-16.5965525049771
			24.2834765949465	-16.6060308330782
			24.2834765949465	-16.6155091611793
			24.2834765949465	-16.6249874892803
			24.2834765949465	-16.6344658173814
			24.2834765949465	-16.6439441454825
			24.2739982668455	-16.6534224735836
			24.2739982668455	-16.6629008016846
		</Outline3>
		<Outline4 type=matrix rownames=FALSE colnames=FALSE nrow=153 ncol=2 as.numeric=TRUE >
			24.2739982668455	-16.6629008016846
			24.2739982668455	-16.6723791297857
			24.2645199387444	-16.6818574578868
			24.2645199387444	-16.6913357859878
			24.2645199387444	-16.7008141140889
			24.2550416106433	-16.71029244219
			24.2550416106433	-16.7197707702911
			24.2455632825423	-16.7292490983921
			24.2455632825423	-16.7387274264932
			24.2455632825423	-16.7482057545943
			24.2360849544412	-16.7576840826953
			24.2360849544412	-16.7671624107964
			24.2360849544412	-16.7766407388975
			24.2266066263401	-16.7861190669986
			24.2266066263401	-16.7955973950996
			24.217128298239	-16.8050757232007
			24.217128298239	-16.8145540513018
			24.217128298239	-16.8240323794029
			24.207649970138	-16.8335107075039
			24.207649970138	-16.842989035605
			24.207649970138	-16.8524673637061
			24.1981716420369	-16.8524673637061
			24.1981716420369	-16.8619456918071
			24.1981716420369	-16.8714240199082
			24.1886933139358	-16.8809023480093
			24.1886933139358	-16.8903806761104
			24.1886933139358	-16.8998590042114
			24.1792149858348	-16.9093373323125
			24.1792149858348	-16.9188156604136
			24.1792149858348	-16.9282939885146
			24.1697366577337	-16.9377723166157
			24.1697366577337	-16.9472506447168
			24.1697366577337	-16.9567289728179
			24.1697366577337	-16.9662073009189
			24.1697366577337	-16.97568562902
			24.1602583296326	-16.9851639571211
			24.1602583296326	-16.9946422852221
			24.1602583296326	-17.0041206133232
			24.1507800015315	-17.0135989414243
			24.1507800015315	-17.0230772695254
			24.1507800015315	-17.0325555976264
			24.1507800015315	-17.0420339257275
			24.1413016734305	-17.0515122538286
			24.1413016734305	-17.0609905819297
			24.1413016734305	-17.0704689100307
			24.1318233453294	-17.0799472381318
			24.1318233453294	-17.0894255662329
			24.1223450172283	-17.0989038943339
			24.1223450172283	-17.108382222435
			24.1223450172283	-17.1178605505361
			24.1128666891272	-17.1273388786372
			24.1128666891272	-17.1368172067382
			24.1033883610262	-17.1462955348393
			24.1033883610262	-17.1557738629404
			24.0939100329251	-17.1652521910414
			24.0939100329251	-17.1747305191425
			24.084431704824	-17.1842088472436
			24.084431704824	-17.1936871753447
			24.074953376723	-17.2031655034457
			24.074953376723	-17.2126438315468
			24.0654750486219	-17.2221221596479
			24.0559967205208	-17.231600487749
			24.0559967205208	-17.24107881585
			24.0559967205208	-17.2505571439511
			24.0465183924197	-17.2600354720522
			24.0370400643187	-17.2695138001532
			24.0370400643187	-17.2789921282543
			24.0275617362176	-17.2884704563554
			24.0180834081165	-17.2979487844565
			24.0086050800155	-17.3074271125575
			23.9991267519144	-17.3169054406586
			23.9991267519144	-17.3263837687597
			23.9896484238133	-17.3358620968607
			23.9801700957122	-17.3453404249618
			23.9801700957122	-17.3548187530629
			23.9706917676112	-17.364297081164
			23.9612134395101	-17.364297081164
			23.9612134395101	-17.373775409265
			23.951735111409	-17.3832537373661
			23.9422567833079	-17.3927320654672
			23.9422567833079	-17.4022103935682
			23.9327784552069	-17.4022103935682
			23.9233001271058	-17.4116887216693
			23.9233001271058	-17.4211670497704
			23.9138217990047	-17.4306453778715
			23.9043434709037	-17.4401237059725
			23.9043434709037	-17.4496020340736
			23.8948651428026	-17.4496020340736
			23.8853868147015	-17.4590803621747
			23.8759084866004	-17.4685586902758
			23.8759084866004	-17.4780370183768
			23.8664301584994	-17.4780370183768
			23.8569518303983	-17.4875153464779
			23.8474735022972	-17.496993674579
			23.8474735022972	-17.50647200268
			23.8379951741962	-17.50647200268
			23.8285168460951	-17.5159503307811
			23.819038517994	-17.5254286588822
			23.8095601898929	-17.5349069869833
			23.8000818617919	-17.5443853150843
			23.7906035336908	-17.5538636431854
			23.7811252055897	-17.5538636431854
			23.7716468774887	-17.5633419712865
			23.7621685493876	-17.5728202993875
			23.7526902212865	-17.5728202993875
			23.7432118931854	-17.5822986274886
			23.7337335650844	-17.5822986274886
			23.7242552369833	-17.5917769555897
			23.7147769088822	-17.5917769555897
			23.7052985807811	-17.6012552836908
			23.6958202526801	-17.6012552836908
			23.686341924579	-17.6107336117918
			23.6768635964779	-17.6107336117918
			23.6673852683769	-17.6202119398929
			23.6579069402758	-17.6202119398929
			23.6484286121747	-17.6202119398929
			23.6389502840736	-17.629690267994
			23.6294719559726	-17.629690267994
			23.6199936278715	-17.629690267994
			23.6105152997704	-17.639168596095
			23.6010369716694	-17.639168596095
			23.5915586435683	-17.639168596095
			23.5820803154672	-17.639168596095
			23.5726019873661	-17.639168596095
			23.5631236592651	-17.639168596095
			23.553645331164	-17.639168596095
			23.5441670030629	-17.639168596095
			23.5346886749619	-17.639168596095
			23.5252103468608	-17.639168596095
			23.5157320187597	-17.639168596095
			23.5062536906586	-17.639168596095
			23.4967753625576	-17.639168596095
			23.4872970344565	-17.639168596095
			23.4778187063554	-17.639168596095
			23.4683403782543	-17.639168596095
			23.4588620501533	-17.639168596095
			23.4493837220522	-17.639168596095
			23.4493837220522	-17.629690267994
			23.4399053939511	-17.629690267994
			23.4304270658501	-17.629690267994
			23.420948737749	-17.6202119398929
			23.4114704096479	-17.6202119398929
			23.4019920815468	-17.6107336117918
			23.3925137534458	-17.6107336117918
			23.3830354253447	-17.6012552836908
			23.3735570972436	-17.6012552836908
			23.3640787691426	-17.6012552836908
			23.3546004410415	-17.5917769555897
			23.3451221129404	-17.5917769555897
			23.3356437848393	-17.5917769555897
			23.3261654567383	-17.5917769555897
			23.3166871286372	-17.5917769555897
			23.3072088005361	-17.5917769555897
		</Outline4>
	</curves.scaled>
	<ruler.points type=matrix rownames=TRUE colnames=FALSE nrow=2 ncol=2 as.numeric=TRUE >
		Ruler point 1	3197	2727
		Ruler point 2	2142	2736
	</ruler.points>
</shapes>

