<shapes type=list>
	<ruler.pixel type=vector names=FALSE length=1 as.numeric=TRUE >1054.02324452547</ruler.pixel>
	<ruler.interval type=vector names=FALSE length=1 as.numeric=TRUE >10</ruler.interval>
	<scaling.units type=vector names=FALSE length=1 as.numeric=FALSE >mm</scaling.units>
	<scaling type=vector names=FALSE length=1 as.numeric=TRUE >0.00948745680129861</scaling>
	<landmarks.pixel type=matrix rownames=TRUE colnames=FALSE nrow=4 ncol=2 as.numeric=TRUE >
		Labial	2689	1468
		Posterior	2597	1433
		Lingual	2648	1357
		Anterior	2740	1385
	</landmarks.pixel>
	<landmarks.scaled type=matrix rownames=TRUE colnames=FALSE nrow=4 ncol=2 as.numeric=TRUE >
		Labial	25.511771338692	-13.9275865843064
		Posterior	24.6389253129725	-13.5955255962609
		Lingual	25.1227856098387	-12.8744788793622
		Anterior	25.9956316355582	-13.1401276697986
	</landmarks.scaled>
	<curves.control type=list>
		<Outline1 type=matrix rownames=FALSE colnames=FALSE nrow=17 ncol=2 as.numeric=TRUE >
			2689	1468
			2682	1471
			2679	1473
			2675	1478
			2669	1484
			2663	1489
			2654	1494
			2646	1497
			2637	1500
			2628	1501
			2620	1499
			2614	1497
			2607	1493
			2601	1489
			2596	1482
			2593	1473
			2597	1433
		</Outline1>
		<Outline2 type=matrix rownames=FALSE colnames=FALSE nrow=13 ncol=2 as.numeric=TRUE >
			2597	1433
			2598	1416
			2598	1403
			2598	1392
			2600	1377
			2603	1369
			2610	1362
			2617	1359
			2623	1358
			2631	1357
			2638	1357
			2643	1357
			2648	1357
		</Outline2>
		<Outline3 type=matrix rownames=FALSE colnames=FALSE nrow=19 ncol=2 as.numeric=TRUE >
			2648	1357
			2656	1356
			2665	1355
			2672	1354
			2679	1352
			2686	1351
			2692	1350
			2699	1349
			2704	1349
			2711	1349
			2715	1351
			2721	1353
			2726	1357
			2730	1360
			2734	1365
			2737	1369
			2739	1374
			2740	1380
			2740	1385
		</Outline3>
		<Outline4 type=matrix rownames=FALSE colnames=FALSE nrow=23 ncol=2 as.numeric=TRUE >
			2740	1385
			2740	1390
			2740	1393
			2741	1396
			2744	1400
			2746	1405
			2747	1409
			2747	1415
			2745	1420
			2742	1424
			2740	1428
			2738	1434
			2736	1440
			2734	1445
			2731	1449
			2726	1454
			2721	1457
			2715	1459
			2710	1461
			2703	1465
			2697	1467
			2693	1468
			2689	1468
		</Outline4>
	</curves.control>
	<curves.pixel type=list>
		<Outline1 type=matrix rownames=FALSE colnames=FALSE nrow=150 ncol=2 as.numeric=TRUE >
			2689	1468
			2688	1468
			2688	1469
			2687	1469
			2686	1469
			2685	1470
			2684	1470
			2683	1471
			2682	1471
			2681	1472
			2680	1472
			2680	1473
			2679	1473
			2678	1474
			2677	1475
			2676	1476
			2675	1477
			2674	1478
			2674	1479
			2673	1480
			2672	1480
			2672	1481
			2671	1482
			2670	1483
			2669	1484
			2668	1485
			2667	1486
			2666	1487
			2665	1487
			2664	1488
			2663	1489
			2662	1489
			2661	1490
			2660	1491
			2659	1491
			2658	1492
			2657	1492
			2656	1493
			2655	1493
			2654	1494
			2653	1494
			2653	1495
			2652	1495
			2651	1495
			2650	1495
			2649	1496
			2648	1496
			2647	1496
			2646	1497
			2645	1497
			2644	1498
			2643	1498
			2642	1498
			2641	1499
			2640	1499
			2639	1499
			2638	1500
			2637	1500
			2636	1500
			2635	1500
			2634	1500
			2633	1500
			2632	1500
			2631	1500
			2630	1500
			2629	1500
			2628	1500
			2627	1500
			2626	1500
			2625	1500
			2624	1500
			2623	1500
			2622	1499
			2621	1499
			2620	1499
			2619	1499
			2618	1498
			2617	1498
			2616	1498
			2615	1497
			2614	1497
			2613	1496
			2612	1496
			2611	1495
			2610	1495
			2609	1494
			2608	1494
			2607	1493
			2606	1492
			2605	1492
			2604	1491
			2603	1490
			2602	1489
			2601	1488
			2600	1487
			2599	1486
			2598	1485
			2598	1484
			2597	1483
			2596	1483
			2596	1482
			2596	1481
			2595	1480
			2595	1479
			2595	1478
			2595	1477
			2595	1476
			2595	1475
			2595	1474
			2595	1473
			2595	1472
			2595	1471
			2595	1470
			2595	1469
			2595	1468
			2595	1467
			2595	1466
			2595	1465
			2595	1464
			2595	1463
			2595	1462
			2595	1461
			2595	1460
			2595	1459
			2595	1458
			2595	1457
			2595	1456
			2595	1455
			2595	1454
			2595	1453
			2595	1452
			2595	1451
			2596	1450
			2596	1449
			2596	1448
			2596	1447
			2596	1446
			2596	1445
			2596	1444
			2596	1443
			2596	1442
			2596	1441
			2596	1440
			2596	1439
			2597	1438
			2597	1437
			2597	1436
			2597	1435
			2597	1434
			2597	1433
		</Outline1>
		<Outline2 type=matrix rownames=FALSE colnames=FALSE nrow=112 ncol=2 as.numeric=TRUE >
			2597	1433
			2597	1432
			2597	1431
			2597	1430
			2597	1429
			2597	1428
			2597	1427
			2597	1426
			2597	1425
			2597	1424
			2598	1423
			2598	1422
			2598	1421
			2598	1420
			2598	1419
			2598	1418
			2598	1417
			2598	1416
			2598	1415
			2598	1414
			2598	1413
			2598	1412
			2598	1411
			2598	1410
			2598	1409
			2598	1408
			2598	1407
			2598	1406
			2598	1405
			2598	1404
			2598	1403
			2598	1402
			2598	1401
			2598	1400
			2598	1399
			2598	1398
			2598	1397
			2598	1396
			2598	1395
			2598	1394
			2598	1393
			2598	1392
			2599	1391
			2599	1390
			2599	1389
			2599	1388
			2599	1387
			2599	1386
			2599	1385
			2599	1384
			2599	1383
			2599	1382
			2599	1381
			2600	1380
			2600	1379
			2600	1378
			2600	1377
			2600	1376
			2601	1376
			2601	1375
			2601	1374
			2602	1373
			2602	1372
			2603	1371
			2604	1370
			2604	1369
			2605	1368
			2606	1367
			2607	1366
			2607	1365
			2608	1364
			2609	1363
			2610	1362
			2611	1362
			2612	1361
			2613	1361
			2614	1360
			2615	1360
			2616	1360
			2617	1360
			2617	1359
			2618	1359
			2619	1359
			2620	1359
			2621	1358
			2622	1358
			2623	1358
			2624	1358
			2625	1358
			2626	1358
			2627	1358
			2628	1357
			2629	1357
			2630	1357
			2631	1357
			2632	1357
			2633	1357
			2634	1357
			2635	1357
			2636	1357
			2637	1357
			2638	1357
			2639	1357
			2640	1357
			2641	1357
			2642	1357
			2643	1357
			2644	1357
			2645	1357
			2646	1357
			2647	1357
			2648	1357
		</Outline2>
		<Outline3 type=matrix rownames=FALSE colnames=FALSE nrow=114 ncol=2 as.numeric=TRUE >
			2648	1357
			2649	1357
			2650	1357
			2651	1357
			2652	1357
			2652	1356
			2653	1356
			2654	1356
			2655	1356
			2656	1356
			2657	1356
			2658	1356
			2659	1356
			2660	1356
			2661	1355
			2662	1355
			2663	1355
			2664	1355
			2665	1355
			2666	1355
			2667	1355
			2668	1355
			2668	1354
			2669	1354
			2670	1354
			2671	1354
			2672	1354
			2673	1353
			2674	1353
			2675	1353
			2676	1353
			2677	1353
			2678	1352
			2679	1352
			2680	1352
			2681	1352
			2682	1352
			2683	1351
			2684	1351
			2685	1351
			2686	1351
			2687	1351
			2688	1351
			2689	1350
			2690	1350
			2691	1350
			2692	1350
			2693	1350
			2694	1350
			2695	1350
			2696	1350
			2696	1349
			2697	1349
			2698	1349
			2699	1349
			2700	1349
			2701	1349
			2702	1349
			2703	1349
			2704	1349
			2705	1349
			2706	1349
			2707	1349
			2708	1349
			2709	1349
			2710	1349
			2711	1350
			2712	1350
			2713	1350
			2714	1351
			2715	1351
			2716	1351
			2717	1352
			2718	1352
			2719	1353
			2720	1353
			2721	1354
			2722	1354
			2723	1355
			2724	1355
			2725	1356
			2726	1357
			2727	1358
			2728	1359
			2729	1360
			2730	1360
			2731	1361
			2731	1362
			2732	1363
			2733	1363
			2733	1364
			2734	1365
			2735	1366
			2735	1367
			2736	1367
			2736	1368
			2737	1369
			2737	1370
			2738	1371
			2738	1372
			2739	1373
			2739	1374
			2739	1375
			2739	1376
			2739	1377
			2740	1377
			2740	1378
			2740	1379
			2740	1380
			2740	1381
			2740	1382
			2740	1383
			2740	1384
			2740	1385
		</Outline3>
		<Outline4 type=matrix rownames=FALSE colnames=FALSE nrow=108 ncol=2 as.numeric=TRUE >
			2740	1385
			2740	1386
			2740	1387
			2740	1388
			2740	1389
			2740	1390
			2740	1391
			2740	1392
			2740	1393
			2740	1394
			2741	1395
			2742	1396
			2742	1397
			2743	1398
			2744	1399
			2744	1400
			2744	1401
			2745	1402
			2745	1403
			2746	1404
			2746	1405
			2746	1406
			2746	1407
			2747	1408
			2747	1409
			2747	1410
			2747	1411
			2747	1412
			2747	1413
			2747	1414
			2746	1415
			2746	1416
			2746	1417
			2746	1418
			2745	1419
			2745	1420
			2744	1421
			2743	1422
			2743	1423
			2742	1424
			2742	1425
			2741	1426
			2740	1427
			2740	1428
			2740	1429
			2739	1430
			2739	1431
			2739	1432
			2738	1433
			2738	1434
			2738	1435
			2737	1436
			2737	1437
			2737	1438
			2736	1439
			2736	1440
			2736	1441
			2735	1442
			2735	1443
			2734	1444
			2734	1445
			2733	1446
			2733	1447
			2732	1448
			2731	1449
			2730	1450
			2729	1451
			2728	1452
			2727	1452
			2726	1453
			2725	1454
			2724	1455
			2723	1456
			2722	1456
			2721	1457
			2720	1457
			2719	1458
			2718	1458
			2717	1458
			2716	1459
			2715	1459
			2714	1460
			2713	1460
			2712	1460
			2711	1460
			2711	1461
			2710	1461
			2709	1462
			2708	1462
			2707	1463
			2706	1463
			2705	1464
			2704	1464
			2703	1465
			2702	1465
			2701	1466
			2700	1466
			2699	1466
			2698	1467
			2697	1467
			2696	1467
			2695	1467
			2694	1468
			2693	1468
			2692	1468
			2691	1468
			2690	1468
			2689	1468
		</Outline4>
	</curves.pixel>
	<curves.scaled type=list>
		<Outline1 type=matrix rownames=FALSE colnames=FALSE nrow=150 ncol=2 as.numeric=TRUE >
			25.511771338692	-13.9275865843064
			25.5022838818907	-13.9275865843064
			25.5022838818907	-13.9370740411077
			25.4927964250894	-13.9370740411077
			25.4833089682881	-13.9370740411077
			25.4738215114868	-13.946561497909
			25.4643340546855	-13.946561497909
			25.4548465978842	-13.9560489547103
			25.4453591410829	-13.9560489547103
			25.4358716842816	-13.9655364115116
			25.4263842274803	-13.9655364115116
			25.4263842274803	-13.9750238683128
			25.416896770679	-13.9750238683128
			25.4074093138777	-13.9845113251141
			25.3979218570764	-13.9939987819154
			25.3884344002751	-14.0034862387167
			25.3789469434738	-14.012973695518
			25.3694594866725	-14.0224611523193
			25.3694594866725	-14.0319486091206
			25.3599720298712	-14.0414360659219
			25.3504845730699	-14.0414360659219
			25.3504845730699	-14.0509235227232
			25.3409971162686	-14.0604109795245
			25.3315096594673	-14.0698984363258
			25.322022202666	-14.0793858931271
			25.3125347458647	-14.0888733499284
			25.3030472890634	-14.0983608067297
			25.2935598322621	-14.107848263531
			25.2840723754608	-14.107848263531
			25.2745849186595	-14.1173357203323
			25.2650974618582	-14.1268231771336
			25.2556100050569	-14.1268231771336
			25.2461225482556	-14.1363106339349
			25.2366350914543	-14.1457980907362
			25.227147634653	-14.1457980907362
			25.2176601778517	-14.1552855475375
			25.2081727210504	-14.1552855475375
			25.1986852642491	-14.1647730043388
			25.1891978074478	-14.1647730043388
			25.1797103506465	-14.1742604611401
			25.1702228938452	-14.1742604611401
			25.1702228938452	-14.1837479179414
			25.1607354370439	-14.1837479179414
			25.1512479802426	-14.1837479179414
			25.1417605234413	-14.1837479179414
			25.13227306664	-14.1932353747427
			25.1227856098387	-14.1932353747427
			25.1132981530374	-14.1932353747427
			25.1038106962361	-14.202722831544
			25.0943232394348	-14.202722831544
			25.0848357826335	-14.2122102883453
			25.0753483258322	-14.2122102883453
			25.0658608690309	-14.2122102883453
			25.0563734122296	-14.2216977451466
			25.0468859554283	-14.2216977451466
			25.037398498627	-14.2216977451466
			25.0279110418257	-14.2311852019479
			25.0184235850244	-14.2311852019479
			25.0089361282231	-14.2311852019479
			24.9994486714218	-14.2311852019479
			24.9899612146205	-14.2311852019479
			24.9804737578192	-14.2311852019479
			24.9709863010179	-14.2311852019479
			24.9614988442166	-14.2311852019479
			24.9520113874153	-14.2311852019479
			24.942523930614	-14.2311852019479
			24.9330364738127	-14.2311852019479
			24.9235490170114	-14.2311852019479
			24.9140615602101	-14.2311852019479
			24.9045741034088	-14.2311852019479
			24.8950866466075	-14.2311852019479
			24.8855991898062	-14.2311852019479
			24.8761117330049	-14.2216977451466
			24.8666242762036	-14.2216977451466
			24.8571368194024	-14.2216977451466
			24.8476493626011	-14.2216977451466
			24.8381619057998	-14.2122102883453
			24.8286744489985	-14.2122102883453
			24.8191869921972	-14.2122102883453
			24.8096995353959	-14.202722831544
			24.8002120785946	-14.202722831544
			24.7907246217933	-14.1932353747427
			24.781237164992	-14.1932353747427
			24.7717497081907	-14.1837479179414
			24.7622622513894	-14.1837479179414
			24.7527747945881	-14.1742604611401
			24.7432873377868	-14.1742604611401
			24.7337998809855	-14.1647730043388
			24.7243124241842	-14.1552855475375
			24.7148249673829	-14.1552855475375
			24.7053375105816	-14.1457980907362
			24.6958500537803	-14.1363106339349
			24.686362596979	-14.1268231771336
			24.6768751401777	-14.1173357203323
			24.6673876833764	-14.107848263531
			24.6579002265751	-14.0983608067297
			24.6484127697738	-14.0888733499284
			24.6484127697738	-14.0793858931271
			24.6389253129725	-14.0698984363258
			24.6294378561712	-14.0698984363258
			24.6294378561712	-14.0604109795245
			24.6294378561712	-14.0509235227232
			24.6199503993699	-14.0414360659219
			24.6199503993699	-14.0319486091206
			24.6199503993699	-14.0224611523193
			24.6199503993699	-14.012973695518
			24.6199503993699	-14.0034862387167
			24.6199503993699	-13.9939987819154
			24.6199503993699	-13.9845113251141
			24.6199503993699	-13.9750238683128
			24.6199503993699	-13.9655364115116
			24.6199503993699	-13.9560489547103
			24.6199503993699	-13.946561497909
			24.6199503993699	-13.9370740411077
			24.6199503993699	-13.9275865843064
			24.6199503993699	-13.9180991275051
			24.6199503993699	-13.9086116707038
			24.6199503993699	-13.8991242139025
			24.6199503993699	-13.8896367571012
			24.6199503993699	-13.8801493002999
			24.6199503993699	-13.8706618434986
			24.6199503993699	-13.8611743866973
			24.6199503993699	-13.851686929896
			24.6199503993699	-13.8421994730947
			24.6199503993699	-13.8327120162934
			24.6199503993699	-13.8232245594921
			24.6199503993699	-13.8137371026908
			24.6199503993699	-13.8042496458895
			24.6199503993699	-13.7947621890882
			24.6199503993699	-13.7852747322869
			24.6199503993699	-13.7757872754856
			24.6199503993699	-13.7662998186843
			24.6294378561712	-13.756812361883
			24.6294378561712	-13.7473249050817
			24.6294378561712	-13.7378374482804
			24.6294378561712	-13.7283499914791
			24.6294378561712	-13.7188625346778
			24.6294378561712	-13.7093750778765
			24.6294378561712	-13.6998876210752
			24.6294378561712	-13.6904001642739
			24.6294378561712	-13.6809127074726
			24.6294378561712	-13.6714252506713
			24.6294378561712	-13.66193779387
			24.6294378561712	-13.6524503370687
			24.6389253129725	-13.6429628802674
			24.6389253129725	-13.6334754234661
			24.6389253129725	-13.6239879666648
			24.6389253129725	-13.6145005098635
			24.6389253129725	-13.6050130530622
			24.6389253129725	-13.5955255962609
		</Outline1>
		<Outline2 type=matrix rownames=FALSE colnames=FALSE nrow=112 ncol=2 as.numeric=TRUE >
			24.6389253129725	-13.5955255962609
			24.6389253129725	-13.5860381394596
			24.6389253129725	-13.5765506826583
			24.6389253129725	-13.567063225857
			24.6389253129725	-13.5575757690557
			24.6389253129725	-13.5480883122544
			24.6389253129725	-13.5386008554531
			24.6389253129725	-13.5291133986518
			24.6389253129725	-13.5196259418505
			24.6389253129725	-13.5101384850492
			24.6484127697738	-13.5006510282479
			24.6484127697738	-13.4911635714466
			24.6484127697738	-13.4816761146453
			24.6484127697738	-13.472188657844
			24.6484127697738	-13.4627012010427
			24.6484127697738	-13.4532137442414
			24.6484127697738	-13.4437262874401
			24.6484127697738	-13.4342388306388
			24.6484127697738	-13.4247513738375
			24.6484127697738	-13.4152639170362
			24.6484127697738	-13.4057764602349
			24.6484127697738	-13.3962890034336
			24.6484127697738	-13.3868015466323
			24.6484127697738	-13.377314089831
			24.6484127697738	-13.3678266330297
			24.6484127697738	-13.3583391762284
			24.6484127697738	-13.3488517194271
			24.6484127697738	-13.3393642626258
			24.6484127697738	-13.3298768058245
			24.6484127697738	-13.3203893490232
			24.6484127697738	-13.3109018922219
			24.6484127697738	-13.3014144354206
			24.6484127697738	-13.2919269786193
			24.6484127697738	-13.2824395218181
			24.6484127697738	-13.2729520650168
			24.6484127697738	-13.2634646082155
			24.6484127697738	-13.2539771514142
			24.6484127697738	-13.2444896946129
			24.6484127697738	-13.2350022378116
			24.6484127697738	-13.2255147810103
			24.6484127697738	-13.216027324209
			24.6484127697738	-13.2065398674077
			24.6579002265751	-13.1970524106064
			24.6579002265751	-13.1875649538051
			24.6579002265751	-13.1780774970038
			24.6579002265751	-13.1685900402025
			24.6579002265751	-13.1591025834012
			24.6579002265751	-13.1496151265999
			24.6579002265751	-13.1401276697986
			24.6579002265751	-13.1306402129973
			24.6579002265751	-13.121152756196
			24.6579002265751	-13.1116652993947
			24.6579002265751	-13.1021778425934
			24.6673876833764	-13.0926903857921
			24.6673876833764	-13.0832029289908
			24.6673876833764	-13.0737154721895
			24.6673876833764	-13.0642280153882
			24.6673876833764	-13.0547405585869
			24.6768751401777	-13.0547405585869
			24.6768751401777	-13.0452531017856
			24.6768751401777	-13.0357656449843
			24.686362596979	-13.026278188183
			24.686362596979	-13.0167907313817
			24.6958500537803	-13.0073032745804
			24.7053375105816	-12.9978158177791
			24.7053375105816	-12.9883283609778
			24.7148249673829	-12.9788409041765
			24.7243124241842	-12.9693534473752
			24.7337998809855	-12.9598659905739
			24.7337998809855	-12.9503785337726
			24.7432873377868	-12.9408910769713
			24.7527747945881	-12.93140362017
			24.7622622513894	-12.9219161633687
			24.7717497081907	-12.9219161633687
			24.781237164992	-12.9124287065674
			24.7907246217933	-12.9124287065674
			24.8002120785946	-12.9029412497661
			24.8096995353959	-12.9029412497661
			24.8191869921972	-12.9029412497661
			24.8286744489985	-12.9029412497661
			24.8286744489985	-12.8934537929648
			24.8381619057998	-12.8934537929648
			24.8476493626011	-12.8934537929648
			24.8571368194024	-12.8934537929648
			24.8666242762036	-12.8839663361635
			24.8761117330049	-12.8839663361635
			24.8855991898062	-12.8839663361635
			24.8950866466075	-12.8839663361635
			24.9045741034088	-12.8839663361635
			24.9140615602101	-12.8839663361635
			24.9235490170114	-12.8839663361635
			24.9330364738127	-12.8744788793622
			24.942523930614	-12.8744788793622
			24.9520113874153	-12.8744788793622
			24.9614988442166	-12.8744788793622
			24.9709863010179	-12.8744788793622
			24.9804737578192	-12.8744788793622
			24.9899612146205	-12.8744788793622
			24.9994486714218	-12.8744788793622
			25.0089361282231	-12.8744788793622
			25.0184235850244	-12.8744788793622
			25.0279110418257	-12.8744788793622
			25.037398498627	-12.8744788793622
			25.0468859554283	-12.8744788793622
			25.0563734122296	-12.8744788793622
			25.0658608690309	-12.8744788793622
			25.0753483258322	-12.8744788793622
			25.0848357826335	-12.8744788793622
			25.0943232394348	-12.8744788793622
			25.1038106962361	-12.8744788793622
			25.1132981530374	-12.8744788793622
			25.1227856098387	-12.8744788793622
		</Outline2>
		<Outline3 type=matrix rownames=FALSE colnames=FALSE nrow=114 ncol=2 as.numeric=TRUE >
			25.1227856098387	-12.8744788793622
			25.13227306664	-12.8744788793622
			25.1417605234413	-12.8744788793622
			25.1512479802426	-12.8744788793622
			25.1607354370439	-12.8744788793622
			25.1607354370439	-12.8649914225609
			25.1702228938452	-12.8649914225609
			25.1797103506465	-12.8649914225609
			25.1891978074478	-12.8649914225609
			25.1986852642491	-12.8649914225609
			25.2081727210504	-12.8649914225609
			25.2176601778517	-12.8649914225609
			25.227147634653	-12.8649914225609
			25.2366350914543	-12.8649914225609
			25.2461225482556	-12.8555039657596
			25.2556100050569	-12.8555039657596
			25.2650974618582	-12.8555039657596
			25.2745849186595	-12.8555039657596
			25.2840723754608	-12.8555039657596
			25.2935598322621	-12.8555039657596
			25.3030472890634	-12.8555039657596
			25.3125347458647	-12.8555039657596
			25.3125347458647	-12.8460165089583
			25.322022202666	-12.8460165089583
			25.3315096594673	-12.8460165089583
			25.3409971162686	-12.8460165089583
			25.3504845730699	-12.8460165089583
			25.3599720298712	-12.836529052157
			25.3694594866725	-12.836529052157
			25.3789469434738	-12.836529052157
			25.3884344002751	-12.836529052157
			25.3979218570764	-12.836529052157
			25.4074093138777	-12.8270415953557
			25.416896770679	-12.8270415953557
			25.4263842274803	-12.8270415953557
			25.4358716842816	-12.8270415953557
			25.4453591410829	-12.8270415953557
			25.4548465978842	-12.8175541385544
			25.4643340546855	-12.8175541385544
			25.4738215114868	-12.8175541385544
			25.4833089682881	-12.8175541385544
			25.4927964250894	-12.8175541385544
			25.5022838818907	-12.8175541385544
			25.511771338692	-12.8080666817531
			25.5212587954933	-12.8080666817531
			25.5307462522946	-12.8080666817531
			25.5402337090959	-12.8080666817531
			25.5497211658972	-12.8080666817531
			25.5592086226984	-12.8080666817531
			25.5686960794997	-12.8080666817531
			25.578183536301	-12.8080666817531
			25.578183536301	-12.7985792249518
			25.5876709931023	-12.7985792249518
			25.5971584499036	-12.7985792249518
			25.6066459067049	-12.7985792249518
			25.6161333635062	-12.7985792249518
			25.6256208203075	-12.7985792249518
			25.6351082771088	-12.7985792249518
			25.6445957339101	-12.7985792249518
			25.6540831907114	-12.7985792249518
			25.6635706475127	-12.7985792249518
			25.673058104314	-12.7985792249518
			25.6825455611153	-12.7985792249518
			25.6920330179166	-12.7985792249518
			25.7015204747179	-12.7985792249518
			25.7110079315192	-12.7985792249518
			25.7204953883205	-12.8080666817531
			25.7299828451218	-12.8080666817531
			25.7394703019231	-12.8080666817531
			25.7489577587244	-12.8175541385544
			25.7584452155257	-12.8175541385544
			25.767932672327	-12.8175541385544
			25.7774201291283	-12.8270415953557
			25.7869075859296	-12.8270415953557
			25.7963950427309	-12.836529052157
			25.8058824995322	-12.836529052157
			25.8153699563335	-12.8460165089583
			25.8248574131348	-12.8460165089583
			25.8343448699361	-12.8555039657596
			25.8438323267374	-12.8555039657596
			25.8533197835387	-12.8649914225609
			25.86280724034	-12.8744788793622
			25.8722946971413	-12.8839663361635
			25.8817821539426	-12.8934537929648
			25.8912696107439	-12.9029412497661
			25.9007570675452	-12.9029412497661
			25.9102445243465	-12.9124287065674
			25.9102445243465	-12.9219161633687
			25.9197319811478	-12.93140362017
			25.9292194379491	-12.93140362017
			25.9292194379491	-12.9408910769713
			25.9387068947504	-12.9503785337726
			25.9481943515517	-12.9598659905739
			25.9481943515517	-12.9693534473752
			25.957681808353	-12.9693534473752
			25.957681808353	-12.9788409041765
			25.9671692651543	-12.9883283609778
			25.9671692651543	-12.9978158177791
			25.9766567219556	-13.0073032745804
			25.9766567219556	-13.0167907313817
			25.9861441787569	-13.026278188183
			25.9861441787569	-13.0357656449843
			25.9861441787569	-13.0452531017856
			25.9861441787569	-13.0547405585869
			25.9861441787569	-13.0642280153882
			25.9956316355582	-13.0642280153882
			25.9956316355582	-13.0737154721895
			25.9956316355582	-13.0832029289908
			25.9956316355582	-13.0926903857921
			25.9956316355582	-13.1021778425934
			25.9956316355582	-13.1116652993947
			25.9956316355582	-13.121152756196
			25.9956316355582	-13.1306402129973
			25.9956316355582	-13.1401276697986
		</Outline3>
		<Outline4 type=matrix rownames=FALSE colnames=FALSE nrow=108 ncol=2 as.numeric=TRUE >
			25.9956316355582	-13.1401276697986
			25.9956316355582	-13.1496151265999
			25.9956316355582	-13.1591025834012
			25.9956316355582	-13.1685900402025
			25.9956316355582	-13.1780774970038
			25.9956316355582	-13.1875649538051
			25.9956316355582	-13.1970524106064
			25.9956316355582	-13.2065398674077
			25.9956316355582	-13.216027324209
			25.9956316355582	-13.2255147810103
			26.0051190923595	-13.2350022378116
			26.0146065491608	-13.2444896946129
			26.0146065491608	-13.2539771514142
			26.0240940059621	-13.2634646082155
			26.0335814627634	-13.2729520650168
			26.0335814627634	-13.2824395218181
			26.0335814627634	-13.2919269786193
			26.0430689195647	-13.3014144354206
			26.0430689195647	-13.3109018922219
			26.052556376366	-13.3203893490232
			26.052556376366	-13.3298768058245
			26.052556376366	-13.3393642626258
			26.052556376366	-13.3488517194271
			26.0620438331673	-13.3583391762284
			26.0620438331673	-13.3678266330297
			26.0620438331673	-13.377314089831
			26.0620438331673	-13.3868015466323
			26.0620438331673	-13.3962890034336
			26.0620438331673	-13.4057764602349
			26.0620438331673	-13.4152639170362
			26.052556376366	-13.4247513738375
			26.052556376366	-13.4342388306388
			26.052556376366	-13.4437262874401
			26.052556376366	-13.4532137442414
			26.0430689195647	-13.4627012010427
			26.0430689195647	-13.472188657844
			26.0335814627634	-13.4816761146453
			26.0240940059621	-13.4911635714466
			26.0240940059621	-13.5006510282479
			26.0146065491608	-13.5101384850492
			26.0146065491608	-13.5196259418505
			26.0051190923595	-13.5291133986518
			25.9956316355582	-13.5386008554531
			25.9956316355582	-13.5480883122544
			25.9956316355582	-13.5575757690557
			25.9861441787569	-13.567063225857
			25.9861441787569	-13.5765506826583
			25.9861441787569	-13.5860381394596
			25.9766567219556	-13.5955255962609
			25.9766567219556	-13.6050130530622
			25.9766567219556	-13.6145005098635
			25.9671692651543	-13.6239879666648
			25.9671692651543	-13.6334754234661
			25.9671692651543	-13.6429628802674
			25.957681808353	-13.6524503370687
			25.957681808353	-13.66193779387
			25.957681808353	-13.6714252506713
			25.9481943515517	-13.6809127074726
			25.9481943515517	-13.6904001642739
			25.9387068947504	-13.6998876210752
			25.9387068947504	-13.7093750778765
			25.9292194379491	-13.7188625346778
			25.9292194379491	-13.7283499914791
			25.9197319811478	-13.7378374482804
			25.9102445243465	-13.7473249050817
			25.9007570675452	-13.756812361883
			25.8912696107439	-13.7662998186843
			25.8817821539426	-13.7757872754856
			25.8722946971413	-13.7757872754856
			25.86280724034	-13.7852747322869
			25.8533197835387	-13.7947621890882
			25.8438323267374	-13.8042496458895
			25.8343448699361	-13.8137371026908
			25.8248574131348	-13.8137371026908
			25.8153699563335	-13.8232245594921
			25.8058824995322	-13.8232245594921
			25.7963950427309	-13.8327120162934
			25.7869075859296	-13.8327120162934
			25.7774201291283	-13.8327120162934
			25.767932672327	-13.8421994730947
			25.7584452155257	-13.8421994730947
			25.7489577587244	-13.851686929896
			25.7394703019231	-13.851686929896
			25.7299828451218	-13.851686929896
			25.7204953883205	-13.851686929896
			25.7204953883205	-13.8611743866973
			25.7110079315192	-13.8611743866973
			25.7015204747179	-13.8706618434986
			25.6920330179166	-13.8706618434986
			25.6825455611153	-13.8801493002999
			25.673058104314	-13.8801493002999
			25.6635706475127	-13.8896367571012
			25.6540831907114	-13.8896367571012
			25.6445957339101	-13.8991242139025
			25.6351082771088	-13.8991242139025
			25.6256208203075	-13.9086116707038
			25.6161333635062	-13.9086116707038
			25.6066459067049	-13.9086116707038
			25.5971584499036	-13.9180991275051
			25.5876709931023	-13.9180991275051
			25.578183536301	-13.9180991275051
			25.5686960794997	-13.9180991275051
			25.5592086226984	-13.9275865843064
			25.5497211658972	-13.9275865843064
			25.5402337090959	-13.9275865843064
			25.5307462522946	-13.9275865843064
			25.5212587954933	-13.9275865843064
			25.511771338692	-13.9275865843064
		</Outline4>
	</curves.scaled>
	<ruler.points type=matrix rownames=TRUE colnames=FALSE nrow=2 ncol=2 as.numeric=TRUE >
		Ruler point 1	3514	2501
		Ruler point 2	2460	2508
	</ruler.points>
</shapes>

