<shapes type=list>
	<ruler.pixel type=vector names=FALSE length=1 as.numeric=TRUE >1085.04608197072</ruler.pixel>
	<ruler.interval type=vector names=FALSE length=1 as.numeric=TRUE >10</ruler.interval>
	<scaling.units type=vector names=FALSE length=1 as.numeric=FALSE >mm</scaling.units>
	<scaling type=vector names=FALSE length=1 as.numeric=TRUE >0.00921619843263937</scaling>
	<landmarks.pixel type=matrix rownames=TRUE colnames=FALSE nrow=4 ncol=2 as.numeric=TRUE >
		Labial	2369	1560
		Posterior	2281	1537
		Lingual	2304	1453
		Anterior	2392	1473
	</landmarks.pixel>
	<landmarks.scaled type=matrix rownames=TRUE colnames=FALSE nrow=4 ncol=2 as.numeric=TRUE >
		Labial	21.8331740869227	-14.3772695549174
		Posterior	21.0221486248504	-14.1652969909667
		Lingual	21.2341211888011	-13.391136322625
		Anterior	22.0451466508734	-13.5754602912778
	</landmarks.scaled>
	<curves.control type=list>
		<Outline1 type=matrix rownames=FALSE colnames=FALSE nrow=21 ncol=2 as.numeric=TRUE >
			2369	1560
			2363	1563
			2359	1568
			2354	1574
			2347	1579
			2341	1583
			2334	1586
			2327	1588
			2320	1590
			2313	1590
			2307	1589
			2302	1586
			2297	1583
			2292	1580
			2288	1575
			2285	1569
			2283	1563
			2281	1555
			2281	1548
			2281	1543
			2281	1537
		</Outline1>
		<Outline2 type=matrix rownames=FALSE colnames=FALSE nrow=11 ncol=2 as.numeric=TRUE >
			2281	1537
			2280	1526
			2278	1516
			2277	1507
			2277	1497
			2277	1489
			2279	1481
			2282	1474
			2287	1468
			2294	1460
			2304	1453
		</Outline2>
		<Outline3 type=matrix rownames=FALSE colnames=FALSE nrow=13 ncol=2 as.numeric=TRUE >
			2304	1453
			2311	1449
			2319	1447
			2327	1446
			2335	1446
			2343	1446
			2351	1448
			2358	1450
			2364	1452
			2371	1455
			2376	1458
			2384	1463
			2392	1473
		</Outline3>
		<Outline4 type=matrix rownames=FALSE colnames=FALSE nrow=15 ncol=2 as.numeric=TRUE >
			2392	1473
			2397	1480
			2400	1487
			2402	1493
			2403	1499
			2403	1506
			2402	1514
			2401	1521
			2399	1529
			2396	1536
			2392	1542
			2387	1547
			2381	1551
			2375	1555
			2369	1560
		</Outline4>
	</curves.control>
	<curves.pixel type=list>
		<Outline1 type=matrix rownames=FALSE colnames=FALSE nrow=124 ncol=2 as.numeric=TRUE >
			2369	1560
			2368	1560
			2367	1561
			2366	1561
			2366	1562
			2365	1563
			2364	1563
			2363	1564
			2362	1565
			2361	1566
			2360	1567
			2359	1568
			2358	1569
			2357	1570
			2356	1571
			2355	1572
			2354	1573
			2353	1574
			2352	1575
			2351	1576
			2350	1577
			2349	1578
			2348	1578
			2347	1579
			2346	1579
			2346	1580
			2345	1580
			2344	1581
			2343	1581
			2342	1582
			2341	1583
			2340	1583
			2339	1584
			2338	1584
			2337	1585
			2336	1585
			2335	1586
			2334	1586
			2333	1586
			2332	1587
			2331	1587
			2330	1587
			2329	1587
			2328	1588
			2327	1588
			2326	1588
			2325	1589
			2324	1589
			2323	1589
			2322	1589
			2321	1590
			2320	1590
			2319	1590
			2318	1590
			2317	1590
			2316	1590
			2315	1590
			2314	1590
			2313	1590
			2312	1590
			2311	1589
			2310	1589
			2309	1589
			2308	1589
			2307	1589
			2306	1588
			2305	1588
			2304	1587
			2303	1587
			2303	1586
			2302	1586
			2301	1585
			2300	1585
			2299	1584
			2298	1584
			2297	1583
			2296	1582
			2295	1582
			2294	1581
			2293	1580
			2292	1580
			2292	1579
			2291	1578
			2290	1577
			2289	1576
			2288	1575
			2288	1574
			2287	1573
			2287	1572
			2286	1571
			2286	1570
			2285	1569
			2285	1568
			2284	1567
			2284	1566
			2284	1565
			2283	1564
			2283	1563
			2283	1562
			2282	1561
			2282	1560
			2282	1559
			2282	1558
			2282	1557
			2282	1556
			2281	1555
			2281	1554
			2281	1553
			2281	1552
			2281	1551
			2281	1550
			2281	1549
			2281	1548
			2281	1547
			2281	1546
			2281	1545
			2281	1544
			2281	1543
			2281	1542
			2281	1541
			2281	1540
			2281	1539
			2281	1538
			2281	1537
		</Outline1>
		<Outline2 type=matrix rownames=FALSE colnames=FALSE nrow=92 ncol=2 as.numeric=TRUE >
			2281	1537
			2281	1536
			2281	1535
			2281	1534
			2281	1533
			2281	1532
			2280	1531
			2280	1530
			2280	1529
			2280	1528
			2280	1527
			2280	1526
			2280	1525
			2279	1524
			2279	1523
			2279	1522
			2279	1521
			2279	1520
			2279	1519
			2278	1518
			2278	1517
			2278	1516
			2278	1515
			2278	1514
			2278	1513
			2278	1512
			2278	1511
			2277	1510
			2277	1509
			2277	1508
			2277	1507
			2277	1506
			2277	1505
			2277	1504
			2277	1503
			2277	1502
			2277	1501
			2277	1500
			2277	1499
			2277	1498
			2277	1497
			2277	1496
			2277	1495
			2277	1494
			2277	1493
			2277	1492
			2277	1491
			2277	1490
			2277	1489
			2278	1488
			2278	1487
			2278	1486
			2278	1485
			2278	1484
			2279	1483
			2279	1482
			2279	1481
			2279	1480
			2280	1479
			2280	1478
			2281	1477
			2282	1476
			2282	1475
			2283	1474
			2283	1473
			2284	1473
			2284	1472
			2284	1471
			2285	1471
			2285	1470
			2286	1470
			2286	1469
			2287	1468
			2288	1467
			2289	1466
			2290	1465
			2291	1464
			2292	1463
			2292	1462
			2293	1461
			2294	1461
			2295	1460
			2296	1459
			2297	1458
			2298	1457
			2299	1457
			2299	1456
			2300	1456
			2301	1455
			2302	1454
			2303	1454
			2304	1453
		</Outline2>
		<Outline3 type=matrix rownames=FALSE colnames=FALSE nrow=91 ncol=2 as.numeric=TRUE >
			2304	1453
			2305	1453
			2306	1452
			2307	1452
			2308	1451
			2309	1450
			2310	1450
			2311	1450
			2312	1449
			2313	1449
			2314	1448
			2315	1448
			2316	1448
			2317	1448
			2318	1447
			2319	1447
			2320	1447
			2321	1447
			2322	1447
			2323	1447
			2324	1446
			2325	1446
			2326	1446
			2327	1446
			2328	1446
			2329	1446
			2330	1446
			2331	1446
			2332	1446
			2333	1446
			2334	1446
			2335	1446
			2336	1446
			2337	1446
			2338	1446
			2339	1446
			2340	1446
			2341	1446
			2342	1446
			2343	1447
			2344	1447
			2345	1447
			2346	1447
			2347	1447
			2348	1447
			2349	1448
			2350	1448
			2351	1448
			2352	1448
			2353	1449
			2354	1449
			2355	1449
			2356	1450
			2357	1450
			2358	1450
			2359	1450
			2360	1451
			2361	1451
			2362	1451
			2363	1452
			2364	1452
			2365	1453
			2366	1453
			2367	1453
			2368	1454
			2369	1454
			2370	1455
			2371	1455
			2372	1456
			2373	1456
			2374	1457
			2375	1457
			2376	1458
			2377	1459
			2378	1459
			2379	1460
			2380	1461
			2381	1462
			2382	1463
			2383	1463
			2384	1464
			2385	1465
			2385	1466
			2386	1466
			2387	1467
			2388	1468
			2389	1469
			2389	1470
			2390	1471
			2391	1472
			2392	1473
		</Outline3>
		<Outline4 type=matrix rownames=FALSE colnames=FALSE nrow=99 ncol=2 as.numeric=TRUE >
			2392	1473
			2393	1474
			2393	1475
			2394	1476
			2395	1477
			2395	1478
			2396	1479
			2396	1480
			2397	1481
			2397	1482
			2398	1483
			2399	1484
			2399	1485
			2399	1486
			2400	1486
			2400	1487
			2400	1488
			2401	1489
			2401	1490
			2401	1491
			2402	1492
			2402	1493
			2402	1494
			2402	1495
			2402	1496
			2403	1497
			2403	1498
			2403	1499
			2403	1500
			2403	1501
			2403	1502
			2403	1503
			2403	1504
			2403	1505
			2403	1506
			2403	1507
			2403	1508
			2402	1509
			2402	1510
			2402	1511
			2402	1512
			2402	1513
			2402	1514
			2402	1515
			2402	1516
			2402	1517
			2401	1518
			2401	1519
			2401	1520
			2401	1521
			2401	1522
			2400	1523
			2400	1524
			2400	1525
			2400	1526
			2399	1527
			2399	1528
			2399	1529
			2399	1530
			2398	1530
			2398	1531
			2398	1532
			2397	1532
			2397	1533
			2397	1534
			2396	1535
			2396	1536
			2395	1537
			2394	1538
			2394	1539
			2394	1540
			2393	1540
			2393	1541
			2392	1542
			2391	1543
			2390	1544
			2389	1545
			2388	1546
			2387	1546
			2386	1547
			2385	1548
			2384	1549
			2383	1550
			2382	1551
			2381	1551
			2380	1552
			2379	1552
			2379	1553
			2378	1553
			2377	1554
			2376	1555
			2375	1556
			2374	1556
			2373	1557
			2372	1557
			2371	1558
			2371	1559
			2370	1559
			2369	1560
		</Outline4>
	</curves.pixel>
	<curves.scaled type=list>
		<Outline1 type=matrix rownames=FALSE colnames=FALSE nrow=124 ncol=2 as.numeric=TRUE >
			21.8331740869227	-14.3772695549174
			21.82395788849	-14.3772695549174
			21.8147416900574	-14.3864857533501
			21.8055254916248	-14.3864857533501
			21.8055254916248	-14.3957019517827
			21.7963092931921	-14.4049181502153
			21.7870930947595	-14.4049181502153
			21.7778768963268	-14.414134348648
			21.7686606978942	-14.4233505470806
			21.7594444994616	-14.4325667455133
			21.7502283010289	-14.4417829439459
			21.7410121025963	-14.4509991423785
			21.7317959041636	-14.4602153408112
			21.722579705731	-14.4694315392438
			21.7133635072984	-14.4786477376765
			21.7041473088657	-14.4878639361091
			21.6949311104331	-14.4970801345417
			21.6857149120004	-14.5062963329744
			21.6764987135678	-14.515512531407
			21.6672825151352	-14.5247287298397
			21.6580663167025	-14.5339449282723
			21.6488501182699	-14.5431611267049
			21.6396339198373	-14.5431611267049
			21.6304177214046	-14.5523773251376
			21.621201522972	-14.5523773251376
			21.621201522972	-14.5615935235702
			21.6119853245393	-14.5615935235702
			21.6027691261067	-14.5708097220029
			21.5935529276741	-14.5708097220029
			21.5843367292414	-14.5800259204355
			21.5751205308088	-14.5892421188681
			21.5659043323761	-14.5892421188681
			21.5566881339435	-14.5984583173008
			21.5474719355109	-14.5984583173008
			21.5382557370782	-14.6076745157334
			21.5290395386456	-14.6076745157334
			21.5198233402129	-14.616890714166
			21.5106071417803	-14.616890714166
			21.5013909433477	-14.616890714166
			21.492174744915	-14.6261069125987
			21.4829585464824	-14.6261069125987
			21.4737423480497	-14.6261069125987
			21.4645261496171	-14.6261069125987
			21.4553099511845	-14.6353231110313
			21.4460937527518	-14.6353231110313
			21.4368775543192	-14.6353231110313
			21.4276613558865	-14.644539309464
			21.4184451574539	-14.644539309464
			21.4092289590213	-14.644539309464
			21.4000127605886	-14.644539309464
			21.390796562156	-14.6537555078966
			21.3815803637233	-14.6537555078966
			21.3723641652907	-14.6537555078966
			21.3631479668581	-14.6537555078966
			21.3539317684254	-14.6537555078966
			21.3447155699928	-14.6537555078966
			21.3354993715602	-14.6537555078966
			21.3262831731275	-14.6537555078966
			21.3170669746949	-14.6537555078966
			21.3078507762622	-14.6537555078966
			21.2986345778296	-14.644539309464
			21.289418379397	-14.644539309464
			21.2802021809643	-14.644539309464
			21.2709859825317	-14.644539309464
			21.261769784099	-14.644539309464
			21.2525535856664	-14.6353231110313
			21.2433373872338	-14.6353231110313
			21.2341211888011	-14.6261069125987
			21.2249049903685	-14.6261069125987
			21.2249049903685	-14.616890714166
			21.2156887919358	-14.616890714166
			21.2064725935032	-14.6076745157334
			21.1972563950706	-14.6076745157334
			21.1880401966379	-14.5984583173008
			21.1788239982053	-14.5984583173008
			21.1696077997726	-14.5892421188681
			21.16039160134	-14.5800259204355
			21.1511754029074	-14.5800259204355
			21.1419592044747	-14.5708097220029
			21.1327430060421	-14.5615935235702
			21.1235268076094	-14.5615935235702
			21.1235268076094	-14.5523773251376
			21.1143106091768	-14.5431611267049
			21.1050944107442	-14.5339449282723
			21.0958782123115	-14.5247287298397
			21.0866620138789	-14.515512531407
			21.0866620138789	-14.5062963329744
			21.0774458154463	-14.4970801345417
			21.0774458154463	-14.4878639361091
			21.0682296170136	-14.4786477376765
			21.0682296170136	-14.4694315392438
			21.059013418581	-14.4602153408112
			21.059013418581	-14.4509991423785
			21.0497972201483	-14.4417829439459
			21.0497972201483	-14.4325667455133
			21.0497972201483	-14.4233505470806
			21.0405810217157	-14.414134348648
			21.0405810217157	-14.4049181502153
			21.0405810217157	-14.3957019517827
			21.0313648232831	-14.3864857533501
			21.0313648232831	-14.3772695549174
			21.0313648232831	-14.3680533564848
			21.0313648232831	-14.3588371580521
			21.0313648232831	-14.3496209596195
			21.0313648232831	-14.3404047611869
			21.0221486248504	-14.3311885627542
			21.0221486248504	-14.3219723643216
			21.0221486248504	-14.3127561658889
			21.0221486248504	-14.3035399674563
			21.0221486248504	-14.2943237690237
			21.0221486248504	-14.285107570591
			21.0221486248504	-14.2758913721584
			21.0221486248504	-14.2666751737258
			21.0221486248504	-14.2574589752931
			21.0221486248504	-14.2482427768605
			21.0221486248504	-14.2390265784278
			21.0221486248504	-14.2298103799952
			21.0221486248504	-14.2205941815626
			21.0221486248504	-14.2113779831299
			21.0221486248504	-14.2021617846973
			21.0221486248504	-14.1929455862646
			21.0221486248504	-14.183729387832
			21.0221486248504	-14.1745131893994
			21.0221486248504	-14.1652969909667
		</Outline1>
		<Outline2 type=matrix rownames=FALSE colnames=FALSE nrow=92 ncol=2 as.numeric=TRUE >
			21.0221486248504	-14.1652969909667
			21.0221486248504	-14.1560807925341
			21.0221486248504	-14.1468645941014
			21.0221486248504	-14.1376483956688
			21.0221486248504	-14.1284321972362
			21.0221486248504	-14.1192159988035
			21.0129324264178	-14.1099998003709
			21.0129324264178	-14.1007836019382
			21.0129324264178	-14.0915674035056
			21.0129324264178	-14.082351205073
			21.0129324264178	-14.0731350066403
			21.0129324264178	-14.0639188082077
			21.0129324264178	-14.054702609775
			21.0037162279851	-14.0454864113424
			21.0037162279851	-14.0362702129098
			21.0037162279851	-14.0270540144771
			21.0037162279851	-14.0178378160445
			21.0037162279851	-14.0086216176118
			21.0037162279851	-13.9994054191792
			20.9945000295525	-13.9901892207466
			20.9945000295525	-13.9809730223139
			20.9945000295525	-13.9717568238813
			20.9945000295525	-13.9625406254487
			20.9945000295525	-13.953324427016
			20.9945000295525	-13.9441082285834
			20.9945000295525	-13.9348920301507
			20.9945000295525	-13.9256758317181
			20.9852838311199	-13.9164596332855
			20.9852838311199	-13.9072434348528
			20.9852838311199	-13.8980272364202
			20.9852838311199	-13.8888110379875
			20.9852838311199	-13.8795948395549
			20.9852838311199	-13.8703786411223
			20.9852838311199	-13.8611624426896
			20.9852838311199	-13.851946244257
			20.9852838311199	-13.8427300458243
			20.9852838311199	-13.8335138473917
			20.9852838311199	-13.8242976489591
			20.9852838311199	-13.8150814505264
			20.9852838311199	-13.8058652520938
			20.9852838311199	-13.7966490536611
			20.9852838311199	-13.7874328552285
			20.9852838311199	-13.7782166567959
			20.9852838311199	-13.7690004583632
			20.9852838311199	-13.7597842599306
			20.9852838311199	-13.7505680614979
			20.9852838311199	-13.7413518630653
			20.9852838311199	-13.7321356646327
			20.9852838311199	-13.7229194662
			20.9945000295525	-13.7137032677674
			20.9945000295525	-13.7044870693347
			20.9945000295525	-13.6952708709021
			20.9945000295525	-13.6860546724695
			20.9945000295525	-13.6768384740368
			21.0037162279851	-13.6676222756042
			21.0037162279851	-13.6584060771716
			21.0037162279851	-13.6491898787389
			21.0037162279851	-13.6399736803063
			21.0129324264178	-13.6307574818736
			21.0129324264178	-13.621541283441
			21.0221486248504	-13.6123250850084
			21.0313648232831	-13.6031088865757
			21.0313648232831	-13.5938926881431
			21.0405810217157	-13.5846764897104
			21.0405810217157	-13.5754602912778
			21.0497972201483	-13.5754602912778
			21.0497972201483	-13.5662440928452
			21.0497972201483	-13.5570278944125
			21.059013418581	-13.5570278944125
			21.059013418581	-13.5478116959799
			21.0682296170136	-13.5478116959799
			21.0682296170136	-13.5385954975472
			21.0774458154463	-13.5293792991146
			21.0866620138789	-13.520163100682
			21.0958782123115	-13.5109469022493
			21.1050944107442	-13.5017307038167
			21.1143106091768	-13.492514505384
			21.1235268076094	-13.4832983069514
			21.1235268076094	-13.4740821085188
			21.1327430060421	-13.4648659100861
			21.1419592044747	-13.4648659100861
			21.1511754029074	-13.4556497116535
			21.16039160134	-13.4464335132208
			21.1696077997726	-13.4372173147882
			21.1788239982053	-13.4280011163556
			21.1880401966379	-13.4280011163556
			21.1880401966379	-13.4187849179229
			21.1972563950706	-13.4187849179229
			21.2064725935032	-13.4095687194903
			21.2156887919358	-13.4003525210577
			21.2249049903685	-13.4003525210577
			21.2341211888011	-13.391136322625
		</Outline2>
		<Outline3 type=matrix rownames=FALSE colnames=FALSE nrow=91 ncol=2 as.numeric=TRUE >
			21.2341211888011	-13.391136322625
			21.2433373872338	-13.391136322625
			21.2525535856664	-13.3819201241924
			21.261769784099	-13.3819201241924
			21.2709859825317	-13.3727039257597
			21.2802021809643	-13.3634877273271
			21.289418379397	-13.3634877273271
			21.2986345778296	-13.3634877273271
			21.3078507762622	-13.3542715288945
			21.3170669746949	-13.3542715288945
			21.3262831731275	-13.3450553304618
			21.3354993715602	-13.3450553304618
			21.3447155699928	-13.3450553304618
			21.3539317684254	-13.3450553304618
			21.3631479668581	-13.3358391320292
			21.3723641652907	-13.3358391320292
			21.3815803637233	-13.3358391320292
			21.390796562156	-13.3358391320292
			21.4000127605886	-13.3358391320292
			21.4092289590213	-13.3358391320292
			21.4184451574539	-13.3266229335965
			21.4276613558865	-13.3266229335965
			21.4368775543192	-13.3266229335965
			21.4460937527518	-13.3266229335965
			21.4553099511845	-13.3266229335965
			21.4645261496171	-13.3266229335965
			21.4737423480497	-13.3266229335965
			21.4829585464824	-13.3266229335965
			21.492174744915	-13.3266229335965
			21.5013909433477	-13.3266229335965
			21.5106071417803	-13.3266229335965
			21.5198233402129	-13.3266229335965
			21.5290395386456	-13.3266229335965
			21.5382557370782	-13.3266229335965
			21.5474719355109	-13.3266229335965
			21.5566881339435	-13.3266229335965
			21.5659043323761	-13.3266229335965
			21.5751205308088	-13.3266229335965
			21.5843367292414	-13.3266229335965
			21.5935529276741	-13.3358391320292
			21.6027691261067	-13.3358391320292
			21.6119853245393	-13.3358391320292
			21.621201522972	-13.3358391320292
			21.6304177214046	-13.3358391320292
			21.6396339198373	-13.3358391320292
			21.6488501182699	-13.3450553304618
			21.6580663167025	-13.3450553304618
			21.6672825151352	-13.3450553304618
			21.6764987135678	-13.3450553304618
			21.6857149120004	-13.3542715288945
			21.6949311104331	-13.3542715288945
			21.7041473088657	-13.3542715288945
			21.7133635072984	-13.3634877273271
			21.722579705731	-13.3634877273271
			21.7317959041636	-13.3634877273271
			21.7410121025963	-13.3634877273271
			21.7502283010289	-13.3727039257597
			21.7594444994616	-13.3727039257597
			21.7686606978942	-13.3727039257597
			21.7778768963268	-13.3819201241924
			21.7870930947595	-13.3819201241924
			21.7963092931921	-13.391136322625
			21.8055254916248	-13.391136322625
			21.8147416900574	-13.391136322625
			21.82395788849	-13.4003525210577
			21.8331740869227	-13.4003525210577
			21.8423902853553	-13.4095687194903
			21.851606483788	-13.4095687194903
			21.8608226822206	-13.4187849179229
			21.8700388806532	-13.4187849179229
			21.8792550790859	-13.4280011163556
			21.8884712775185	-13.4280011163556
			21.8976874759512	-13.4372173147882
			21.9069036743838	-13.4464335132208
			21.9161198728164	-13.4464335132208
			21.9253360712491	-13.4556497116535
			21.9345522696817	-13.4648659100861
			21.9437684681143	-13.4740821085188
			21.952984666547	-13.4832983069514
			21.9622008649796	-13.4832983069514
			21.9714170634123	-13.492514505384
			21.9806332618449	-13.5017307038167
			21.9806332618449	-13.5109469022493
			21.9898494602775	-13.5109469022493
			21.9990656587102	-13.520163100682
			22.0082818571428	-13.5293792991146
			22.0174980555755	-13.5385954975472
			22.0174980555755	-13.5478116959799
			22.0267142540081	-13.5570278944125
			22.0359304524407	-13.5662440928452
			22.0451466508734	-13.5754602912778
		</Outline3>
		<Outline4 type=matrix rownames=FALSE colnames=FALSE nrow=99 ncol=2 as.numeric=TRUE >
			22.0451466508734	-13.5754602912778
			22.054362849306	-13.5846764897104
			22.054362849306	-13.5938926881431
			22.0635790477387	-13.6031088865757
			22.0727952461713	-13.6123250850084
			22.0727952461713	-13.621541283441
			22.0820114446039	-13.6307574818736
			22.0820114446039	-13.6399736803063
			22.0912276430366	-13.6491898787389
			22.0912276430366	-13.6584060771716
			22.1004438414692	-13.6676222756042
			22.1096600399019	-13.6768384740368
			22.1096600399019	-13.6860546724695
			22.1096600399019	-13.6952708709021
			22.1188762383345	-13.6952708709021
			22.1188762383345	-13.7044870693347
			22.1188762383345	-13.7137032677674
			22.1280924367671	-13.7229194662
			22.1280924367671	-13.7321356646327
			22.1280924367671	-13.7413518630653
			22.1373086351998	-13.7505680614979
			22.1373086351998	-13.7597842599306
			22.1373086351998	-13.7690004583632
			22.1373086351998	-13.7782166567959
			22.1373086351998	-13.7874328552285
			22.1465248336324	-13.7966490536611
			22.1465248336324	-13.8058652520938
			22.1465248336324	-13.8150814505264
			22.1465248336324	-13.8242976489591
			22.1465248336324	-13.8335138473917
			22.1465248336324	-13.8427300458243
			22.1465248336324	-13.851946244257
			22.1465248336324	-13.8611624426896
			22.1465248336324	-13.8703786411223
			22.1465248336324	-13.8795948395549
			22.1465248336324	-13.8888110379875
			22.1465248336324	-13.8980272364202
			22.1373086351998	-13.9072434348528
			22.1373086351998	-13.9164596332855
			22.1373086351998	-13.9256758317181
			22.1373086351998	-13.9348920301507
			22.1373086351998	-13.9441082285834
			22.1373086351998	-13.953324427016
			22.1373086351998	-13.9625406254487
			22.1373086351998	-13.9717568238813
			22.1373086351998	-13.9809730223139
			22.1280924367671	-13.9901892207466
			22.1280924367671	-13.9994054191792
			22.1280924367671	-14.0086216176118
			22.1280924367671	-14.0178378160445
			22.1280924367671	-14.0270540144771
			22.1188762383345	-14.0362702129098
			22.1188762383345	-14.0454864113424
			22.1188762383345	-14.054702609775
			22.1188762383345	-14.0639188082077
			22.1096600399019	-14.0731350066403
			22.1096600399019	-14.082351205073
			22.1096600399019	-14.0915674035056
			22.1096600399019	-14.1007836019382
			22.1004438414692	-14.1007836019382
			22.1004438414692	-14.1099998003709
			22.1004438414692	-14.1192159988035
			22.0912276430366	-14.1192159988035
			22.0912276430366	-14.1284321972362
			22.0912276430366	-14.1376483956688
			22.0820114446039	-14.1468645941014
			22.0820114446039	-14.1560807925341
			22.0727952461713	-14.1652969909667
			22.0635790477387	-14.1745131893994
			22.0635790477387	-14.183729387832
			22.0635790477387	-14.1929455862646
			22.054362849306	-14.1929455862646
			22.054362849306	-14.2021617846973
			22.0451466508734	-14.2113779831299
			22.0359304524407	-14.2205941815626
			22.0267142540081	-14.2298103799952
			22.0174980555755	-14.2390265784278
			22.0082818571428	-14.2482427768605
			21.9990656587102	-14.2482427768605
			21.9898494602775	-14.2574589752931
			21.9806332618449	-14.2666751737258
			21.9714170634123	-14.2758913721584
			21.9622008649796	-14.285107570591
			21.952984666547	-14.2943237690237
			21.9437684681143	-14.2943237690237
			21.9345522696817	-14.3035399674563
			21.9253360712491	-14.3035399674563
			21.9253360712491	-14.3127561658889
			21.9161198728164	-14.3127561658889
			21.9069036743838	-14.3219723643216
			21.8976874759512	-14.3311885627542
			21.8884712775185	-14.3404047611869
			21.8792550790859	-14.3404047611869
			21.8700388806532	-14.3496209596195
			21.8608226822206	-14.3496209596195
			21.851606483788	-14.3588371580521
			21.851606483788	-14.3680533564848
			21.8423902853553	-14.3680533564848
			21.8331740869227	-14.3772695549174
		</Outline4>
	</curves.scaled>
	<ruler.points type=matrix rownames=TRUE colnames=FALSE nrow=2 ncol=2 as.numeric=TRUE >
		Ruler point 1	3375	2410
		Ruler point 2	2290	2420
	</ruler.points>
</shapes>

