<shapes type=list>
	<ruler.pixel type=vector names=FALSE length=1 as.numeric=TRUE >1408.11505211755</ruler.pixel>
	<ruler.interval type=vector names=FALSE length=1 as.numeric=TRUE >10</ruler.interval>
	<scaling.units type=vector names=FALSE length=1 as.numeric=FALSE >mm</scaling.units>
	<scaling type=vector names=FALSE length=1 as.numeric=TRUE >0.00936319327028489</scaling>
	<landmarks.pixel type=matrix rownames=TRUE colnames=FALSE nrow=4 ncol=2 as.numeric=TRUE >
		Labial	1817	1061
		Posterior	1761	1041
		Lingual	1785	987
		Anterior	1841	1007
	</landmarks.pixel>
	<landmarks.scaled type=matrix rownames=TRUE colnames=FALSE nrow=4 ncol=2 as.numeric=TRUE >
		Labial	17.0129221721076	-9.93434805977227
		Posterior	16.4885833489717	-9.74708419436657
		Lingual	16.7132999874585	-9.24147175777119
		Anterior	17.2376388105945	-9.42873562317688
	</landmarks.scaled>
	<curves.control type=list>
		<Outline1 type=matrix rownames=FALSE colnames=FALSE nrow=15 ncol=2 as.numeric=TRUE >
			1817	1061
			1812	1064
			1807	1068
			1801	1072
			1795	1075
			1790	1077
			1785	1078
			1778	1077
			1772	1075
			1766	1070
			1763	1065
			1761	1060
			1761	1054
			1761	1047
			1761	1041
		</Outline1>
		<Outline2 type=matrix rownames=FALSE colnames=FALSE nrow=11 ncol=2 as.numeric=TRUE >
			1761	1041
			1760	1033
			1758	1024
			1757	1016
			1757	1008
			1759	1002
			1762	998
			1766	994
			1771	991
			1777	988
			1785	987
		</Outline2>
		<Outline3 type=matrix rownames=FALSE colnames=FALSE nrow=11 ncol=2 as.numeric=TRUE >
			1785	987
			1793	987
			1800	987
			1807	987
			1815	986
			1822	986
			1827	989
			1832	993
			1835	998
			1838	1002
			1841	1007
		</Outline3>
		<Outline4 type=matrix rownames=FALSE colnames=FALSE nrow=11 ncol=2 as.numeric=TRUE >
			1841	1007
			1843	1013
			1844	1022
			1844	1029
			1844	1036
			1841	1043
			1837	1048
			1832	1052
			1827	1055
			1822	1058
			1817	1061
		</Outline4>
	</curves.control>
	<curves.pixel type=list>
		<Outline1 type=matrix rownames=FALSE colnames=FALSE nrow=82 ncol=2 as.numeric=TRUE >
			1817	1061
			1816	1061
			1815	1062
			1814	1063
			1813	1064
			1812	1064
			1811	1065
			1810	1066
			1809	1066
			1808	1067
			1807	1068
			1806	1069
			1805	1069
			1804	1070
			1803	1071
			1802	1071
			1801	1072
			1800	1072
			1799	1073
			1798	1074
			1797	1074
			1796	1074
			1795	1075
			1794	1075
			1793	1076
			1792	1076
			1791	1076
			1790	1077
			1789	1077
			1788	1077
			1787	1078
			1786	1078
			1785	1078
			1784	1078
			1783	1078
			1782	1078
			1781	1077
			1780	1077
			1779	1077
			1778	1077
			1777	1076
			1776	1076
			1775	1076
			1774	1076
			1773	1075
			1772	1075
			1771	1074
			1770	1073
			1769	1072
			1768	1071
			1767	1070
			1766	1070
			1766	1069
			1765	1068
			1764	1067
			1764	1066
			1763	1065
			1763	1064
			1762	1064
			1762	1063
			1762	1062
			1762	1061
			1762	1060
			1761	1059
			1761	1058
			1761	1057
			1761	1056
			1761	1055
			1761	1054
			1761	1053
			1761	1052
			1761	1051
			1761	1050
			1761	1049
			1761	1048
			1761	1047
			1761	1046
			1761	1045
			1761	1044
			1761	1043
			1761	1042
			1761	1041
		</Outline1>
		<Outline2 type=matrix rownames=FALSE colnames=FALSE nrow=70 ncol=2 as.numeric=TRUE >
			1761	1041
			1761	1040
			1761	1039
			1761	1038
			1760	1037
			1760	1036
			1760	1035
			1760	1034
			1760	1033
			1760	1032
			1759	1031
			1759	1030
			1759	1029
			1759	1028
			1759	1027
			1759	1026
			1758	1025
			1758	1024
			1758	1023
			1758	1022
			1758	1021
			1758	1020
			1757	1019
			1757	1018
			1757	1017
			1757	1016
			1757	1015
			1757	1014
			1757	1013
			1757	1012
			1757	1011
			1757	1010
			1757	1009
			1757	1008
			1757	1007
			1758	1006
			1758	1005
			1759	1004
			1759	1003
			1759	1002
			1760	1002
			1760	1001
			1761	1000
			1761	999
			1762	998
			1763	997
			1764	996
			1765	996
			1765	995
			1766	994
			1767	994
			1768	993
			1769	993
			1769	992
			1770	991
			1771	991
			1772	990
			1773	990
			1774	990
			1775	989
			1776	989
			1777	989
			1778	988
			1779	988
			1780	988
			1781	988
			1782	988
			1783	987
			1784	987
			1785	987
		</Outline2>
		<Outline3 type=matrix rownames=FALSE colnames=FALSE nrow=62 ncol=2 as.numeric=TRUE >
			1785	987
			1786	987
			1787	987
			1788	987
			1789	987
			1790	987
			1791	987
			1792	987
			1793	987
			1794	987
			1795	987
			1796	987
			1797	987
			1798	987
			1799	987
			1800	987
			1801	987
			1802	987
			1803	987
			1804	987
			1805	987
			1806	987
			1807	987
			1808	987
			1809	987
			1810	987
			1811	986
			1812	986
			1813	986
			1814	986
			1815	986
			1816	986
			1817	986
			1818	986
			1819	986
			1820	986
			1821	987
			1822	987
			1823	987
			1824	988
			1825	988
			1826	988
			1827	989
			1828	990
			1829	991
			1830	992
			1831	992
			1831	993
			1832	994
			1833	995
			1834	996
			1834	997
			1835	998
			1836	999
			1837	1000
			1837	1001
			1838	1002
			1839	1003
			1839	1004
			1840	1005
			1840	1006
			1841	1007
		</Outline3>
		<Outline4 type=matrix rownames=FALSE colnames=FALSE nrow=65 ncol=2 as.numeric=TRUE >
			1841	1007
			1841	1008
			1842	1009
			1842	1010
			1842	1011
			1842	1012
			1843	1013
			1843	1014
			1843	1015
			1843	1016
			1843	1017
			1843	1018
			1844	1019
			1844	1020
			1844	1021
			1844	1022
			1844	1023
			1844	1024
			1844	1025
			1844	1026
			1844	1027
			1844	1028
			1844	1029
			1844	1030
			1844	1031
			1844	1032
			1844	1033
			1844	1034
			1844	1035
			1844	1036
			1843	1037
			1843	1038
			1843	1039
			1842	1040
			1842	1041
			1841	1042
			1840	1043
			1840	1044
			1839	1045
			1838	1046
			1838	1047
			1837	1048
			1836	1048
			1836	1049
			1835	1050
			1834	1050
			1833	1051
			1832	1051
			1832	1052
			1831	1053
			1830	1053
			1829	1054
			1828	1054
			1828	1055
			1827	1055
			1826	1056
			1825	1056
			1824	1057
			1823	1058
			1822	1058
			1821	1059
			1820	1059
			1819	1060
			1818	1060
			1817	1061
		</Outline4>
	</curves.pixel>
	<curves.scaled type=list>
		<Outline1 type=matrix rownames=FALSE colnames=FALSE nrow=82 ncol=2 as.numeric=TRUE >
			17.0129221721076	-9.93434805977227
			17.0035589788374	-9.93434805977227
			16.9941957855671	-9.94371125304255
			16.9848325922968	-9.95307444631284
			16.9754693990265	-9.96243763958312
			16.9661062057562	-9.96243763958312
			16.9567430124859	-9.97180083285341
			16.9473798192156	-9.98116402612369
			16.9380166259454	-9.98116402612369
			16.9286534326751	-9.99052721939398
			16.9192902394048	-9.99989041266426
			16.9099270461345	-10.0092536059345
			16.9005638528642	-10.0092536059345
			16.8912006595939	-10.0186167992048
			16.8818374663237	-10.0279799924751
			16.8724742730534	-10.0279799924751
			16.8631110797831	-10.0373431857454
			16.8537478865128	-10.0373431857454
			16.8443846932425	-10.0467063790157
			16.8350214999722	-10.056069572286
			16.8256583067019	-10.056069572286
			16.8162951134317	-10.056069572286
			16.8069319201614	-10.0654327655563
			16.7975687268911	-10.0654327655563
			16.7882055336208	-10.0747959588265
			16.7788423403505	-10.0747959588265
			16.7694791470802	-10.0747959588265
			16.76011595381	-10.0841591520968
			16.7507527605397	-10.0841591520968
			16.7413895672694	-10.0841591520968
			16.7320263739991	-10.0935223453671
			16.7226631807288	-10.0935223453671
			16.7132999874585	-10.0935223453671
			16.7039367941882	-10.0935223453671
			16.694573600918	-10.0935223453671
			16.6852104076477	-10.0935223453671
			16.6758472143774	-10.0841591520968
			16.6664840211071	-10.0841591520968
			16.6571208278368	-10.0841591520968
			16.6477576345665	-10.0841591520968
			16.6383944412962	-10.0747959588265
			16.629031248026	-10.0747959588265
			16.6196680547557	-10.0747959588265
			16.6103048614854	-10.0747959588265
			16.6009416682151	-10.0654327655563
			16.5915784749448	-10.0654327655563
			16.5822152816745	-10.056069572286
			16.5728520884043	-10.0467063790157
			16.563488895134	-10.0373431857454
			16.5541257018637	-10.0279799924751
			16.5447625085934	-10.0186167992048
			16.5353993153231	-10.0186167992048
			16.5353993153231	-10.0092536059345
			16.5260361220528	-9.99989041266426
			16.5166729287825	-9.99052721939398
			16.5166729287825	-9.98116402612369
			16.5073097355123	-9.97180083285341
			16.5073097355123	-9.96243763958312
			16.497946542242	-9.96243763958312
			16.497946542242	-9.95307444631284
			16.497946542242	-9.94371125304255
			16.497946542242	-9.93434805977227
			16.497946542242	-9.92498486650198
			16.4885833489717	-9.9156216732317
			16.4885833489717	-9.90625847996141
			16.4885833489717	-9.89689528669113
			16.4885833489717	-9.88753209342084
			16.4885833489717	-9.87816890015056
			16.4885833489717	-9.86880570688027
			16.4885833489717	-9.85944251360999
			16.4885833489717	-9.8500793203397
			16.4885833489717	-9.84071612706942
			16.4885833489717	-9.83135293379913
			16.4885833489717	-9.82198974052885
			16.4885833489717	-9.81262654725856
			16.4885833489717	-9.80326335398828
			16.4885833489717	-9.79390016071799
			16.4885833489717	-9.78453696744771
			16.4885833489717	-9.77517377417742
			16.4885833489717	-9.76581058090714
			16.4885833489717	-9.75644738763685
			16.4885833489717	-9.74708419436657
		</Outline1>
		<Outline2 type=matrix rownames=FALSE colnames=FALSE nrow=70 ncol=2 as.numeric=TRUE >
			16.4885833489717	-9.74708419436657
			16.4885833489717	-9.73772100109628
			16.4885833489717	-9.728357807826
			16.4885833489717	-9.71899461455572
			16.4792201557014	-9.70963142128543
			16.4792201557014	-9.70026822801514
			16.4792201557014	-9.69090503474486
			16.4792201557014	-9.68154184147457
			16.4792201557014	-9.67217864820429
			16.4792201557014	-9.66281545493401
			16.4698569624311	-9.65345226166372
			16.4698569624311	-9.64408906839344
			16.4698569624311	-9.63472587512315
			16.4698569624311	-9.62536268185286
			16.4698569624311	-9.61599948858258
			16.4698569624311	-9.6066362953123
			16.4604937691608	-9.59727310204201
			16.4604937691608	-9.58790990877173
			16.4604937691608	-9.57854671550144
			16.4604937691608	-9.56918352223116
			16.4604937691608	-9.55982032896087
			16.4604937691608	-9.55045713569059
			16.4511305758905	-9.5410939424203
			16.4511305758905	-9.53173074915002
			16.4511305758905	-9.52236755587973
			16.4511305758905	-9.51300436260945
			16.4511305758905	-9.50364116933916
			16.4511305758905	-9.49427797606888
			16.4511305758905	-9.48491478279859
			16.4511305758905	-9.47555158952831
			16.4511305758905	-9.46618839625802
			16.4511305758905	-9.45682520298774
			16.4511305758905	-9.44746200971745
			16.4511305758905	-9.43809881644717
			16.4511305758905	-9.42873562317688
			16.4604937691608	-9.4193724299066
			16.4604937691608	-9.41000923663631
			16.4698569624311	-9.40064604336603
			16.4698569624311	-9.39128285009574
			16.4698569624311	-9.38191965682546
			16.4792201557014	-9.38191965682546
			16.4792201557014	-9.37255646355517
			16.4885833489717	-9.36319327028489
			16.4885833489717	-9.3538300770146
			16.497946542242	-9.34446688374432
			16.5073097355123	-9.33510369047403
			16.5166729287825	-9.32574049720375
			16.5260361220528	-9.32574049720375
			16.5260361220528	-9.31637730393346
			16.5353993153231	-9.30701411066318
			16.5447625085934	-9.30701411066318
			16.5541257018637	-9.29765091739289
			16.563488895134	-9.29765091739289
			16.563488895134	-9.28828772412261
			16.5728520884043	-9.27892453085233
			16.5822152816745	-9.27892453085233
			16.5915784749448	-9.26956133758204
			16.6009416682151	-9.26956133758204
			16.6103048614854	-9.26956133758204
			16.6196680547557	-9.26019814431175
			16.629031248026	-9.26019814431175
			16.6383944412962	-9.26019814431175
			16.6477576345665	-9.25083495104147
			16.6571208278368	-9.25083495104147
			16.6664840211071	-9.25083495104147
			16.6758472143774	-9.25083495104147
			16.6852104076477	-9.25083495104147
			16.694573600918	-9.24147175777119
			16.7039367941882	-9.24147175777119
			16.7132999874585	-9.24147175777119
		</Outline2>
		<Outline3 type=matrix rownames=FALSE colnames=FALSE nrow=62 ncol=2 as.numeric=TRUE >
			16.7132999874585	-9.24147175777119
			16.7226631807288	-9.24147175777119
			16.7320263739991	-9.24147175777119
			16.7413895672694	-9.24147175777119
			16.7507527605397	-9.24147175777119
			16.76011595381	-9.24147175777119
			16.7694791470802	-9.24147175777119
			16.7788423403505	-9.24147175777119
			16.7882055336208	-9.24147175777119
			16.7975687268911	-9.24147175777119
			16.8069319201614	-9.24147175777119
			16.8162951134317	-9.24147175777119
			16.8256583067019	-9.24147175777119
			16.8350214999722	-9.24147175777119
			16.8443846932425	-9.24147175777119
			16.8537478865128	-9.24147175777119
			16.8631110797831	-9.24147175777119
			16.8724742730534	-9.24147175777119
			16.8818374663237	-9.24147175777119
			16.8912006595939	-9.24147175777119
			16.9005638528642	-9.24147175777119
			16.9099270461345	-9.24147175777119
			16.9192902394048	-9.24147175777119
			16.9286534326751	-9.24147175777119
			16.9380166259454	-9.24147175777119
			16.9473798192156	-9.24147175777119
			16.9567430124859	-9.2321085645009
			16.9661062057562	-9.2321085645009
			16.9754693990265	-9.2321085645009
			16.9848325922968	-9.2321085645009
			16.9941957855671	-9.2321085645009
			17.0035589788374	-9.2321085645009
			17.0129221721076	-9.2321085645009
			17.0222853653779	-9.2321085645009
			17.0316485586482	-9.2321085645009
			17.0410117519185	-9.2321085645009
			17.0503749451888	-9.24147175777119
			17.0597381384591	-9.24147175777119
			17.0691013317294	-9.24147175777119
			17.0784645249996	-9.25083495104147
			17.0878277182699	-9.25083495104147
			17.0971909115402	-9.25083495104147
			17.1065541048105	-9.26019814431175
			17.1159172980808	-9.26956133758204
			17.1252804913511	-9.27892453085233
			17.1346436846213	-9.28828772412261
			17.1440068778916	-9.28828772412261
			17.1440068778916	-9.29765091739289
			17.1533700711619	-9.30701411066318
			17.1627332644322	-9.31637730393346
			17.1720964577025	-9.32574049720375
			17.1720964577025	-9.33510369047403
			17.1814596509728	-9.34446688374432
			17.1908228442431	-9.3538300770146
			17.2001860375133	-9.36319327028489
			17.2001860375133	-9.37255646355517
			17.2095492307836	-9.38191965682546
			17.2189124240539	-9.39128285009574
			17.2189124240539	-9.40064604336603
			17.2282756173242	-9.41000923663631
			17.2282756173242	-9.4193724299066
			17.2376388105945	-9.42873562317688
		</Outline3>
		<Outline4 type=matrix rownames=FALSE colnames=FALSE nrow=65 ncol=2 as.numeric=TRUE >
			17.2376388105945	-9.42873562317688
			17.2376388105945	-9.43809881644717
			17.2470020038648	-9.44746200971745
			17.2470020038648	-9.45682520298774
			17.2470020038648	-9.46618839625802
			17.2470020038648	-9.47555158952831
			17.2563651971351	-9.48491478279859
			17.2563651971351	-9.49427797606888
			17.2563651971351	-9.50364116933916
			17.2563651971351	-9.51300436260945
			17.2563651971351	-9.52236755587973
			17.2563651971351	-9.53173074915002
			17.2657283904053	-9.5410939424203
			17.2657283904053	-9.55045713569059
			17.2657283904053	-9.55982032896087
			17.2657283904053	-9.56918352223116
			17.2657283904053	-9.57854671550144
			17.2657283904053	-9.58790990877173
			17.2657283904053	-9.59727310204201
			17.2657283904053	-9.6066362953123
			17.2657283904053	-9.61599948858258
			17.2657283904053	-9.62536268185286
			17.2657283904053	-9.63472587512315
			17.2657283904053	-9.64408906839344
			17.2657283904053	-9.65345226166372
			17.2657283904053	-9.66281545493401
			17.2657283904053	-9.67217864820429
			17.2657283904053	-9.68154184147457
			17.2657283904053	-9.69090503474486
			17.2657283904053	-9.70026822801514
			17.2563651971351	-9.70963142128543
			17.2563651971351	-9.71899461455572
			17.2563651971351	-9.728357807826
			17.2470020038648	-9.73772100109628
			17.2470020038648	-9.74708419436657
			17.2376388105945	-9.75644738763685
			17.2282756173242	-9.76581058090714
			17.2282756173242	-9.77517377417742
			17.2189124240539	-9.78453696744771
			17.2095492307836	-9.79390016071799
			17.2095492307836	-9.80326335398828
			17.2001860375133	-9.81262654725856
			17.1908228442431	-9.81262654725856
			17.1908228442431	-9.82198974052885
			17.1814596509728	-9.83135293379913
			17.1720964577025	-9.83135293379913
			17.1627332644322	-9.84071612706942
			17.1533700711619	-9.84071612706942
			17.1533700711619	-9.8500793203397
			17.1440068778916	-9.85944251360999
			17.1346436846213	-9.85944251360999
			17.1252804913511	-9.86880570688027
			17.1159172980808	-9.86880570688027
			17.1159172980808	-9.87816890015056
			17.1065541048105	-9.87816890015056
			17.0971909115402	-9.88753209342084
			17.0878277182699	-9.88753209342084
			17.0784645249996	-9.89689528669113
			17.0691013317294	-9.90625847996141
			17.0597381384591	-9.90625847996141
			17.0503749451888	-9.9156216732317
			17.0410117519185	-9.9156216732317
			17.0316485586482	-9.92498486650198
			17.0222853653779	-9.92498486650198
			17.0129221721076	-9.93434805977227
		</Outline4>
	</curves.scaled>
	<ruler.points type=matrix rownames=TRUE colnames=FALSE nrow=2 ncol=2 as.numeric=TRUE >
		Ruler point 1	3126	2334
		Ruler point 2	2058	2339
	</ruler.points>
</shapes>

