<shapes type=list>
	<ruler.pixel type=vector names=FALSE length=1 as.numeric=TRUE >1067.29283704146</ruler.pixel>
	<ruler.interval type=vector names=FALSE length=1 as.numeric=TRUE >10</ruler.interval>
	<scaling.units type=vector names=FALSE length=1 as.numeric=FALSE >mm</scaling.units>
	<scaling type=vector names=FALSE length=1 as.numeric=TRUE >0.00936949977826149</scaling>
	<landmarks.pixel type=matrix rownames=TRUE colnames=FALSE nrow=4 ncol=2 as.numeric=TRUE >
		Labial	2429	1389
		Posterior	2384	1328
		Lingual	2456	1298
		Anterior	2500	1362
	</landmarks.pixel>
	<landmarks.scaled type=matrix rownames=TRUE colnames=FALSE nrow=4 ncol=2 as.numeric=TRUE >
		Labial	22.7585149613972	-13.0142351920052
		Posterior	22.3368874713754	-12.4426957055313
		Lingual	23.0114914554102	-12.1616107121834
		Anterior	23.4237494456537	-12.7612586979921
	</landmarks.scaled>
	<curves.control type=list>
		<Outline1 type=matrix rownames=FALSE colnames=FALSE nrow=15 ncol=2 as.numeric=TRUE >
			2429	1389
			2426	1387
			2422	1386
			2415	1386
			2407	1387
			2399	1387
			2391	1385
			2385	1381
			2379	1375
			2375	1369
			2372	1361
			2371	1354
			2372	1350
			2373	1346
			2384	1328
		</Outline1>
		<Outline2 type=matrix rownames=FALSE colnames=FALSE nrow=13 ncol=2 as.numeric=TRUE >
			2384	1328
			2388	1320
			2393	1312
			2398	1305
			2404	1300
			2409	1295
			2416	1291
			2424	1289
			2432	1288
			2440	1289
			2445	1292
			2450	1294
			2456	1298
		</Outline2>
		<Outline3 type=matrix rownames=FALSE colnames=FALSE nrow=13 ncol=2 as.numeric=TRUE >
			2456	1298
			2463	1302
			2470	1307
			2475	1311
			2483	1314
			2490	1317
			2496	1323
			2500	1329
			2502	1336
			2503	1344
			2503	1351
			2502	1356
			2500	1362
		</Outline3>
		<Outline4 type=matrix rownames=FALSE colnames=FALSE nrow=13 ncol=2 as.numeric=TRUE >
			2500	1362
			2496	1368
			2491	1374
			2485	1379
			2480	1383
			2475	1388
			2469	1392
			2463	1395
			2457	1397
			2450	1398
			2443	1396
			2437	1394
			2429	1389
		</Outline4>
	</curves.control>
	<curves.pixel type=list>
		<Outline1 type=matrix rownames=FALSE colnames=FALSE nrow=103 ncol=2 as.numeric=TRUE >
			2429	1389
			2428	1388
			2427	1388
			2426	1388
			2426	1387
			2425	1387
			2424	1386
			2423	1386
			2422	1386
			2421	1386
			2420	1386
			2419	1386
			2418	1386
			2417	1386
			2416	1386
			2415	1386
			2414	1386
			2413	1386
			2412	1386
			2412	1387
			2411	1387
			2410	1387
			2409	1387
			2408	1387
			2407	1387
			2406	1387
			2405	1387
			2404	1387
			2403	1387
			2402	1387
			2401	1387
			2400	1387
			2399	1387
			2399	1386
			2398	1386
			2397	1386
			2396	1386
			2395	1386
			2394	1386
			2393	1385
			2392	1385
			2391	1385
			2390	1384
			2389	1384
			2388	1383
			2387	1382
			2386	1381
			2385	1381
			2385	1380
			2384	1379
			2383	1379
			2382	1378
			2381	1377
			2380	1376
			2379	1375
			2378	1374
			2378	1373
			2377	1372
			2377	1371
			2376	1370
			2376	1369
			2375	1368
			2375	1367
			2374	1366
			2374	1365
			2373	1364
			2373	1363
			2372	1362
			2372	1361
			2372	1360
			2372	1359
			2372	1358
			2372	1357
			2372	1356
			2372	1355
			2372	1354
			2372	1353
			2372	1352
			2372	1351
			2372	1350
			2372	1349
			2373	1348
			2373	1347
			2374	1346
			2374	1345
			2375	1344
			2375	1343
			2376	1342
			2376	1341
			2377	1340
			2377	1339
			2378	1338
			2378	1337
			2379	1336
			2380	1335
			2380	1334
			2381	1333
			2382	1332
			2382	1331
			2383	1330
			2383	1329
			2384	1329
			2384	1328
		</Outline1>
		<Outline2 type=matrix rownames=FALSE colnames=FALSE nrow=85 ncol=2 as.numeric=TRUE >
			2384	1328
			2385	1327
			2385	1326
			2386	1325
			2386	1324
			2387	1323
			2387	1322
			2388	1321
			2388	1320
			2389	1319
			2390	1318
			2390	1317
			2391	1316
			2391	1315
			2392	1314
			2392	1313
			2393	1312
			2394	1311
			2395	1310
			2396	1309
			2396	1308
			2397	1307
			2398	1306
			2399	1305
			2400	1304
			2401	1303
			2402	1302
			2402	1301
			2403	1300
			2404	1300
			2405	1299
			2406	1298
			2407	1297
			2408	1297
			2409	1296
			2409	1295
			2410	1295
			2411	1294
			2412	1293
			2413	1293
			2414	1292
			2415	1292
			2416	1291
			2417	1291
			2418	1290
			2419	1290
			2420	1290
			2421	1290
			2422	1290
			2423	1290
			2423	1289
			2424	1289
			2425	1289
			2426	1289
			2427	1289
			2428	1289
			2429	1288
			2430	1288
			2431	1288
			2432	1288
			2433	1288
			2434	1288
			2435	1289
			2436	1289
			2437	1289
			2438	1289
			2439	1289
			2440	1290
			2441	1290
			2442	1290
			2442	1291
			2443	1291
			2444	1291
			2445	1292
			2446	1292
			2447	1293
			2448	1293
			2449	1294
			2450	1294
			2451	1295
			2452	1295
			2453	1296
			2454	1296
			2455	1297
			2456	1298
		</Outline2>
		<Outline3 type=matrix rownames=FALSE colnames=FALSE nrow=84 ncol=2 as.numeric=TRUE >
			2456	1298
			2457	1299
			2458	1299
			2459	1300
			2460	1300
			2461	1301
			2462	1301
			2463	1302
			2464	1303
			2465	1303
			2466	1304
			2466	1305
			2467	1305
			2468	1306
			2469	1307
			2470	1307
			2471	1308
			2472	1308
			2472	1309
			2473	1309
			2474	1310
			2475	1310
			2476	1311
			2477	1311
			2478	1312
			2479	1313
			2480	1313
			2481	1313
			2482	1313
			2482	1314
			2483	1314
			2484	1314
			2485	1315
			2486	1315
			2487	1316
			2488	1317
			2489	1317
			2490	1318
			2491	1319
			2492	1319
			2493	1320
			2494	1321
			2495	1322
			2496	1323
			2497	1324
			2497	1325
			2498	1326
			2499	1327
			2499	1328
			2499	1329
			2500	1329
			2500	1330
			2500	1331
			2501	1332
			2501	1333
			2501	1334
			2502	1335
			2502	1336
			2502	1337
			2502	1338
			2502	1339
			2502	1340
			2503	1341
			2503	1342
			2503	1343
			2503	1344
			2503	1345
			2503	1346
			2503	1347
			2503	1348
			2503	1349
			2503	1350
			2503	1351
			2503	1352
			2502	1353
			2502	1354
			2502	1355
			2502	1356
			2502	1357
			2501	1358
			2501	1359
			2501	1360
			2500	1361
			2500	1362
		</Outline3>
		<Outline4 type=matrix rownames=FALSE colnames=FALSE nrow=77 ncol=2 as.numeric=TRUE >
			2500	1362
			2499	1363
			2499	1364
			2498	1365
			2497	1366
			2496	1367
			2496	1368
			2495	1369
			2494	1370
			2493	1371
			2492	1372
			2492	1373
			2491	1374
			2490	1375
			2489	1376
			2488	1377
			2487	1377
			2486	1378
			2485	1379
			2484	1380
			2483	1380
			2482	1381
			2482	1382
			2481	1382
			2480	1383
			2479	1384
			2478	1385
			2477	1386
			2476	1386
			2475	1387
			2475	1388
			2474	1389
			2473	1389
			2472	1390
			2471	1391
			2470	1391
			2469	1392
			2468	1393
			2467	1393
			2466	1394
			2465	1394
			2464	1394
			2463	1395
			2462	1395
			2461	1396
			2460	1396
			2459	1396
			2458	1397
			2457	1397
			2456	1397
			2455	1397
			2454	1397
			2453	1397
			2452	1397
			2451	1397
			2450	1397
			2449	1397
			2448	1397
			2447	1397
			2446	1397
			2445	1396
			2444	1396
			2443	1396
			2442	1396
			2441	1395
			2440	1395
			2439	1394
			2438	1394
			2437	1394
			2436	1393
			2435	1393
			2434	1392
			2433	1391
			2432	1391
			2431	1390
			2430	1389
			2429	1389
		</Outline4>
	</curves.pixel>
	<curves.scaled type=list>
		<Outline1 type=matrix rownames=FALSE colnames=FALSE nrow=103 ncol=2 as.numeric=TRUE >
			22.7585149613972	-13.0142351920052
			22.7491454616189	-13.0048656922269
			22.7397759618406	-13.0048656922269
			22.7304064620624	-13.0048656922269
			22.7304064620624	-12.9954961924487
			22.7210369622841	-12.9954961924487
			22.7116674625059	-12.9861266926704
			22.7022979627276	-12.9861266926704
			22.6929284629493	-12.9861266926704
			22.6835589631711	-12.9861266926704
			22.6741894633928	-12.9861266926704
			22.6648199636145	-12.9861266926704
			22.6554504638363	-12.9861266926704
			22.646080964058	-12.9861266926704
			22.6367114642798	-12.9861266926704
			22.6273419645015	-12.9861266926704
			22.6179724647232	-12.9861266926704
			22.608602964945	-12.9861266926704
			22.5992334651667	-12.9861266926704
			22.5992334651667	-12.9954961924487
			22.5898639653885	-12.9954961924487
			22.5804944656102	-12.9954961924487
			22.5711249658319	-12.9954961924487
			22.5617554660537	-12.9954961924487
			22.5523859662754	-12.9954961924487
			22.5430164664971	-12.9954961924487
			22.5336469667189	-12.9954961924487
			22.5242774669406	-12.9954961924487
			22.5149079671624	-12.9954961924487
			22.5055384673841	-12.9954961924487
			22.4961689676058	-12.9954961924487
			22.4867994678276	-12.9954961924487
			22.4774299680493	-12.9954961924487
			22.4774299680493	-12.9861266926704
			22.4680604682711	-12.9861266926704
			22.4586909684928	-12.9861266926704
			22.4493214687145	-12.9861266926704
			22.4399519689363	-12.9861266926704
			22.430582469158	-12.9861266926704
			22.4212129693797	-12.9767571928922
			22.4118434696015	-12.9767571928922
			22.4024739698232	-12.9767571928922
			22.393104470045	-12.9673876931139
			22.3837349702667	-12.9673876931139
			22.3743654704884	-12.9580181933356
			22.3649959707102	-12.9486486935574
			22.3556264709319	-12.9392791937791
			22.3462569711537	-12.9392791937791
			22.3462569711537	-12.9299096940009
			22.3368874713754	-12.9205401942226
			22.3275179715971	-12.9205401942226
			22.3181484718189	-12.9111706944443
			22.3087789720406	-12.9018011946661
			22.2994094722623	-12.8924316948878
			22.2900399724841	-12.8830621951095
			22.2806704727058	-12.8736926953313
			22.2806704727058	-12.864323195553
			22.2713009729276	-12.8549536957748
			22.2713009729276	-12.8455841959965
			22.2619314731493	-12.8362146962182
			22.2619314731493	-12.82684519644
			22.252561973371	-12.8174756966617
			22.252561973371	-12.8081061968835
			22.2431924735928	-12.7987366971052
			22.2431924735928	-12.7893671973269
			22.2338229738145	-12.7799976975487
			22.2338229738145	-12.7706281977704
			22.2244534740363	-12.7612586979921
			22.2244534740363	-12.7518891982139
			22.2244534740363	-12.7425196984356
			22.2244534740363	-12.7331501986574
			22.2244534740363	-12.7237806988791
			22.2244534740363	-12.7144111991008
			22.2244534740363	-12.7050416993226
			22.2244534740363	-12.6956721995443
			22.2244534740363	-12.6863026997661
			22.2244534740363	-12.6769331999878
			22.2244534740363	-12.6675637002095
			22.2244534740363	-12.6581942004313
			22.2244534740363	-12.648824700653
			22.2244534740363	-12.6394552008747
			22.2338229738145	-12.6300857010965
			22.2338229738145	-12.6207162013182
			22.2431924735928	-12.61134670154
			22.2431924735928	-12.6019772017617
			22.252561973371	-12.5926077019834
			22.252561973371	-12.5832382022052
			22.2619314731493	-12.5738687024269
			22.2619314731493	-12.5644992026487
			22.2713009729276	-12.5551297028704
			22.2713009729276	-12.5457602030921
			22.2806704727058	-12.5363907033139
			22.2806704727058	-12.5270212035356
			22.2900399724841	-12.5176517037574
			22.2994094722623	-12.5082822039791
			22.2994094722623	-12.4989127042008
			22.3087789720406	-12.4895432044226
			22.3181484718189	-12.4801737046443
			22.3181484718189	-12.470804204866
			22.3275179715971	-12.4614347050878
			22.3275179715971	-12.4520652053095
			22.3368874713754	-12.4520652053095
			22.3368874713754	-12.4426957055313
		</Outline1>
		<Outline2 type=matrix rownames=FALSE colnames=FALSE nrow=85 ncol=2 as.numeric=TRUE >
			22.3368874713754	-12.4426957055313
			22.3462569711537	-12.433326205753
			22.3462569711537	-12.4239567059747
			22.3556264709319	-12.4145872061965
			22.3556264709319	-12.4052177064182
			22.3649959707102	-12.39584820664
			22.3649959707102	-12.3864787068617
			22.3743654704884	-12.3771092070834
			22.3743654704884	-12.3677397073052
			22.3837349702667	-12.3583702075269
			22.393104470045	-12.3490007077486
			22.393104470045	-12.3396312079704
			22.4024739698232	-12.3302617081921
			22.4024739698232	-12.3208922084139
			22.4118434696015	-12.3115227086356
			22.4118434696015	-12.3021532088573
			22.4212129693797	-12.2927837090791
			22.430582469158	-12.2834142093008
			22.4399519689363	-12.2740447095226
			22.4493214687145	-12.2646752097443
			22.4493214687145	-12.255305709966
			22.4586909684928	-12.2459362101878
			22.4680604682711	-12.2365667104095
			22.4774299680493	-12.2271972106312
			22.4867994678276	-12.217827710853
			22.4961689676058	-12.2084582110747
			22.5055384673841	-12.1990887112965
			22.5055384673841	-12.1897192115182
			22.5149079671624	-12.1803497117399
			22.5242774669406	-12.1803497117399
			22.5336469667189	-12.1709802119617
			22.5430164664971	-12.1616107121834
			22.5523859662754	-12.1522412124052
			22.5617554660537	-12.1522412124052
			22.5711249658319	-12.1428717126269
			22.5711249658319	-12.1335022128486
			22.5804944656102	-12.1335022128486
			22.5898639653885	-12.1241327130704
			22.5992334651667	-12.1147632132921
			22.608602964945	-12.1147632132921
			22.6179724647232	-12.1053937135138
			22.6273419645015	-12.1053937135138
			22.6367114642798	-12.0960242137356
			22.646080964058	-12.0960242137356
			22.6554504638363	-12.0866547139573
			22.6648199636145	-12.0866547139573
			22.6741894633928	-12.0866547139573
			22.6835589631711	-12.0866547139573
			22.6929284629493	-12.0866547139573
			22.7022979627276	-12.0866547139573
			22.7022979627276	-12.0772852141791
			22.7116674625059	-12.0772852141791
			22.7210369622841	-12.0772852141791
			22.7304064620624	-12.0772852141791
			22.7397759618406	-12.0772852141791
			22.7491454616189	-12.0772852141791
			22.7585149613972	-12.0679157144008
			22.7678844611754	-12.0679157144008
			22.7772539609537	-12.0679157144008
			22.7866234607319	-12.0679157144008
			22.7959929605102	-12.0679157144008
			22.8053624602885	-12.0679157144008
			22.8147319600667	-12.0772852141791
			22.824101459845	-12.0772852141791
			22.8334709596233	-12.0772852141791
			22.8428404594015	-12.0772852141791
			22.8522099591798	-12.0772852141791
			22.861579458958	-12.0866547139573
			22.8709489587363	-12.0866547139573
			22.8803184585146	-12.0866547139573
			22.8803184585146	-12.0960242137356
			22.8896879582928	-12.0960242137356
			22.8990574580711	-12.0960242137356
			22.9084269578493	-12.1053937135138
			22.9177964576276	-12.1053937135138
			22.9271659574059	-12.1147632132921
			22.9365354571841	-12.1147632132921
			22.9459049569624	-12.1241327130704
			22.9552744567406	-12.1241327130704
			22.9646439565189	-12.1335022128486
			22.9740134562972	-12.1335022128486
			22.9833829560754	-12.1428717126269
			22.9927524558537	-12.1428717126269
			23.002121955632	-12.1522412124052
			23.0114914554102	-12.1616107121834
		</Outline2>
		<Outline3 type=matrix rownames=FALSE colnames=FALSE nrow=84 ncol=2 as.numeric=TRUE >
			23.0114914554102	-12.1616107121834
			23.0208609551885	-12.1709802119617
			23.0302304549667	-12.1709802119617
			23.039599954745	-12.1803497117399
			23.0489694545233	-12.1803497117399
			23.0583389543015	-12.1897192115182
			23.0677084540798	-12.1897192115182
			23.0770779538581	-12.1990887112965
			23.0864474536363	-12.2084582110747
			23.0958169534146	-12.2084582110747
			23.1051864531928	-12.217827710853
			23.1051864531928	-12.2271972106312
			23.1145559529711	-12.2271972106312
			23.1239254527494	-12.2365667104095
			23.1332949525276	-12.2459362101878
			23.1426644523059	-12.2459362101878
			23.1520339520841	-12.255305709966
			23.1614034518624	-12.255305709966
			23.1614034518624	-12.2646752097443
			23.1707729516407	-12.2646752097443
			23.1801424514189	-12.2740447095226
			23.1895119511972	-12.2740447095226
			23.1988814509754	-12.2834142093008
			23.2082509507537	-12.2834142093008
			23.217620450532	-12.2927837090791
			23.2269899503102	-12.3021532088573
			23.2363594500885	-12.3021532088573
			23.2457289498668	-12.3021532088573
			23.255098449645	-12.3021532088573
			23.255098449645	-12.3115227086356
			23.2644679494233	-12.3115227086356
			23.2738374492015	-12.3115227086356
			23.2832069489798	-12.3208922084139
			23.2925764487581	-12.3208922084139
			23.3019459485363	-12.3302617081921
			23.3113154483146	-12.3396312079704
			23.3206849480928	-12.3396312079704
			23.3300544478711	-12.3490007077486
			23.3394239476494	-12.3583702075269
			23.3487934474276	-12.3583702075269
			23.3581629472059	-12.3677397073052
			23.3675324469842	-12.3771092070834
			23.3769019467624	-12.3864787068617
			23.3862714465407	-12.39584820664
			23.3956409463189	-12.4052177064182
			23.3956409463189	-12.4145872061965
			23.4050104460972	-12.4239567059747
			23.4143799458755	-12.433326205753
			23.4143799458755	-12.4426957055313
			23.4143799458755	-12.4520652053095
			23.4237494456537	-12.4520652053095
			23.4237494456537	-12.4614347050878
			23.4237494456537	-12.470804204866
			23.433118945432	-12.4801737046443
			23.433118945432	-12.4895432044226
			23.433118945432	-12.4989127042008
			23.4424884452102	-12.5082822039791
			23.4424884452102	-12.5176517037574
			23.4424884452102	-12.5270212035356
			23.4424884452102	-12.5363907033139
			23.4424884452102	-12.5457602030921
			23.4424884452102	-12.5551297028704
			23.4518579449885	-12.5644992026487
			23.4518579449885	-12.5738687024269
			23.4518579449885	-12.5832382022052
			23.4518579449885	-12.5926077019834
			23.4518579449885	-12.6019772017617
			23.4518579449885	-12.61134670154
			23.4518579449885	-12.6207162013182
			23.4518579449885	-12.6300857010965
			23.4518579449885	-12.6394552008747
			23.4518579449885	-12.648824700653
			23.4518579449885	-12.6581942004313
			23.4518579449885	-12.6675637002095
			23.4424884452102	-12.6769331999878
			23.4424884452102	-12.6863026997661
			23.4424884452102	-12.6956721995443
			23.4424884452102	-12.7050416993226
			23.4424884452102	-12.7144111991008
			23.433118945432	-12.7237806988791
			23.433118945432	-12.7331501986574
			23.433118945432	-12.7425196984356
			23.4237494456537	-12.7518891982139
			23.4237494456537	-12.7612586979921
		</Outline3>
		<Outline4 type=matrix rownames=FALSE colnames=FALSE nrow=77 ncol=2 as.numeric=TRUE >
			23.4237494456537	-12.7612586979921
			23.4143799458755	-12.7706281977704
			23.4143799458755	-12.7799976975487
			23.4050104460972	-12.7893671973269
			23.3956409463189	-12.7987366971052
			23.3862714465407	-12.8081061968835
			23.3862714465407	-12.8174756966617
			23.3769019467624	-12.82684519644
			23.3675324469842	-12.8362146962182
			23.3581629472059	-12.8455841959965
			23.3487934474276	-12.8549536957748
			23.3487934474276	-12.864323195553
			23.3394239476494	-12.8736926953313
			23.3300544478711	-12.8830621951095
			23.3206849480928	-12.8924316948878
			23.3113154483146	-12.9018011946661
			23.3019459485363	-12.9018011946661
			23.2925764487581	-12.9111706944443
			23.2832069489798	-12.9205401942226
			23.2738374492015	-12.9299096940009
			23.2644679494233	-12.9299096940009
			23.255098449645	-12.9392791937791
			23.255098449645	-12.9486486935574
			23.2457289498668	-12.9486486935574
			23.2363594500885	-12.9580181933356
			23.2269899503102	-12.9673876931139
			23.217620450532	-12.9767571928922
			23.2082509507537	-12.9861266926704
			23.1988814509754	-12.9861266926704
			23.1895119511972	-12.9954961924487
			23.1895119511972	-13.0048656922269
			23.1801424514189	-13.0142351920052
			23.1707729516407	-13.0142351920052
			23.1614034518624	-13.0236046917835
			23.1520339520841	-13.0329741915617
			23.1426644523059	-13.0329741915617
			23.1332949525276	-13.04234369134
			23.1239254527494	-13.0517131911183
			23.1145559529711	-13.0517131911183
			23.1051864531928	-13.0610826908965
			23.0958169534146	-13.0610826908965
			23.0864474536363	-13.0610826908965
			23.0770779538581	-13.0704521906748
			23.0677084540798	-13.0704521906748
			23.0583389543015	-13.079821690453
			23.0489694545233	-13.079821690453
			23.039599954745	-13.079821690453
			23.0302304549667	-13.0891911902313
			23.0208609551885	-13.0891911902313
			23.0114914554102	-13.0891911902313
			23.002121955632	-13.0891911902313
			22.9927524558537	-13.0891911902313
			22.9833829560754	-13.0891911902313
			22.9740134562972	-13.0891911902313
			22.9646439565189	-13.0891911902313
			22.9552744567406	-13.0891911902313
			22.9459049569624	-13.0891911902313
			22.9365354571841	-13.0891911902313
			22.9271659574059	-13.0891911902313
			22.9177964576276	-13.0891911902313
			22.9084269578493	-13.079821690453
			22.8990574580711	-13.079821690453
			22.8896879582928	-13.079821690453
			22.8803184585146	-13.079821690453
			22.8709489587363	-13.0704521906748
			22.861579458958	-13.0704521906748
			22.8522099591798	-13.0610826908965
			22.8428404594015	-13.0610826908965
			22.8334709596233	-13.0610826908965
			22.824101459845	-13.0517131911183
			22.8147319600667	-13.0517131911183
			22.8053624602885	-13.04234369134
			22.7959929605102	-13.0329741915617
			22.7866234607319	-13.0329741915617
			22.7772539609537	-13.0236046917835
			22.7678844611754	-13.0142351920052
			22.7585149613972	-13.0142351920052
		</Outline4>
	</curves.scaled>
	<ruler.points type=matrix rownames=TRUE colnames=FALSE nrow=2 ncol=2 as.numeric=TRUE >
		Ruler point 1	3207	2289
		Ruler point 2	2140	2264
	</ruler.points>
</shapes>

