<shapes type=list>
	<ruler.pixel type=vector names=FALSE length=1 as.numeric=TRUE >1094.96666615929</ruler.pixel>
	<ruler.interval type=vector names=FALSE length=1 as.numeric=TRUE >10</ruler.interval>
	<scaling.units type=vector names=FALSE length=1 as.numeric=FALSE >mm</scaling.units>
	<scaling type=vector names=FALSE length=1 as.numeric=TRUE >0.00913269810767482</scaling>
	<landmarks.pixel type=matrix rownames=TRUE colnames=FALSE nrow=4 ncol=2 as.numeric=TRUE >
		Labial	2703	1296
		Posterior	2574	1218
		Lingual	2677	1104
		Anterior	2811	1188
	</landmarks.pixel>
	<landmarks.scaled type=matrix rownames=TRUE colnames=FALSE nrow=4 ncol=2 as.numeric=TRUE >
		Labial	24.685682985045	-11.8359767475466
		Posterior	23.507564929155	-11.1236262951479
		Lingual	24.4482328342455	-10.082498710873
		Anterior	25.6720143806739	-10.8496453519177
	</landmarks.scaled>
	<curves.control type=list>
		<Outline1 type=matrix rownames=FALSE colnames=FALSE nrow=15 ncol=2 as.numeric=TRUE >
			2703	1296
			2688	1305
			2674	1313
			2659	1319
			2640	1321
			2629	1321
			2617	1317
			2608	1312
			2598	1305
			2590	1297
			2584	1287
			2579	1276
			2576	1266
			2574	1257
			2574	1218
		</Outline1>
		<Outline2 type=matrix rownames=FALSE colnames=FALSE nrow=13 ncol=2 as.numeric=TRUE >
			2574	1218
			2576	1198
			2579	1177
			2581	1165
			2588	1154
			2603	1135
			2616	1125
			2626	1117
			2636	1112
			2643	1109
			2650	1107
			2659	1106
			2677	1104
		</Outline2>
		<Outline3 type=matrix rownames=FALSE colnames=FALSE nrow=15 ncol=2 as.numeric=TRUE >
			2677	1104
			2685	1103
			2697	1104
			2708	1104
			2720	1104
			2734	1103
			2748	1105
			2762	1108
			2773	1114
			2782	1120
			2790	1133
			2795	1143
			2801	1156
			2807	1171
			2811	1188
		</Outline3>
		<Outline4 type=matrix rownames=FALSE colnames=FALSE nrow=15 ncol=2 as.numeric=TRUE >
			2811	1188
			2813	1204
			2812	1222
			2809	1235
			2803	1250
			2795	1262
			2783	1273
			2770	1281
			2758	1287
			2746	1291
			2734	1293
			2721	1294
			2714	1294
			2708	1294
			2703	1296
		</Outline4>
	</curves.control>
	<curves.pixel type=list>
		<Outline1 type=matrix rownames=FALSE colnames=FALSE nrow=200 ncol=2 as.numeric=TRUE >
			2703	1296
			2702	1297
			2701	1297
			2700	1298
			2699	1298
			2698	1299
			2697	1300
			2696	1300
			2695	1301
			2694	1301
			2693	1302
			2692	1303
			2691	1303
			2690	1304
			2689	1304
			2688	1305
			2687	1305
			2686	1306
			2685	1307
			2684	1307
			2683	1308
			2682	1308
			2681	1309
			2680	1309
			2679	1310
			2678	1310
			2678	1311
			2677	1312
			2676	1312
			2675	1313
			2674	1313
			2673	1314
			2672	1314
			2671	1314
			2670	1315
			2669	1315
			2668	1315
			2667	1315
			2667	1316
			2666	1316
			2665	1316
			2664	1316
			2663	1317
			2662	1317
			2661	1317
			2660	1317
			2659	1318
			2658	1318
			2657	1318
			2656	1318
			2655	1319
			2654	1319
			2653	1319
			2652	1319
			2651	1319
			2650	1320
			2649	1320
			2648	1320
			2647	1320
			2646	1320
			2645	1320
			2644	1321
			2643	1321
			2642	1321
			2641	1321
			2640	1321
			2639	1321
			2638	1321
			2637	1321
			2636	1321
			2635	1321
			2634	1321
			2633	1321
			2632	1320
			2631	1320
			2630	1320
			2629	1320
			2628	1320
			2627	1320
			2626	1319
			2625	1319
			2624	1319
			2623	1319
			2622	1318
			2621	1318
			2620	1318
			2619	1317
			2618	1317
			2617	1317
			2616	1316
			2615	1316
			2614	1315
			2613	1315
			2613	1314
			2612	1314
			2611	1314
			2610	1313
			2609	1313
			2609	1312
			2608	1312
			2607	1311
			2606	1310
			2605	1310
			2604	1309
			2603	1308
			2602	1308
			2601	1307
			2600	1306
			2599	1305
			2598	1305
			2597	1304
			2596	1303
			2595	1302
			2594	1301
			2594	1300
			2593	1299
			2592	1299
			2591	1298
			2591	1297
			2590	1296
			2589	1295
			2589	1294
			2588	1293
			2587	1292
			2586	1291
			2586	1290
			2585	1289
			2585	1288
			2584	1287
			2583	1286
			2583	1285
			2583	1284
			2582	1284
			2582	1283
			2582	1282
			2581	1281
			2581	1280
			2580	1279
			2580	1278
			2580	1277
			2580	1276
			2579	1276
			2579	1275
			2579	1274
			2578	1273
			2578	1272
			2578	1271
			2577	1270
			2577	1269
			2577	1268
			2576	1267
			2576	1266
			2576	1265
			2576	1264
			2575	1263
			2575	1262
			2575	1261
			2575	1260
			2575	1259
			2575	1258
			2575	1257
			2575	1256
			2575	1255
			2575	1254
			2575	1253
			2575	1252
			2575	1251
			2575	1250
			2574	1249
			2574	1248
			2574	1247
			2574	1246
			2574	1245
			2574	1244
			2574	1243
			2574	1242
			2574	1241
			2574	1240
			2574	1239
			2574	1238
			2574	1237
			2574	1236
			2574	1235
			2574	1234
			2574	1233
			2574	1232
			2574	1231
			2574	1230
			2574	1229
			2574	1228
			2574	1227
			2574	1226
			2574	1225
			2574	1224
			2574	1223
			2574	1222
			2574	1221
			2574	1220
			2574	1219
			2574	1218
		</Outline1>
		<Outline2 type=matrix rownames=FALSE colnames=FALSE nrow=165 ncol=2 as.numeric=TRUE >
			2574	1218
			2574	1217
			2574	1216
			2574	1215
			2574	1214
			2574	1213
			2575	1212
			2575	1211
			2575	1210
			2575	1209
			2575	1208
			2575	1207
			2575	1206
			2575	1205
			2576	1204
			2576	1203
			2576	1202
			2576	1201
			2576	1200
			2576	1199
			2576	1198
			2576	1197
			2576	1196
			2577	1195
			2577	1194
			2577	1193
			2577	1192
			2577	1191
			2577	1190
			2577	1189
			2577	1188
			2578	1187
			2578	1186
			2578	1185
			2578	1184
			2578	1183
			2578	1182
			2578	1181
			2579	1180
			2579	1179
			2579	1178
			2579	1177
			2579	1176
			2579	1175
			2579	1174
			2580	1174
			2580	1173
			2580	1172
			2580	1171
			2581	1170
			2581	1169
			2581	1168
			2582	1167
			2582	1166
			2582	1165
			2583	1164
			2583	1163
			2584	1162
			2584	1161
			2585	1160
			2585	1159
			2586	1158
			2586	1157
			2587	1156
			2588	1155
			2588	1154
			2589	1153
			2590	1152
			2590	1151
			2591	1150
			2592	1149
			2593	1148
			2594	1147
			2594	1146
			2595	1145
			2596	1144
			2597	1144
			2597	1143
			2598	1142
			2599	1141
			2600	1140
			2600	1139
			2601	1139
			2602	1138
			2603	1137
			2604	1136
			2604	1135
			2605	1135
			2606	1134
			2606	1133
			2607	1133
			2608	1132
			2609	1131
			2610	1130
			2611	1129
			2612	1128
			2613	1128
			2614	1127
			2614	1126
			2615	1126
			2616	1125
			2617	1124
			2618	1123
			2619	1122
			2620	1122
			2621	1121
			2622	1121
			2622	1120
			2623	1120
			2624	1119
			2625	1119
			2626	1118
			2627	1117
			2628	1116
			2629	1116
			2630	1115
			2631	1115
			2632	1114
			2633	1114
			2634	1113
			2635	1113
			2635	1112
			2636	1112
			2637	1112
			2638	1111
			2639	1111
			2640	1110
			2641	1110
			2642	1110
			2643	1109
			2644	1109
			2645	1109
			2645	1108
			2646	1108
			2647	1108
			2648	1108
			2649	1107
			2650	1107
			2651	1107
			2652	1107
			2653	1107
			2654	1107
			2655	1106
			2656	1106
			2657	1106
			2658	1106
			2659	1106
			2660	1106
			2661	1106
			2662	1106
			2663	1106
			2664	1105
			2665	1105
			2666	1105
			2667	1105
			2668	1105
			2669	1105
			2670	1105
			2671	1105
			2672	1105
			2673	1104
			2674	1104
			2675	1104
			2676	1104
			2677	1104
		</Outline2>
		<Outline3 type=matrix rownames=FALSE colnames=FALSE nrow=176 ncol=2 as.numeric=TRUE >
			2677	1104
			2678	1104
			2679	1104
			2680	1104
			2681	1104
			2682	1104
			2683	1104
			2684	1104
			2685	1104
			2686	1104
			2687	1104
			2688	1104
			2689	1104
			2690	1104
			2691	1104
			2692	1104
			2693	1104
			2694	1104
			2695	1104
			2696	1104
			2697	1104
			2698	1104
			2699	1104
			2700	1104
			2701	1104
			2702	1104
			2703	1104
			2704	1104
			2705	1104
			2706	1104
			2707	1104
			2708	1104
			2709	1104
			2710	1104
			2711	1104
			2712	1104
			2713	1104
			2714	1104
			2715	1104
			2716	1104
			2717	1104
			2718	1104
			2719	1104
			2720	1104
			2721	1104
			2722	1104
			2723	1104
			2724	1104
			2725	1104
			2726	1104
			2727	1104
			2728	1104
			2729	1104
			2730	1104
			2731	1104
			2732	1104
			2733	1104
			2734	1104
			2735	1104
			2736	1104
			2737	1104
			2738	1104
			2739	1104
			2740	1104
			2741	1104
			2742	1104
			2743	1104
			2744	1105
			2745	1105
			2746	1105
			2747	1105
			2748	1105
			2749	1105
			2750	1106
			2751	1106
			2752	1106
			2753	1106
			2754	1106
			2755	1107
			2756	1107
			2757	1107
			2758	1108
			2759	1108
			2760	1108
			2761	1109
			2762	1109
			2763	1110
			2764	1110
			2765	1110
			2766	1111
			2767	1111
			2768	1112
			2769	1112
			2770	1113
			2771	1113
			2772	1114
			2773	1114
			2774	1115
			2775	1115
			2776	1116
			2777	1117
			2778	1118
			2779	1119
			2780	1120
			2781	1121
			2782	1122
			2783	1123
			2784	1124
			2784	1125
			2785	1125
			2785	1126
			2786	1127
			2787	1128
			2787	1129
			2788	1130
			2788	1131
			2789	1132
			2790	1132
			2790	1133
			2791	1134
			2791	1135
			2791	1136
			2792	1136
			2792	1137
			2792	1138
			2793	1139
			2793	1140
			2794	1140
			2794	1141
			2794	1142
			2795	1143
			2795	1144
			2796	1145
			2796	1146
			2797	1147
			2797	1148
			2798	1149
			2798	1150
			2799	1151
			2799	1152
			2800	1153
			2800	1154
			2801	1155
			2801	1156
			2801	1157
			2802	1158
			2802	1159
			2802	1160
			2803	1161
			2803	1162
			2804	1163
			2804	1164
			2804	1165
			2805	1166
			2805	1167
			2805	1168
			2806	1169
			2806	1170
			2806	1171
			2807	1172
			2807	1173
			2807	1174
			2807	1175
			2808	1176
			2808	1177
			2808	1178
			2809	1179
			2809	1180
			2809	1181
			2810	1182
			2810	1183
			2810	1184
			2810	1185
			2811	1186
			2811	1187
			2811	1188
		</Outline3>
		<Outline4 type=matrix rownames=FALSE colnames=FALSE nrow=169 ncol=2 as.numeric=TRUE >
			2811	1188
			2811	1189
			2811	1190
			2811	1191
			2811	1192
			2812	1193
			2812	1194
			2812	1195
			2812	1196
			2812	1197
			2812	1198
			2812	1199
			2812	1200
			2812	1201
			2812	1202
			2812	1203
			2812	1204
			2812	1205
			2812	1206
			2812	1207
			2812	1208
			2812	1209
			2812	1210
			2812	1211
			2812	1212
			2812	1213
			2812	1214
			2812	1215
			2812	1216
			2812	1217
			2812	1218
			2812	1219
			2812	1220
			2812	1221
			2812	1222
			2812	1223
			2812	1224
			2811	1225
			2811	1226
			2811	1227
			2811	1228
			2810	1228
			2810	1229
			2810	1230
			2810	1231
			2809	1232
			2809	1233
			2809	1234
			2808	1235
			2808	1236
			2808	1237
			2807	1238
			2807	1239
			2807	1240
			2806	1241
			2806	1242
			2806	1243
			2805	1244
			2805	1245
			2804	1246
			2804	1247
			2804	1248
			2803	1249
			2803	1250
			2802	1251
			2802	1252
			2801	1253
			2800	1254
			2800	1255
			2799	1255
			2799	1256
			2798	1257
			2797	1258
			2797	1259
			2796	1259
			2795	1260
			2795	1261
			2794	1262
			2793	1263
			2792	1264
			2791	1265
			2790	1266
			2789	1267
			2788	1268
			2787	1269
			2786	1270
			2785	1271
			2784	1272
			2783	1273
			2782	1273
			2781	1274
			2780	1275
			2779	1275
			2778	1276
			2777	1277
			2776	1277
			2775	1278
			2774	1279
			2773	1279
			2772	1280
			2771	1280
			2770	1281
			2769	1281
			2768	1282
			2767	1282
			2766	1283
			2765	1283
			2764	1284
			2763	1284
			2762	1285
			2761	1286
			2760	1286
			2759	1287
			2758	1287
			2757	1287
			2756	1288
			2755	1288
			2754	1288
			2753	1289
			2752	1289
			2751	1289
			2750	1289
			2749	1290
			2748	1290
			2747	1290
			2746	1291
			2745	1291
			2744	1291
			2743	1291
			2742	1291
			2741	1292
			2740	1292
			2739	1292
			2738	1292
			2737	1293
			2736	1293
			2735	1293
			2734	1293
			2733	1293
			2732	1293
			2731	1293
			2730	1293
			2729	1293
			2728	1293
			2727	1294
			2726	1294
			2725	1294
			2724	1294
			2723	1294
			2722	1294
			2721	1294
			2720	1294
			2719	1294
			2718	1294
			2717	1294
			2716	1294
			2715	1294
			2714	1294
			2713	1294
			2712	1294
			2711	1294
			2710	1294
			2709	1294
			2708	1295
			2707	1295
			2706	1295
			2705	1295
			2704	1296
			2703	1296
		</Outline4>
	</curves.pixel>
	<curves.scaled type=list>
		<Outline1 type=matrix rownames=FALSE colnames=FALSE nrow=200 ncol=2 as.numeric=TRUE >
			24.685682985045	-11.8359767475466
			24.6765502869374	-11.8451094456542
			24.6674175888297	-11.8451094456542
			24.658284890722	-11.8542421437619
			24.6491521926143	-11.8542421437619
			24.6400194945067	-11.8633748418696
			24.630886796399	-11.8725075399773
			24.6217540982913	-11.8725075399773
			24.6126214001836	-11.8816402380849
			24.603488702076	-11.8816402380849
			24.5943560039683	-11.8907729361926
			24.5852233058606	-11.8999056343003
			24.5760906077529	-11.8999056343003
			24.5669579096453	-11.909038332408
			24.5578252115376	-11.909038332408
			24.5486925134299	-11.9181710305156
			24.5395598153223	-11.9181710305156
			24.5304271172146	-11.9273037286233
			24.5212944191069	-11.936436426731
			24.5121617209992	-11.936436426731
			24.5030290228916	-11.9455691248387
			24.4938963247839	-11.9455691248387
			24.4847636266762	-11.9547018229463
			24.4756309285685	-11.9547018229463
			24.4664982304609	-11.963834521054
			24.4573655323532	-11.963834521054
			24.4573655323532	-11.9729672191617
			24.4482328342455	-11.9820999172694
			24.4391001361378	-11.9820999172694
			24.4299674380302	-11.991232615377
			24.4208347399225	-11.991232615377
			24.4117020418148	-12.0003653134847
			24.4025693437071	-12.0003653134847
			24.3934366455995	-12.0003653134847
			24.3843039474918	-12.0094980115924
			24.3751712493841	-12.0094980115924
			24.3660385512764	-12.0094980115924
			24.3569058531688	-12.0094980115924
			24.3569058531688	-12.0186307097001
			24.3477731550611	-12.0186307097001
			24.3386404569534	-12.0186307097001
			24.3295077588457	-12.0186307097001
			24.3203750607381	-12.0277634078077
			24.3112423626304	-12.0277634078077
			24.3021096645227	-12.0277634078077
			24.292976966415	-12.0277634078077
			24.2838442683074	-12.0368961059154
			24.2747115701997	-12.0368961059154
			24.265578872092	-12.0368961059154
			24.2564461739843	-12.0368961059154
			24.2473134758767	-12.0460288040231
			24.238180777769	-12.0460288040231
			24.2290480796613	-12.0460288040231
			24.2199153815536	-12.0460288040231
			24.210782683446	-12.0460288040231
			24.2016499853383	-12.0551615021308
			24.1925172872306	-12.0551615021308
			24.1833845891229	-12.0551615021308
			24.1742518910153	-12.0551615021308
			24.1651191929076	-12.0551615021308
			24.1559864947999	-12.0551615021308
			24.1468537966922	-12.0642942002384
			24.1377210985846	-12.0642942002384
			24.1285884004769	-12.0642942002384
			24.1194557023692	-12.0642942002384
			24.1103230042615	-12.0642942002384
			24.1011903061539	-12.0642942002384
			24.0920576080462	-12.0642942002384
			24.0829249099385	-12.0642942002384
			24.0737922118308	-12.0642942002384
			24.0646595137232	-12.0642942002384
			24.0555268156155	-12.0642942002384
			24.0463941175078	-12.0642942002384
			24.0372614194001	-12.0551615021308
			24.0281287212925	-12.0551615021308
			24.0189960231848	-12.0551615021308
			24.0098633250771	-12.0551615021308
			24.0007306269694	-12.0551615021308
			23.9915979288618	-12.0551615021308
			23.9824652307541	-12.0460288040231
			23.9733325326464	-12.0460288040231
			23.9641998345387	-12.0460288040231
			23.9550671364311	-12.0460288040231
			23.9459344383234	-12.0368961059154
			23.9368017402157	-12.0368961059154
			23.927669042108	-12.0368961059154
			23.9185363440004	-12.0277634078077
			23.9094036458927	-12.0277634078077
			23.900270947785	-12.0277634078077
			23.8911382496773	-12.0186307097001
			23.8820055515697	-12.0186307097001
			23.872872853462	-12.0094980115924
			23.8637401553543	-12.0094980115924
			23.8637401553543	-12.0003653134847
			23.8546074572466	-12.0003653134847
			23.845474759139	-12.0003653134847
			23.8363420610313	-11.991232615377
			23.8272093629236	-11.991232615377
			23.8272093629236	-11.9820999172694
			23.8180766648159	-11.9820999172694
			23.8089439667083	-11.9729672191617
			23.7998112686006	-11.963834521054
			23.7906785704929	-11.963834521054
			23.7815458723852	-11.9547018229463
			23.7724131742776	-11.9455691248387
			23.7632804761699	-11.9455691248387
			23.7541477780622	-11.936436426731
			23.7450150799545	-11.9273037286233
			23.7358823818469	-11.9181710305156
			23.7267496837392	-11.9181710305156
			23.7176169856315	-11.909038332408
			23.7084842875238	-11.8999056343003
			23.6993515894162	-11.8907729361926
			23.6902188913085	-11.8816402380849
			23.6902188913085	-11.8725075399773
			23.6810861932008	-11.8633748418696
			23.6719534950931	-11.8633748418696
			23.6628207969855	-11.8542421437619
			23.6628207969855	-11.8451094456542
			23.6536880988778	-11.8359767475466
			23.6445554007701	-11.8268440494389
			23.6445554007701	-11.8177113513312
			23.6354227026624	-11.8085786532235
			23.6262900045548	-11.7994459551159
			23.6171573064471	-11.7903132570082
			23.6171573064471	-11.7811805589005
			23.6080246083394	-11.7720478607928
			23.6080246083394	-11.7629151626852
			23.5988919102317	-11.7537824645775
			23.5897592121241	-11.7446497664698
			23.5897592121241	-11.7355170683621
			23.5897592121241	-11.7263843702545
			23.5806265140164	-11.7263843702545
			23.5806265140164	-11.7172516721468
			23.5806265140164	-11.7081189740391
			23.5714938159087	-11.6989862759314
			23.5714938159087	-11.6898535778238
			23.562361117801	-11.6807208797161
			23.562361117801	-11.6715881816084
			23.562361117801	-11.6624554835008
			23.562361117801	-11.6533227853931
			23.5532284196934	-11.6533227853931
			23.5532284196934	-11.6441900872854
			23.5532284196934	-11.6350573891777
			23.5440957215857	-11.6259246910701
			23.5440957215857	-11.6167919929624
			23.5440957215857	-11.6076592948547
			23.534963023478	-11.598526596747
			23.534963023478	-11.5893938986394
			23.534963023478	-11.5802612005317
			23.5258303253703	-11.571128502424
			23.5258303253703	-11.5619958043163
			23.5258303253703	-11.5528631062087
			23.5258303253703	-11.543730408101
			23.5166976272627	-11.5345977099933
			23.5166976272627	-11.5254650118856
			23.5166976272627	-11.516332313778
			23.5166976272627	-11.5071996156703
			23.5166976272627	-11.4980669175626
			23.5166976272627	-11.4889342194549
			23.5166976272627	-11.4798015213473
			23.5166976272627	-11.4706688232396
			23.5166976272627	-11.4615361251319
			23.5166976272627	-11.4524034270242
			23.5166976272627	-11.4432707289166
			23.5166976272627	-11.4341380308089
			23.5166976272627	-11.4250053327012
			23.5166976272627	-11.4158726345935
			23.507564929155	-11.4067399364859
			23.507564929155	-11.3976072383782
			23.507564929155	-11.3884745402705
			23.507564929155	-11.3793418421628
			23.507564929155	-11.3702091440552
			23.507564929155	-11.3610764459475
			23.507564929155	-11.3519437478398
			23.507564929155	-11.3428110497321
			23.507564929155	-11.3336783516245
			23.507564929155	-11.3245456535168
			23.507564929155	-11.3154129554091
			23.507564929155	-11.3062802573014
			23.507564929155	-11.2971475591938
			23.507564929155	-11.2880148610861
			23.507564929155	-11.2788821629784
			23.507564929155	-11.2697494648707
			23.507564929155	-11.2606167667631
			23.507564929155	-11.2514840686554
			23.507564929155	-11.2423513705477
			23.507564929155	-11.23321867244
			23.507564929155	-11.2240859743324
			23.507564929155	-11.2149532762247
			23.507564929155	-11.205820578117
			23.507564929155	-11.1966878800093
			23.507564929155	-11.1875551819017
			23.507564929155	-11.178422483794
			23.507564929155	-11.1692897856863
			23.507564929155	-11.1601570875786
			23.507564929155	-11.151024389471
			23.507564929155	-11.1418916913633
			23.507564929155	-11.1327589932556
			23.507564929155	-11.1236262951479
		</Outline1>
		<Outline2 type=matrix rownames=FALSE colnames=FALSE nrow=165 ncol=2 as.numeric=TRUE >
			23.507564929155	-11.1236262951479
			23.507564929155	-11.1144935970403
			23.507564929155	-11.1053608989326
			23.507564929155	-11.0962282008249
			23.507564929155	-11.0870955027172
			23.507564929155	-11.0779628046096
			23.5166976272627	-11.0688301065019
			23.5166976272627	-11.0596974083942
			23.5166976272627	-11.0505647102865
			23.5166976272627	-11.0414320121789
			23.5166976272627	-11.0322993140712
			23.5166976272627	-11.0231666159635
			23.5166976272627	-11.0140339178558
			23.5166976272627	-11.0049012197482
			23.5258303253703	-10.9957685216405
			23.5258303253703	-10.9866358235328
			23.5258303253703	-10.9775031254251
			23.5258303253703	-10.9683704273175
			23.5258303253703	-10.9592377292098
			23.5258303253703	-10.9501050311021
			23.5258303253703	-10.9409723329944
			23.5258303253703	-10.9318396348868
			23.5258303253703	-10.9227069367791
			23.534963023478	-10.9135742386714
			23.534963023478	-10.9044415405637
			23.534963023478	-10.8953088424561
			23.534963023478	-10.8861761443484
			23.534963023478	-10.8770434462407
			23.534963023478	-10.867910748133
			23.534963023478	-10.8587780500254
			23.534963023478	-10.8496453519177
			23.5440957215857	-10.84051265381
			23.5440957215857	-10.8313799557023
			23.5440957215857	-10.8222472575947
			23.5440957215857	-10.813114559487
			23.5440957215857	-10.8039818613793
			23.5440957215857	-10.7948491632716
			23.5440957215857	-10.785716465164
			23.5532284196934	-10.7765837670563
			23.5532284196934	-10.7674510689486
			23.5532284196934	-10.7583183708409
			23.5532284196934	-10.7491856727333
			23.5532284196934	-10.7400529746256
			23.5532284196934	-10.7309202765179
			23.5532284196934	-10.7217875784102
			23.562361117801	-10.7217875784102
			23.562361117801	-10.7126548803026
			23.562361117801	-10.7035221821949
			23.562361117801	-10.6943894840872
			23.5714938159087	-10.6852567859795
			23.5714938159087	-10.6761240878719
			23.5714938159087	-10.6669913897642
			23.5806265140164	-10.6578586916565
			23.5806265140164	-10.6487259935488
			23.5806265140164	-10.6395932954412
			23.5897592121241	-10.6304605973335
			23.5897592121241	-10.6213278992258
			23.5988919102317	-10.6121952011181
			23.5988919102317	-10.6030625030105
			23.6080246083394	-10.5939298049028
			23.6080246083394	-10.5847971067951
			23.6171573064471	-10.5756644086874
			23.6171573064471	-10.5665317105798
			23.6262900045548	-10.5573990124721
			23.6354227026624	-10.5482663143644
			23.6354227026624	-10.5391336162567
			23.6445554007701	-10.5300009181491
			23.6536880988778	-10.5208682200414
			23.6536880988778	-10.5117355219337
			23.6628207969855	-10.502602823826
			23.6719534950931	-10.4934701257184
			23.6810861932008	-10.4843374276107
			23.6902188913085	-10.475204729503
			23.6902188913085	-10.4660720313953
			23.6993515894162	-10.4569393332877
			23.7084842875238	-10.44780663518
			23.7176169856315	-10.44780663518
			23.7176169856315	-10.4386739370723
			23.7267496837392	-10.4295412389646
			23.7358823818469	-10.420408540857
			23.7450150799545	-10.4112758427493
			23.7450150799545	-10.4021431446416
			23.7541477780622	-10.4021431446416
			23.7632804761699	-10.3930104465339
			23.7724131742776	-10.3838777484263
			23.7815458723852	-10.3747450503186
			23.7815458723852	-10.3656123522109
			23.7906785704929	-10.3656123522109
			23.7998112686006	-10.3564796541032
			23.7998112686006	-10.3473469559956
			23.8089439667083	-10.3473469559956
			23.8180766648159	-10.3382142578879
			23.8272093629236	-10.3290815597802
			23.8363420610313	-10.3199488616726
			23.845474759139	-10.3108161635649
			23.8546074572466	-10.3016834654572
			23.8637401553543	-10.3016834654572
			23.872872853462	-10.2925507673495
			23.872872853462	-10.2834180692419
			23.8820055515697	-10.2834180692419
			23.8911382496773	-10.2742853711342
			23.900270947785	-10.2651526730265
			23.9094036458927	-10.2560199749188
			23.9185363440004	-10.2468872768112
			23.927669042108	-10.2468872768112
			23.9368017402157	-10.2377545787035
			23.9459344383234	-10.2377545787035
			23.9459344383234	-10.2286218805958
			23.9550671364311	-10.2286218805958
			23.9641998345387	-10.2194891824881
			23.9733325326464	-10.2194891824881
			23.9824652307541	-10.2103564843805
			23.9915979288618	-10.2012237862728
			24.0007306269694	-10.1920910881651
			24.0098633250771	-10.1920910881651
			24.0189960231848	-10.1829583900574
			24.0281287212925	-10.1829583900574
			24.0372614194001	-10.1738256919498
			24.0463941175078	-10.1738256919498
			24.0555268156155	-10.1646929938421
			24.0646595137232	-10.1646929938421
			24.0646595137232	-10.1555602957344
			24.0737922118308	-10.1555602957344
			24.0829249099385	-10.1555602957344
			24.0920576080462	-10.1464275976267
			24.1011903061539	-10.1464275976267
			24.1103230042615	-10.1372948995191
			24.1194557023692	-10.1372948995191
			24.1285884004769	-10.1372948995191
			24.1377210985846	-10.1281622014114
			24.1468537966922	-10.1281622014114
			24.1559864947999	-10.1281622014114
			24.1559864947999	-10.1190295033037
			24.1651191929076	-10.1190295033037
			24.1742518910153	-10.1190295033037
			24.1833845891229	-10.1190295033037
			24.1925172872306	-10.109896805196
			24.2016499853383	-10.109896805196
			24.210782683446	-10.109896805196
			24.2199153815536	-10.109896805196
			24.2290480796613	-10.109896805196
			24.238180777769	-10.109896805196
			24.2473134758767	-10.1007641070884
			24.2564461739843	-10.1007641070884
			24.265578872092	-10.1007641070884
			24.2747115701997	-10.1007641070884
			24.2838442683074	-10.1007641070884
			24.292976966415	-10.1007641070884
			24.3021096645227	-10.1007641070884
			24.3112423626304	-10.1007641070884
			24.3203750607381	-10.1007641070884
			24.3295077588457	-10.0916314089807
			24.3386404569534	-10.0916314089807
			24.3477731550611	-10.0916314089807
			24.3569058531688	-10.0916314089807
			24.3660385512764	-10.0916314089807
			24.3751712493841	-10.0916314089807
			24.3843039474918	-10.0916314089807
			24.3934366455995	-10.0916314089807
			24.4025693437071	-10.0916314089807
			24.4117020418148	-10.082498710873
			24.4208347399225	-10.082498710873
			24.4299674380302	-10.082498710873
			24.4391001361378	-10.082498710873
			24.4482328342455	-10.082498710873
		</Outline2>
		<Outline3 type=matrix rownames=FALSE colnames=FALSE nrow=176 ncol=2 as.numeric=TRUE >
			24.4482328342455	-10.082498710873
			24.4573655323532	-10.082498710873
			24.4664982304609	-10.082498710873
			24.4756309285685	-10.082498710873
			24.4847636266762	-10.082498710873
			24.4938963247839	-10.082498710873
			24.5030290228916	-10.082498710873
			24.5121617209992	-10.082498710873
			24.5212944191069	-10.082498710873
			24.5304271172146	-10.082498710873
			24.5395598153223	-10.082498710873
			24.5486925134299	-10.082498710873
			24.5578252115376	-10.082498710873
			24.5669579096453	-10.082498710873
			24.5760906077529	-10.082498710873
			24.5852233058606	-10.082498710873
			24.5943560039683	-10.082498710873
			24.603488702076	-10.082498710873
			24.6126214001836	-10.082498710873
			24.6217540982913	-10.082498710873
			24.630886796399	-10.082498710873
			24.6400194945067	-10.082498710873
			24.6491521926143	-10.082498710873
			24.658284890722	-10.082498710873
			24.6674175888297	-10.082498710873
			24.6765502869374	-10.082498710873
			24.685682985045	-10.082498710873
			24.6948156831527	-10.082498710873
			24.7039483812604	-10.082498710873
			24.7130810793681	-10.082498710873
			24.7222137774757	-10.082498710873
			24.7313464755834	-10.082498710873
			24.7404791736911	-10.082498710873
			24.7496118717988	-10.082498710873
			24.7587445699064	-10.082498710873
			24.7678772680141	-10.082498710873
			24.7770099661218	-10.082498710873
			24.7861426642295	-10.082498710873
			24.7952753623371	-10.082498710873
			24.8044080604448	-10.082498710873
			24.8135407585525	-10.082498710873
			24.8226734566602	-10.082498710873
			24.8318061547678	-10.082498710873
			24.8409388528755	-10.082498710873
			24.8500715509832	-10.082498710873
			24.8592042490909	-10.082498710873
			24.8683369471985	-10.082498710873
			24.8774696453062	-10.082498710873
			24.8866023434139	-10.082498710873
			24.8957350415216	-10.082498710873
			24.9048677396292	-10.082498710873
			24.9140004377369	-10.082498710873
			24.9231331358446	-10.082498710873
			24.9322658339523	-10.082498710873
			24.9413985320599	-10.082498710873
			24.9505312301676	-10.082498710873
			24.9596639282753	-10.082498710873
			24.968796626383	-10.082498710873
			24.9779293244906	-10.082498710873
			24.9870620225983	-10.082498710873
			24.996194720706	-10.082498710873
			25.0053274188137	-10.082498710873
			25.0144601169213	-10.082498710873
			25.023592815029	-10.082498710873
			25.0327255131367	-10.082498710873
			25.0418582112444	-10.082498710873
			25.050990909352	-10.082498710873
			25.0601236074597	-10.0916314089807
			25.0692563055674	-10.0916314089807
			25.0783890036751	-10.0916314089807
			25.0875217017827	-10.0916314089807
			25.0966543998904	-10.0916314089807
			25.1057870979981	-10.0916314089807
			25.1149197961058	-10.1007641070884
			25.1240524942134	-10.1007641070884
			25.1331851923211	-10.1007641070884
			25.1423178904288	-10.1007641070884
			25.1514505885365	-10.1007641070884
			25.1605832866441	-10.109896805196
			25.1697159847518	-10.109896805196
			25.1788486828595	-10.109896805196
			25.1879813809672	-10.1190295033037
			25.1971140790748	-10.1190295033037
			25.2062467771825	-10.1190295033037
			25.2153794752902	-10.1281622014114
			25.2245121733979	-10.1281622014114
			25.2336448715055	-10.1372948995191
			25.2427775696132	-10.1372948995191
			25.2519102677209	-10.1372948995191
			25.2610429658286	-10.1464275976267
			25.2701756639362	-10.1464275976267
			25.2793083620439	-10.1555602957344
			25.2884410601516	-10.1555602957344
			25.2975737582593	-10.1646929938421
			25.3067064563669	-10.1646929938421
			25.3158391544746	-10.1738256919498
			25.3249718525823	-10.1738256919498
			25.33410455069	-10.1829583900574
			25.3432372487976	-10.1829583900574
			25.3523699469053	-10.1920910881651
			25.361502645013	-10.2012237862728
			25.3706353431207	-10.2103564843805
			25.3797680412283	-10.2194891824881
			25.388900739336	-10.2286218805958
			25.3980334374437	-10.2377545787035
			25.4071661355514	-10.2468872768112
			25.416298833659	-10.2560199749188
			25.4254315317667	-10.2651526730265
			25.4254315317667	-10.2742853711342
			25.4345642298744	-10.2742853711342
			25.4345642298744	-10.2834180692419
			25.4436969279821	-10.2925507673495
			25.4528296260897	-10.3016834654572
			25.4528296260897	-10.3108161635649
			25.4619623241974	-10.3199488616726
			25.4619623241974	-10.3290815597802
			25.4710950223051	-10.3382142578879
			25.4802277204128	-10.3382142578879
			25.4802277204128	-10.3473469559956
			25.4893604185204	-10.3564796541032
			25.4893604185204	-10.3656123522109
			25.4893604185204	-10.3747450503186
			25.4984931166281	-10.3747450503186
			25.4984931166281	-10.3838777484263
			25.4984931166281	-10.3930104465339
			25.5076258147358	-10.4021431446416
			25.5076258147358	-10.4112758427493
			25.5167585128435	-10.4112758427493
			25.5167585128435	-10.420408540857
			25.5167585128435	-10.4295412389646
			25.5258912109511	-10.4386739370723
			25.5258912109511	-10.44780663518
			25.5350239090588	-10.4569393332877
			25.5350239090588	-10.4660720313953
			25.5441566071665	-10.475204729503
			25.5441566071665	-10.4843374276107
			25.5532893052742	-10.4934701257184
			25.5532893052742	-10.502602823826
			25.5624220033818	-10.5117355219337
			25.5624220033818	-10.5208682200414
			25.5715547014895	-10.5300009181491
			25.5715547014895	-10.5391336162567
			25.5806873995972	-10.5482663143644
			25.5806873995972	-10.5573990124721
			25.5806873995972	-10.5665317105798
			25.5898200977049	-10.5756644086874
			25.5898200977049	-10.5847971067951
			25.5898200977049	-10.5939298049028
			25.5989527958125	-10.6030625030105
			25.5989527958125	-10.6121952011181
			25.6080854939202	-10.6213278992258
			25.6080854939202	-10.6304605973335
			25.6080854939202	-10.6395932954412
			25.6172181920279	-10.6487259935488
			25.6172181920279	-10.6578586916565
			25.6172181920279	-10.6669913897642
			25.6263508901356	-10.6761240878719
			25.6263508901356	-10.6852567859795
			25.6263508901356	-10.6943894840872
			25.6354835882432	-10.7035221821949
			25.6354835882432	-10.7126548803026
			25.6354835882432	-10.7217875784102
			25.6354835882432	-10.7309202765179
			25.6446162863509	-10.7400529746256
			25.6446162863509	-10.7491856727333
			25.6446162863509	-10.7583183708409
			25.6537489844586	-10.7674510689486
			25.6537489844586	-10.7765837670563
			25.6537489844586	-10.785716465164
			25.6628816825663	-10.7948491632716
			25.6628816825663	-10.8039818613793
			25.6628816825663	-10.813114559487
			25.6628816825663	-10.8222472575947
			25.6720143806739	-10.8313799557023
			25.6720143806739	-10.84051265381
			25.6720143806739	-10.8496453519177
		</Outline3>
		<Outline4 type=matrix rownames=FALSE colnames=FALSE nrow=169 ncol=2 as.numeric=TRUE >
			25.6720143806739	-10.8496453519177
			25.6720143806739	-10.8587780500254
			25.6720143806739	-10.867910748133
			25.6720143806739	-10.8770434462407
			25.6720143806739	-10.8861761443484
			25.6811470787816	-10.8953088424561
			25.6811470787816	-10.9044415405637
			25.6811470787816	-10.9135742386714
			25.6811470787816	-10.9227069367791
			25.6811470787816	-10.9318396348868
			25.6811470787816	-10.9409723329944
			25.6811470787816	-10.9501050311021
			25.6811470787816	-10.9592377292098
			25.6811470787816	-10.9683704273175
			25.6811470787816	-10.9775031254251
			25.6811470787816	-10.9866358235328
			25.6811470787816	-10.9957685216405
			25.6811470787816	-11.0049012197482
			25.6811470787816	-11.0140339178558
			25.6811470787816	-11.0231666159635
			25.6811470787816	-11.0322993140712
			25.6811470787816	-11.0414320121789
			25.6811470787816	-11.0505647102865
			25.6811470787816	-11.0596974083942
			25.6811470787816	-11.0688301065019
			25.6811470787816	-11.0779628046096
			25.6811470787816	-11.0870955027172
			25.6811470787816	-11.0962282008249
			25.6811470787816	-11.1053608989326
			25.6811470787816	-11.1144935970403
			25.6811470787816	-11.1236262951479
			25.6811470787816	-11.1327589932556
			25.6811470787816	-11.1418916913633
			25.6811470787816	-11.151024389471
			25.6811470787816	-11.1601570875786
			25.6811470787816	-11.1692897856863
			25.6811470787816	-11.178422483794
			25.6720143806739	-11.1875551819017
			25.6720143806739	-11.1966878800093
			25.6720143806739	-11.205820578117
			25.6720143806739	-11.2149532762247
			25.6628816825663	-11.2149532762247
			25.6628816825663	-11.2240859743324
			25.6628816825663	-11.23321867244
			25.6628816825663	-11.2423513705477
			25.6537489844586	-11.2514840686554
			25.6537489844586	-11.2606167667631
			25.6537489844586	-11.2697494648707
			25.6446162863509	-11.2788821629784
			25.6446162863509	-11.2880148610861
			25.6446162863509	-11.2971475591938
			25.6354835882432	-11.3062802573014
			25.6354835882432	-11.3154129554091
			25.6354835882432	-11.3245456535168
			25.6263508901356	-11.3336783516245
			25.6263508901356	-11.3428110497321
			25.6263508901356	-11.3519437478398
			25.6172181920279	-11.3610764459475
			25.6172181920279	-11.3702091440552
			25.6080854939202	-11.3793418421628
			25.6080854939202	-11.3884745402705
			25.6080854939202	-11.3976072383782
			25.5989527958125	-11.4067399364859
			25.5989527958125	-11.4158726345935
			25.5898200977049	-11.4250053327012
			25.5898200977049	-11.4341380308089
			25.5806873995972	-11.4432707289166
			25.5715547014895	-11.4524034270242
			25.5715547014895	-11.4615361251319
			25.5624220033818	-11.4615361251319
			25.5624220033818	-11.4706688232396
			25.5532893052742	-11.4798015213473
			25.5441566071665	-11.4889342194549
			25.5441566071665	-11.4980669175626
			25.5350239090588	-11.4980669175626
			25.5258912109511	-11.5071996156703
			25.5258912109511	-11.516332313778
			25.5167585128435	-11.5254650118856
			25.5076258147358	-11.5345977099933
			25.4984931166281	-11.543730408101
			25.4893604185204	-11.5528631062087
			25.4802277204128	-11.5619958043163
			25.4710950223051	-11.571128502424
			25.4619623241974	-11.5802612005317
			25.4528296260897	-11.5893938986394
			25.4436969279821	-11.598526596747
			25.4345642298744	-11.6076592948547
			25.4254315317667	-11.6167919929624
			25.416298833659	-11.6259246910701
			25.4071661355514	-11.6259246910701
			25.3980334374437	-11.6350573891777
			25.388900739336	-11.6441900872854
			25.3797680412283	-11.6441900872854
			25.3706353431207	-11.6533227853931
			25.361502645013	-11.6624554835008
			25.3523699469053	-11.6624554835008
			25.3432372487976	-11.6715881816084
			25.33410455069	-11.6807208797161
			25.3249718525823	-11.6807208797161
			25.3158391544746	-11.6898535778238
			25.3067064563669	-11.6898535778238
			25.2975737582593	-11.6989862759314
			25.2884410601516	-11.6989862759314
			25.2793083620439	-11.7081189740391
			25.2701756639362	-11.7081189740391
			25.2610429658286	-11.7172516721468
			25.2519102677209	-11.7172516721468
			25.2427775696132	-11.7263843702545
			25.2336448715055	-11.7263843702545
			25.2245121733979	-11.7355170683621
			25.2153794752902	-11.7446497664698
			25.2062467771825	-11.7446497664698
			25.1971140790748	-11.7537824645775
			25.1879813809672	-11.7537824645775
			25.1788486828595	-11.7537824645775
			25.1697159847518	-11.7629151626852
			25.1605832866441	-11.7629151626852
			25.1514505885365	-11.7629151626852
			25.1423178904288	-11.7720478607928
			25.1331851923211	-11.7720478607928
			25.1240524942134	-11.7720478607928
			25.1149197961058	-11.7720478607928
			25.1057870979981	-11.7811805589005
			25.0966543998904	-11.7811805589005
			25.0875217017827	-11.7811805589005
			25.0783890036751	-11.7903132570082
			25.0692563055674	-11.7903132570082
			25.0601236074597	-11.7903132570082
			25.050990909352	-11.7903132570082
			25.0418582112444	-11.7903132570082
			25.0327255131367	-11.7994459551159
			25.023592815029	-11.7994459551159
			25.0144601169213	-11.7994459551159
			25.0053274188137	-11.7994459551159
			24.996194720706	-11.8085786532235
			24.9870620225983	-11.8085786532235
			24.9779293244906	-11.8085786532235
			24.968796626383	-11.8085786532235
			24.9596639282753	-11.8085786532235
			24.9505312301676	-11.8085786532235
			24.9413985320599	-11.8085786532235
			24.9322658339523	-11.8085786532235
			24.9231331358446	-11.8085786532235
			24.9140004377369	-11.8085786532235
			24.9048677396292	-11.8177113513312
			24.8957350415216	-11.8177113513312
			24.8866023434139	-11.8177113513312
			24.8774696453062	-11.8177113513312
			24.8683369471985	-11.8177113513312
			24.8592042490909	-11.8177113513312
			24.8500715509832	-11.8177113513312
			24.8409388528755	-11.8177113513312
			24.8318061547678	-11.8177113513312
			24.8226734566602	-11.8177113513312
			24.8135407585525	-11.8177113513312
			24.8044080604448	-11.8177113513312
			24.7952753623371	-11.8177113513312
			24.7861426642295	-11.8177113513312
			24.7770099661218	-11.8177113513312
			24.7678772680141	-11.8177113513312
			24.7587445699064	-11.8177113513312
			24.7496118717988	-11.8177113513312
			24.7404791736911	-11.8177113513312
			24.7313464755834	-11.8268440494389
			24.7222137774757	-11.8268440494389
			24.7130810793681	-11.8268440494389
			24.7039483812604	-11.8268440494389
			24.6948156831527	-11.8359767475466
			24.685682985045	-11.8359767475466
		</Outline4>
	</curves.scaled>
	<ruler.points type=matrix rownames=TRUE colnames=FALSE nrow=2 ncol=2 as.numeric=TRUE >
		Ruler point 1	3092	2104
		Ruler point 2	1998	2150
	</ruler.points>
</shapes>

