<shapes type=list>
	<ruler.pixel type=vector names=FALSE length=1 as.numeric=TRUE >1536.0052083245</ruler.pixel>
	<ruler.interval type=vector names=FALSE length=1 as.numeric=TRUE >10</ruler.interval>
	<scaling.units type=vector names=FALSE length=1 as.numeric=FALSE >mm</scaling.units>
	<scaling type=vector names=FALSE length=1 as.numeric=TRUE >0.00651039459098459</scaling>
	<landmarks.pixel type=matrix rownames=TRUE colnames=FALSE nrow=4 ncol=2 as.numeric=TRUE >
		Labial	2468	1331
		Posterior	2331	1247
		Lingual	2430	1119
		Anterior	2570	1207
	</landmarks.pixel>
	<landmarks.scaled type=matrix rownames=TRUE colnames=FALSE nrow=4 ncol=2 as.numeric=TRUE >
		Labial	16.06765385055	-8.66533520060049
		Posterior	15.1757297915851	-8.11846205495778
		Lingual	15.8202588560926	-7.28513154731175
		Anterior	16.7317140988304	-7.8580462713184
	</landmarks.scaled>
	<curves.control type=list>
		<Outline1 type=matrix rownames=FALSE colnames=FALSE nrow=11 ncol=2 as.numeric=TRUE >
			2468	1331
			2456	1337
			2439	1350
			2420	1360
			2400	1367
			2380	1369
			2357	1367
			2337	1362
			2331	1353
			2326	1341
			2331	1247
		</Outline1>
		<Outline2 type=matrix rownames=FALSE colnames=FALSE nrow=11 ncol=2 as.numeric=TRUE >
			2331	1247
			2333	1219
			2334	1197
			2336	1169
			2341	1154
			2354	1144
			2367	1138
			2383	1132
			2400	1128
			2414	1121
			2430	1119
		</Outline2>
		<Outline3 type=matrix rownames=FALSE colnames=FALSE nrow=13 ncol=2 as.numeric=TRUE >
			2430	1119
			2448	1120
			2468	1122
			2487	1126
			2506	1131
			2524	1138
			2536	1145
			2547	1153
			2554	1163
			2562	1176
			2566	1189
			2569	1197
			2570	1207
		</Outline3>
		<Outline4 type=matrix rownames=FALSE colnames=FALSE nrow=17 ncol=2 as.numeric=TRUE >
			2570	1207
			2570	1216
			2576	1224
			2575	1237
			2570	1250
			2563	1255
			2557	1260
			2553	1268
			2552	1280
			2548	1294
			2539	1303
			2527	1309
			2515	1314
			2495	1323
			2483	1326
			2476	1328
			2468	1331
		</Outline4>
	</curves.control>
	<curves.pixel type=list>
		<Outline1 type=matrix rownames=FALSE colnames=FALSE nrow=248 ncol=2 as.numeric=TRUE >
			2468	1331
			2467	1331
			2466	1332
			2465	1332
			2464	1333
			2463	1334
			2462	1334
			2461	1335
			2460	1335
			2459	1336
			2458	1337
			2457	1337
			2456	1338
			2455	1339
			2454	1339
			2453	1340
			2452	1341
			2451	1341
			2450	1342
			2449	1342
			2448	1343
			2448	1344
			2447	1344
			2446	1345
			2445	1346
			2444	1346
			2443	1347
			2442	1348
			2441	1348
			2440	1349
			2439	1350
			2438	1350
			2437	1351
			2436	1352
			2435	1352
			2434	1353
			2433	1353
			2432	1354
			2431	1354
			2430	1355
			2429	1355
			2428	1356
			2427	1356
			2426	1356
			2425	1357
			2424	1357
			2423	1358
			2422	1358
			2421	1359
			2420	1359
			2419	1360
			2418	1360
			2417	1360
			2416	1361
			2415	1361
			2414	1362
			2413	1362
			2412	1362
			2411	1363
			2410	1363
			2409	1364
			2408	1364
			2407	1364
			2406	1365
			2405	1365
			2404	1366
			2403	1366
			2402	1366
			2401	1366
			2401	1367
			2400	1367
			2399	1367
			2398	1367
			2397	1367
			2396	1367
			2395	1367
			2394	1368
			2393	1368
			2392	1368
			2391	1368
			2390	1368
			2389	1368
			2388	1368
			2387	1368
			2386	1368
			2385	1368
			2384	1368
			2383	1368
			2382	1368
			2381	1368
			2380	1368
			2379	1368
			2378	1368
			2377	1368
			2376	1368
			2375	1368
			2374	1368
			2373	1368
			2372	1368
			2371	1368
			2370	1368
			2369	1368
			2368	1368
			2367	1368
			2366	1368
			2365	1368
			2364	1368
			2363	1367
			2362	1367
			2361	1367
			2360	1367
			2359	1367
			2358	1367
			2357	1367
			2356	1367
			2355	1366
			2354	1366
			2353	1366
			2352	1366
			2351	1365
			2350	1365
			2349	1365
			2348	1364
			2347	1364
			2346	1364
			2345	1363
			2344	1363
			2343	1362
			2342	1362
			2341	1361
			2340	1361
			2339	1360
			2338	1359
			2337	1359
			2336	1358
			2335	1358
			2335	1357
			2334	1356
			2333	1356
			2333	1355
			2332	1354
			2331	1353
			2331	1352
			2330	1351
			2330	1350
			2330	1349
			2330	1348
			2330	1347
			2330	1346
			2329	1345
			2329	1344
			2329	1343
			2329	1342
			2329	1341
			2329	1340
			2329	1339
			2329	1338
			2329	1337
			2329	1336
			2329	1335
			2329	1334
			2329	1333
			2329	1332
			2329	1331
			2329	1330
			2329	1329
			2329	1328
			2329	1327
			2329	1326
			2329	1325
			2329	1324
			2329	1323
			2329	1322
			2329	1321
			2329	1320
			2329	1319
			2329	1318
			2329	1317
			2329	1316
			2329	1315
			2329	1314
			2329	1313
			2329	1312
			2329	1311
			2329	1310
			2329	1309
			2329	1308
			2329	1307
			2329	1306
			2329	1305
			2329	1304
			2329	1303
			2329	1302
			2329	1301
			2329	1300
			2329	1299
			2329	1298
			2329	1297
			2329	1296
			2329	1295
			2329	1294
			2329	1293
			2329	1292
			2329	1291
			2329	1290
			2329	1289
			2329	1288
			2329	1287
			2329	1286
			2329	1285
			2329	1284
			2329	1283
			2329	1282
			2329	1281
			2329	1280
			2330	1279
			2330	1278
			2330	1277
			2330	1276
			2330	1275
			2330	1274
			2330	1273
			2330	1272
			2330	1271
			2330	1270
			2330	1269
			2330	1268
			2330	1267
			2330	1266
			2330	1265
			2330	1264
			2330	1263
			2330	1262
			2330	1261
			2330	1260
			2330	1259
			2330	1258
			2331	1257
			2331	1256
			2331	1255
			2331	1254
			2331	1253
			2331	1252
			2331	1251
			2331	1250
			2331	1249
			2331	1248
			2331	1247
		</Outline1>
		<Outline2 type=matrix rownames=FALSE colnames=FALSE nrow=186 ncol=2 as.numeric=TRUE >
			2331	1247
			2331	1246
			2331	1245
			2331	1244
			2331	1243
			2331	1242
			2331	1241
			2331	1240
			2332	1239
			2332	1238
			2332	1237
			2332	1236
			2332	1235
			2332	1234
			2332	1233
			2332	1232
			2332	1231
			2332	1230
			2332	1229
			2332	1228
			2332	1227
			2332	1226
			2332	1225
			2333	1224
			2333	1223
			2333	1222
			2333	1221
			2333	1220
			2333	1219
			2333	1218
			2333	1217
			2333	1216
			2333	1215
			2333	1214
			2333	1213
			2333	1212
			2333	1211
			2333	1210
			2333	1209
			2333	1208
			2334	1207
			2334	1206
			2334	1205
			2334	1204
			2334	1203
			2334	1202
			2334	1201
			2334	1200
			2334	1199
			2334	1198
			2334	1197
			2334	1196
			2334	1195
			2334	1194
			2334	1193
			2334	1192
			2334	1191
			2335	1190
			2335	1189
			2335	1188
			2335	1187
			2335	1186
			2335	1185
			2335	1184
			2335	1183
			2335	1182
			2336	1181
			2336	1180
			2336	1179
			2336	1178
			2336	1177
			2336	1176
			2336	1175
			2336	1174
			2337	1173
			2337	1172
			2337	1171
			2337	1170
			2337	1169
			2338	1168
			2338	1167
			2338	1166
			2338	1165
			2338	1164
			2339	1163
			2339	1162
			2339	1161
			2339	1160
			2340	1159
			2340	1158
			2340	1157
			2340	1156
			2341	1155
			2341	1154
			2342	1153
			2343	1152
			2344	1152
			2345	1151
			2346	1150
			2347	1150
			2348	1149
			2349	1148
			2350	1148
			2351	1147
			2352	1146
			2353	1145
			2354	1145
			2355	1145
			2355	1144
			2356	1144
			2357	1143
			2358	1143
			2359	1142
			2360	1141
			2361	1141
			2362	1141
			2363	1140
			2364	1139
			2365	1139
			2366	1138
			2367	1138
			2368	1138
			2369	1137
			2370	1137
			2371	1136
			2372	1136
			2373	1136
			2374	1135
			2375	1135
			2376	1135
			2377	1134
			2378	1134
			2379	1134
			2380	1134
			2381	1133
			2382	1133
			2383	1132
			2384	1132
			2385	1132
			2386	1132
			2387	1131
			2388	1131
			2389	1131
			2390	1131
			2391	1130
			2392	1130
			2393	1130
			2394	1130
			2394	1129
			2395	1129
			2396	1129
			2397	1129
			2398	1128
			2399	1128
			2400	1128
			2401	1128
			2402	1127
			2403	1127
			2404	1126
			2405	1126
			2406	1125
			2407	1125
			2408	1125
			2409	1124
			2410	1124
			2411	1124
			2412	1123
			2413	1123
			2414	1123
			2414	1122
			2415	1122
			2416	1122
			2417	1121
			2418	1121
			2419	1121
			2420	1121
			2421	1120
			2422	1120
			2423	1120
			2424	1120
			2425	1120
			2426	1120
			2427	1119
			2428	1119
			2429	1119
			2430	1119
		</Outline2>
		<Outline3 type=matrix rownames=FALSE colnames=FALSE nrow=180 ncol=2 as.numeric=TRUE >
			2430	1119
			2431	1119
			2432	1119
			2433	1119
			2434	1119
			2435	1119
			2436	1119
			2437	1119
			2438	1120
			2439	1120
			2440	1120
			2441	1120
			2442	1120
			2443	1120
			2444	1120
			2445	1120
			2446	1120
			2447	1120
			2448	1120
			2449	1120
			2450	1120
			2451	1120
			2452	1121
			2453	1121
			2454	1121
			2455	1121
			2456	1121
			2457	1121
			2458	1121
			2459	1121
			2460	1121
			2461	1121
			2462	1121
			2463	1122
			2464	1122
			2465	1122
			2466	1122
			2467	1122
			2468	1122
			2469	1122
			2470	1122
			2471	1123
			2472	1123
			2473	1123
			2474	1123
			2475	1124
			2476	1124
			2477	1124
			2478	1124
			2479	1124
			2480	1125
			2481	1125
			2482	1125
			2483	1125
			2484	1126
			2485	1126
			2486	1126
			2487	1126
			2488	1126
			2489	1127
			2490	1127
			2491	1127
			2492	1127
			2493	1128
			2494	1128
			2495	1128
			2496	1128
			2497	1129
			2498	1129
			2499	1129
			2500	1129
			2501	1130
			2502	1130
			2503	1130
			2504	1130
			2505	1131
			2506	1131
			2507	1131
			2508	1132
			2509	1132
			2510	1132
			2510	1133
			2511	1133
			2512	1133
			2513	1134
			2514	1134
			2515	1135
			2516	1135
			2517	1136
			2518	1136
			2519	1136
			2520	1137
			2521	1137
			2522	1138
			2523	1138
			2524	1139
			2525	1139
			2526	1140
			2527	1140
			2528	1141
			2529	1141
			2530	1142
			2531	1142
			2532	1143
			2533	1143
			2534	1144
			2535	1145
			2536	1145
			2537	1146
			2538	1146
			2539	1147
			2539	1148
			2540	1148
			2541	1149
			2542	1149
			2542	1150
			2543	1151
			2544	1151
			2545	1152
			2545	1153
			2546	1153
			2547	1154
			2547	1155
			2548	1155
			2549	1156
			2549	1157
			2550	1158
			2551	1159
			2552	1160
			2552	1161
			2553	1162
			2554	1163
			2554	1164
			2555	1165
			2556	1166
			2556	1167
			2557	1168
			2558	1169
			2558	1170
			2558	1171
			2559	1171
			2559	1172
			2559	1173
			2560	1173
			2560	1174
			2560	1175
			2561	1175
			2561	1176
			2561	1177
			2562	1178
			2562	1179
			2563	1180
			2563	1181
			2564	1182
			2564	1183
			2564	1184
			2565	1185
			2565	1186
			2565	1187
			2566	1188
			2566	1189
			2566	1190
			2567	1190
			2567	1191
			2567	1192
			2567	1193
			2568	1194
			2568	1195
			2568	1196
			2568	1197
			2569	1198
			2569	1199
			2569	1200
			2569	1201
			2569	1202
			2570	1203
			2570	1204
			2570	1205
			2570	1206
			2570	1207
		</Outline3>
		<Outline4 type=matrix rownames=FALSE colnames=FALSE nrow=177 ncol=2 as.numeric=TRUE >
			2570	1207
			2570	1208
			2570	1209
			2570	1210
			2570	1211
			2570	1212
			2571	1213
			2571	1214
			2571	1215
			2572	1216
			2572	1217
			2573	1218
			2573	1219
			2574	1220
			2574	1221
			2574	1222
			2575	1222
			2575	1223
			2576	1224
			2576	1225
			2576	1226
			2576	1227
			2576	1228
			2575	1229
			2575	1230
			2575	1231
			2575	1232
			2575	1233
			2575	1234
			2574	1235
			2574	1236
			2574	1237
			2574	1238
			2573	1239
			2573	1240
			2573	1241
			2573	1242
			2572	1243
			2572	1244
			2572	1245
			2571	1246
			2571	1247
			2571	1248
			2570	1249
			2570	1250
			2569	1250
			2569	1251
			2568	1251
			2568	1252
			2567	1252
			2566	1253
			2565	1254
			2564	1254
			2563	1255
			2562	1256
			2561	1257
			2560	1257
			2559	1258
			2558	1259
			2557	1260
			2557	1261
			2556	1262
			2556	1263
			2555	1264
			2555	1265
			2554	1266
			2554	1267
			2554	1268
			2554	1269
			2553	1270
			2553	1271
			2553	1272
			2553	1273
			2553	1274
			2553	1275
			2552	1276
			2552	1277
			2552	1278
			2552	1279
			2552	1280
			2552	1281
			2551	1282
			2551	1283
			2551	1284
			2550	1285
			2550	1286
			2550	1287
			2549	1288
			2549	1289
			2548	1290
			2548	1291
			2547	1292
			2547	1293
			2546	1294
			2546	1295
			2545	1295
			2545	1296
			2544	1297
			2543	1298
			2543	1299
			2542	1300
			2541	1300
			2541	1301
			2540	1302
			2539	1303
			2538	1303
			2538	1304
			2537	1304
			2536	1305
			2535	1305
			2534	1306
			2533	1306
			2532	1307
			2531	1307
			2530	1307
			2529	1308
			2528	1308
			2527	1309
			2526	1309
			2525	1310
			2524	1310
			2523	1311
			2522	1311
			2521	1311
			2520	1312
			2519	1312
			2518	1313
			2517	1313
			2516	1313
			2515	1314
			2514	1314
			2513	1315
			2512	1315
			2511	1316
			2510	1316
			2509	1316
			2508	1317
			2507	1318
			2506	1318
			2505	1318
			2504	1319
			2503	1319
			2502	1320
			2501	1320
			2500	1320
			2499	1321
			2498	1321
			2497	1322
			2496	1322
			2495	1322
			2494	1323
			2493	1323
			2492	1323
			2491	1324
			2490	1324
			2489	1324
			2488	1325
			2487	1325
			2486	1325
			2485	1325
			2484	1326
			2483	1326
			2482	1326
			2481	1327
			2480	1327
			2479	1327
			2478	1327
			2477	1328
			2476	1328
			2475	1328
			2474	1329
			2473	1329
			2472	1330
			2471	1330
			2470	1330
			2469	1331
			2468	1331
		</Outline4>
	</curves.pixel>
	<curves.scaled type=list>
		<Outline1 type=matrix rownames=FALSE colnames=FALSE nrow=248 ncol=2 as.numeric=TRUE >
			16.06765385055	-8.66533520060049
			16.061143455959	-8.66533520060049
			16.054633061368	-8.67184559519147
			16.048122666777	-8.67184559519147
			16.041612272186	-8.67835598978246
			16.035101877595	-8.68486638437344
			16.0285914830041	-8.68486638437344
			16.0220810884131	-8.69137677896443
			16.0155706938221	-8.69137677896443
			16.0090602992311	-8.69788717355541
			16.0025499046401	-8.70439756814639
			15.9960395100491	-8.70439756814639
			15.9895291154581	-8.71090796273738
			15.9830187208672	-8.71741835732836
			15.9765083262762	-8.71741835732836
			15.9699979316852	-8.72392875191935
			15.9634875370942	-8.73043914651033
			15.9569771425032	-8.73043914651033
			15.9504667479122	-8.73694954110132
			15.9439563533213	-8.73694954110132
			15.9374459587303	-8.7434599356923
			15.9374459587303	-8.74997033028329
			15.9309355641393	-8.74997033028329
			15.9244251695483	-8.75648072487427
			15.9179147749573	-8.76299111946526
			15.9114043803663	-8.76299111946526
			15.9048939857754	-8.76950151405624
			15.8983835911844	-8.77601190864723
			15.8918731965934	-8.77601190864723
			15.8853628020024	-8.78252230323821
			15.8788524074114	-8.78903269782919
			15.8723420128204	-8.78903269782919
			15.8658316182294	-8.79554309242018
			15.8593212236385	-8.80205348701116
			15.8528108290475	-8.80205348701116
			15.8463004344565	-8.80856388160215
			15.8397900398655	-8.80856388160215
			15.8332796452745	-8.81507427619313
			15.8267692506835	-8.81507427619313
			15.8202588560926	-8.82158467078412
			15.8137484615016	-8.82158467078412
			15.8072380669106	-8.8280950653751
			15.8007276723196	-8.8280950653751
			15.7942172777286	-8.8280950653751
			15.7877068831376	-8.83460545996609
			15.7811964885466	-8.83460545996609
			15.7746860939557	-8.84111585455707
			15.7681756993647	-8.84111585455707
			15.7616653047737	-8.84762624914806
			15.7551549101827	-8.84762624914806
			15.7486445155917	-8.85413664373904
			15.7421341210007	-8.85413664373904
			15.7356237264098	-8.85413664373904
			15.7291133318188	-8.86064703833003
			15.7226029372278	-8.86064703833003
			15.7160925426368	-8.86715743292101
			15.7095821480458	-8.86715743292101
			15.7030717534548	-8.86715743292101
			15.6965613588638	-8.87366782751199
			15.6900509642729	-8.87366782751199
			15.6835405696819	-8.88017822210298
			15.6770301750909	-8.88017822210298
			15.6705197804999	-8.88017822210298
			15.6640093859089	-8.88668861669396
			15.6574989913179	-8.88668861669396
			15.650988596727	-8.89319901128495
			15.644478202136	-8.89319901128495
			15.637967807545	-8.89319901128495
			15.631457412954	-8.89319901128495
			15.631457412954	-8.89970940587593
			15.624947018363	-8.89970940587593
			15.618436623772	-8.89970940587593
			15.611926229181	-8.89970940587593
			15.6054158345901	-8.89970940587593
			15.5989054399991	-8.89970940587593
			15.5923950454081	-8.89970940587593
			15.5858846508171	-8.90621980046692
			15.5793742562261	-8.90621980046692
			15.5728638616351	-8.90621980046692
			15.5663534670442	-8.90621980046692
			15.5598430724532	-8.90621980046692
			15.5533326778622	-8.90621980046692
			15.5468222832712	-8.90621980046692
			15.5403118886802	-8.90621980046692
			15.5338014940892	-8.90621980046692
			15.5272910994982	-8.90621980046692
			15.5207807049073	-8.90621980046692
			15.5142703103163	-8.90621980046692
			15.5077599157253	-8.90621980046692
			15.5012495211343	-8.90621980046692
			15.4947391265433	-8.90621980046692
			15.4882287319523	-8.90621980046692
			15.4817183373614	-8.90621980046692
			15.4752079427704	-8.90621980046692
			15.4686975481794	-8.90621980046692
			15.4621871535884	-8.90621980046692
			15.4556767589974	-8.90621980046692
			15.4491663644064	-8.90621980046692
			15.4426559698154	-8.90621980046692
			15.4361455752245	-8.90621980046692
			15.4296351806335	-8.90621980046692
			15.4231247860425	-8.90621980046692
			15.4166143914515	-8.90621980046692
			15.4101039968605	-8.90621980046692
			15.4035936022695	-8.90621980046692
			15.3970832076786	-8.90621980046692
			15.3905728130876	-8.90621980046692
			15.3840624184966	-8.89970940587593
			15.3775520239056	-8.89970940587593
			15.3710416293146	-8.89970940587593
			15.3645312347236	-8.89970940587593
			15.3580208401326	-8.89970940587593
			15.3515104455417	-8.89970940587593
			15.3450000509507	-8.89970940587593
			15.3384896563597	-8.89970940587593
			15.3319792617687	-8.89319901128495
			15.3254688671777	-8.89319901128495
			15.3189584725867	-8.89319901128495
			15.3124480779958	-8.89319901128495
			15.3059376834048	-8.88668861669396
			15.2994272888138	-8.88668861669396
			15.2929168942228	-8.88668861669396
			15.2864064996318	-8.88017822210298
			15.2798961050408	-8.88017822210298
			15.2733857104498	-8.88017822210298
			15.2668753158589	-8.87366782751199
			15.2603649212679	-8.87366782751199
			15.2538545266769	-8.86715743292101
			15.2473441320859	-8.86715743292101
			15.2408337374949	-8.86064703833003
			15.2343233429039	-8.86064703833003
			15.227812948313	-8.85413664373904
			15.221302553722	-8.84762624914806
			15.214792159131	-8.84762624914806
			15.20828176454	-8.84111585455707
			15.201771369949	-8.84111585455707
			15.201771369949	-8.83460545996609
			15.195260975358	-8.8280950653751
			15.188750580767	-8.8280950653751
			15.188750580767	-8.82158467078412
			15.1822401861761	-8.81507427619313
			15.1757297915851	-8.80856388160215
			15.1757297915851	-8.80205348701116
			15.1692193969941	-8.79554309242018
			15.1692193969941	-8.78903269782919
			15.1692193969941	-8.78252230323821
			15.1692193969941	-8.77601190864723
			15.1692193969941	-8.76950151405624
			15.1692193969941	-8.76299111946526
			15.1627090024031	-8.75648072487427
			15.1627090024031	-8.74997033028329
			15.1627090024031	-8.7434599356923
			15.1627090024031	-8.73694954110132
			15.1627090024031	-8.73043914651033
			15.1627090024031	-8.72392875191935
			15.1627090024031	-8.71741835732836
			15.1627090024031	-8.71090796273738
			15.1627090024031	-8.70439756814639
			15.1627090024031	-8.69788717355541
			15.1627090024031	-8.69137677896443
			15.1627090024031	-8.68486638437344
			15.1627090024031	-8.67835598978246
			15.1627090024031	-8.67184559519147
			15.1627090024031	-8.66533520060049
			15.1627090024031	-8.6588248060095
			15.1627090024031	-8.65231441141852
			15.1627090024031	-8.64580401682753
			15.1627090024031	-8.63929362223655
			15.1627090024031	-8.63278322764556
			15.1627090024031	-8.62627283305458
			15.1627090024031	-8.6197624384636
			15.1627090024031	-8.61325204387261
			15.1627090024031	-8.60674164928163
			15.1627090024031	-8.60023125469064
			15.1627090024031	-8.59372086009966
			15.1627090024031	-8.58721046550867
			15.1627090024031	-8.58070007091769
			15.1627090024031	-8.5741896763267
			15.1627090024031	-8.56767928173572
			15.1627090024031	-8.56116888714473
			15.1627090024031	-8.55465849255375
			15.1627090024031	-8.54814809796276
			15.1627090024031	-8.54163770337178
			15.1627090024031	-8.5351273087808
			15.1627090024031	-8.52861691418981
			15.1627090024031	-8.52210651959883
			15.1627090024031	-8.51559612500784
			15.1627090024031	-8.50908573041686
			15.1627090024031	-8.50257533582587
			15.1627090024031	-8.49606494123489
			15.1627090024031	-8.4895545466439
			15.1627090024031	-8.48304415205292
			15.1627090024031	-8.47653375746193
			15.1627090024031	-8.47002336287095
			15.1627090024031	-8.46351296827996
			15.1627090024031	-8.45700257368898
			15.1627090024031	-8.450492179098
			15.1627090024031	-8.44398178450701
			15.1627090024031	-8.43747138991603
			15.1627090024031	-8.43096099532504
			15.1627090024031	-8.42445060073406
			15.1627090024031	-8.41794020614307
			15.1627090024031	-8.41142981155209
			15.1627090024031	-8.4049194169611
			15.1627090024031	-8.39840902237012
			15.1627090024031	-8.39189862777913
			15.1627090024031	-8.38538823318815
			15.1627090024031	-8.37887783859717
			15.1627090024031	-8.37236744400618
			15.1627090024031	-8.3658570494152
			15.1627090024031	-8.35934665482421
			15.1627090024031	-8.35283626023323
			15.1627090024031	-8.34632586564224
			15.1627090024031	-8.33981547105126
			15.1627090024031	-8.33330507646027
			15.1692193969941	-8.32679468186929
			15.1692193969941	-8.3202842872783
			15.1692193969941	-8.31377389268732
			15.1692193969941	-8.30726349809633
			15.1692193969941	-8.30075310350535
			15.1692193969941	-8.29424270891437
			15.1692193969941	-8.28773231432338
			15.1692193969941	-8.2812219197324
			15.1692193969941	-8.27471152514141
			15.1692193969941	-8.26820113055043
			15.1692193969941	-8.26169073595944
			15.1692193969941	-8.25518034136846
			15.1692193969941	-8.24866994677747
			15.1692193969941	-8.24215955218649
			15.1692193969941	-8.23564915759551
			15.1692193969941	-8.22913876300452
			15.1692193969941	-8.22262836841353
			15.1692193969941	-8.21611797382255
			15.1692193969941	-8.20960757923157
			15.1692193969941	-8.20309718464058
			15.1692193969941	-8.1965867900496
			15.1692193969941	-8.19007639545861
			15.1757297915851	-8.18356600086763
			15.1757297915851	-8.17705560627664
			15.1757297915851	-8.17054521168566
			15.1757297915851	-8.16403481709467
			15.1757297915851	-8.15752442250369
			15.1757297915851	-8.15101402791271
			15.1757297915851	-8.14450363332172
			15.1757297915851	-8.13799323873074
			15.1757297915851	-8.13148284413975
			15.1757297915851	-8.12497244954877
			15.1757297915851	-8.11846205495778
		</Outline1>
		<Outline2 type=matrix rownames=FALSE colnames=FALSE nrow=186 ncol=2 as.numeric=TRUE >
			15.1757297915851	-8.11846205495778
			15.1757297915851	-8.1119516603668
			15.1757297915851	-8.10544126577581
			15.1757297915851	-8.09893087118483
			15.1757297915851	-8.09242047659384
			15.1757297915851	-8.08591008200286
			15.1757297915851	-8.07939968741187
			15.1757297915851	-8.07288929282089
			15.1822401861761	-8.0663788982299
			15.1822401861761	-8.05986850363892
			15.1822401861761	-8.05335810904794
			15.1822401861761	-8.04684771445695
			15.1822401861761	-8.04033731986597
			15.1822401861761	-8.03382692527498
			15.1822401861761	-8.027316530684
			15.1822401861761	-8.02080613609301
			15.1822401861761	-8.01429574150203
			15.1822401861761	-8.00778534691104
			15.1822401861761	-8.00127495232006
			15.1822401861761	-7.99476455772907
			15.1822401861761	-7.98825416313809
			15.1822401861761	-7.98174376854711
			15.1822401861761	-7.97523337395612
			15.188750580767	-7.96872297936514
			15.188750580767	-7.96221258477415
			15.188750580767	-7.95570219018317
			15.188750580767	-7.94919179559218
			15.188750580767	-7.9426814010012
			15.188750580767	-7.93617100641021
			15.188750580767	-7.92966061181923
			15.188750580767	-7.92315021722824
			15.188750580767	-7.91663982263726
			15.188750580767	-7.91012942804628
			15.188750580767	-7.90361903345529
			15.188750580767	-7.89710863886431
			15.188750580767	-7.89059824427332
			15.188750580767	-7.88408784968234
			15.188750580767	-7.87757745509135
			15.188750580767	-7.87106706050037
			15.188750580767	-7.86455666590938
			15.195260975358	-7.8580462713184
			15.195260975358	-7.85153587672741
			15.195260975358	-7.84502548213643
			15.195260975358	-7.83851508754544
			15.195260975358	-7.83200469295446
			15.195260975358	-7.82549429836348
			15.195260975358	-7.81898390377249
			15.195260975358	-7.81247350918151
			15.195260975358	-7.80596311459052
			15.195260975358	-7.79945271999954
			15.195260975358	-7.79294232540855
			15.195260975358	-7.78643193081757
			15.195260975358	-7.77992153622658
			15.195260975358	-7.7734111416356
			15.195260975358	-7.76690074704461
			15.195260975358	-7.76039035245363
			15.195260975358	-7.75387995786264
			15.201771369949	-7.74736956327166
			15.201771369949	-7.74085916868068
			15.201771369949	-7.73434877408969
			15.201771369949	-7.72783837949871
			15.201771369949	-7.72132798490772
			15.201771369949	-7.71481759031674
			15.201771369949	-7.70830719572575
			15.201771369949	-7.70179680113477
			15.201771369949	-7.69528640654378
			15.20828176454	-7.6887760119528
			15.20828176454	-7.68226561736181
			15.20828176454	-7.67575522277083
			15.20828176454	-7.66924482817985
			15.20828176454	-7.66273443358886
			15.20828176454	-7.65622403899788
			15.20828176454	-7.64971364440689
			15.20828176454	-7.64320324981591
			15.214792159131	-7.63669285522492
			15.214792159131	-7.63018246063394
			15.214792159131	-7.62367206604295
			15.214792159131	-7.61716167145197
			15.214792159131	-7.61065127686098
			15.221302553722	-7.60414088227
			15.221302553722	-7.59763048767902
			15.221302553722	-7.59112009308803
			15.221302553722	-7.58460969849705
			15.221302553722	-7.57809930390606
			15.227812948313	-7.57158890931508
			15.227812948313	-7.56507851472409
			15.227812948313	-7.55856812013311
			15.227812948313	-7.55205772554212
			15.2343233429039	-7.54554733095114
			15.2343233429039	-7.53903693636015
			15.2343233429039	-7.53252654176917
			15.2343233429039	-7.52601614717818
			15.2408337374949	-7.5195057525872
			15.2408337374949	-7.51299535799621
			15.2473441320859	-7.50648496340523
			15.2538545266769	-7.49997456881425
			15.2603649212679	-7.49997456881425
			15.2668753158589	-7.49346417422326
			15.2733857104498	-7.48695377963228
			15.2798961050408	-7.48695377963228
			15.2864064996318	-7.48044338504129
			15.2929168942228	-7.47393299045031
			15.2994272888138	-7.47393299045031
			15.3059376834048	-7.46742259585932
			15.3124480779958	-7.46091220126834
			15.3189584725867	-7.45440180667735
			15.3254688671777	-7.45440180667735
			15.3319792617687	-7.45440180667735
			15.3319792617687	-7.44789141208637
			15.3384896563597	-7.44789141208637
			15.3450000509507	-7.44138101749538
			15.3515104455417	-7.44138101749538
			15.3580208401326	-7.4348706229044
			15.3645312347236	-7.42836022831342
			15.3710416293146	-7.42836022831342
			15.3775520239056	-7.42836022831342
			15.3840624184966	-7.42184983372243
			15.3905728130876	-7.41533943913145
			15.3970832076786	-7.41533943913145
			15.4035936022695	-7.40882904454046
			15.4101039968605	-7.40882904454046
			15.4166143914515	-7.40882904454046
			15.4231247860425	-7.40231864994948
			15.4296351806335	-7.40231864994948
			15.4361455752245	-7.39580825535849
			15.4426559698154	-7.39580825535849
			15.4491663644064	-7.39580825535849
			15.4556767589974	-7.38929786076751
			15.4621871535884	-7.38929786076751
			15.4686975481794	-7.38929786076751
			15.4752079427704	-7.38278746617652
			15.4817183373614	-7.38278746617652
			15.4882287319523	-7.38278746617652
			15.4947391265433	-7.38278746617652
			15.5012495211343	-7.37627707158554
			15.5077599157253	-7.37627707158554
			15.5142703103163	-7.36976667699455
			15.5207807049073	-7.36976667699455
			15.5272910994982	-7.36976667699455
			15.5338014940892	-7.36976667699455
			15.5403118886802	-7.36325628240357
			15.5468222832712	-7.36325628240357
			15.5533326778622	-7.36325628240357
			15.5598430724532	-7.36325628240357
			15.5663534670442	-7.35674588781259
			15.5728638616351	-7.35674588781259
			15.5793742562261	-7.35674588781259
			15.5858846508171	-7.35674588781259
			15.5858846508171	-7.3502354932216
			15.5923950454081	-7.3502354932216
			15.5989054399991	-7.3502354932216
			15.6054158345901	-7.3502354932216
			15.611926229181	-7.34372509863062
			15.618436623772	-7.34372509863062
			15.624947018363	-7.34372509863062
			15.631457412954	-7.34372509863062
			15.637967807545	-7.33721470403963
			15.644478202136	-7.33721470403963
			15.650988596727	-7.33070430944865
			15.6574989913179	-7.33070430944865
			15.6640093859089	-7.32419391485766
			15.6705197804999	-7.32419391485766
			15.6770301750909	-7.32419391485766
			15.6835405696819	-7.31768352026668
			15.6900509642729	-7.31768352026668
			15.6965613588638	-7.31768352026668
			15.7030717534548	-7.31117312567569
			15.7095821480458	-7.31117312567569
			15.7160925426368	-7.31117312567569
			15.7160925426368	-7.30466273108471
			15.7226029372278	-7.30466273108471
			15.7291133318188	-7.30466273108471
			15.7356237264098	-7.29815233649372
			15.7421341210007	-7.29815233649372
			15.7486445155917	-7.29815233649372
			15.7551549101827	-7.29815233649372
			15.7616653047737	-7.29164194190274
			15.7681756993647	-7.29164194190274
			15.7746860939557	-7.29164194190274
			15.7811964885466	-7.29164194190274
			15.7877068831376	-7.29164194190274
			15.7942172777286	-7.29164194190274
			15.8007276723196	-7.28513154731175
			15.8072380669106	-7.28513154731175
			15.8137484615016	-7.28513154731175
			15.8202588560926	-7.28513154731175
		</Outline2>
		<Outline3 type=matrix rownames=FALSE colnames=FALSE nrow=180 ncol=2 as.numeric=TRUE >
			15.8202588560926	-7.28513154731175
			15.8267692506835	-7.28513154731175
			15.8332796452745	-7.28513154731175
			15.8397900398655	-7.28513154731175
			15.8463004344565	-7.28513154731175
			15.8528108290475	-7.28513154731175
			15.8593212236385	-7.28513154731175
			15.8658316182294	-7.28513154731175
			15.8723420128204	-7.29164194190274
			15.8788524074114	-7.29164194190274
			15.8853628020024	-7.29164194190274
			15.8918731965934	-7.29164194190274
			15.8983835911844	-7.29164194190274
			15.9048939857754	-7.29164194190274
			15.9114043803663	-7.29164194190274
			15.9179147749573	-7.29164194190274
			15.9244251695483	-7.29164194190274
			15.9309355641393	-7.29164194190274
			15.9374459587303	-7.29164194190274
			15.9439563533213	-7.29164194190274
			15.9504667479122	-7.29164194190274
			15.9569771425032	-7.29164194190274
			15.9634875370942	-7.29815233649372
			15.9699979316852	-7.29815233649372
			15.9765083262762	-7.29815233649372
			15.9830187208672	-7.29815233649372
			15.9895291154581	-7.29815233649372
			15.9960395100491	-7.29815233649372
			16.0025499046401	-7.29815233649372
			16.0090602992311	-7.29815233649372
			16.0155706938221	-7.29815233649372
			16.0220810884131	-7.29815233649372
			16.0285914830041	-7.29815233649372
			16.035101877595	-7.30466273108471
			16.041612272186	-7.30466273108471
			16.048122666777	-7.30466273108471
			16.054633061368	-7.30466273108471
			16.061143455959	-7.30466273108471
			16.06765385055	-7.30466273108471
			16.0741642451409	-7.30466273108471
			16.0806746397319	-7.30466273108471
			16.0871850343229	-7.31117312567569
			16.0936954289139	-7.31117312567569
			16.1002058235049	-7.31117312567569
			16.1067162180959	-7.31117312567569
			16.1132266126869	-7.31768352026668
			16.1197370072778	-7.31768352026668
			16.1262474018688	-7.31768352026668
			16.1327577964598	-7.31768352026668
			16.1392681910508	-7.31768352026668
			16.1457785856418	-7.32419391485766
			16.1522889802328	-7.32419391485766
			16.1587993748237	-7.32419391485766
			16.1653097694147	-7.32419391485766
			16.1718201640057	-7.33070430944865
			16.1783305585967	-7.33070430944865
			16.1848409531877	-7.33070430944865
			16.1913513477787	-7.33070430944865
			16.1978617423697	-7.33070430944865
			16.2043721369606	-7.33721470403963
			16.2108825315516	-7.33721470403963
			16.2173929261426	-7.33721470403963
			16.2239033207336	-7.33721470403963
			16.2304137153246	-7.34372509863062
			16.2369241099156	-7.34372509863062
			16.2434345045065	-7.34372509863062
			16.2499448990975	-7.34372509863062
			16.2564552936885	-7.3502354932216
			16.2629656882795	-7.3502354932216
			16.2694760828705	-7.3502354932216
			16.2759864774615	-7.3502354932216
			16.2824968720525	-7.35674588781259
			16.2890072666434	-7.35674588781259
			16.2955176612344	-7.35674588781259
			16.3020280558254	-7.35674588781259
			16.3085384504164	-7.36325628240357
			16.3150488450074	-7.36325628240357
			16.3215592395984	-7.36325628240357
			16.3280696341893	-7.36976667699455
			16.3345800287803	-7.36976667699455
			16.3410904233713	-7.36976667699455
			16.3410904233713	-7.37627707158554
			16.3476008179623	-7.37627707158554
			16.3541112125533	-7.37627707158554
			16.3606216071443	-7.38278746617652
			16.3671320017353	-7.38278746617652
			16.3736423963262	-7.38929786076751
			16.3801527909172	-7.38929786076751
			16.3866631855082	-7.39580825535849
			16.3931735800992	-7.39580825535849
			16.3996839746902	-7.39580825535849
			16.4061943692812	-7.40231864994948
			16.4127047638721	-7.40231864994948
			16.4192151584631	-7.40882904454046
			16.4257255530541	-7.40882904454046
			16.4322359476451	-7.41533943913145
			16.4387463422361	-7.41533943913145
			16.4452567368271	-7.42184983372243
			16.4517671314181	-7.42184983372243
			16.458277526009	-7.42836022831342
			16.4647879206	-7.42836022831342
			16.471298315191	-7.4348706229044
			16.477808709782	-7.4348706229044
			16.484319104373	-7.44138101749538
			16.490829498964	-7.44138101749538
			16.4973398935549	-7.44789141208637
			16.5038502881459	-7.45440180667735
			16.5103606827369	-7.45440180667735
			16.5168710773279	-7.46091220126834
			16.5233814719189	-7.46091220126834
			16.5298918665099	-7.46742259585932
			16.5298918665099	-7.47393299045031
			16.5364022611009	-7.47393299045031
			16.5429126556918	-7.48044338504129
			16.5494230502828	-7.48044338504129
			16.5494230502828	-7.48695377963228
			16.5559334448738	-7.49346417422326
			16.5624438394648	-7.49346417422326
			16.5689542340558	-7.49997456881425
			16.5689542340558	-7.50648496340523
			16.5754646286468	-7.50648496340523
			16.5819750232377	-7.51299535799621
			16.5819750232377	-7.5195057525872
			16.5884854178287	-7.5195057525872
			16.5949958124197	-7.52601614717818
			16.5949958124197	-7.53252654176917
			16.6015062070107	-7.53903693636015
			16.6080166016017	-7.54554733095114
			16.6145269961927	-7.55205772554212
			16.6145269961927	-7.55856812013311
			16.6210373907837	-7.56507851472409
			16.6275477853746	-7.57158890931508
			16.6275477853746	-7.57809930390606
			16.6340581799656	-7.58460969849705
			16.6405685745566	-7.59112009308803
			16.6405685745566	-7.59763048767902
			16.6470789691476	-7.60414088227
			16.6535893637386	-7.61065127686098
			16.6535893637386	-7.61716167145197
			16.6535893637386	-7.62367206604295
			16.6600997583296	-7.62367206604295
			16.6600997583296	-7.63018246063394
			16.6600997583296	-7.63669285522492
			16.6666101529205	-7.63669285522492
			16.6666101529205	-7.64320324981591
			16.6666101529205	-7.64971364440689
			16.6731205475115	-7.64971364440689
			16.6731205475115	-7.65622403899788
			16.6731205475115	-7.66273443358886
			16.6796309421025	-7.66924482817985
			16.6796309421025	-7.67575522277083
			16.6861413366935	-7.68226561736181
			16.6861413366935	-7.6887760119528
			16.6926517312845	-7.69528640654378
			16.6926517312845	-7.70179680113477
			16.6926517312845	-7.70830719572575
			16.6991621258755	-7.71481759031674
			16.6991621258755	-7.72132798490772
			16.6991621258755	-7.72783837949871
			16.7056725204665	-7.73434877408969
			16.7056725204665	-7.74085916868068
			16.7056725204665	-7.74736956327166
			16.7121829150574	-7.74736956327166
			16.7121829150574	-7.75387995786264
			16.7121829150574	-7.76039035245363
			16.7121829150574	-7.76690074704461
			16.7186933096484	-7.7734111416356
			16.7186933096484	-7.77992153622658
			16.7186933096484	-7.78643193081757
			16.7186933096484	-7.79294232540855
			16.7252037042394	-7.79945271999954
			16.7252037042394	-7.80596311459052
			16.7252037042394	-7.81247350918151
			16.7252037042394	-7.81898390377249
			16.7252037042394	-7.82549429836348
			16.7317140988304	-7.83200469295446
			16.7317140988304	-7.83851508754544
			16.7317140988304	-7.84502548213643
			16.7317140988304	-7.85153587672741
			16.7317140988304	-7.8580462713184
		</Outline3>
		<Outline4 type=matrix rownames=FALSE colnames=FALSE nrow=177 ncol=2 as.numeric=TRUE >
			16.7317140988304	-7.8580462713184
			16.7317140988304	-7.86455666590938
			16.7317140988304	-7.87106706050037
			16.7317140988304	-7.87757745509135
			16.7317140988304	-7.88408784968234
			16.7317140988304	-7.89059824427332
			16.7382244934214	-7.89710863886431
			16.7382244934214	-7.90361903345529
			16.7382244934214	-7.91012942804628
			16.7447348880124	-7.91663982263726
			16.7447348880124	-7.92315021722824
			16.7512452826033	-7.92966061181923
			16.7512452826033	-7.93617100641021
			16.7577556771943	-7.9426814010012
			16.7577556771943	-7.94919179559218
			16.7577556771943	-7.95570219018317
			16.7642660717853	-7.95570219018317
			16.7642660717853	-7.96221258477415
			16.7707764663763	-7.96872297936514
			16.7707764663763	-7.97523337395612
			16.7707764663763	-7.98174376854711
			16.7707764663763	-7.98825416313809
			16.7707764663763	-7.99476455772907
			16.7642660717853	-8.00127495232006
			16.7642660717853	-8.00778534691104
			16.7642660717853	-8.01429574150203
			16.7642660717853	-8.02080613609301
			16.7642660717853	-8.027316530684
			16.7642660717853	-8.03382692527498
			16.7577556771943	-8.04033731986597
			16.7577556771943	-8.04684771445695
			16.7577556771943	-8.05335810904794
			16.7577556771943	-8.05986850363892
			16.7512452826033	-8.0663788982299
			16.7512452826033	-8.07288929282089
			16.7512452826033	-8.07939968741187
			16.7512452826033	-8.08591008200286
			16.7447348880124	-8.09242047659384
			16.7447348880124	-8.09893087118483
			16.7447348880124	-8.10544126577581
			16.7382244934214	-8.1119516603668
			16.7382244934214	-8.11846205495778
			16.7382244934214	-8.12497244954877
			16.7317140988304	-8.13148284413975
			16.7317140988304	-8.13799323873074
			16.7252037042394	-8.13799323873074
			16.7252037042394	-8.14450363332172
			16.7186933096484	-8.14450363332172
			16.7186933096484	-8.15101402791271
			16.7121829150574	-8.15101402791271
			16.7056725204665	-8.15752442250369
			16.6991621258755	-8.16403481709467
			16.6926517312845	-8.16403481709467
			16.6861413366935	-8.17054521168566
			16.6796309421025	-8.17705560627664
			16.6731205475115	-8.18356600086763
			16.6666101529205	-8.18356600086763
			16.6600997583296	-8.19007639545861
			16.6535893637386	-8.1965867900496
			16.6470789691476	-8.20309718464058
			16.6470789691476	-8.20960757923157
			16.6405685745566	-8.21611797382255
			16.6405685745566	-8.22262836841353
			16.6340581799656	-8.22913876300452
			16.6340581799656	-8.23564915759551
			16.6275477853746	-8.24215955218649
			16.6275477853746	-8.24866994677747
			16.6275477853746	-8.25518034136846
			16.6275477853746	-8.26169073595944
			16.6210373907837	-8.26820113055043
			16.6210373907837	-8.27471152514141
			16.6210373907837	-8.2812219197324
			16.6210373907837	-8.28773231432338
			16.6210373907837	-8.29424270891437
			16.6210373907837	-8.30075310350535
			16.6145269961927	-8.30726349809633
			16.6145269961927	-8.31377389268732
			16.6145269961927	-8.3202842872783
			16.6145269961927	-8.32679468186929
			16.6145269961927	-8.33330507646027
			16.6145269961927	-8.33981547105126
			16.6080166016017	-8.34632586564224
			16.6080166016017	-8.35283626023323
			16.6080166016017	-8.35934665482421
			16.6015062070107	-8.3658570494152
			16.6015062070107	-8.37236744400618
			16.6015062070107	-8.37887783859717
			16.5949958124197	-8.38538823318815
			16.5949958124197	-8.39189862777913
			16.5884854178287	-8.39840902237012
			16.5884854178287	-8.4049194169611
			16.5819750232377	-8.41142981155209
			16.5819750232377	-8.41794020614307
			16.5754646286468	-8.42445060073406
			16.5754646286468	-8.43096099532504
			16.5689542340558	-8.43096099532504
			16.5689542340558	-8.43747138991603
			16.5624438394648	-8.44398178450701
			16.5559334448738	-8.450492179098
			16.5559334448738	-8.45700257368898
			16.5494230502828	-8.46351296827996
			16.5429126556918	-8.46351296827996
			16.5429126556918	-8.47002336287095
			16.5364022611009	-8.47653375746193
			16.5298918665099	-8.48304415205292
			16.5233814719189	-8.48304415205292
			16.5233814719189	-8.4895545466439
			16.5168710773279	-8.4895545466439
			16.5103606827369	-8.49606494123489
			16.5038502881459	-8.49606494123489
			16.4973398935549	-8.50257533582587
			16.490829498964	-8.50257533582587
			16.484319104373	-8.50908573041686
			16.477808709782	-8.50908573041686
			16.471298315191	-8.50908573041686
			16.4647879206	-8.51559612500784
			16.458277526009	-8.51559612500784
			16.4517671314181	-8.52210651959883
			16.4452567368271	-8.52210651959883
			16.4387463422361	-8.52861691418981
			16.4322359476451	-8.52861691418981
			16.4257255530541	-8.5351273087808
			16.4192151584631	-8.5351273087808
			16.4127047638721	-8.5351273087808
			16.4061943692812	-8.54163770337178
			16.3996839746902	-8.54163770337178
			16.3931735800992	-8.54814809796276
			16.3866631855082	-8.54814809796276
			16.3801527909172	-8.54814809796276
			16.3736423963262	-8.55465849255375
			16.3671320017353	-8.55465849255375
			16.3606216071443	-8.56116888714473
			16.3541112125533	-8.56116888714473
			16.3476008179623	-8.56767928173572
			16.3410904233713	-8.56767928173572
			16.3345800287803	-8.56767928173572
			16.3280696341893	-8.5741896763267
			16.3215592395984	-8.58070007091769
			16.3150488450074	-8.58070007091769
			16.3085384504164	-8.58070007091769
			16.3020280558254	-8.58721046550867
			16.2955176612344	-8.58721046550867
			16.2890072666434	-8.59372086009966
			16.2824968720525	-8.59372086009966
			16.2759864774615	-8.59372086009966
			16.2694760828705	-8.60023125469064
			16.2629656882795	-8.60023125469064
			16.2564552936885	-8.60674164928163
			16.2499448990975	-8.60674164928163
			16.2434345045065	-8.60674164928163
			16.2369241099156	-8.61325204387261
			16.2304137153246	-8.61325204387261
			16.2239033207336	-8.61325204387261
			16.2173929261426	-8.6197624384636
			16.2108825315516	-8.6197624384636
			16.2043721369606	-8.6197624384636
			16.1978617423697	-8.62627283305458
			16.1913513477787	-8.62627283305458
			16.1848409531877	-8.62627283305458
			16.1783305585967	-8.62627283305458
			16.1718201640057	-8.63278322764556
			16.1653097694147	-8.63278322764556
			16.1587993748237	-8.63278322764556
			16.1522889802328	-8.63929362223655
			16.1457785856418	-8.63929362223655
			16.1392681910508	-8.63929362223655
			16.1327577964598	-8.63929362223655
			16.1262474018688	-8.64580401682753
			16.1197370072778	-8.64580401682753
			16.1132266126869	-8.64580401682753
			16.1067162180959	-8.65231441141852
			16.1002058235049	-8.65231441141852
			16.0936954289139	-8.6588248060095
			16.0871850343229	-8.6588248060095
			16.0806746397319	-8.6588248060095
			16.0741642451409	-8.66533520060049
			16.06765385055	-8.66533520060049
		</Outline4>
	</curves.scaled>
	<ruler.points type=matrix rownames=TRUE colnames=FALSE nrow=2 ncol=2 as.numeric=TRUE >
		Ruler point 1	4133	2494
		Ruler point 2	2597	2490
	</ruler.points>
</shapes>

