<shapes type=list>
	<ruler.pixel type=vector names=FALSE length=1 as.numeric=TRUE >1413.03538526111</ruler.pixel>
	<ruler.interval type=vector names=FALSE length=1 as.numeric=TRUE >10</ruler.interval>
	<scaling.units type=vector names=FALSE length=1 as.numeric=FALSE >mm</scaling.units>
	<scaling type=vector names=FALSE length=1 as.numeric=TRUE >0.00707696360919664</scaling>
	<landmarks.pixel type=matrix rownames=TRUE colnames=FALSE nrow=4 ncol=2 as.numeric=TRUE >
		Labial	2488	1399
		Posterior	2417	1292
		Lingual	2528	1231
		Anterior	2603	1337
	</landmarks.pixel>
	<landmarks.scaled type=matrix rownames=TRUE colnames=FALSE nrow=4 ncol=2 as.numeric=TRUE >
		Labial	17.6074854596812	-9.9006720892661
		Posterior	17.1050210434283	-9.14343698308206
		Lingual	17.8905640040491	-8.71174220292107
		Anterior	18.4213362747389	-9.46190034549591
	</landmarks.scaled>
	<curves.control type=list>
		<Outline1 type=matrix rownames=FALSE colnames=FALSE nrow=13 ncol=2 as.numeric=TRUE >
			2488	1399
			2476	1399
			2460	1401
			2446	1401
			2432	1398
			2422	1393
			2412	1386
			2406	1377
			2401	1368
			2398	1358
			2399	1347
			2404	1330
			2417	1292
		</Outline1>
		<Outline2 type=matrix rownames=FALSE colnames=FALSE nrow=13 ncol=2 as.numeric=TRUE >
			2417	1292
			2420	1281
			2424	1270
			2430	1259
			2439	1248
			2451	1239
			2461	1233
			2471	1229
			2481	1226
			2492	1224
			2504	1225
			2515	1228
			2528	1231
		</Outline2>
		<Outline3 type=matrix rownames=FALSE colnames=FALSE nrow=13 ncol=2 as.numeric=TRUE >
			2528	1231
			2544	1237
			2558	1241
			2570	1244
			2583	1248
			2594	1254
			2601	1262
			2608	1272
			2610	1282
			2612	1296
			2610	1310
			2608	1321
			2603	1337
		</Outline3>
		<Outline4 type=matrix rownames=FALSE colnames=FALSE nrow=11 ncol=2 as.numeric=TRUE >
			2603	1337
			2597	1351
			2585	1366
			2575	1378
			2559	1389
			2543	1396
			2529	1399
			2515	1401
			2503	1398
			2496	1397
			2488	1399
		</Outline4>
	</curves.control>
	<curves.pixel type=list>
		<Outline1 type=matrix rownames=FALSE colnames=FALSE nrow=173 ncol=2 as.numeric=TRUE >
			2488	1399
			2487	1399
			2486	1399
			2485	1399
			2484	1399
			2483	1399
			2482	1399
			2481	1399
			2480	1399
			2479	1399
			2478	1399
			2477	1399
			2476	1399
			2475	1400
			2474	1400
			2473	1400
			2472	1400
			2471	1400
			2470	1400
			2469	1400
			2468	1400
			2467	1400
			2466	1400
			2465	1400
			2464	1400
			2464	1401
			2463	1401
			2462	1401
			2461	1401
			2460	1401
			2459	1401
			2458	1401
			2457	1401
			2456	1401
			2455	1401
			2454	1401
			2453	1401
			2452	1401
			2451	1401
			2450	1401
			2449	1401
			2448	1400
			2447	1400
			2446	1400
			2445	1400
			2444	1400
			2443	1400
			2442	1400
			2441	1400
			2440	1399
			2439	1399
			2438	1399
			2437	1399
			2436	1399
			2435	1399
			2434	1398
			2433	1398
			2432	1398
			2431	1398
			2430	1397
			2429	1396
			2428	1396
			2427	1395
			2426	1395
			2425	1394
			2424	1394
			2423	1393
			2422	1393
			2421	1392
			2420	1391
			2419	1390
			2418	1390
			2417	1389
			2416	1388
			2415	1388
			2414	1387
			2413	1386
			2412	1386
			2411	1385
			2410	1384
			2410	1383
			2409	1382
			2409	1381
			2408	1380
			2408	1379
			2407	1378
			2406	1377
			2406	1376
			2405	1375
			2405	1374
			2404	1373
			2403	1372
			2403	1371
			2402	1370
			2402	1369
			2401	1368
			2401	1367
			2400	1366
			2400	1365
			2400	1364
			2400	1363
			2400	1362
			2399	1361
			2399	1360
			2399	1359
			2399	1358
			2399	1357
			2399	1356
			2399	1355
			2399	1354
			2399	1353
			2399	1352
			2399	1351
			2399	1350
			2399	1349
			2399	1348
			2399	1347
			2399	1346
			2400	1345
			2400	1344
			2400	1343
			2401	1342
			2401	1341
			2401	1340
			2402	1339
			2402	1338
			2402	1337
			2402	1336
			2403	1336
			2403	1335
			2403	1334
			2403	1333
			2404	1332
			2404	1331
			2404	1330
			2405	1329
			2405	1328
			2405	1327
			2406	1326
			2406	1325
			2406	1324
			2407	1323
			2407	1322
			2407	1321
			2408	1320
			2408	1319
			2408	1318
			2409	1317
			2409	1316
			2409	1315
			2410	1314
			2410	1313
			2410	1312
			2411	1311
			2411	1310
			2411	1309
			2412	1308
			2412	1307
			2412	1306
			2413	1305
			2413	1304
			2413	1303
			2414	1302
			2414	1301
			2414	1300
			2415	1299
			2415	1298
			2415	1297
			2416	1296
			2416	1295
			2416	1294
			2417	1293
			2417	1292
		</Outline1>
		<Outline2 type=matrix rownames=FALSE colnames=FALSE nrow=142 ncol=2 as.numeric=TRUE >
			2417	1292
			2417	1291
			2418	1290
			2418	1289
			2418	1288
			2418	1287
			2419	1287
			2419	1286
			2419	1285
			2419	1284
			2420	1283
			2420	1282
			2420	1281
			2421	1280
			2421	1279
			2421	1278
			2421	1277
			2422	1277
			2422	1276
			2422	1275
			2423	1274
			2423	1273
			2423	1272
			2424	1271
			2424	1270
			2424	1269
			2425	1268
			2425	1267
			2426	1267
			2426	1266
			2427	1265
			2428	1264
			2428	1263
			2429	1262
			2429	1261
			2430	1260
			2431	1259
			2431	1258
			2432	1258
			2432	1257
			2433	1256
			2434	1255
			2434	1254
			2435	1253
			2436	1252
			2436	1251
			2437	1250
			2438	1249
			2439	1248
			2440	1248
			2441	1247
			2441	1246
			2442	1245
			2443	1245
			2444	1244
			2445	1243
			2446	1243
			2447	1242
			2448	1241
			2449	1241
			2450	1240
			2451	1239
			2452	1239
			2453	1238
			2454	1238
			2454	1237
			2455	1237
			2456	1236
			2457	1235
			2458	1235
			2459	1234
			2460	1234
			2460	1233
			2461	1233
			2462	1233
			2463	1232
			2464	1232
			2465	1232
			2465	1231
			2466	1231
			2467	1231
			2468	1230
			2469	1230
			2470	1229
			2471	1229
			2472	1229
			2473	1228
			2474	1228
			2475	1228
			2476	1227
			2477	1227
			2478	1227
			2479	1227
			2480	1226
			2481	1226
			2482	1226
			2483	1226
			2484	1226
			2485	1225
			2486	1225
			2487	1225
			2488	1225
			2489	1225
			2490	1225
			2491	1225
			2492	1225
			2493	1225
			2494	1225
			2495	1225
			2496	1225
			2497	1225
			2498	1225
			2499	1225
			2500	1225
			2501	1225
			2502	1225
			2503	1225
			2504	1225
			2505	1225
			2506	1226
			2507	1226
			2508	1226
			2509	1226
			2510	1227
			2511	1227
			2512	1227
			2513	1227
			2514	1228
			2515	1228
			2516	1228
			2517	1228
			2518	1229
			2519	1229
			2520	1229
			2521	1229
			2522	1230
			2523	1230
			2524	1230
			2525	1230
			2526	1231
			2527	1231
			2528	1231
		</Outline2>
		<Outline3 type=matrix rownames=FALSE colnames=FALSE nrow=153 ncol=2 as.numeric=TRUE >
			2528	1231
			2529	1231
			2530	1232
			2531	1232
			2532	1232
			2533	1233
			2534	1233
			2535	1234
			2536	1234
			2537	1234
			2538	1235
			2539	1235
			2540	1235
			2541	1236
			2542	1236
			2543	1236
			2544	1237
			2545	1237
			2546	1237
			2547	1238
			2548	1238
			2549	1238
			2550	1239
			2551	1239
			2552	1239
			2553	1239
			2554	1240
			2555	1240
			2556	1240
			2557	1241
			2558	1241
			2559	1241
			2560	1242
			2561	1242
			2562	1242
			2563	1242
			2564	1243
			2565	1243
			2566	1243
			2567	1243
			2568	1244
			2569	1244
			2570	1244
			2571	1244
			2572	1245
			2573	1245
			2574	1245
			2575	1246
			2576	1246
			2577	1246
			2578	1246
			2579	1247
			2580	1247
			2581	1247
			2582	1248
			2583	1248
			2584	1248
			2585	1249
			2586	1250
			2587	1250
			2588	1251
			2589	1252
			2590	1252
			2591	1253
			2592	1254
			2593	1254
			2593	1255
			2594	1256
			2595	1256
			2596	1257
			2597	1258
			2598	1259
			2599	1260
			2600	1261
			2601	1262
			2601	1263
			2602	1264
			2603	1265
			2604	1266
			2604	1267
			2605	1268
			2606	1269
			2606	1270
			2606	1271
			2607	1272
			2607	1273
			2608	1274
			2608	1275
			2608	1276
			2609	1277
			2609	1278
			2609	1279
			2610	1280
			2610	1281
			2610	1282
			2610	1283
			2610	1284
			2610	1285
			2610	1286
			2611	1286
			2611	1287
			2611	1288
			2611	1289
			2611	1290
			2611	1291
			2611	1292
			2611	1293
			2611	1294
			2611	1295
			2611	1296
			2611	1297
			2611	1298
			2611	1299
			2611	1300
			2611	1301
			2611	1302
			2611	1303
			2611	1304
			2611	1305
			2610	1306
			2610	1307
			2610	1308
			2610	1309
			2610	1310
			2610	1311
			2610	1312
			2609	1313
			2609	1314
			2609	1315
			2609	1316
			2608	1317
			2608	1318
			2608	1319
			2608	1320
			2608	1321
			2607	1321
			2607	1322
			2607	1323
			2607	1324
			2607	1325
			2606	1326
			2606	1327
			2606	1328
			2605	1329
			2605	1330
			2605	1331
			2605	1332
			2604	1332
			2604	1333
			2604	1334
			2604	1335
			2603	1336
			2603	1337
		</Outline3>
		<Outline4 type=matrix rownames=FALSE colnames=FALSE nrow=130 ncol=2 as.numeric=TRUE >
			2603	1337
			2603	1338
			2602	1339
			2602	1340
			2601	1341
			2601	1342
			2600	1343
			2600	1344
			2599	1345
			2599	1346
			2598	1347
			2597	1348
			2597	1349
			2596	1350
			2596	1351
			2595	1352
			2594	1353
			2594	1354
			2593	1355
			2592	1356
			2592	1357
			2591	1358
			2590	1359
			2589	1360
			2589	1361
			2588	1362
			2587	1363
			2587	1364
			2586	1365
			2585	1366
			2584	1367
			2583	1368
			2582	1369
			2581	1370
			2581	1371
			2580	1372
			2579	1373
			2578	1374
			2577	1375
			2576	1376
			2575	1376
			2575	1377
			2574	1377
			2573	1378
			2572	1379
			2571	1380
			2570	1381
			2569	1382
			2568	1382
			2567	1383
			2566	1384
			2565	1384
			2565	1385
			2564	1386
			2563	1386
			2562	1387
			2561	1388
			2560	1388
			2559	1389
			2558	1389
			2557	1390
			2556	1390
			2555	1391
			2554	1391
			2553	1391
			2552	1392
			2551	1392
			2550	1393
			2549	1393
			2548	1393
			2547	1394
			2546	1394
			2545	1395
			2544	1395
			2543	1395
			2542	1396
			2541	1396
			2540	1396
			2539	1396
			2538	1397
			2537	1397
			2536	1397
			2535	1398
			2534	1398
			2533	1398
			2532	1398
			2531	1398
			2530	1399
			2529	1399
			2528	1399
			2527	1399
			2526	1399
			2525	1399
			2524	1400
			2523	1400
			2522	1400
			2521	1400
			2520	1400
			2519	1400
			2518	1400
			2517	1400
			2516	1400
			2515	1400
			2514	1400
			2513	1400
			2512	1400
			2511	1399
			2510	1399
			2509	1399
			2508	1399
			2507	1399
			2506	1399
			2505	1398
			2504	1398
			2503	1398
			2502	1398
			2501	1398
			2500	1398
			2499	1398
			2498	1398
			2497	1398
			2496	1398
			2495	1398
			2494	1398
			2493	1398
			2492	1398
			2491	1398
			2490	1399
			2489	1399
			2488	1399
		</Outline4>
	</curves.pixel>
	<curves.scaled type=list>
		<Outline1 type=matrix rownames=FALSE colnames=FALSE nrow=173 ncol=2 as.numeric=TRUE >
			17.6074854596812	-9.9006720892661
			17.6004084960721	-9.9006720892661
			17.5933315324629	-9.9006720892661
			17.5862545688537	-9.9006720892661
			17.5791776052445	-9.9006720892661
			17.5721006416353	-9.9006720892661
			17.5650236780261	-9.9006720892661
			17.5579467144169	-9.9006720892661
			17.5508697508077	-9.9006720892661
			17.5437927871985	-9.9006720892661
			17.5367158235893	-9.9006720892661
			17.5296388599801	-9.9006720892661
			17.5225618963709	-9.9006720892661
			17.5154849327617	-9.9077490528753
			17.5084079691525	-9.9077490528753
			17.5013310055433	-9.9077490528753
			17.4942540419341	-9.9077490528753
			17.4871770783249	-9.9077490528753
			17.4801001147157	-9.9077490528753
			17.4730231511065	-9.9077490528753
			17.4659461874973	-9.9077490528753
			17.4588692238881	-9.9077490528753
			17.4517922602789	-9.9077490528753
			17.4447152966697	-9.9077490528753
			17.4376383330605	-9.9077490528753
			17.4376383330605	-9.9148260164845
			17.4305613694513	-9.9148260164845
			17.4234844058421	-9.9148260164845
			17.4164074422329	-9.9148260164845
			17.4093304786237	-9.9148260164845
			17.4022535150145	-9.9148260164845
			17.3951765514053	-9.9148260164845
			17.3880995877962	-9.9148260164845
			17.381022624187	-9.9148260164845
			17.3739456605778	-9.9148260164845
			17.3668686969686	-9.9148260164845
			17.3597917333594	-9.9148260164845
			17.3527147697502	-9.9148260164845
			17.345637806141	-9.9148260164845
			17.3385608425318	-9.9148260164845
			17.3314838789226	-9.9148260164845
			17.3244069153134	-9.9077490528753
			17.3173299517042	-9.9077490528753
			17.310252988095	-9.9077490528753
			17.3031760244858	-9.9077490528753
			17.2960990608766	-9.9077490528753
			17.2890220972674	-9.9077490528753
			17.2819451336582	-9.9077490528753
			17.274868170049	-9.9077490528753
			17.2677912064398	-9.9006720892661
			17.2607142428306	-9.9006720892661
			17.2536372792214	-9.9006720892661
			17.2465603156122	-9.9006720892661
			17.239483352003	-9.9006720892661
			17.2324063883938	-9.9006720892661
			17.2253294247846	-9.89359512565691
			17.2182524611754	-9.89359512565691
			17.2111754975662	-9.89359512565691
			17.204098533957	-9.89359512565691
			17.1970215703478	-9.88651816204771
			17.1899446067386	-9.87944119843851
			17.1828676431294	-9.87944119843851
			17.1757906795203	-9.87236423482932
			17.1687137159111	-9.87236423482932
			17.1616367523019	-9.86528727122012
			17.1545597886927	-9.86528727122012
			17.1474828250835	-9.85821030761092
			17.1404058614743	-9.85821030761092
			17.1333288978651	-9.85113334400173
			17.1262519342559	-9.84405638039253
			17.1191749706467	-9.83697941678333
			17.1120980070375	-9.83697941678333
			17.1050210434283	-9.82990245317414
			17.0979440798191	-9.82282548956494
			17.0908671162099	-9.82282548956494
			17.0837901526007	-9.81574852595574
			17.0767131889915	-9.80867156234655
			17.0696362253823	-9.80867156234655
			17.0625592617731	-9.80159459873735
			17.0554822981639	-9.79451763512815
			17.0554822981639	-9.78744067151896
			17.0484053345547	-9.78036370790976
			17.0484053345547	-9.77328674430056
			17.0413283709455	-9.76620978069137
			17.0413283709455	-9.75913281708217
			17.0342514073363	-9.75205585347297
			17.0271744437271	-9.74497888986378
			17.0271744437271	-9.73790192625458
			17.0200974801179	-9.73082496264538
			17.0200974801179	-9.72374799903619
			17.0130205165087	-9.71667103542699
			17.0059435528995	-9.70959407181779
			17.0059435528995	-9.7025171082086
			16.9988665892903	-9.6954401445994
			16.9988665892903	-9.6883631809902
			16.9917896256811	-9.68128621738101
			16.9917896256811	-9.67420925377181
			16.9847126620719	-9.66713229016261
			16.9847126620719	-9.66005532655342
			16.9847126620719	-9.65297836294422
			16.9847126620719	-9.64590139933502
			16.9847126620719	-9.63882443572583
			16.9776356984627	-9.63174747211663
			16.9776356984627	-9.62467050850744
			16.9776356984627	-9.61759354489824
			16.9776356984627	-9.61051658128904
			16.9776356984627	-9.60343961767984
			16.9776356984627	-9.59636265407065
			16.9776356984627	-9.58928569046145
			16.9776356984627	-9.58220872685225
			16.9776356984627	-9.57513176324306
			16.9776356984627	-9.56805479963386
			16.9776356984627	-9.56097783602466
			16.9776356984627	-9.55390087241547
			16.9776356984627	-9.54682390880627
			16.9776356984627	-9.53974694519708
			16.9776356984627	-9.53266998158788
			16.9776356984627	-9.52559301797868
			16.9847126620719	-9.51851605436948
			16.9847126620719	-9.51143909076029
			16.9847126620719	-9.50436212715109
			16.9917896256811	-9.49728516354189
			16.9917896256811	-9.4902081999327
			16.9917896256811	-9.4831312363235
			16.9988665892903	-9.47605427271431
			16.9988665892903	-9.46897730910511
			16.9988665892903	-9.46190034549591
			16.9988665892903	-9.45482338188672
			17.0059435528995	-9.45482338188672
			17.0059435528995	-9.44774641827752
			17.0059435528995	-9.44066945466832
			17.0059435528995	-9.43359249105912
			17.0130205165087	-9.42651552744993
			17.0130205165087	-9.41943856384073
			17.0130205165087	-9.41236160023154
			17.0200974801179	-9.40528463662234
			17.0200974801179	-9.39820767301314
			17.0200974801179	-9.39113070940395
			17.0271744437271	-9.38405374579475
			17.0271744437271	-9.37697678218555
			17.0271744437271	-9.36989981857636
			17.0342514073363	-9.36282285496716
			17.0342514073363	-9.35574589135796
			17.0342514073363	-9.34866892774876
			17.0413283709455	-9.34159196413957
			17.0413283709455	-9.33451500053037
			17.0413283709455	-9.32743803692118
			17.0484053345547	-9.32036107331198
			17.0484053345547	-9.31328410970278
			17.0484053345547	-9.30620714609359
			17.0554822981639	-9.29913018248439
			17.0554822981639	-9.29205321887519
			17.0554822981639	-9.284976255266
			17.0625592617731	-9.2778992916568
			17.0625592617731	-9.2708223280476
			17.0625592617731	-9.26374536443841
			17.0696362253823	-9.25666840082921
			17.0696362253823	-9.24959143722001
			17.0696362253823	-9.24251447361082
			17.0767131889915	-9.23543751000162
			17.0767131889915	-9.22836054639242
			17.0767131889915	-9.22128358278323
			17.0837901526007	-9.21420661917403
			17.0837901526007	-9.20712965556483
			17.0837901526007	-9.20005269195564
			17.0908671162099	-9.19297572834644
			17.0908671162099	-9.18589876473724
			17.0908671162099	-9.17882180112805
			17.0979440798191	-9.17174483751885
			17.0979440798191	-9.16466787390965
			17.0979440798191	-9.15759091030046
			17.1050210434283	-9.15051394669126
			17.1050210434283	-9.14343698308206
		</Outline1>
		<Outline2 type=matrix rownames=FALSE colnames=FALSE nrow=142 ncol=2 as.numeric=TRUE >
			17.1050210434283	-9.14343698308206
			17.1050210434283	-9.13636001947287
			17.1120980070375	-9.12928305586367
			17.1120980070375	-9.12220609225447
			17.1120980070375	-9.11512912864528
			17.1120980070375	-9.10805216503608
			17.1191749706467	-9.10805216503608
			17.1191749706467	-9.10097520142688
			17.1191749706467	-9.09389823781769
			17.1191749706467	-9.08682127420849
			17.1262519342559	-9.07974431059929
			17.1262519342559	-9.0726673469901
			17.1262519342559	-9.0655903833809
			17.1333288978651	-9.0585134197717
			17.1333288978651	-9.05143645616251
			17.1333288978651	-9.04435949255331
			17.1333288978651	-9.03728252894411
			17.1404058614743	-9.03728252894411
			17.1404058614743	-9.03020556533492
			17.1404058614743	-9.02312860172572
			17.1474828250835	-9.01605163811652
			17.1474828250835	-9.00897467450733
			17.1474828250835	-9.00189771089813
			17.1545597886927	-8.99482074728893
			17.1545597886927	-8.98774378367974
			17.1545597886927	-8.98066682007054
			17.1616367523019	-8.97358985646134
			17.1616367523019	-8.96651289285215
			17.1687137159111	-8.96651289285215
			17.1687137159111	-8.95943592924295
			17.1757906795203	-8.95235896563375
			17.1828676431294	-8.94528200202456
			17.1828676431294	-8.93820503841536
			17.1899446067386	-8.93112807480616
			17.1899446067386	-8.92405111119697
			17.1970215703478	-8.91697414758777
			17.204098533957	-8.90989718397857
			17.204098533957	-8.90282022036938
			17.2111754975662	-8.90282022036938
			17.2111754975662	-8.89574325676018
			17.2182524611754	-8.88866629315098
			17.2253294247846	-8.88158932954179
			17.2253294247846	-8.87451236593259
			17.2324063883938	-8.86743540232339
			17.239483352003	-8.8603584387142
			17.239483352003	-8.853281475105
			17.2465603156122	-8.8462045114958
			17.2536372792214	-8.83912754788661
			17.2607142428306	-8.83205058427741
			17.2677912064398	-8.83205058427741
			17.274868170049	-8.82497362066821
			17.274868170049	-8.81789665705902
			17.2819451336582	-8.81081969344982
			17.2890220972674	-8.81081969344982
			17.2960990608766	-8.80374272984062
			17.3031760244858	-8.79666576623143
			17.310252988095	-8.79666576623143
			17.3173299517042	-8.78958880262223
			17.3244069153134	-8.78251183901303
			17.3314838789226	-8.78251183901303
			17.3385608425318	-8.77543487540384
			17.345637806141	-8.76835791179464
			17.3527147697502	-8.76835791179464
			17.3597917333594	-8.76128094818544
			17.3668686969686	-8.76128094818544
			17.3668686969686	-8.75420398457625
			17.3739456605778	-8.75420398457625
			17.381022624187	-8.74712702096705
			17.3880995877962	-8.74005005735785
			17.3951765514053	-8.74005005735785
			17.4022535150145	-8.73297309374866
			17.4093304786237	-8.73297309374866
			17.4093304786237	-8.72589613013946
			17.4164074422329	-8.72589613013946
			17.4234844058421	-8.72589613013946
			17.4305613694513	-8.71881916653027
			17.4376383330605	-8.71881916653027
			17.4447152966697	-8.71881916653027
			17.4447152966697	-8.71174220292107
			17.4517922602789	-8.71174220292107
			17.4588692238881	-8.71174220292107
			17.4659461874973	-8.70466523931187
			17.4730231511065	-8.70466523931187
			17.4801001147157	-8.69758827570267
			17.4871770783249	-8.69758827570267
			17.4942540419341	-8.69758827570267
			17.5013310055433	-8.69051131209348
			17.5084079691525	-8.69051131209348
			17.5154849327617	-8.69051131209348
			17.5225618963709	-8.68343434848428
			17.5296388599801	-8.68343434848428
			17.5367158235893	-8.68343434848428
			17.5437927871985	-8.68343434848428
			17.5508697508077	-8.67635738487508
			17.5579467144169	-8.67635738487508
			17.5650236780261	-8.67635738487508
			17.5721006416353	-8.67635738487508
			17.5791776052445	-8.67635738487508
			17.5862545688537	-8.66928042126589
			17.5933315324629	-8.66928042126589
			17.6004084960721	-8.66928042126589
			17.6074854596812	-8.66928042126589
			17.6145624232904	-8.66928042126589
			17.6216393868996	-8.66928042126589
			17.6287163505088	-8.66928042126589
			17.635793314118	-8.66928042126589
			17.6428702777272	-8.66928042126589
			17.6499472413364	-8.66928042126589
			17.6570242049456	-8.66928042126589
			17.6641011685548	-8.66928042126589
			17.671178132164	-8.66928042126589
			17.6782550957732	-8.66928042126589
			17.6853320593824	-8.66928042126589
			17.6924090229916	-8.66928042126589
			17.6994859866008	-8.66928042126589
			17.70656295021	-8.66928042126589
			17.7136399138192	-8.66928042126589
			17.7207168774284	-8.66928042126589
			17.7277938410376	-8.66928042126589
			17.7348708046468	-8.67635738487508
			17.741947768256	-8.67635738487508
			17.7490247318652	-8.67635738487508
			17.7561016954744	-8.67635738487508
			17.7631786590836	-8.68343434848428
			17.7702556226928	-8.68343434848428
			17.777332586302	-8.68343434848428
			17.7844095499112	-8.68343434848428
			17.7914865135204	-8.69051131209348
			17.7985634771296	-8.69051131209348
			17.8056404407388	-8.69051131209348
			17.8127174043479	-8.69051131209348
			17.8197943679571	-8.69758827570267
			17.8268713315663	-8.69758827570267
			17.8339482951755	-8.69758827570267
			17.8410252587847	-8.69758827570267
			17.8481022223939	-8.70466523931187
			17.8551791860031	-8.70466523931187
			17.8622561496123	-8.70466523931187
			17.8693331132215	-8.70466523931187
			17.8764100768307	-8.71174220292107
			17.8834870404399	-8.71174220292107
			17.8905640040491	-8.71174220292107
		</Outline2>
		<Outline3 type=matrix rownames=FALSE colnames=FALSE nrow=153 ncol=2 as.numeric=TRUE >
			17.8905640040491	-8.71174220292107
			17.8976409676583	-8.71174220292107
			17.9047179312675	-8.71881916653027
			17.9117948948767	-8.71881916653027
			17.9188718584859	-8.71881916653027
			17.9259488220951	-8.72589613013946
			17.9330257857043	-8.72589613013946
			17.9401027493135	-8.73297309374866
			17.9471797129227	-8.73297309374866
			17.9542566765319	-8.73297309374866
			17.9613336401411	-8.74005005735785
			17.9684106037503	-8.74005005735785
			17.9754875673595	-8.74005005735785
			17.9825645309687	-8.74712702096705
			17.9896414945779	-8.74712702096705
			17.9967184581871	-8.74712702096705
			18.0037954217963	-8.75420398457625
			18.0108723854055	-8.75420398457625
			18.0179493490147	-8.75420398457625
			18.0250263126239	-8.76128094818544
			18.032103276233	-8.76128094818544
			18.0391802398422	-8.76128094818544
			18.0462572034514	-8.76835791179464
			18.0533341670606	-8.76835791179464
			18.0604111306698	-8.76835791179464
			18.067488094279	-8.76835791179464
			18.0745650578882	-8.77543487540384
			18.0816420214974	-8.77543487540384
			18.0887189851066	-8.77543487540384
			18.0957959487158	-8.78251183901303
			18.102872912325	-8.78251183901303
			18.1099498759342	-8.78251183901303
			18.1170268395434	-8.78958880262223
			18.1241038031526	-8.78958880262223
			18.1311807667618	-8.78958880262223
			18.138257730371	-8.78958880262223
			18.1453346939802	-8.79666576623143
			18.1524116575894	-8.79666576623143
			18.1594886211986	-8.79666576623143
			18.1665655848078	-8.79666576623143
			18.173642548417	-8.80374272984062
			18.1807195120262	-8.80374272984062
			18.1877964756354	-8.80374272984062
			18.1948734392446	-8.80374272984062
			18.2019504028538	-8.81081969344982
			18.209027366463	-8.81081969344982
			18.2161043300722	-8.81081969344982
			18.2231812936814	-8.81789665705902
			18.2302582572906	-8.81789665705902
			18.2373352208997	-8.81789665705902
			18.2444121845089	-8.81789665705902
			18.2514891481181	-8.82497362066821
			18.2585661117273	-8.82497362066821
			18.2656430753365	-8.82497362066821
			18.2727200389457	-8.83205058427741
			18.2797970025549	-8.83205058427741
			18.2868739661641	-8.83205058427741
			18.2939509297733	-8.83912754788661
			18.3010278933825	-8.8462045114958
			18.3081048569917	-8.8462045114958
			18.3151818206009	-8.853281475105
			18.3222587842101	-8.8603584387142
			18.3293357478193	-8.8603584387142
			18.3364127114285	-8.86743540232339
			18.3434896750377	-8.87451236593259
			18.3505666386469	-8.87451236593259
			18.3505666386469	-8.88158932954179
			18.3576436022561	-8.88866629315098
			18.3647205658653	-8.88866629315098
			18.3717975294745	-8.89574325676018
			18.3788744930837	-8.90282022036938
			18.3859514566929	-8.90989718397857
			18.3930284203021	-8.91697414758777
			18.4001053839113	-8.92405111119697
			18.4071823475205	-8.93112807480616
			18.4071823475205	-8.93820503841536
			18.4142593111297	-8.94528200202456
			18.4213362747389	-8.95235896563375
			18.4284132383481	-8.95943592924295
			18.4284132383481	-8.96651289285215
			18.4354902019573	-8.97358985646134
			18.4425671655665	-8.98066682007054
			18.4425671655665	-8.98774378367974
			18.4425671655665	-8.99482074728893
			18.4496441291756	-9.00189771089813
			18.4496441291756	-9.00897467450733
			18.4567210927848	-9.01605163811652
			18.4567210927848	-9.02312860172572
			18.4567210927848	-9.03020556533492
			18.463798056394	-9.03728252894411
			18.463798056394	-9.04435949255331
			18.463798056394	-9.05143645616251
			18.4708750200032	-9.0585134197717
			18.4708750200032	-9.0655903833809
			18.4708750200032	-9.0726673469901
			18.4708750200032	-9.07974431059929
			18.4708750200032	-9.08682127420849
			18.4708750200032	-9.09389823781769
			18.4708750200032	-9.10097520142688
			18.4779519836124	-9.10097520142688
			18.4779519836124	-9.10805216503608
			18.4779519836124	-9.11512912864528
			18.4779519836124	-9.12220609225447
			18.4779519836124	-9.12928305586367
			18.4779519836124	-9.13636001947287
			18.4779519836124	-9.14343698308206
			18.4779519836124	-9.15051394669126
			18.4779519836124	-9.15759091030046
			18.4779519836124	-9.16466787390965
			18.4779519836124	-9.17174483751885
			18.4779519836124	-9.17882180112805
			18.4779519836124	-9.18589876473724
			18.4779519836124	-9.19297572834644
			18.4779519836124	-9.20005269195564
			18.4779519836124	-9.20712965556483
			18.4779519836124	-9.21420661917403
			18.4779519836124	-9.22128358278323
			18.4779519836124	-9.22836054639242
			18.4779519836124	-9.23543751000162
			18.4708750200032	-9.24251447361082
			18.4708750200032	-9.24959143722001
			18.4708750200032	-9.25666840082921
			18.4708750200032	-9.26374536443841
			18.4708750200032	-9.2708223280476
			18.4708750200032	-9.2778992916568
			18.4708750200032	-9.284976255266
			18.463798056394	-9.29205321887519
			18.463798056394	-9.29913018248439
			18.463798056394	-9.30620714609359
			18.463798056394	-9.31328410970278
			18.4567210927848	-9.32036107331198
			18.4567210927848	-9.32743803692118
			18.4567210927848	-9.33451500053037
			18.4567210927848	-9.34159196413957
			18.4567210927848	-9.34866892774876
			18.4496441291756	-9.34866892774876
			18.4496441291756	-9.35574589135796
			18.4496441291756	-9.36282285496716
			18.4496441291756	-9.36989981857636
			18.4496441291756	-9.37697678218555
			18.4425671655665	-9.38405374579475
			18.4425671655665	-9.39113070940395
			18.4425671655665	-9.39820767301314
			18.4354902019573	-9.40528463662234
			18.4354902019573	-9.41236160023154
			18.4354902019573	-9.41943856384073
			18.4354902019573	-9.42651552744993
			18.4284132383481	-9.42651552744993
			18.4284132383481	-9.43359249105912
			18.4284132383481	-9.44066945466832
			18.4284132383481	-9.44774641827752
			18.4213362747389	-9.45482338188672
			18.4213362747389	-9.46190034549591
		</Outline3>
		<Outline4 type=matrix rownames=FALSE colnames=FALSE nrow=130 ncol=2 as.numeric=TRUE >
			18.4213362747389	-9.46190034549591
			18.4213362747389	-9.46897730910511
			18.4142593111297	-9.47605427271431
			18.4142593111297	-9.4831312363235
			18.4071823475205	-9.4902081999327
			18.4071823475205	-9.49728516354189
			18.4001053839113	-9.50436212715109
			18.4001053839113	-9.51143909076029
			18.3930284203021	-9.51851605436948
			18.3930284203021	-9.52559301797868
			18.3859514566929	-9.53266998158788
			18.3788744930837	-9.53974694519708
			18.3788744930837	-9.54682390880627
			18.3717975294745	-9.55390087241547
			18.3717975294745	-9.56097783602466
			18.3647205658653	-9.56805479963386
			18.3576436022561	-9.57513176324306
			18.3576436022561	-9.58220872685225
			18.3505666386469	-9.58928569046145
			18.3434896750377	-9.59636265407065
			18.3434896750377	-9.60343961767984
			18.3364127114285	-9.61051658128904
			18.3293357478193	-9.61759354489824
			18.3222587842101	-9.62467050850744
			18.3222587842101	-9.63174747211663
			18.3151818206009	-9.63882443572583
			18.3081048569917	-9.64590139933502
			18.3081048569917	-9.65297836294422
			18.3010278933825	-9.66005532655342
			18.2939509297733	-9.66713229016261
			18.2868739661641	-9.67420925377181
			18.2797970025549	-9.68128621738101
			18.2727200389457	-9.6883631809902
			18.2656430753365	-9.6954401445994
			18.2656430753365	-9.7025171082086
			18.2585661117273	-9.70959407181779
			18.2514891481181	-9.71667103542699
			18.2444121845089	-9.72374799903619
			18.2373352208997	-9.73082496264538
			18.2302582572906	-9.73790192625458
			18.2231812936814	-9.73790192625458
			18.2231812936814	-9.74497888986378
			18.2161043300722	-9.74497888986378
			18.209027366463	-9.75205585347297
			18.2019504028538	-9.75913281708217
			18.1948734392446	-9.76620978069137
			18.1877964756354	-9.77328674430056
			18.1807195120262	-9.78036370790976
			18.173642548417	-9.78036370790976
			18.1665655848078	-9.78744067151896
			18.1594886211986	-9.79451763512815
			18.1524116575894	-9.79451763512815
			18.1524116575894	-9.80159459873735
			18.1453346939802	-9.80867156234655
			18.138257730371	-9.80867156234655
			18.1311807667618	-9.81574852595574
			18.1241038031526	-9.82282548956494
			18.1170268395434	-9.82282548956494
			18.1099498759342	-9.82990245317414
			18.102872912325	-9.82990245317414
			18.0957959487158	-9.83697941678333
			18.0887189851066	-9.83697941678333
			18.0816420214974	-9.84405638039253
			18.0745650578882	-9.84405638039253
			18.067488094279	-9.84405638039253
			18.0604111306698	-9.85113334400173
			18.0533341670606	-9.85113334400173
			18.0462572034514	-9.85821030761092
			18.0391802398422	-9.85821030761092
			18.032103276233	-9.85821030761092
			18.0250263126239	-9.86528727122012
			18.0179493490147	-9.86528727122012
			18.0108723854055	-9.87236423482932
			18.0037954217963	-9.87236423482932
			17.9967184581871	-9.87236423482932
			17.9896414945779	-9.87944119843851
			17.9825645309687	-9.87944119843851
			17.9754875673595	-9.87944119843851
			17.9684106037503	-9.87944119843851
			17.9613336401411	-9.88651816204771
			17.9542566765319	-9.88651816204771
			17.9471797129227	-9.88651816204771
			17.9401027493135	-9.89359512565691
			17.9330257857043	-9.89359512565691
			17.9259488220951	-9.89359512565691
			17.9188718584859	-9.89359512565691
			17.9117948948767	-9.89359512565691
			17.9047179312675	-9.9006720892661
			17.8976409676583	-9.9006720892661
			17.8905640040491	-9.9006720892661
			17.8834870404399	-9.9006720892661
			17.8764100768307	-9.9006720892661
			17.8693331132215	-9.9006720892661
			17.8622561496123	-9.9077490528753
			17.8551791860031	-9.9077490528753
			17.8481022223939	-9.9077490528753
			17.8410252587847	-9.9077490528753
			17.8339482951755	-9.9077490528753
			17.8268713315663	-9.9077490528753
			17.8197943679571	-9.9077490528753
			17.8127174043479	-9.9077490528753
			17.8056404407388	-9.9077490528753
			17.7985634771296	-9.9077490528753
			17.7914865135204	-9.9077490528753
			17.7844095499112	-9.9077490528753
			17.777332586302	-9.9077490528753
			17.7702556226928	-9.9006720892661
			17.7631786590836	-9.9006720892661
			17.7561016954744	-9.9006720892661
			17.7490247318652	-9.9006720892661
			17.741947768256	-9.9006720892661
			17.7348708046468	-9.9006720892661
			17.7277938410376	-9.89359512565691
			17.7207168774284	-9.89359512565691
			17.7136399138192	-9.89359512565691
			17.70656295021	-9.89359512565691
			17.6994859866008	-9.89359512565691
			17.6924090229916	-9.89359512565691
			17.6853320593824	-9.89359512565691
			17.6782550957732	-9.89359512565691
			17.671178132164	-9.89359512565691
			17.6641011685548	-9.89359512565691
			17.6570242049456	-9.89359512565691
			17.6499472413364	-9.89359512565691
			17.6428702777272	-9.89359512565691
			17.635793314118	-9.89359512565691
			17.6287163505088	-9.89359512565691
			17.6216393868996	-9.9006720892661
			17.6145624232904	-9.9006720892661
			17.6074854596812	-9.9006720892661
		</Outline4>
	</curves.scaled>
	<ruler.points type=matrix rownames=TRUE colnames=FALSE nrow=2 ncol=2 as.numeric=TRUE >
		Ruler point 1	3015	2071
		Ruler point 2	1602	2061
	</ruler.points>
</shapes>

