<shapes type=list>
	<ruler.pixel type=vector names=FALSE length=1 as.numeric=TRUE >1368.00328946973</ruler.pixel>
	<ruler.interval type=vector names=FALSE length=1 as.numeric=TRUE >10</ruler.interval>
	<scaling.units type=vector names=FALSE length=1 as.numeric=FALSE >mm</scaling.units>
	<scaling type=vector names=FALSE length=1 as.numeric=TRUE >0.007309923943148</scaling>
	<landmarks.pixel type=matrix rownames=TRUE colnames=FALSE nrow=4 ncol=2 as.numeric=TRUE >
		Labial	2662	1212
		Posterior	2501	1101
		Lingual	2637	956
		Anterior	2803	1072
	</landmarks.pixel>
	<landmarks.scaled type=matrix rownames=TRUE colnames=FALSE nrow=4 ncol=2 as.numeric=TRUE >
		Labial	19.45901753666	-8.85962781909538
		Posterior	18.2821197818132	-8.04822626140595
		Lingual	19.2762694380813	-6.98828728964949
		Anterior	20.4897168126438	-7.83623846705466
	</landmarks.scaled>
	<curves.control type=list>
		<Outline1 type=matrix rownames=FALSE colnames=FALSE nrow=17 ncol=2 as.numeric=TRUE >
			2662	1212
			2649	1218
			2636	1225
			2631	1230
			2622	1242
			2609	1252
			2593	1260
			2578	1264
			2564	1265
			2546	1263
			2528	1254
			2515	1245
			2503	1232
			2496	1221
			2494	1209
			2493	1196
			2501	1101
		</Outline1>
		<Outline2 type=matrix rownames=FALSE colnames=FALSE nrow=15 ncol=2 as.numeric=TRUE >
			2501	1101
			2502	1070
			2503	1049
			2506	1025
			2510	1003
			2516	983
			2524	969
			2533	957
			2551	952
			2568	949
			2583	949
			2606	950
			2619	952
			2628	953
			2637	956
		</Outline2>
		<Outline3 type=matrix rownames=FALSE colnames=FALSE nrow=17 ncol=2 as.numeric=TRUE >
			2637	956
			2655	958
			2671	963
			2685	965
			2702	963
			2720	961
			2740	965
			2760	972
			2770	979
			2783	990
			2792	1000
			2800	1011
			2803	1022
			2805	1037
			2804	1049
			2803	1060
			2803	1072
		</Outline3>
		<Outline4 type=matrix rownames=FALSE colnames=FALSE nrow=15 ncol=2 as.numeric=TRUE >
			2803	1072
			2803	1087
			2799	1103
			2795	1117
			2791	1132
			2783	1145
			2771	1162
			2758	1176
			2746	1188
			2733	1195
			2720	1199
			2706	1203
			2690	1206
			2676	1208
			2662	1212
		</Outline4>
	</curves.control>
	<curves.pixel type=list>
		<Outline1 type=matrix rownames=FALSE colnames=FALSE nrow=304 ncol=2 as.numeric=TRUE >
			2662	1212
			2661	1212
			2661	1213
			2660	1213
			2659	1213
			2659	1214
			2658	1214
			2657	1214
			2656	1215
			2655	1215
			2654	1216
			2653	1216
			2652	1217
			2651	1217
			2650	1218
			2649	1218
			2648	1219
			2647	1219
			2646	1220
			2645	1220
			2644	1221
			2643	1221
			2642	1222
			2641	1222
			2640	1223
			2639	1223
			2639	1224
			2638	1224
			2637	1225
			2636	1225
			2635	1226
			2634	1227
			2634	1228
			2633	1229
			2632	1230
			2631	1231
			2630	1232
			2629	1233
			2628	1234
			2627	1235
			2627	1236
			2626	1237
			2625	1238
			2625	1239
			2624	1240
			2623	1240
			2623	1241
			2622	1242
			2621	1243
			2620	1244
			2619	1244
			2618	1245
			2617	1246
			2616	1246
			2615	1247
			2614	1248
			2613	1249
			2612	1249
			2611	1250
			2610	1250
			2610	1251
			2609	1251
			2608	1251
			2608	1252
			2607	1252
			2606	1253
			2605	1253
			2604	1254
			2603	1255
			2602	1255
			2601	1256
			2600	1256
			2600	1257
			2599	1257
			2598	1257
			2597	1258
			2596	1258
			2595	1259
			2594	1260
			2593	1260
			2592	1260
			2591	1261
			2590	1261
			2589	1261
			2588	1261
			2587	1262
			2586	1262
			2585	1262
			2584	1262
			2583	1262
			2582	1263
			2581	1263
			2580	1263
			2579	1263
			2578	1263
			2577	1263
			2577	1264
			2576	1264
			2575	1264
			2574	1264
			2573	1264
			2572	1264
			2571	1264
			2570	1264
			2569	1265
			2568	1265
			2567	1265
			2566	1265
			2565	1265
			2564	1265
			2563	1265
			2562	1265
			2561	1265
			2560	1264
			2559	1264
			2558	1264
			2557	1264
			2556	1264
			2555	1263
			2554	1263
			2553	1263
			2552	1263
			2551	1263
			2550	1262
			2549	1262
			2548	1262
			2547	1261
			2546	1261
			2545	1261
			2544	1260
			2543	1260
			2542	1260
			2541	1259
			2540	1259
			2539	1259
			2538	1258
			2537	1258
			2536	1257
			2535	1257
			2534	1257
			2533	1256
			2532	1256
			2531	1255
			2530	1255
			2529	1254
			2528	1254
			2527	1254
			2526	1253
			2526	1252
			2525	1252
			2524	1251
			2523	1250
			2522	1250
			2521	1249
			2520	1248
			2519	1247
			2518	1246
			2517	1245
			2516	1244
			2515	1244
			2514	1243
			2513	1242
			2512	1241
			2511	1240
			2510	1239
			2509	1238
			2508	1237
			2507	1236
			2506	1235
			2505	1234
			2504	1233
			2503	1232
			2502	1231
			2502	1230
			2501	1229
			2501	1228
			2500	1227
			2499	1226
			2499	1225
			2499	1224
			2498	1223
			2498	1222
			2497	1221
			2497	1220
			2497	1219
			2496	1218
			2496	1217
			2496	1216
			2495	1215
			2495	1214
			2495	1213
			2495	1212
			2494	1211
			2494	1210
			2494	1209
			2494	1208
			2494	1207
			2494	1206
			2494	1205
			2494	1204
			2494	1203
			2494	1202
			2494	1201
			2494	1200
			2494	1199
			2494	1198
			2494	1197
			2494	1196
			2494	1195
			2494	1194
			2494	1193
			2494	1192
			2494	1191
			2494	1190
			2494	1189
			2495	1188
			2495	1187
			2495	1186
			2495	1185
			2495	1184
			2495	1183
			2495	1182
			2495	1181
			2495	1180
			2495	1179
			2495	1178
			2495	1177
			2495	1176
			2495	1175
			2495	1174
			2495	1173
			2495	1172
			2496	1171
			2496	1170
			2496	1169
			2496	1168
			2496	1167
			2496	1166
			2496	1165
			2496	1164
			2496	1163
			2496	1162
			2496	1161
			2496	1160
			2496	1159
			2496	1158
			2497	1157
			2497	1156
			2497	1155
			2497	1154
			2497	1153
			2497	1152
			2497	1151
			2497	1150
			2497	1149
			2497	1148
			2497	1147
			2497	1146
			2497	1145
			2498	1144
			2498	1143
			2498	1142
			2498	1141
			2498	1140
			2498	1139
			2498	1138
			2498	1137
			2498	1136
			2498	1135
			2498	1134
			2498	1133
			2498	1132
			2499	1131
			2499	1130
			2499	1129
			2499	1128
			2499	1127
			2499	1126
			2499	1125
			2499	1124
			2499	1123
			2499	1122
			2499	1121
			2499	1120
			2500	1119
			2500	1118
			2500	1117
			2500	1116
			2500	1115
			2500	1114
			2500	1113
			2500	1112
			2500	1111
			2500	1110
			2500	1109
			2500	1108
			2500	1107
			2501	1107
			2501	1106
			2501	1105
			2501	1104
			2501	1103
			2501	1102
			2501	1101
		</Outline1>
		<Outline2 type=matrix rownames=FALSE colnames=FALSE nrow=248 ncol=2 as.numeric=TRUE >
			2501	1101
			2501	1100
			2501	1099
			2501	1098
			2501	1097
			2501	1096
			2501	1095
			2501	1094
			2501	1093
			2501	1092
			2501	1091
			2501	1090
			2501	1089
			2501	1088
			2501	1087
			2501	1086
			2502	1085
			2502	1084
			2502	1083
			2502	1082
			2502	1081
			2502	1080
			2502	1079
			2502	1078
			2502	1077
			2502	1076
			2502	1075
			2502	1074
			2502	1073
			2502	1072
			2502	1071
			2502	1070
			2502	1069
			2502	1068
			2502	1067
			2502	1066
			2502	1065
			2502	1064
			2502	1063
			2502	1062
			2502	1061
			2503	1060
			2503	1059
			2503	1058
			2503	1057
			2503	1056
			2503	1055
			2503	1054
			2503	1053
			2503	1052
			2503	1051
			2503	1050
			2503	1049
			2503	1048
			2503	1047
			2503	1046
			2504	1045
			2504	1044
			2504	1043
			2504	1042
			2504	1041
			2504	1040
			2504	1039
			2504	1038
			2505	1037
			2505	1036
			2505	1035
			2505	1034
			2505	1033
			2505	1032
			2505	1031
			2506	1030
			2506	1029
			2506	1028
			2506	1027
			2506	1026
			2506	1025
			2506	1024
			2507	1023
			2507	1022
			2507	1021
			2507	1020
			2507	1019
			2507	1018
			2508	1017
			2508	1016
			2508	1015
			2508	1014
			2508	1013
			2508	1012
			2509	1011
			2509	1010
			2509	1009
			2509	1008
			2509	1007
			2509	1006
			2510	1006
			2510	1005
			2510	1004
			2510	1003
			2510	1002
			2511	1001
			2511	1000
			2511	999
			2512	998
			2512	997
			2512	996
			2513	995
			2513	994
			2513	993
			2514	992
			2514	991
			2514	990
			2515	989
			2515	988
			2515	987
			2516	986
			2516	985
			2517	984
			2517	983
			2518	982
			2518	981
			2519	980
			2519	979
			2520	978
			2520	977
			2521	976
			2521	975
			2521	974
			2522	973
			2522	972
			2523	971
			2523	970
			2524	969
			2525	968
			2526	967
			2527	966
			2527	965
			2528	964
			2529	964
			2530	963
			2531	962
			2532	961
			2533	961
			2534	960
			2535	959
			2536	959
			2537	958
			2538	957
			2539	957
			2540	956
			2541	956
			2542	955
			2543	955
			2544	954
			2545	954
			2546	954
			2547	953
			2548	953
			2549	953
			2550	952
			2551	952
			2552	952
			2553	952
			2554	952
			2555	951
			2556	951
			2557	951
			2558	951
			2559	951
			2560	951
			2561	950
			2562	950
			2563	950
			2564	950
			2565	950
			2566	950
			2567	950
			2568	950
			2569	950
			2570	950
			2571	949
			2572	949
			2573	949
			2574	949
			2575	949
			2576	949
			2577	949
			2578	949
			2579	949
			2580	949
			2581	949
			2582	949
			2583	949
			2584	949
			2585	949
			2586	949
			2587	949
			2588	949
			2589	949
			2590	949
			2591	949
			2592	949
			2593	950
			2594	950
			2595	950
			2596	950
			2597	950
			2598	950
			2599	950
			2600	950
			2601	950
			2602	950
			2603	950
			2604	950
			2605	950
			2606	950
			2607	951
			2608	951
			2609	951
			2610	951
			2611	951
			2612	951
			2613	951
			2614	951
			2615	951
			2616	952
			2617	952
			2618	952
			2619	952
			2620	952
			2621	952
			2622	952
			2623	953
			2624	953
			2625	953
			2626	953
			2627	953
			2628	954
			2629	954
			2630	954
			2631	954
			2632	954
			2633	955
			2634	955
			2635	955
			2636	956
			2637	956
		</Outline2>
		<Outline3 type=matrix rownames=FALSE colnames=FALSE nrow=235 ncol=2 as.numeric=TRUE >
			2637	956
			2638	956
			2639	956
			2640	956
			2641	956
			2641	957
			2642	957
			2643	957
			2644	957
			2645	957
			2646	957
			2647	957
			2648	958
			2649	958
			2650	958
			2651	958
			2652	958
			2653	958
			2654	959
			2655	959
			2656	959
			2657	959
			2658	960
			2659	960
			2660	960
			2661	960
			2662	960
			2663	961
			2664	961
			2665	961
			2666	961
			2667	962
			2668	962
			2669	962
			2670	963
			2671	963
			2672	963
			2673	963
			2674	963
			2675	963
			2675	964
			2676	964
			2677	964
			2678	964
			2679	964
			2680	964
			2681	964
			2682	964
			2683	964
			2684	964
			2685	964
			2686	964
			2687	964
			2688	964
			2689	964
			2690	964
			2691	964
			2692	964
			2693	964
			2694	964
			2695	964
			2696	964
			2697	963
			2698	963
			2699	963
			2700	963
			2701	963
			2702	963
			2703	963
			2704	963
			2705	963
			2706	963
			2707	963
			2708	962
			2709	962
			2710	962
			2711	962
			2712	962
			2713	962
			2714	962
			2715	962
			2716	962
			2717	962
			2718	962
			2719	962
			2720	962
			2721	963
			2722	963
			2723	963
			2724	963
			2725	963
			2726	963
			2727	963
			2728	963
			2729	963
			2730	963
			2731	964
			2732	964
			2733	964
			2734	964
			2735	964
			2736	964
			2737	964
			2738	965
			2739	965
			2740	965
			2741	965
			2742	966
			2743	966
			2744	967
			2745	967
			2746	967
			2747	968
			2748	968
			2749	968
			2749	969
			2750	969
			2751	969
			2752	969
			2753	970
			2754	970
			2755	971
			2756	971
			2757	972
			2758	972
			2759	973
			2760	973
			2761	974
			2762	974
			2763	975
			2764	975
			2765	976
			2766	977
			2767	977
			2768	978
			2769	978
			2770	979
			2771	979
			2772	980
			2773	981
			2774	982
			2775	983
			2775	984
			2776	985
			2777	985
			2778	986
			2779	987
			2780	988
			2781	989
			2782	990
			2783	990
			2784	991
			2784	992
			2785	993
			2786	994
			2787	995
			2788	995
			2788	996
			2789	997
			2790	998
			2791	999
			2792	1000
			2793	1001
			2794	1002
			2794	1003
			2795	1004
			2796	1005
			2796	1006
			2797	1007
			2797	1008
			2798	1009
			2798	1010
			2799	1011
			2799	1012
			2800	1013
			2800	1014
			2801	1015
			2801	1016
			2801	1017
			2802	1018
			2802	1019
			2802	1020
			2803	1020
			2803	1021
			2803	1022
			2803	1023
			2803	1024
			2803	1025
			2803	1026
			2804	1027
			2804	1028
			2804	1029
			2804	1030
			2804	1031
			2804	1032
			2804	1033
			2804	1034
			2804	1035
			2804	1036
			2804	1037
			2804	1038
			2804	1039
			2804	1040
			2804	1041
			2804	1042
			2804	1043
			2804	1044
			2804	1045
			2804	1046
			2804	1047
			2804	1048
			2804	1049
			2804	1050
			2804	1051
			2804	1052
			2804	1053
			2804	1054
			2804	1055
			2803	1056
			2803	1057
			2803	1058
			2803	1059
			2803	1060
			2803	1061
			2803	1062
			2803	1063
			2803	1064
			2803	1065
			2803	1066
			2803	1067
			2803	1068
			2803	1069
			2803	1070
			2803	1071
			2803	1072
		</Outline3>
		<Outline4 type=matrix rownames=FALSE colnames=FALSE nrow=210 ncol=2 as.numeric=TRUE >
			2803	1072
			2803	1073
			2803	1074
			2803	1075
			2803	1076
			2803	1077
			2803	1078
			2803	1079
			2803	1080
			2803	1081
			2803	1082
			2803	1083
			2802	1084
			2802	1085
			2802	1086
			2802	1087
			2802	1088
			2802	1089
			2802	1090
			2801	1091
			2801	1092
			2801	1093
			2801	1094
			2801	1095
			2801	1096
			2800	1097
			2800	1098
			2800	1099
			2800	1100
			2799	1101
			2799	1102
			2799	1103
			2799	1104
			2798	1105
			2798	1106
			2798	1107
			2798	1108
			2797	1109
			2797	1110
			2797	1111
			2797	1112
			2796	1113
			2796	1114
			2796	1115
			2795	1116
			2795	1117
			2795	1118
			2794	1119
			2794	1120
			2794	1121
			2794	1122
			2793	1123
			2793	1124
			2793	1125
			2793	1126
			2792	1127
			2792	1128
			2792	1129
			2791	1130
			2791	1131
			2791	1132
			2790	1133
			2790	1134
			2789	1135
			2789	1136
			2788	1137
			2787	1138
			2787	1139
			2786	1140
			2785	1141
			2785	1142
			2784	1143
			2784	1144
			2783	1145
			2782	1146
			2782	1147
			2781	1148
			2780	1149
			2779	1150
			2779	1151
			2778	1152
			2777	1153
			2777	1154
			2776	1155
			2775	1156
			2774	1157
			2774	1158
			2773	1159
			2772	1160
			2771	1161
			2771	1162
			2770	1163
			2769	1164
			2768	1165
			2767	1166
			2766	1167
			2765	1168
			2765	1169
			2764	1170
			2763	1170
			2762	1171
			2762	1172
			2761	1173
			2760	1173
			2759	1174
			2759	1175
			2758	1176
			2757	1176
			2757	1177
			2756	1178
			2755	1179
			2754	1180
			2753	1181
			2752	1182
			2751	1183
			2750	1184
			2749	1184
			2749	1185
			2748	1186
			2747	1187
			2746	1188
			2745	1188
			2744	1189
			2743	1189
			2742	1190
			2741	1191
			2740	1191
			2739	1191
			2739	1192
			2738	1192
			2737	1192
			2737	1193
			2736	1193
			2735	1193
			2735	1194
			2734	1194
			2733	1194
			2732	1195
			2731	1195
			2730	1196
			2729	1196
			2728	1196
			2727	1197
			2726	1197
			2725	1197
			2724	1198
			2723	1198
			2722	1198
			2721	1199
			2720	1199
			2719	1199
			2718	1200
			2717	1200
			2716	1200
			2715	1200
			2714	1201
			2713	1201
			2712	1201
			2711	1202
			2710	1202
			2709	1202
			2708	1202
			2707	1202
			2707	1203
			2706	1203
			2705	1203
			2704	1203
			2703	1203
			2702	1204
			2701	1204
			2700	1204
			2699	1204
			2698	1204
			2697	1205
			2696	1205
			2695	1205
			2694	1205
			2693	1205
			2692	1206
			2691	1206
			2690	1206
			2689	1206
			2688	1206
			2687	1206
			2686	1207
			2685	1207
			2684	1207
			2683	1207
			2682	1207
			2681	1207
			2681	1208
			2680	1208
			2679	1208
			2678	1208
			2677	1208
			2676	1209
			2675	1209
			2674	1209
			2673	1209
			2672	1209
			2671	1210
			2670	1210
			2669	1210
			2668	1210
			2667	1211
			2666	1211
			2665	1211
			2664	1212
			2663	1212
			2662	1212
		</Outline4>
	</curves.pixel>
	<curves.scaled type=list>
		<Outline1 type=matrix rownames=FALSE colnames=FALSE nrow=304 ncol=2 as.numeric=TRUE >
			19.45901753666	-8.85962781909538
			19.4517076127168	-8.85962781909538
			19.4517076127168	-8.86693774303853
			19.4443976887737	-8.86693774303853
			19.4370877648305	-8.86693774303853
			19.4370877648305	-8.87424766698167
			19.4297778408874	-8.87424766698167
			19.4224679169442	-8.87424766698167
			19.4151579930011	-8.88155759092482
			19.4078480690579	-8.88155759092482
			19.4005381451148	-8.88886751486797
			19.3932282211717	-8.88886751486797
			19.3859182972285	-8.89617743881112
			19.3786083732854	-8.89617743881112
			19.3712984493422	-8.90348736275427
			19.3639885253991	-8.90348736275427
			19.3566786014559	-8.91079728669741
			19.3493686775128	-8.91079728669741
			19.3420587535696	-8.91810721064056
			19.3347488296265	-8.91810721064056
			19.3274389056833	-8.92541713458371
			19.3201289817402	-8.92541713458371
			19.312819057797	-8.93272705852686
			19.3055091338539	-8.93272705852686
			19.2981992099107	-8.94003698247001
			19.2908892859676	-8.94003698247001
			19.2908892859676	-8.94734690641315
			19.2835793620244	-8.94734690641315
			19.2762694380813	-8.9546568303563
			19.2689595141381	-8.9546568303563
			19.261649590195	-8.96196675429945
			19.2543396662518	-8.9692766782426
			19.2543396662518	-8.97658660218575
			19.2470297423087	-8.98389652612889
			19.2397198183655	-8.99120645007204
			19.2324098944224	-8.99851637401519
			19.2250999704792	-9.00582629795834
			19.2177900465361	-9.01313622190149
			19.2104801225929	-9.02044614584463
			19.2031701986498	-9.02775606978778
			19.2031701986498	-9.03506599373093
			19.1958602747067	-9.04237591767408
			19.1885503507635	-9.04968584161723
			19.1885503507635	-9.05699576556037
			19.1812404268204	-9.06430568950352
			19.1739305028772	-9.06430568950352
			19.1739305028772	-9.07161561344667
			19.1666205789341	-9.07892553738982
			19.1593106549909	-9.08623546133297
			19.1520007310478	-9.09354538527611
			19.1446908071046	-9.09354538527611
			19.1373808831615	-9.10085530921926
			19.1300709592183	-9.10816523316241
			19.1227610352752	-9.10816523316241
			19.115451111332	-9.11547515710556
			19.1081411873889	-9.12278508104871
			19.1008312634457	-9.13009500499185
			19.0935213395026	-9.13009500499185
			19.0862114155594	-9.137404928935
			19.0789014916163	-9.137404928935
			19.0789014916163	-9.14471485287815
			19.0715915676731	-9.14471485287815
			19.06428164373	-9.14471485287815
			19.06428164373	-9.1520247768213
			19.0569717197868	-9.1520247768213
			19.0496617958437	-9.15933470076445
			19.0423518719005	-9.15933470076445
			19.0350419479574	-9.16664462470759
			19.0277320240142	-9.17395454865074
			19.0204221000711	-9.17395454865074
			19.013112176128	-9.18126447259389
			19.0058022521848	-9.18126447259389
			19.0058022521848	-9.18857439653704
			18.9984923282417	-9.18857439653704
			18.9911824042985	-9.18857439653704
			18.9838724803554	-9.19588432048019
			18.9765625564122	-9.19588432048019
			18.9692526324691	-9.20319424442333
			18.9619427085259	-9.21050416836648
			18.9546327845828	-9.21050416836648
			18.9473228606396	-9.21050416836648
			18.9400129366965	-9.21781409230963
			18.9327030127533	-9.21781409230963
			18.9253930888102	-9.21781409230963
			18.918083164867	-9.21781409230963
			18.9107732409239	-9.22512401625278
			18.9034633169807	-9.22512401625278
			18.8961533930376	-9.22512401625278
			18.8888434690944	-9.22512401625278
			18.8815335451513	-9.22512401625278
			18.8742236212081	-9.23243394019593
			18.866913697265	-9.23243394019593
			18.8596037733218	-9.23243394019593
			18.8522938493787	-9.23243394019593
			18.8449839254355	-9.23243394019593
			18.8376740014924	-9.23243394019593
			18.8376740014924	-9.23974386413907
			18.8303640775493	-9.23974386413907
			18.8230541536061	-9.23974386413907
			18.815744229663	-9.23974386413907
			18.8084343057198	-9.23974386413907
			18.8011243817767	-9.23974386413907
			18.7938144578335	-9.23974386413907
			18.7865045338904	-9.23974386413907
			18.7791946099472	-9.24705378808222
			18.7718846860041	-9.24705378808222
			18.7645747620609	-9.24705378808222
			18.7572648381178	-9.24705378808222
			18.7499549141746	-9.24705378808222
			18.7426449902315	-9.24705378808222
			18.7353350662883	-9.24705378808222
			18.7280251423452	-9.24705378808222
			18.720715218402	-9.24705378808222
			18.7134052944589	-9.23974386413907
			18.7060953705157	-9.23974386413907
			18.6987854465726	-9.23974386413907
			18.6914755226294	-9.23974386413907
			18.6841655986863	-9.23974386413907
			18.6768556747431	-9.23243394019593
			18.6695457508	-9.23243394019593
			18.6622358268568	-9.23243394019593
			18.6549259029137	-9.23243394019593
			18.6476159789706	-9.23243394019593
			18.6403060550274	-9.22512401625278
			18.6329961310843	-9.22512401625278
			18.6256862071411	-9.22512401625278
			18.618376283198	-9.21781409230963
			18.6110663592548	-9.21781409230963
			18.6037564353117	-9.21781409230963
			18.5964465113685	-9.21050416836648
			18.5891365874254	-9.21050416836648
			18.5818266634822	-9.21050416836648
			18.5745167395391	-9.20319424442333
			18.5672068155959	-9.20319424442333
			18.5598968916528	-9.20319424442333
			18.5525869677096	-9.19588432048019
			18.5452770437665	-9.19588432048019
			18.5379671198233	-9.18857439653704
			18.5306571958802	-9.18857439653704
			18.523347271937	-9.18857439653704
			18.5160373479939	-9.18126447259389
			18.5087274240507	-9.18126447259389
			18.5014175001076	-9.17395454865074
			18.4941075761644	-9.17395454865074
			18.4867976522213	-9.16664462470759
			18.4794877282781	-9.16664462470759
			18.472177804335	-9.16664462470759
			18.4648678803919	-9.15933470076445
			18.4648678803919	-9.1520247768213
			18.4575579564487	-9.1520247768213
			18.4502480325056	-9.14471485287815
			18.4429381085624	-9.137404928935
			18.4356281846193	-9.137404928935
			18.4283182606761	-9.13009500499185
			18.421008336733	-9.12278508104871
			18.4136984127898	-9.11547515710556
			18.4063884888467	-9.10816523316241
			18.3990785649035	-9.10085530921926
			18.3917686409604	-9.09354538527611
			18.3844587170172	-9.09354538527611
			18.3771487930741	-9.08623546133297
			18.3698388691309	-9.07892553738982
			18.3625289451878	-9.07161561344667
			18.3552190212446	-9.06430568950352
			18.3479090973015	-9.05699576556037
			18.3405991733583	-9.04968584161723
			18.3332892494152	-9.04237591767408
			18.325979325472	-9.03506599373093
			18.3186694015289	-9.02775606978778
			18.3113594775857	-9.02044614584463
			18.3040495536426	-9.01313622190149
			18.2967396296994	-9.00582629795834
			18.2894297057563	-8.99851637401519
			18.2894297057563	-8.99120645007204
			18.2821197818132	-8.98389652612889
			18.2821197818132	-8.97658660218575
			18.27480985787	-8.9692766782426
			18.2674999339269	-8.96196675429945
			18.2674999339269	-8.9546568303563
			18.2674999339269	-8.94734690641315
			18.2601900099837	-8.94003698247001
			18.2601900099837	-8.93272705852686
			18.2528800860406	-8.92541713458371
			18.2528800860406	-8.91810721064056
			18.2528800860406	-8.91079728669741
			18.2455701620974	-8.90348736275427
			18.2455701620974	-8.89617743881112
			18.2455701620974	-8.88886751486797
			18.2382602381543	-8.88155759092482
			18.2382602381543	-8.87424766698167
			18.2382602381543	-8.86693774303853
			18.2382602381543	-8.85962781909538
			18.2309503142111	-8.85231789515223
			18.2309503142111	-8.84500797120908
			18.2309503142111	-8.83769804726593
			18.2309503142111	-8.83038812332279
			18.2309503142111	-8.82307819937964
			18.2309503142111	-8.81576827543649
			18.2309503142111	-8.80845835149334
			18.2309503142111	-8.80114842755019
			18.2309503142111	-8.79383850360705
			18.2309503142111	-8.7865285796639
			18.2309503142111	-8.77921865572075
			18.2309503142111	-8.7719087317776
			18.2309503142111	-8.76459880783445
			18.2309503142111	-8.75728888389131
			18.2309503142111	-8.74997895994816
			18.2309503142111	-8.74266903600501
			18.2309503142111	-8.73535911206186
			18.2309503142111	-8.72804918811871
			18.2309503142111	-8.72073926417557
			18.2309503142111	-8.71342934023242
			18.2309503142111	-8.70611941628927
			18.2309503142111	-8.69880949234612
			18.2309503142111	-8.69149956840297
			18.2382602381543	-8.68418964445983
			18.2382602381543	-8.67687972051668
			18.2382602381543	-8.66956979657353
			18.2382602381543	-8.66225987263038
			18.2382602381543	-8.65494994868723
			18.2382602381543	-8.64764002474409
			18.2382602381543	-8.64033010080094
			18.2382602381543	-8.63302017685779
			18.2382602381543	-8.62571025291464
			18.2382602381543	-8.61840032897149
			18.2382602381543	-8.61109040502835
			18.2382602381543	-8.6037804810852
			18.2382602381543	-8.59647055714205
			18.2382602381543	-8.5891606331989
			18.2382602381543	-8.58185070925575
			18.2382602381543	-8.57454078531261
			18.2382602381543	-8.56723086136946
			18.2455701620974	-8.55992093742631
			18.2455701620974	-8.55261101348316
			18.2455701620974	-8.54530108954001
			18.2455701620974	-8.53799116559687
			18.2455701620974	-8.53068124165372
			18.2455701620974	-8.52337131771057
			18.2455701620974	-8.51606139376742
			18.2455701620974	-8.50875146982427
			18.2455701620974	-8.50144154588113
			18.2455701620974	-8.49413162193798
			18.2455701620974	-8.48682169799483
			18.2455701620974	-8.47951177405168
			18.2455701620974	-8.47220185010853
			18.2455701620974	-8.46489192616539
			18.2528800860406	-8.45758200222224
			18.2528800860406	-8.45027207827909
			18.2528800860406	-8.44296215433594
			18.2528800860406	-8.43565223039279
			18.2528800860406	-8.42834230644965
			18.2528800860406	-8.4210323825065
			18.2528800860406	-8.41372245856335
			18.2528800860406	-8.4064125346202
			18.2528800860406	-8.39910261067705
			18.2528800860406	-8.39179268673391
			18.2528800860406	-8.38448276279076
			18.2528800860406	-8.37717283884761
			18.2528800860406	-8.36986291490446
			18.2601900099837	-8.36255299096131
			18.2601900099837	-8.35524306701817
			18.2601900099837	-8.34793314307502
			18.2601900099837	-8.34062321913187
			18.2601900099837	-8.33331329518872
			18.2601900099837	-8.32600337124557
			18.2601900099837	-8.31869344730243
			18.2601900099837	-8.31138352335928
			18.2601900099837	-8.30407359941613
			18.2601900099837	-8.29676367547298
			18.2601900099837	-8.28945375152983
			18.2601900099837	-8.28214382758669
			18.2601900099837	-8.27483390364354
			18.2674999339269	-8.26752397970039
			18.2674999339269	-8.26021405575724
			18.2674999339269	-8.25290413181409
			18.2674999339269	-8.24559420787095
			18.2674999339269	-8.2382842839278
			18.2674999339269	-8.23097435998465
			18.2674999339269	-8.2236644360415
			18.2674999339269	-8.21635451209835
			18.2674999339269	-8.20904458815521
			18.2674999339269	-8.20173466421206
			18.2674999339269	-8.19442474026891
			18.2674999339269	-8.18711481632576
			18.27480985787	-8.17980489238261
			18.27480985787	-8.17249496843947
			18.27480985787	-8.16518504449632
			18.27480985787	-8.15787512055317
			18.27480985787	-8.15056519661002
			18.27480985787	-8.14325527266687
			18.27480985787	-8.13594534872373
			18.27480985787	-8.12863542478058
			18.27480985787	-8.12132550083743
			18.27480985787	-8.11401557689428
			18.27480985787	-8.10670565295113
			18.27480985787	-8.09939572900799
			18.27480985787	-8.09208580506484
			18.2821197818132	-8.09208580506484
			18.2821197818132	-8.08477588112169
			18.2821197818132	-8.07746595717854
			18.2821197818132	-8.07015603323539
			18.2821197818132	-8.06284610929225
			18.2821197818132	-8.0555361853491
			18.2821197818132	-8.04822626140595
		</Outline1>
		<Outline2 type=matrix rownames=FALSE colnames=FALSE nrow=248 ncol=2 as.numeric=TRUE >
			18.2821197818132	-8.04822626140595
			18.2821197818132	-8.0409163374628
			18.2821197818132	-8.03360641351965
			18.2821197818132	-8.02629648957651
			18.2821197818132	-8.01898656563336
			18.2821197818132	-8.01167664169021
			18.2821197818132	-8.00436671774706
			18.2821197818132	-7.99705679380391
			18.2821197818132	-7.98974686986077
			18.2821197818132	-7.98243694591762
			18.2821197818132	-7.97512702197447
			18.2821197818132	-7.96781709803132
			18.2821197818132	-7.96050717408817
			18.2821197818132	-7.95319725014503
			18.2821197818132	-7.94588732620188
			18.2821197818132	-7.93857740225873
			18.2894297057563	-7.93126747831558
			18.2894297057563	-7.92395755437243
			18.2894297057563	-7.91664763042929
			18.2894297057563	-7.90933770648614
			18.2894297057563	-7.90202778254299
			18.2894297057563	-7.89471785859984
			18.2894297057563	-7.88740793465669
			18.2894297057563	-7.88009801071355
			18.2894297057563	-7.8727880867704
			18.2894297057563	-7.86547816282725
			18.2894297057563	-7.8581682388841
			18.2894297057563	-7.85085831494095
			18.2894297057563	-7.84354839099781
			18.2894297057563	-7.83623846705466
			18.2894297057563	-7.82892854311151
			18.2894297057563	-7.82161861916836
			18.2894297057563	-7.81430869522521
			18.2894297057563	-7.80699877128207
			18.2894297057563	-7.79968884733892
			18.2894297057563	-7.79237892339577
			18.2894297057563	-7.78506899945262
			18.2894297057563	-7.77775907550947
			18.2894297057563	-7.77044915156633
			18.2894297057563	-7.76313922762318
			18.2894297057563	-7.75582930368003
			18.2967396296994	-7.74851937973688
			18.2967396296994	-7.74120945579373
			18.2967396296994	-7.73389953185059
			18.2967396296994	-7.72658960790744
			18.2967396296994	-7.71927968396429
			18.2967396296994	-7.71196976002114
			18.2967396296994	-7.70465983607799
			18.2967396296994	-7.69734991213485
			18.2967396296994	-7.6900399881917
			18.2967396296994	-7.68273006424855
			18.2967396296994	-7.6754201403054
			18.2967396296994	-7.66811021636225
			18.2967396296994	-7.66080029241911
			18.2967396296994	-7.65349036847596
			18.2967396296994	-7.64618044453281
			18.3040495536426	-7.63887052058966
			18.3040495536426	-7.63156059664651
			18.3040495536426	-7.62425067270337
			18.3040495536426	-7.61694074876022
			18.3040495536426	-7.60963082481707
			18.3040495536426	-7.60232090087392
			18.3040495536426	-7.59501097693077
			18.3040495536426	-7.58770105298763
			18.3113594775857	-7.58039112904448
			18.3113594775857	-7.57308120510133
			18.3113594775857	-7.56577128115818
			18.3113594775857	-7.55846135721503
			18.3113594775857	-7.55115143327189
			18.3113594775857	-7.54384150932874
			18.3113594775857	-7.53653158538559
			18.3186694015289	-7.52922166144244
			18.3186694015289	-7.52191173749929
			18.3186694015289	-7.51460181355615
			18.3186694015289	-7.507291889613
			18.3186694015289	-7.49998196566985
			18.3186694015289	-7.4926720417267
			18.3186694015289	-7.48536211778355
			18.325979325472	-7.47805219384041
			18.325979325472	-7.47074226989726
			18.325979325472	-7.46343234595411
			18.325979325472	-7.45612242201096
			18.325979325472	-7.44881249806781
			18.325979325472	-7.44150257412467
			18.3332892494152	-7.43419265018152
			18.3332892494152	-7.42688272623837
			18.3332892494152	-7.41957280229522
			18.3332892494152	-7.41226287835207
			18.3332892494152	-7.40495295440893
			18.3332892494152	-7.39764303046578
			18.3405991733583	-7.39033310652263
			18.3405991733583	-7.38302318257948
			18.3405991733583	-7.37571325863633
			18.3405991733583	-7.36840333469319
			18.3405991733583	-7.36109341075004
			18.3405991733583	-7.35378348680689
			18.3479090973015	-7.35378348680689
			18.3479090973015	-7.34647356286374
			18.3479090973015	-7.33916363892059
			18.3479090973015	-7.33185371497745
			18.3479090973015	-7.3245437910343
			18.3552190212446	-7.31723386709115
			18.3552190212446	-7.309923943148
			18.3552190212446	-7.30261401920485
			18.3625289451878	-7.29530409526171
			18.3625289451878	-7.28799417131856
			18.3625289451878	-7.28068424737541
			18.3698388691309	-7.27337432343226
			18.3698388691309	-7.26606439948911
			18.3698388691309	-7.25875447554597
			18.3771487930741	-7.25144455160282
			18.3771487930741	-7.24413462765967
			18.3771487930741	-7.23682470371652
			18.3844587170172	-7.22951477977337
			18.3844587170172	-7.22220485583023
			18.3844587170172	-7.21489493188708
			18.3917686409604	-7.20758500794393
			18.3917686409604	-7.20027508400078
			18.3990785649035	-7.19296516005763
			18.3990785649035	-7.18565523611449
			18.4063884888467	-7.17834531217134
			18.4063884888467	-7.17103538822819
			18.4136984127898	-7.16372546428504
			18.4136984127898	-7.15641554034189
			18.421008336733	-7.14910561639875
			18.421008336733	-7.1417956924556
			18.4283182606761	-7.13448576851245
			18.4283182606761	-7.1271758445693
			18.4283182606761	-7.11986592062615
			18.4356281846193	-7.11255599668301
			18.4356281846193	-7.10524607273986
			18.4429381085624	-7.09793614879671
			18.4429381085624	-7.09062622485356
			18.4502480325056	-7.08331630091041
			18.4575579564487	-7.07600637696727
			18.4648678803919	-7.06869645302412
			18.472177804335	-7.06138652908097
			18.472177804335	-7.05407660513782
			18.4794877282781	-7.04676668119467
			18.4867976522213	-7.04676668119467
			18.4941075761644	-7.03945675725153
			18.5014175001076	-7.03214683330838
			18.5087274240507	-7.02483690936523
			18.5160373479939	-7.02483690936523
			18.523347271937	-7.01752698542208
			18.5306571958802	-7.01021706147893
			18.5379671198233	-7.01021706147893
			18.5452770437665	-7.00290713753579
			18.5525869677096	-6.99559721359264
			18.5598968916528	-6.99559721359264
			18.5672068155959	-6.98828728964949
			18.5745167395391	-6.98828728964949
			18.5818266634822	-6.98097736570634
			18.5891365874254	-6.98097736570634
			18.5964465113685	-6.97366744176319
			18.6037564353117	-6.97366744176319
			18.6110663592548	-6.97366744176319
			18.618376283198	-6.96635751782005
			18.6256862071411	-6.96635751782005
			18.6329961310843	-6.96635751782005
			18.6403060550274	-6.9590475938769
			18.6476159789706	-6.9590475938769
			18.6549259029137	-6.9590475938769
			18.6622358268568	-6.9590475938769
			18.6695457508	-6.9590475938769
			18.6768556747431	-6.95173766993375
			18.6841655986863	-6.95173766993375
			18.6914755226294	-6.95173766993375
			18.6987854465726	-6.95173766993375
			18.7060953705157	-6.95173766993375
			18.7134052944589	-6.95173766993375
			18.720715218402	-6.9444277459906
			18.7280251423452	-6.9444277459906
			18.7353350662883	-6.9444277459906
			18.7426449902315	-6.9444277459906
			18.7499549141746	-6.9444277459906
			18.7572648381178	-6.9444277459906
			18.7645747620609	-6.9444277459906
			18.7718846860041	-6.9444277459906
			18.7791946099472	-6.9444277459906
			18.7865045338904	-6.9444277459906
			18.7938144578335	-6.93711782204745
			18.8011243817767	-6.93711782204745
			18.8084343057198	-6.93711782204745
			18.815744229663	-6.93711782204745
			18.8230541536061	-6.93711782204745
			18.8303640775493	-6.93711782204745
			18.8376740014924	-6.93711782204745
			18.8449839254355	-6.93711782204745
			18.8522938493787	-6.93711782204745
			18.8596037733218	-6.93711782204745
			18.866913697265	-6.93711782204745
			18.8742236212081	-6.93711782204745
			18.8815335451513	-6.93711782204745
			18.8888434690944	-6.93711782204745
			18.8961533930376	-6.93711782204745
			18.9034633169807	-6.93711782204745
			18.9107732409239	-6.93711782204745
			18.918083164867	-6.93711782204745
			18.9253930888102	-6.93711782204745
			18.9327030127533	-6.93711782204745
			18.9400129366965	-6.93711782204745
			18.9473228606396	-6.93711782204745
			18.9546327845828	-6.9444277459906
			18.9619427085259	-6.9444277459906
			18.9692526324691	-6.9444277459906
			18.9765625564122	-6.9444277459906
			18.9838724803554	-6.9444277459906
			18.9911824042985	-6.9444277459906
			18.9984923282417	-6.9444277459906
			19.0058022521848	-6.9444277459906
			19.013112176128	-6.9444277459906
			19.0204221000711	-6.9444277459906
			19.0277320240142	-6.9444277459906
			19.0350419479574	-6.9444277459906
			19.0423518719005	-6.9444277459906
			19.0496617958437	-6.9444277459906
			19.0569717197868	-6.95173766993375
			19.06428164373	-6.95173766993375
			19.0715915676731	-6.95173766993375
			19.0789014916163	-6.95173766993375
			19.0862114155594	-6.95173766993375
			19.0935213395026	-6.95173766993375
			19.1008312634457	-6.95173766993375
			19.1081411873889	-6.95173766993375
			19.115451111332	-6.95173766993375
			19.1227610352752	-6.9590475938769
			19.1300709592183	-6.9590475938769
			19.1373808831615	-6.9590475938769
			19.1446908071046	-6.9590475938769
			19.1520007310478	-6.9590475938769
			19.1593106549909	-6.9590475938769
			19.1666205789341	-6.9590475938769
			19.1739305028772	-6.96635751782005
			19.1812404268204	-6.96635751782005
			19.1885503507635	-6.96635751782005
			19.1958602747067	-6.96635751782005
			19.2031701986498	-6.96635751782005
			19.2104801225929	-6.97366744176319
			19.2177900465361	-6.97366744176319
			19.2250999704792	-6.97366744176319
			19.2324098944224	-6.97366744176319
			19.2397198183655	-6.97366744176319
			19.2470297423087	-6.98097736570634
			19.2543396662518	-6.98097736570634
			19.261649590195	-6.98097736570634
			19.2689595141381	-6.98828728964949
			19.2762694380813	-6.98828728964949
		</Outline2>
		<Outline3 type=matrix rownames=FALSE colnames=FALSE nrow=235 ncol=2 as.numeric=TRUE >
			19.2762694380813	-6.98828728964949
			19.2835793620244	-6.98828728964949
			19.2908892859676	-6.98828728964949
			19.2981992099107	-6.98828728964949
			19.3055091338539	-6.98828728964949
			19.3055091338539	-6.99559721359264
			19.312819057797	-6.99559721359264
			19.3201289817402	-6.99559721359264
			19.3274389056833	-6.99559721359264
			19.3347488296265	-6.99559721359264
			19.3420587535696	-6.99559721359264
			19.3493686775128	-6.99559721359264
			19.3566786014559	-7.00290713753579
			19.3639885253991	-7.00290713753579
			19.3712984493422	-7.00290713753579
			19.3786083732854	-7.00290713753579
			19.3859182972285	-7.00290713753579
			19.3932282211717	-7.00290713753579
			19.4005381451148	-7.01021706147893
			19.4078480690579	-7.01021706147893
			19.4151579930011	-7.01021706147893
			19.4224679169442	-7.01021706147893
			19.4297778408874	-7.01752698542208
			19.4370877648305	-7.01752698542208
			19.4443976887737	-7.01752698542208
			19.4517076127168	-7.01752698542208
			19.45901753666	-7.01752698542208
			19.4663274606031	-7.02483690936523
			19.4736373845463	-7.02483690936523
			19.4809473084894	-7.02483690936523
			19.4882572324326	-7.02483690936523
			19.4955671563757	-7.03214683330838
			19.5028770803189	-7.03214683330838
			19.510187004262	-7.03214683330838
			19.5174969282052	-7.03945675725153
			19.5248068521483	-7.03945675725153
			19.5321167760915	-7.03945675725153
			19.5394267000346	-7.03945675725153
			19.5467366239778	-7.03945675725153
			19.5540465479209	-7.03945675725153
			19.5540465479209	-7.04676668119467
			19.5613564718641	-7.04676668119467
			19.5686663958072	-7.04676668119467
			19.5759763197503	-7.04676668119467
			19.5832862436935	-7.04676668119467
			19.5905961676366	-7.04676668119467
			19.5979060915798	-7.04676668119467
			19.6052160155229	-7.04676668119467
			19.6125259394661	-7.04676668119467
			19.6198358634092	-7.04676668119467
			19.6271457873524	-7.04676668119467
			19.6344557112955	-7.04676668119467
			19.6417656352387	-7.04676668119467
			19.6490755591818	-7.04676668119467
			19.656385483125	-7.04676668119467
			19.6636954070681	-7.04676668119467
			19.6710053310113	-7.04676668119467
			19.6783152549544	-7.04676668119467
			19.6856251788976	-7.04676668119467
			19.6929351028407	-7.04676668119467
			19.7002450267839	-7.04676668119467
			19.707554950727	-7.04676668119467
			19.7148648746702	-7.03945675725153
			19.7221747986133	-7.03945675725153
			19.7294847225565	-7.03945675725153
			19.7367946464996	-7.03945675725153
			19.7441045704428	-7.03945675725153
			19.7514144943859	-7.03945675725153
			19.758724418329	-7.03945675725153
			19.7660343422722	-7.03945675725153
			19.7733442662153	-7.03945675725153
			19.7806541901585	-7.03945675725153
			19.7879641141016	-7.03945675725153
			19.7952740380448	-7.03214683330838
			19.8025839619879	-7.03214683330838
			19.8098938859311	-7.03214683330838
			19.8172038098742	-7.03214683330838
			19.8245137338174	-7.03214683330838
			19.8318236577605	-7.03214683330838
			19.8391335817037	-7.03214683330838
			19.8464435056468	-7.03214683330838
			19.85375342959	-7.03214683330838
			19.8610633535331	-7.03214683330838
			19.8683732774763	-7.03214683330838
			19.8756832014194	-7.03214683330838
			19.8829931253626	-7.03214683330838
			19.8903030493057	-7.03945675725153
			19.8976129732489	-7.03945675725153
			19.904922897192	-7.03945675725153
			19.9122328211352	-7.03945675725153
			19.9195427450783	-7.03945675725153
			19.9268526690215	-7.03945675725153
			19.9341625929646	-7.03945675725153
			19.9414725169077	-7.03945675725153
			19.9487824408509	-7.03945675725153
			19.956092364794	-7.03945675725153
			19.9634022887372	-7.04676668119467
			19.9707122126803	-7.04676668119467
			19.9780221366235	-7.04676668119467
			19.9853320605666	-7.04676668119467
			19.9926419845098	-7.04676668119467
			19.9999519084529	-7.04676668119467
			20.0072618323961	-7.04676668119467
			20.0145717563392	-7.05407660513782
			20.0218816802824	-7.05407660513782
			20.0291916042255	-7.05407660513782
			20.0365015281687	-7.05407660513782
			20.0438114521118	-7.06138652908097
			20.051121376055	-7.06138652908097
			20.0584312999981	-7.06869645302412
			20.0657412239413	-7.06869645302412
			20.0730511478844	-7.06869645302412
			20.0803610718276	-7.07600637696727
			20.0876709957707	-7.07600637696727
			20.0949809197139	-7.07600637696727
			20.0949809197139	-7.08331630091041
			20.102290843657	-7.08331630091041
			20.1096007676002	-7.08331630091041
			20.1169106915433	-7.08331630091041
			20.1242206154865	-7.09062622485356
			20.1315305394296	-7.09062622485356
			20.1388404633727	-7.09793614879671
			20.1461503873159	-7.09793614879671
			20.153460311259	-7.10524607273986
			20.1607702352022	-7.10524607273986
			20.1680801591453	-7.11255599668301
			20.1753900830885	-7.11255599668301
			20.1827000070316	-7.11986592062615
			20.1900099309748	-7.11986592062615
			20.1973198549179	-7.1271758445693
			20.2046297788611	-7.1271758445693
			20.2119397028042	-7.13448576851245
			20.2192496267474	-7.1417956924556
			20.2265595506905	-7.1417956924556
			20.2338694746337	-7.14910561639875
			20.2411793985768	-7.14910561639875
			20.24848932252	-7.15641554034189
			20.2557992464631	-7.15641554034189
			20.2631091704063	-7.16372546428504
			20.2704190943494	-7.17103538822819
			20.2777290182926	-7.17834531217134
			20.2850389422357	-7.18565523611449
			20.2850389422357	-7.19296516005763
			20.2923488661789	-7.20027508400078
			20.299658790122	-7.20027508400078
			20.3069687140651	-7.20758500794393
			20.3142786380083	-7.21489493188708
			20.3215885619514	-7.22220485583023
			20.3288984858946	-7.22951477977337
			20.3362084098377	-7.23682470371652
			20.3435183337809	-7.23682470371652
			20.350828257724	-7.24413462765967
			20.350828257724	-7.25144455160282
			20.3581381816672	-7.25875447554597
			20.3654481056103	-7.26606439948911
			20.3727580295535	-7.27337432343226
			20.3800679534966	-7.27337432343226
			20.3800679534966	-7.28068424737541
			20.3873778774398	-7.28799417131856
			20.3946878013829	-7.29530409526171
			20.4019977253261	-7.30261401920485
			20.4093076492692	-7.309923943148
			20.4166175732124	-7.31723386709115
			20.4239274971555	-7.3245437910343
			20.4239274971555	-7.33185371497745
			20.4312374210987	-7.33916363892059
			20.4385473450418	-7.34647356286374
			20.4385473450418	-7.35378348680689
			20.445857268985	-7.36109341075004
			20.445857268985	-7.36840333469319
			20.4531671929281	-7.37571325863633
			20.4531671929281	-7.38302318257948
			20.4604771168713	-7.39033310652263
			20.4604771168713	-7.39764303046578
			20.4677870408144	-7.40495295440893
			20.4677870408144	-7.41226287835207
			20.4750969647576	-7.41957280229522
			20.4750969647576	-7.42688272623837
			20.4750969647576	-7.43419265018152
			20.4824068887007	-7.44150257412467
			20.4824068887007	-7.44881249806781
			20.4824068887007	-7.45612242201096
			20.4897168126438	-7.45612242201096
			20.4897168126438	-7.46343234595411
			20.4897168126438	-7.47074226989726
			20.4897168126438	-7.47805219384041
			20.4897168126438	-7.48536211778355
			20.4897168126438	-7.4926720417267
			20.4897168126438	-7.49998196566985
			20.497026736587	-7.507291889613
			20.497026736587	-7.51460181355615
			20.497026736587	-7.52191173749929
			20.497026736587	-7.52922166144244
			20.497026736587	-7.53653158538559
			20.497026736587	-7.54384150932874
			20.497026736587	-7.55115143327189
			20.497026736587	-7.55846135721503
			20.497026736587	-7.56577128115818
			20.497026736587	-7.57308120510133
			20.497026736587	-7.58039112904448
			20.497026736587	-7.58770105298763
			20.497026736587	-7.59501097693077
			20.497026736587	-7.60232090087392
			20.497026736587	-7.60963082481707
			20.497026736587	-7.61694074876022
			20.497026736587	-7.62425067270337
			20.497026736587	-7.63156059664651
			20.497026736587	-7.63887052058966
			20.497026736587	-7.64618044453281
			20.497026736587	-7.65349036847596
			20.497026736587	-7.66080029241911
			20.497026736587	-7.66811021636225
			20.497026736587	-7.6754201403054
			20.497026736587	-7.68273006424855
			20.497026736587	-7.6900399881917
			20.497026736587	-7.69734991213485
			20.497026736587	-7.70465983607799
			20.497026736587	-7.71196976002114
			20.4897168126438	-7.71927968396429
			20.4897168126438	-7.72658960790744
			20.4897168126438	-7.73389953185059
			20.4897168126438	-7.74120945579373
			20.4897168126438	-7.74851937973688
			20.4897168126438	-7.75582930368003
			20.4897168126438	-7.76313922762318
			20.4897168126438	-7.77044915156633
			20.4897168126438	-7.77775907550947
			20.4897168126438	-7.78506899945262
			20.4897168126438	-7.79237892339577
			20.4897168126438	-7.79968884733892
			20.4897168126438	-7.80699877128207
			20.4897168126438	-7.81430869522521
			20.4897168126438	-7.82161861916836
			20.4897168126438	-7.82892854311151
			20.4897168126438	-7.83623846705466
		</Outline3>
		<Outline4 type=matrix rownames=FALSE colnames=FALSE nrow=210 ncol=2 as.numeric=TRUE >
			20.4897168126438	-7.83623846705466
			20.4897168126438	-7.84354839099781
			20.4897168126438	-7.85085831494095
			20.4897168126438	-7.8581682388841
			20.4897168126438	-7.86547816282725
			20.4897168126438	-7.8727880867704
			20.4897168126438	-7.88009801071355
			20.4897168126438	-7.88740793465669
			20.4897168126438	-7.89471785859984
			20.4897168126438	-7.90202778254299
			20.4897168126438	-7.90933770648614
			20.4897168126438	-7.91664763042929
			20.4824068887007	-7.92395755437243
			20.4824068887007	-7.93126747831558
			20.4824068887007	-7.93857740225873
			20.4824068887007	-7.94588732620188
			20.4824068887007	-7.95319725014503
			20.4824068887007	-7.96050717408817
			20.4824068887007	-7.96781709803132
			20.4750969647576	-7.97512702197447
			20.4750969647576	-7.98243694591762
			20.4750969647576	-7.98974686986077
			20.4750969647576	-7.99705679380391
			20.4750969647576	-8.00436671774706
			20.4750969647576	-8.01167664169021
			20.4677870408144	-8.01898656563336
			20.4677870408144	-8.02629648957651
			20.4677870408144	-8.03360641351965
			20.4677870408144	-8.0409163374628
			20.4604771168713	-8.04822626140595
			20.4604771168713	-8.0555361853491
			20.4604771168713	-8.06284610929225
			20.4604771168713	-8.07015603323539
			20.4531671929281	-8.07746595717854
			20.4531671929281	-8.08477588112169
			20.4531671929281	-8.09208580506484
			20.4531671929281	-8.09939572900799
			20.445857268985	-8.10670565295113
			20.445857268985	-8.11401557689428
			20.445857268985	-8.12132550083743
			20.445857268985	-8.12863542478058
			20.4385473450418	-8.13594534872373
			20.4385473450418	-8.14325527266687
			20.4385473450418	-8.15056519661002
			20.4312374210987	-8.15787512055317
			20.4312374210987	-8.16518504449632
			20.4312374210987	-8.17249496843947
			20.4239274971555	-8.17980489238261
			20.4239274971555	-8.18711481632576
			20.4239274971555	-8.19442474026891
			20.4239274971555	-8.20173466421206
			20.4166175732124	-8.20904458815521
			20.4166175732124	-8.21635451209835
			20.4166175732124	-8.2236644360415
			20.4166175732124	-8.23097435998465
			20.4093076492692	-8.2382842839278
			20.4093076492692	-8.24559420787095
			20.4093076492692	-8.25290413181409
			20.4019977253261	-8.26021405575724
			20.4019977253261	-8.26752397970039
			20.4019977253261	-8.27483390364354
			20.3946878013829	-8.28214382758669
			20.3946878013829	-8.28945375152983
			20.3873778774398	-8.29676367547298
			20.3873778774398	-8.30407359941613
			20.3800679534966	-8.31138352335928
			20.3727580295535	-8.31869344730243
			20.3727580295535	-8.32600337124557
			20.3654481056103	-8.33331329518872
			20.3581381816672	-8.34062321913187
			20.3581381816672	-8.34793314307502
			20.350828257724	-8.35524306701817
			20.350828257724	-8.36255299096131
			20.3435183337809	-8.36986291490446
			20.3362084098377	-8.37717283884761
			20.3362084098377	-8.38448276279076
			20.3288984858946	-8.39179268673391
			20.3215885619514	-8.39910261067705
			20.3142786380083	-8.4064125346202
			20.3142786380083	-8.41372245856335
			20.3069687140651	-8.4210323825065
			20.299658790122	-8.42834230644965
			20.299658790122	-8.43565223039279
			20.2923488661789	-8.44296215433594
			20.2850389422357	-8.45027207827909
			20.2777290182926	-8.45758200222224
			20.2777290182926	-8.46489192616539
			20.2704190943494	-8.47220185010853
			20.2631091704063	-8.47951177405168
			20.2557992464631	-8.48682169799483
			20.2557992464631	-8.49413162193798
			20.24848932252	-8.50144154588113
			20.2411793985768	-8.50875146982427
			20.2338694746337	-8.51606139376742
			20.2265595506905	-8.52337131771057
			20.2192496267474	-8.53068124165372
			20.2119397028042	-8.53799116559687
			20.2119397028042	-8.54530108954001
			20.2046297788611	-8.55261101348316
			20.1973198549179	-8.55261101348316
			20.1900099309748	-8.55992093742631
			20.1900099309748	-8.56723086136946
			20.1827000070316	-8.57454078531261
			20.1753900830885	-8.57454078531261
			20.1680801591453	-8.58185070925575
			20.1680801591453	-8.5891606331989
			20.1607702352022	-8.59647055714205
			20.153460311259	-8.59647055714205
			20.153460311259	-8.6037804810852
			20.1461503873159	-8.61109040502835
			20.1388404633727	-8.61840032897149
			20.1315305394296	-8.62571025291464
			20.1242206154865	-8.63302017685779
			20.1169106915433	-8.64033010080094
			20.1096007676002	-8.64764002474409
			20.102290843657	-8.65494994868723
			20.0949809197139	-8.65494994868723
			20.0949809197139	-8.66225987263038
			20.0876709957707	-8.66956979657353
			20.0803610718276	-8.67687972051668
			20.0730511478844	-8.68418964445983
			20.0657412239413	-8.68418964445983
			20.0584312999981	-8.69149956840297
			20.051121376055	-8.69149956840297
			20.0438114521118	-8.69880949234612
			20.0365015281687	-8.70611941628927
			20.0291916042255	-8.70611941628927
			20.0218816802824	-8.70611941628927
			20.0218816802824	-8.71342934023242
			20.0145717563392	-8.71342934023242
			20.0072618323961	-8.71342934023242
			20.0072618323961	-8.72073926417557
			19.9999519084529	-8.72073926417557
			19.9926419845098	-8.72073926417557
			19.9926419845098	-8.72804918811871
			19.9853320605666	-8.72804918811871
			19.9780221366235	-8.72804918811871
			19.9707122126803	-8.73535911206186
			19.9634022887372	-8.73535911206186
			19.956092364794	-8.74266903600501
			19.9487824408509	-8.74266903600501
			19.9414725169077	-8.74266903600501
			19.9341625929646	-8.74997895994816
			19.9268526690215	-8.74997895994816
			19.9195427450783	-8.74997895994816
			19.9122328211352	-8.75728888389131
			19.904922897192	-8.75728888389131
			19.8976129732489	-8.75728888389131
			19.8903030493057	-8.76459880783445
			19.8829931253626	-8.76459880783445
			19.8756832014194	-8.76459880783445
			19.8683732774763	-8.7719087317776
			19.8610633535331	-8.7719087317776
			19.85375342959	-8.7719087317776
			19.8464435056468	-8.7719087317776
			19.8391335817037	-8.77921865572075
			19.8318236577605	-8.77921865572075
			19.8245137338174	-8.77921865572075
			19.8172038098742	-8.7865285796639
			19.8098938859311	-8.7865285796639
			19.8025839619879	-8.7865285796639
			19.7952740380448	-8.7865285796639
			19.7879641141016	-8.7865285796639
			19.7879641141016	-8.79383850360705
			19.7806541901585	-8.79383850360705
			19.7733442662153	-8.79383850360705
			19.7660343422722	-8.79383850360705
			19.758724418329	-8.79383850360705
			19.7514144943859	-8.80114842755019
			19.7441045704428	-8.80114842755019
			19.7367946464996	-8.80114842755019
			19.7294847225565	-8.80114842755019
			19.7221747986133	-8.80114842755019
			19.7148648746702	-8.80845835149334
			19.707554950727	-8.80845835149334
			19.7002450267839	-8.80845835149334
			19.6929351028407	-8.80845835149334
			19.6856251788976	-8.80845835149334
			19.6783152549544	-8.81576827543649
			19.6710053310113	-8.81576827543649
			19.6636954070681	-8.81576827543649
			19.656385483125	-8.81576827543649
			19.6490755591818	-8.81576827543649
			19.6417656352387	-8.81576827543649
			19.6344557112955	-8.82307819937964
			19.6271457873524	-8.82307819937964
			19.6198358634092	-8.82307819937964
			19.6125259394661	-8.82307819937964
			19.6052160155229	-8.82307819937964
			19.5979060915798	-8.82307819937964
			19.5979060915798	-8.83038812332279
			19.5905961676366	-8.83038812332279
			19.5832862436935	-8.83038812332279
			19.5759763197503	-8.83038812332279
			19.5686663958072	-8.83038812332279
			19.5613564718641	-8.83769804726593
			19.5540465479209	-8.83769804726593
			19.5467366239778	-8.83769804726593
			19.5394267000346	-8.83769804726593
			19.5321167760915	-8.83769804726593
			19.5248068521483	-8.84500797120908
			19.5174969282052	-8.84500797120908
			19.510187004262	-8.84500797120908
			19.5028770803189	-8.84500797120908
			19.4955671563757	-8.85231789515223
			19.4882572324326	-8.85231789515223
			19.4809473084894	-8.85231789515223
			19.4736373845463	-8.85962781909538
			19.4663274606031	-8.85962781909538
			19.45901753666	-8.85962781909538
		</Outline4>
	</curves.scaled>
	<ruler.points type=matrix rownames=TRUE colnames=FALSE nrow=2 ncol=2 as.numeric=TRUE >
		Ruler point 1	3393	2438
		Ruler point 2	2025	2441
	</ruler.points>
</shapes>

