<shapes type=list>
	<ruler.pixel type=vector names=FALSE length=1 as.numeric=TRUE >1540.02759715532</ruler.pixel>
	<ruler.interval type=vector names=FALSE length=1 as.numeric=TRUE >10</ruler.interval>
	<scaling.units type=vector names=FALSE length=1 as.numeric=FALSE >mm</scaling.units>
	<scaling type=vector names=FALSE length=1 as.numeric=TRUE >0.00649339013045714</scaling>
	<landmarks.pixel type=matrix rownames=TRUE colnames=FALSE nrow=4 ncol=2 as.numeric=TRUE >
		Labial	2774	1242
		Posterior	2587	1128
		Lingual	2701	943
		Anterior	2896	1055
	</landmarks.pixel>
	<landmarks.scaled type=matrix rownames=TRUE colnames=FALSE nrow=4 ncol=2 as.numeric=TRUE >
		Labial	18.0126642218881	-8.06479054202777
		Posterior	16.7984002674926	-7.32454406715565
		Lingual	17.5386467423647	-6.12326689302108
		Anterior	18.8048578178039	-6.85052658763228
	</landmarks.scaled>
	<curves.control type=list>
		<Outline1 type=matrix rownames=FALSE colnames=FALSE nrow=13 ncol=2 as.numeric=TRUE >
			2774	1242
			2751	1257
			2721	1270
			2698	1276
			2678	1278
			2657	1276
			2636	1266
			2618	1254
			2600	1236
			2589	1218
			2587	1195
			2586	1171
			2587	1128
		</Outline1>
		<Outline2 type=matrix rownames=FALSE colnames=FALSE nrow=15 ncol=2 as.numeric=TRUE >
			2587	1128
			2586	1104
			2582	1077
			2580	1054
			2583	1028
			2588	1007
			2597	990
			2609	977
			2622	966
			2634	959
			2648	952
			2665	946
			2678	944
			2688	943
			2701	943
		</Outline2>
		<Outline3 type=matrix rownames=FALSE colnames=FALSE nrow=15 ncol=2 as.numeric=TRUE >
			2701	943
			2724	943
			2746	943
			2769	943
			2795	947
			2821	952
			2845	960
			2865	966
			2883	978
			2894	987
			2901	1002
			2904	1013
			2904	1026
			2900	1040
			2896	1055
		</Outline3>
		<Outline4 type=matrix rownames=FALSE colnames=FALSE nrow=11 ncol=2 as.numeric=TRUE >
			2896	1055
			2892	1075
			2890	1094
			2887	1115
			2882	1142
			2873	1165
			2862	1187
			2851	1203
			2832	1218
			2816	1228
			2774	1242
		</Outline4>
	</curves.control>
	<curves.pixel type=list>
		<Outline1 type=matrix rownames=FALSE colnames=FALSE nrow=288 ncol=2 as.numeric=TRUE >
			2774	1242
			2773	1243
			2772	1243
			2771	1244
			2770	1244
			2769	1245
			2768	1246
			2767	1247
			2766	1247
			2765	1248
			2764	1248
			2763	1249
			2762	1249
			2761	1250
			2760	1250
			2760	1251
			2759	1251
			2758	1252
			2757	1252
			2756	1253
			2755	1253
			2754	1254
			2753	1255
			2752	1255
			2751	1256
			2750	1256
			2749	1257
			2748	1257
			2747	1258
			2746	1258
			2745	1259
			2744	1259
			2743	1259
			2743	1260
			2742	1260
			2741	1261
			2740	1261
			2739	1262
			2738	1262
			2737	1263
			2736	1263
			2735	1264
			2734	1264
			2733	1265
			2732	1265
			2731	1266
			2730	1266
			2729	1267
			2728	1267
			2727	1267
			2726	1268
			2725	1268
			2724	1269
			2723	1269
			2722	1269
			2722	1270
			2721	1270
			2720	1270
			2719	1270
			2718	1271
			2717	1271
			2716	1271
			2715	1271
			2714	1272
			2713	1272
			2712	1272
			2711	1272
			2710	1273
			2709	1273
			2708	1273
			2707	1273
			2706	1274
			2705	1274
			2704	1274
			2703	1274
			2702	1274
			2701	1274
			2701	1275
			2700	1275
			2699	1275
			2698	1275
			2697	1275
			2696	1276
			2695	1276
			2694	1276
			2693	1276
			2692	1276
			2691	1276
			2690	1276
			2689	1277
			2688	1277
			2687	1277
			2686	1277
			2685	1277
			2684	1277
			2683	1277
			2682	1278
			2681	1278
			2680	1278
			2679	1278
			2678	1278
			2677	1278
			2676	1278
			2675	1278
			2674	1278
			2673	1277
			2672	1277
			2671	1277
			2670	1277
			2669	1277
			2668	1277
			2667	1276
			2666	1276
			2665	1276
			2664	1276
			2663	1276
			2662	1275
			2661	1275
			2660	1275
			2659	1275
			2658	1274
			2657	1274
			2656	1274
			2655	1273
			2654	1273
			2653	1273
			2652	1272
			2651	1272
			2650	1272
			2649	1271
			2648	1271
			2647	1271
			2646	1270
			2645	1270
			2644	1269
			2643	1269
			2642	1269
			2641	1268
			2640	1268
			2639	1267
			2638	1267
			2637	1266
			2636	1266
			2635	1265
			2634	1265
			2633	1264
			2632	1263
			2631	1262
			2630	1262
			2629	1261
			2628	1260
			2627	1259
			2626	1259
			2625	1258
			2624	1257
			2623	1256
			2622	1255
			2621	1255
			2620	1254
			2619	1253
			2618	1252
			2617	1251
			2616	1251
			2615	1250
			2614	1249
			2613	1248
			2612	1247
			2611	1247
			2610	1246
			2609	1245
			2609	1244
			2608	1243
			2607	1243
			2606	1242
			2605	1241
			2604	1240
			2603	1239
			2602	1238
			2601	1237
			2600	1236
			2599	1235
			2599	1234
			2598	1233
			2598	1232
			2597	1231
			2597	1230
			2596	1229
			2596	1228
			2595	1227
			2595	1226
			2594	1225
			2594	1224
			2593	1223
			2593	1222
			2593	1221
			2592	1220
			2592	1219
			2592	1218
			2591	1217
			2591	1216
			2591	1215
			2590	1214
			2590	1213
			2590	1212
			2590	1211
			2589	1210
			2589	1209
			2589	1208
			2589	1207
			2589	1206
			2588	1205
			2588	1204
			2588	1203
			2588	1202
			2588	1201
			2588	1200
			2587	1199
			2587	1198
			2587	1197
			2587	1196
			2587	1195
			2587	1194
			2587	1193
			2587	1192
			2587	1191
			2587	1190
			2587	1189
			2587	1188
			2587	1187
			2587	1186
			2587	1185
			2587	1184
			2587	1183
			2587	1182
			2587	1181
			2587	1180
			2587	1179
			2587	1178
			2587	1177
			2587	1176
			2587	1175
			2587	1174
			2587	1173
			2587	1172
			2587	1171
			2587	1170
			2587	1169
			2587	1168
			2587	1167
			2587	1166
			2587	1165
			2587	1164
			2587	1163
			2587	1162
			2587	1161
			2587	1160
			2587	1159
			2587	1158
			2587	1157
			2587	1156
			2587	1155
			2587	1154
			2587	1153
			2587	1152
			2587	1151
			2587	1150
			2587	1149
			2587	1148
			2587	1147
			2587	1146
			2587	1145
			2587	1144
			2587	1143
			2587	1142
			2587	1141
			2587	1140
			2587	1139
			2587	1138
			2587	1137
			2587	1136
			2587	1135
			2587	1134
			2587	1133
			2587	1132
			2587	1131
			2587	1130
			2587	1129
			2587	1128
		</Outline1>
		<Outline2 type=matrix rownames=FALSE colnames=FALSE nrow=251 ncol=2 as.numeric=TRUE >
			2587	1128
			2587	1127
			2587	1126
			2587	1125
			2587	1124
			2587	1123
			2587	1122
			2587	1121
			2587	1120
			2587	1119
			2586	1118
			2586	1117
			2586	1116
			2586	1115
			2586	1114
			2586	1113
			2586	1112
			2586	1111
			2586	1110
			2586	1109
			2586	1108
			2586	1107
			2586	1106
			2585	1105
			2585	1104
			2585	1103
			2585	1102
			2585	1101
			2585	1100
			2585	1099
			2585	1098
			2585	1097
			2585	1096
			2584	1095
			2584	1094
			2584	1093
			2584	1092
			2584	1091
			2584	1090
			2584	1089
			2584	1088
			2583	1087
			2583	1086
			2583	1085
			2583	1084
			2583	1083
			2583	1082
			2583	1081
			2582	1080
			2582	1079
			2582	1078
			2582	1077
			2582	1076
			2582	1075
			2582	1074
			2582	1073
			2582	1072
			2582	1071
			2581	1070
			2581	1069
			2581	1068
			2581	1067
			2581	1066
			2581	1065
			2581	1064
			2581	1063
			2581	1062
			2581	1061
			2581	1060
			2581	1059
			2581	1058
			2581	1057
			2581	1056
			2581	1055
			2581	1054
			2581	1053
			2581	1052
			2581	1051
			2581	1050
			2581	1049
			2581	1048
			2581	1047
			2582	1046
			2582	1045
			2582	1044
			2582	1043
			2582	1042
			2582	1041
			2582	1040
			2582	1039
			2582	1038
			2582	1037
			2582	1036
			2582	1035
			2582	1034
			2582	1033
			2583	1032
			2583	1031
			2583	1030
			2583	1029
			2583	1028
			2583	1027
			2584	1026
			2584	1025
			2584	1024
			2584	1023
			2585	1022
			2585	1021
			2585	1020
			2585	1019
			2586	1018
			2586	1017
			2586	1016
			2587	1015
			2587	1014
			2587	1013
			2588	1012
			2588	1011
			2588	1010
			2589	1009
			2589	1008
			2589	1007
			2590	1007
			2590	1006
			2590	1005
			2591	1004
			2591	1003
			2591	1002
			2592	1001
			2592	1000
			2592	999
			2593	999
			2593	998
			2594	997
			2594	996
			2594	995
			2595	994
			2595	993
			2596	993
			2596	992
			2597	991
			2597	990
			2598	989
			2599	988
			2600	987
			2601	986
			2602	985
			2602	984
			2603	984
			2604	983
			2605	982
			2605	981
			2606	981
			2607	980
			2607	979
			2608	979
			2609	978
			2610	977
			2610	976
			2611	976
			2612	975
			2613	974
			2614	973
			2615	972
			2616	971
			2617	971
			2618	970
			2618	969
			2619	968
			2620	967
			2621	967
			2622	966
			2623	965
			2624	965
			2625	964
			2626	964
			2627	963
			2628	962
			2629	962
			2630	961
			2631	961
			2632	960
			2633	960
			2634	959
			2635	959
			2636	958
			2637	958
			2638	957
			2639	957
			2640	956
			2641	956
			2642	955
			2643	955
			2644	954
			2645	954
			2646	953
			2647	953
			2648	952
			2649	952
			2650	951
			2651	951
			2652	951
			2653	950
			2654	950
			2655	950
			2656	949
			2657	949
			2658	949
			2659	948
			2660	948
			2661	948
			2662	948
			2663	947
			2664	947
			2665	947
			2666	947
			2667	946
			2668	946
			2669	946
			2670	945
			2671	945
			2672	945
			2673	945
			2674	945
			2675	944
			2676	944
			2677	944
			2678	944
			2679	944
			2680	944
			2681	944
			2682	944
			2683	944
			2684	943
			2685	943
			2686	943
			2687	943
			2688	943
			2689	943
			2690	943
			2691	943
			2692	943
			2693	943
			2694	943
			2695	943
			2696	943
			2697	943
			2698	943
			2699	943
			2700	943
			2701	943
		</Outline2>
		<Outline3 type=matrix rownames=FALSE colnames=FALSE nrow=264 ncol=2 as.numeric=TRUE >
			2701	943
			2702	943
			2703	943
			2704	943
			2705	943
			2706	943
			2707	943
			2708	943
			2709	943
			2710	943
			2711	943
			2712	943
			2713	943
			2714	943
			2715	943
			2716	943
			2717	943
			2718	943
			2719	943
			2720	943
			2721	943
			2722	943
			2723	943
			2724	943
			2725	943
			2726	943
			2727	943
			2728	943
			2729	943
			2730	943
			2731	943
			2732	943
			2733	943
			2734	943
			2735	943
			2736	943
			2737	943
			2738	943
			2739	943
			2740	943
			2741	943
			2742	943
			2743	943
			2744	943
			2745	943
			2746	943
			2747	943
			2748	943
			2749	943
			2750	943
			2751	943
			2752	943
			2753	943
			2754	943
			2755	943
			2756	943
			2757	943
			2758	943
			2759	943
			2760	943
			2761	943
			2762	943
			2763	944
			2764	944
			2765	944
			2766	944
			2767	944
			2768	944
			2769	944
			2770	944
			2771	944
			2772	944
			2773	944
			2774	944
			2775	944
			2776	945
			2777	945
			2778	945
			2779	945
			2780	945
			2781	945
			2782	945
			2783	945
			2784	945
			2785	946
			2786	946
			2787	946
			2788	946
			2789	946
			2790	946
			2791	946
			2792	947
			2793	947
			2794	947
			2795	947
			2796	947
			2797	947
			2798	948
			2799	948
			2800	948
			2801	948
			2802	948
			2803	949
			2804	949
			2805	949
			2806	949
			2807	949
			2808	950
			2809	950
			2810	950
			2811	950
			2812	951
			2813	951
			2814	951
			2815	951
			2816	952
			2817	952
			2818	952
			2819	952
			2820	953
			2821	953
			2822	953
			2823	953
			2823	954
			2824	954
			2825	954
			2826	954
			2827	955
			2828	955
			2829	955
			2830	955
			2831	956
			2832	956
			2833	956
			2834	957
			2835	957
			2836	957
			2837	957
			2837	958
			2838	958
			2839	958
			2840	958
			2841	959
			2842	959
			2843	959
			2844	960
			2845	960
			2846	960
			2847	961
			2848	961
			2849	961
			2850	962
			2851	962
			2852	962
			2853	963
			2854	963
			2855	963
			2856	964
			2857	964
			2858	965
			2859	965
			2860	966
			2861	966
			2862	967
			2863	967
			2864	967
			2865	968
			2866	968
			2867	969
			2868	969
			2869	970
			2870	970
			2871	971
			2872	972
			2873	972
			2874	973
			2875	973
			2876	974
			2877	974
			2878	975
			2879	976
			2880	976
			2881	977
			2882	977
			2883	978
			2884	979
			2885	980
			2886	981
			2887	982
			2888	983
			2889	984
			2890	985
			2891	986
			2892	987
			2893	988
			2893	989
			2894	990
			2895	991
			2896	992
			2896	993
			2897	994
			2898	995
			2898	996
			2899	997
			2899	998
			2899	999
			2900	999
			2900	1000
			2900	1001
			2901	1001
			2901	1002
			2901	1003
			2901	1004
			2902	1005
			2902	1006
			2902	1007
			2902	1008
			2903	1009
			2903	1010
			2903	1011
			2903	1012
			2903	1013
			2903	1014
			2903	1015
			2904	1016
			2904	1017
			2904	1018
			2904	1019
			2904	1020
			2904	1021
			2904	1022
			2904	1023
			2904	1024
			2904	1025
			2904	1026
			2904	1027
			2903	1028
			2903	1029
			2903	1030
			2903	1031
			2902	1032
			2902	1033
			2902	1034
			2901	1035
			2901	1036
			2901	1037
			2901	1038
			2900	1039
			2900	1040
			2900	1041
			2899	1042
			2899	1043
			2899	1044
			2899	1045
			2898	1046
			2898	1047
			2898	1048
			2898	1049
			2897	1050
			2897	1051
			2897	1052
			2896	1053
			2896	1054
			2896	1055
		</Outline3>
		<Outline4 type=matrix rownames=FALSE colnames=FALSE nrow=232 ncol=2 as.numeric=TRUE >
			2896	1055
			2896	1056
			2896	1057
			2895	1058
			2895	1059
			2895	1060
			2895	1061
			2895	1062
			2894	1063
			2894	1064
			2894	1065
			2894	1066
			2894	1067
			2894	1068
			2893	1069
			2893	1070
			2893	1071
			2893	1072
			2893	1073
			2893	1074
			2892	1075
			2892	1076
			2892	1077
			2892	1078
			2892	1079
			2892	1080
			2892	1081
			2891	1082
			2891	1083
			2891	1084
			2891	1085
			2891	1086
			2891	1087
			2891	1088
			2891	1089
			2890	1090
			2890	1091
			2890	1092
			2890	1093
			2890	1094
			2890	1095
			2890	1096
			2890	1097
			2889	1098
			2889	1099
			2889	1100
			2889	1101
			2889	1102
			2889	1103
			2889	1104
			2888	1104
			2888	1105
			2888	1106
			2888	1107
			2888	1108
			2888	1109
			2888	1110
			2887	1111
			2887	1112
			2887	1113
			2887	1114
			2887	1115
			2887	1116
			2886	1117
			2886	1118
			2886	1119
			2886	1120
			2886	1121
			2886	1122
			2885	1122
			2885	1123
			2885	1124
			2885	1125
			2885	1126
			2885	1127
			2884	1128
			2884	1129
			2884	1130
			2884	1131
			2884	1132
			2884	1133
			2883	1134
			2883	1135
			2883	1136
			2883	1137
			2883	1138
			2883	1139
			2882	1140
			2882	1141
			2882	1142
			2882	1143
			2881	1144
			2881	1145
			2881	1146
			2880	1147
			2880	1148
			2879	1149
			2879	1150
			2878	1151
			2878	1152
			2877	1153
			2877	1154
			2877	1155
			2876	1156
			2876	1157
			2875	1158
			2875	1159
			2875	1160
			2874	1161
			2874	1162
			2873	1163
			2873	1164
			2872	1165
			2872	1166
			2872	1167
			2871	1168
			2870	1169
			2870	1170
			2869	1171
			2869	1172
			2869	1173
			2868	1174
			2868	1175
			2867	1176
			2867	1177
			2866	1178
			2866	1179
			2865	1180
			2865	1181
			2865	1182
			2864	1183
			2864	1184
			2863	1185
			2863	1186
			2862	1186
			2862	1187
			2861	1188
			2861	1189
			2860	1189
			2860	1190
			2859	1191
			2859	1192
			2858	1193
			2857	1193
			2857	1194
			2856	1195
			2855	1196
			2854	1197
			2853	1198
			2852	1199
			2852	1200
			2851	1201
			2850	1202
			2849	1203
			2848	1204
			2847	1205
			2846	1205
			2845	1206
			2844	1207
			2843	1208
			2842	1209
			2841	1210
			2840	1211
			2839	1212
			2838	1213
			2837	1214
			2836	1214
			2835	1215
			2834	1216
			2833	1217
			2832	1218
			2831	1219
			2830	1219
			2829	1220
			2828	1220
			2827	1221
			2826	1221
			2825	1222
			2824	1222
			2824	1223
			2823	1223
			2822	1223
			2821	1224
			2820	1224
			2820	1225
			2819	1225
			2818	1225
			2817	1226
			2816	1226
			2815	1227
			2814	1227
			2813	1227
			2812	1228
			2811	1228
			2810	1229
			2809	1229
			2808	1230
			2807	1230
			2806	1230
			2805	1231
			2804	1231
			2803	1232
			2802	1232
			2801	1233
			2800	1233
			2799	1233
			2798	1233
			2798	1234
			2797	1234
			2796	1234
			2795	1235
			2794	1235
			2793	1235
			2792	1236
			2791	1236
			2790	1236
			2789	1237
			2788	1237
			2787	1237
			2786	1238
			2785	1238
			2784	1238
			2783	1239
			2782	1239
			2781	1239
			2780	1240
			2779	1240
			2778	1241
			2777	1241
			2776	1241
			2775	1242
			2774	1242
		</Outline4>
	</curves.pixel>
	<curves.scaled type=list>
		<Outline1 type=matrix rownames=FALSE colnames=FALSE nrow=288 ncol=2 as.numeric=TRUE >
			18.0126642218881	-8.06479054202777
			18.0061708317576	-8.07128393215822
			17.9996774416272	-8.07128393215822
			17.9931840514967	-8.07777732228868
			17.9866906613663	-8.07777732228868
			17.9801972712358	-8.08427071241914
			17.9737038811054	-8.09076410254959
			17.9672104909749	-8.09725749268005
			17.9607171008444	-8.09725749268005
			17.954223710714	-8.10375088281051
			17.9477303205835	-8.10375088281051
			17.9412369304531	-8.11024427294097
			17.9347435403226	-8.11024427294097
			17.9282501501922	-8.11673766307142
			17.9217567600617	-8.11673766307142
			17.9217567600617	-8.12323105320188
			17.9152633699312	-8.12323105320188
			17.9087699798008	-8.12972444333234
			17.9022765896703	-8.12972444333234
			17.8957831995399	-8.13621783346279
			17.8892898094094	-8.13621783346279
			17.882796419279	-8.14271122359325
			17.8763030291485	-8.14920461372371
			17.869809639018	-8.14920461372371
			17.8633162488876	-8.15569800385417
			17.8568228587571	-8.15569800385417
			17.8503294686267	-8.16219139398462
			17.8438360784962	-8.16219139398462
			17.8373426883658	-8.16868478411508
			17.8308492982353	-8.16868478411508
			17.8243559081048	-8.17517817424554
			17.8178625179744	-8.17517817424554
			17.8113691278439	-8.17517817424554
			17.8113691278439	-8.18167156437599
			17.8048757377135	-8.18167156437599
			17.798382347583	-8.18816495450645
			17.7918889574526	-8.18816495450645
			17.7853955673221	-8.19465834463691
			17.7789021771916	-8.19465834463691
			17.7724087870612	-8.20115173476736
			17.7659153969307	-8.20115173476736
			17.7594220068003	-8.20764512489782
			17.7529286166698	-8.20764512489782
			17.7464352265394	-8.21413851502828
			17.7399418364089	-8.21413851502828
			17.7334484462784	-8.22063190515874
			17.726955056148	-8.22063190515874
			17.7204616660175	-8.22712529528919
			17.7139682758871	-8.22712529528919
			17.7074748857566	-8.22712529528919
			17.7009814956262	-8.23361868541965
			17.6944881054957	-8.23361868541965
			17.6879947153652	-8.24011207555011
			17.6815013252348	-8.24011207555011
			17.6750079351043	-8.24011207555011
			17.6750079351043	-8.24660546568056
			17.6685145449739	-8.24660546568056
			17.6620211548434	-8.24660546568056
			17.655527764713	-8.24660546568056
			17.6490343745825	-8.25309885581102
			17.642540984452	-8.25309885581102
			17.6360475943216	-8.25309885581102
			17.6295542041911	-8.25309885581102
			17.6230608140607	-8.25959224594148
			17.6165674239302	-8.25959224594148
			17.6100740337998	-8.25959224594148
			17.6035806436693	-8.25959224594148
			17.5970872535388	-8.26608563607194
			17.5905938634084	-8.26608563607194
			17.5841004732779	-8.26608563607194
			17.5776070831475	-8.26608563607194
			17.571113693017	-8.27257902620239
			17.5646203028866	-8.27257902620239
			17.5581269127561	-8.27257902620239
			17.5516335226256	-8.27257902620239
			17.5451401324952	-8.27257902620239
			17.5386467423647	-8.27257902620239
			17.5386467423647	-8.27907241633285
			17.5321533522343	-8.27907241633285
			17.5256599621038	-8.27907241633285
			17.5191665719734	-8.27907241633285
			17.5126731818429	-8.27907241633285
			17.5061797917124	-8.28556580646331
			17.499686401582	-8.28556580646331
			17.4931930114515	-8.28556580646331
			17.4866996213211	-8.28556580646331
			17.4802062311906	-8.28556580646331
			17.4737128410602	-8.28556580646331
			17.4672194509297	-8.28556580646331
			17.4607260607992	-8.29205919659377
			17.4542326706688	-8.29205919659377
			17.4477392805383	-8.29205919659377
			17.4412458904079	-8.29205919659377
			17.4347525002774	-8.29205919659377
			17.428259110147	-8.29205919659377
			17.4217657200165	-8.29205919659377
			17.415272329886	-8.29855258672422
			17.4087789397556	-8.29855258672422
			17.4022855496251	-8.29855258672422
			17.3957921594947	-8.29855258672422
			17.3892987693642	-8.29855258672422
			17.3828053792338	-8.29855258672422
			17.3763119891033	-8.29855258672422
			17.3698185989728	-8.29855258672422
			17.3633252088424	-8.29855258672422
			17.3568318187119	-8.29205919659377
			17.3503384285815	-8.29205919659377
			17.343845038451	-8.29205919659377
			17.3373516483206	-8.29205919659377
			17.3308582581901	-8.29205919659377
			17.3243648680596	-8.29205919659377
			17.3178714779292	-8.28556580646331
			17.3113780877987	-8.28556580646331
			17.3048846976683	-8.28556580646331
			17.2983913075378	-8.28556580646331
			17.2918979174074	-8.28556580646331
			17.2854045272769	-8.27907241633285
			17.2789111371464	-8.27907241633285
			17.272417747016	-8.27907241633285
			17.2659243568855	-8.27907241633285
			17.2594309667551	-8.27257902620239
			17.2529375766246	-8.27257902620239
			17.2464441864942	-8.27257902620239
			17.2399507963637	-8.26608563607194
			17.2334574062332	-8.26608563607194
			17.2269640161028	-8.26608563607194
			17.2204706259723	-8.25959224594148
			17.2139772358419	-8.25959224594148
			17.2074838457114	-8.25959224594148
			17.200990455581	-8.25309885581102
			17.1944970654505	-8.25309885581102
			17.18800367532	-8.25309885581102
			17.1815102851896	-8.24660546568056
			17.1750168950591	-8.24660546568056
			17.1685235049287	-8.24011207555011
			17.1620301147982	-8.24011207555011
			17.1555367246678	-8.24011207555011
			17.1490433345373	-8.23361868541965
			17.1425499444068	-8.23361868541965
			17.1360565542764	-8.22712529528919
			17.1295631641459	-8.22712529528919
			17.1230697740155	-8.22063190515874
			17.116576383885	-8.22063190515874
			17.1100829937546	-8.21413851502828
			17.1035896036241	-8.21413851502828
			17.0970962134936	-8.20764512489782
			17.0906028233632	-8.20115173476736
			17.0841094332327	-8.19465834463691
			17.0776160431023	-8.19465834463691
			17.0711226529718	-8.18816495450645
			17.0646292628414	-8.18167156437599
			17.0581358727109	-8.17517817424554
			17.0516424825804	-8.17517817424554
			17.04514909245	-8.16868478411508
			17.0386557023195	-8.16219139398462
			17.0321623121891	-8.15569800385417
			17.0256689220586	-8.14920461372371
			17.0191755319282	-8.14920461372371
			17.0126821417977	-8.14271122359325
			17.0061887516672	-8.13621783346279
			16.9996953615368	-8.12972444333234
			16.9932019714063	-8.12323105320188
			16.9867085812759	-8.12323105320188
			16.9802151911454	-8.11673766307142
			16.973721801015	-8.11024427294097
			16.9672284108845	-8.10375088281051
			16.960735020754	-8.09725749268005
			16.9542416306236	-8.09725749268005
			16.9477482404931	-8.09076410254959
			16.9412548503627	-8.08427071241914
			16.9412548503627	-8.07777732228868
			16.9347614602322	-8.07128393215822
			16.9282680701018	-8.07128393215822
			16.9217746799713	-8.06479054202777
			16.9152812898408	-8.05829715189731
			16.9087878997104	-8.05180376176685
			16.9022945095799	-8.04531037163639
			16.8958011194495	-8.03881698150594
			16.889307729319	-8.03232359137548
			16.8828143391886	-8.02583020124502
			16.8763209490581	-8.01933681111456
			16.8763209490581	-8.01284342098411
			16.8698275589276	-8.00635003085365
			16.8698275589276	-7.99985664072319
			16.8633341687972	-7.99336325059274
			16.8633341687972	-7.98686986046228
			16.8568407786667	-7.98037647033182
			16.8568407786667	-7.97388308020137
			16.8503473885363	-7.96738969007091
			16.8503473885363	-7.96089629994045
			16.8438539984058	-7.95440290980999
			16.8438539984058	-7.94790951967954
			16.8373606082754	-7.94141612954908
			16.8373606082754	-7.93492273941862
			16.8373606082754	-7.92842934928817
			16.8308672181449	-7.92193595915771
			16.8308672181449	-7.91544256902725
			16.8308672181449	-7.90894917889679
			16.8243738280144	-7.90245578876634
			16.8243738280144	-7.89596239863588
			16.8243738280144	-7.88946900850542
			16.817880437884	-7.88297561837497
			16.817880437884	-7.87648222824451
			16.817880437884	-7.86998883811405
			16.817880437884	-7.86349544798359
			16.8113870477535	-7.85700205785314
			16.8113870477535	-7.85050866772268
			16.8113870477535	-7.84401527759222
			16.8113870477535	-7.83752188746177
			16.8113870477535	-7.83102849733131
			16.8048936576231	-7.82453510720085
			16.8048936576231	-7.81804171707039
			16.8048936576231	-7.81154832693994
			16.8048936576231	-7.80505493680948
			16.8048936576231	-7.79856154667902
			16.8048936576231	-7.79206815654857
			16.7984002674926	-7.78557476641811
			16.7984002674926	-7.77908137628765
			16.7984002674926	-7.77258798615719
			16.7984002674926	-7.76609459602674
			16.7984002674926	-7.75960120589628
			16.7984002674926	-7.75310781576582
			16.7984002674926	-7.74661442563537
			16.7984002674926	-7.74012103550491
			16.7984002674926	-7.73362764537445
			16.7984002674926	-7.72713425524399
			16.7984002674926	-7.72064086511354
			16.7984002674926	-7.71414747498308
			16.7984002674926	-7.70765408485262
			16.7984002674926	-7.70116069472217
			16.7984002674926	-7.69466730459171
			16.7984002674926	-7.68817391446125
			16.7984002674926	-7.68168052433079
			16.7984002674926	-7.67518713420034
			16.7984002674926	-7.66869374406988
			16.7984002674926	-7.66220035393942
			16.7984002674926	-7.65570696380897
			16.7984002674926	-7.64921357367851
			16.7984002674926	-7.64272018354805
			16.7984002674926	-7.63622679341759
			16.7984002674926	-7.62973340328714
			16.7984002674926	-7.62324001315668
			16.7984002674926	-7.61674662302622
			16.7984002674926	-7.61025323289577
			16.7984002674926	-7.60375984276531
			16.7984002674926	-7.59726645263485
			16.7984002674926	-7.59077306250439
			16.7984002674926	-7.58427967237394
			16.7984002674926	-7.57778628224348
			16.7984002674926	-7.57129289211302
			16.7984002674926	-7.56479950198257
			16.7984002674926	-7.55830611185211
			16.7984002674926	-7.55181272172165
			16.7984002674926	-7.54531933159119
			16.7984002674926	-7.53882594146074
			16.7984002674926	-7.53233255133028
			16.7984002674926	-7.52583916119982
			16.7984002674926	-7.51934577106937
			16.7984002674926	-7.51285238093891
			16.7984002674926	-7.50635899080845
			16.7984002674926	-7.49986560067799
			16.7984002674926	-7.49337221054754
			16.7984002674926	-7.48687882041708
			16.7984002674926	-7.48038543028662
			16.7984002674926	-7.47389204015617
			16.7984002674926	-7.46739865002571
			16.7984002674926	-7.46090525989525
			16.7984002674926	-7.45441186976479
			16.7984002674926	-7.44791847963434
			16.7984002674926	-7.44142508950388
			16.7984002674926	-7.43493169937342
			16.7984002674926	-7.42843830924297
			16.7984002674926	-7.42194491911251
			16.7984002674926	-7.41545152898205
			16.7984002674926	-7.40895813885159
			16.7984002674926	-7.40246474872114
			16.7984002674926	-7.39597135859068
			16.7984002674926	-7.38947796846022
			16.7984002674926	-7.38298457832977
			16.7984002674926	-7.37649118819931
			16.7984002674926	-7.36999779806885
			16.7984002674926	-7.36350440793839
			16.7984002674926	-7.35701101780794
			16.7984002674926	-7.35051762767748
			16.7984002674926	-7.34402423754702
			16.7984002674926	-7.33753084741657
			16.7984002674926	-7.33103745728611
			16.7984002674926	-7.32454406715565
		</Outline1>
		<Outline2 type=matrix rownames=FALSE colnames=FALSE nrow=251 ncol=2 as.numeric=TRUE >
			16.7984002674926	-7.32454406715565
			16.7984002674926	-7.31805067702519
			16.7984002674926	-7.31155728689474
			16.7984002674926	-7.30506389676428
			16.7984002674926	-7.29857050663382
			16.7984002674926	-7.29207711650337
			16.7984002674926	-7.28558372637291
			16.7984002674926	-7.27909033624245
			16.7984002674926	-7.272596946112
			16.7984002674926	-7.26610355598154
			16.7919068773622	-7.25961016585108
			16.7919068773622	-7.25311677572062
			16.7919068773622	-7.24662338559017
			16.7919068773622	-7.24012999545971
			16.7919068773622	-7.23363660532925
			16.7919068773622	-7.22714321519879
			16.7919068773622	-7.22064982506834
			16.7919068773622	-7.21415643493788
			16.7919068773622	-7.20766304480742
			16.7919068773622	-7.20116965467697
			16.7919068773622	-7.19467626454651
			16.7919068773622	-7.18818287441605
			16.7919068773622	-7.18168948428559
			16.7854134872317	-7.17519609415514
			16.7854134872317	-7.16870270402468
			16.7854134872317	-7.16220931389422
			16.7854134872317	-7.15571592376377
			16.7854134872317	-7.14922253363331
			16.7854134872317	-7.14272914350285
			16.7854134872317	-7.13623575337239
			16.7854134872317	-7.12974236324194
			16.7854134872317	-7.12324897311148
			16.7854134872317	-7.11675558298102
			16.7789200971012	-7.11026219285057
			16.7789200971012	-7.10376880272011
			16.7789200971012	-7.09727541258965
			16.7789200971012	-7.09078202245919
			16.7789200971012	-7.08428863232874
			16.7789200971012	-7.07779524219828
			16.7789200971012	-7.07130185206782
			16.7789200971012	-7.06480846193737
			16.7724267069708	-7.05831507180691
			16.7724267069708	-7.05182168167645
			16.7724267069708	-7.04532829154599
			16.7724267069708	-7.03883490141554
			16.7724267069708	-7.03234151128508
			16.7724267069708	-7.02584812115462
			16.7724267069708	-7.01935473102417
			16.7659333168403	-7.01286134089371
			16.7659333168403	-7.00636795076325
			16.7659333168403	-6.99987456063279
			16.7659333168403	-6.99338117050234
			16.7659333168403	-6.98688778037188
			16.7659333168403	-6.98039439024142
			16.7659333168403	-6.97390100011097
			16.7659333168403	-6.96740760998051
			16.7659333168403	-6.96091421985005
			16.7659333168403	-6.9544208297196
			16.7594399267099	-6.94792743958914
			16.7594399267099	-6.94143404945868
			16.7594399267099	-6.93494065932822
			16.7594399267099	-6.92844726919777
			16.7594399267099	-6.92195387906731
			16.7594399267099	-6.91546048893685
			16.7594399267099	-6.90896709880639
			16.7594399267099	-6.90247370867594
			16.7594399267099	-6.89598031854548
			16.7594399267099	-6.88948692841502
			16.7594399267099	-6.88299353828457
			16.7594399267099	-6.87650014815411
			16.7594399267099	-6.87000675802365
			16.7594399267099	-6.8635133678932
			16.7594399267099	-6.85701997776274
			16.7594399267099	-6.85052658763228
			16.7594399267099	-6.84403319750182
			16.7594399267099	-6.83753980737137
			16.7594399267099	-6.83104641724091
			16.7594399267099	-6.82455302711045
			16.7594399267099	-6.81805963697999
			16.7594399267099	-6.81156624684954
			16.7594399267099	-6.80507285671908
			16.7594399267099	-6.79857946658862
			16.7659333168403	-6.79208607645817
			16.7659333168403	-6.78559268632771
			16.7659333168403	-6.77909929619725
			16.7659333168403	-6.7726059060668
			16.7659333168403	-6.76611251593634
			16.7659333168403	-6.75961912580588
			16.7659333168403	-6.75312573567542
			16.7659333168403	-6.74663234554497
			16.7659333168403	-6.74013895541451
			16.7659333168403	-6.73364556528405
			16.7659333168403	-6.72715217515359
			16.7659333168403	-6.72065878502314
			16.7659333168403	-6.71416539489268
			16.7659333168403	-6.70767200476222
			16.7724267069708	-6.70117861463177
			16.7724267069708	-6.69468522450131
			16.7724267069708	-6.68819183437085
			16.7724267069708	-6.6816984442404
			16.7724267069708	-6.67520505410994
			16.7724267069708	-6.66871166397948
			16.7789200971012	-6.66221827384902
			16.7789200971012	-6.65572488371857
			16.7789200971012	-6.64923149358811
			16.7789200971012	-6.64273810345765
			16.7854134872317	-6.6362447133272
			16.7854134872317	-6.62975132319674
			16.7854134872317	-6.62325793306628
			16.7854134872317	-6.61676454293582
			16.7919068773622	-6.61027115280537
			16.7919068773622	-6.60377776267491
			16.7919068773622	-6.59728437254445
			16.7984002674926	-6.59079098241399
			16.7984002674926	-6.58429759228354
			16.7984002674926	-6.57780420215308
			16.8048936576231	-6.57131081202262
			16.8048936576231	-6.56481742189217
			16.8048936576231	-6.55832403176171
			16.8113870477535	-6.55183064163125
			16.8113870477535	-6.5453372515008
			16.8113870477535	-6.53884386137034
			16.817880437884	-6.53884386137034
			16.817880437884	-6.53235047123988
			16.817880437884	-6.52585708110942
			16.8243738280144	-6.51936369097897
			16.8243738280144	-6.51287030084851
			16.8243738280144	-6.50637691071805
			16.8308672181449	-6.49988352058759
			16.8308672181449	-6.49339013045714
			16.8308672181449	-6.48689674032668
			16.8373606082754	-6.48689674032668
			16.8373606082754	-6.48040335019622
			16.8438539984058	-6.47390996006577
			16.8438539984058	-6.46741656993531
			16.8438539984058	-6.46092317980485
			16.8503473885363	-6.4544297896744
			16.8503473885363	-6.44793639954394
			16.8568407786667	-6.44793639954394
			16.8568407786667	-6.44144300941348
			16.8633341687972	-6.43494961928302
			16.8633341687972	-6.42845622915257
			16.8698275589276	-6.42196283902211
			16.8763209490581	-6.41546944889165
			16.8828143391886	-6.4089760587612
			16.889307729319	-6.40248266863074
			16.8958011194495	-6.39598927850028
			16.8958011194495	-6.38949588836982
			16.9022945095799	-6.38949588836982
			16.9087878997104	-6.38300249823937
			16.9152812898408	-6.37650910810891
			16.9152812898408	-6.37001571797845
			16.9217746799713	-6.37001571797845
			16.9282680701018	-6.363522327848
			16.9282680701018	-6.35702893771754
			16.9347614602322	-6.35702893771754
			16.9412548503627	-6.35053554758708
			16.9477482404931	-6.34404215745662
			16.9477482404931	-6.33754876732617
			16.9542416306236	-6.33754876732617
			16.960735020754	-6.33105537719571
			16.9672284108845	-6.32456198706525
			16.973721801015	-6.3180685969348
			16.9802151911454	-6.31157520680434
			16.9867085812759	-6.30508181667388
			16.9932019714063	-6.30508181667388
			16.9996953615368	-6.29858842654342
			16.9996953615368	-6.29209503641297
			17.0061887516672	-6.28560164628251
			17.0126821417977	-6.27910825615205
			17.0191755319282	-6.27910825615205
			17.0256689220586	-6.2726148660216
			17.0321623121891	-6.26612147589114
			17.0386557023195	-6.26612147589114
			17.04514909245	-6.25962808576068
			17.0516424825804	-6.25962808576068
			17.0581358727109	-6.25313469563022
			17.0646292628414	-6.24664130549977
			17.0711226529718	-6.24664130549977
			17.0776160431023	-6.24014791536931
			17.0841094332327	-6.24014791536931
			17.0906028233632	-6.23365452523885
			17.0970962134936	-6.23365452523885
			17.1035896036241	-6.2271611351084
			17.1100829937546	-6.2271611351084
			17.116576383885	-6.22066774497794
			17.1230697740155	-6.22066774497794
			17.1295631641459	-6.21417435484748
			17.1360565542764	-6.21417435484748
			17.1425499444068	-6.20768096471702
			17.1490433345373	-6.20768096471702
			17.1555367246678	-6.20118757458657
			17.1620301147982	-6.20118757458657
			17.1685235049287	-6.19469418445611
			17.1750168950591	-6.19469418445611
			17.1815102851896	-6.18820079432565
			17.18800367532	-6.18820079432565
			17.1944970654505	-6.1817074041952
			17.200990455581	-6.1817074041952
			17.2074838457114	-6.17521401406474
			17.2139772358419	-6.17521401406474
			17.2204706259723	-6.17521401406474
			17.2269640161028	-6.16872062393428
			17.2334574062332	-6.16872062393428
			17.2399507963637	-6.16872062393428
			17.2464441864942	-6.16222723380382
			17.2529375766246	-6.16222723380382
			17.2594309667551	-6.16222723380382
			17.2659243568855	-6.15573384367337
			17.272417747016	-6.15573384367337
			17.2789111371464	-6.15573384367337
			17.2854045272769	-6.15573384367337
			17.2918979174074	-6.14924045354291
			17.2983913075378	-6.14924045354291
			17.3048846976683	-6.14924045354291
			17.3113780877987	-6.14924045354291
			17.3178714779292	-6.14274706341245
			17.3243648680596	-6.14274706341245
			17.3308582581901	-6.14274706341245
			17.3373516483206	-6.136253673282
			17.343845038451	-6.136253673282
			17.3503384285815	-6.136253673282
			17.3568318187119	-6.136253673282
			17.3633252088424	-6.136253673282
			17.3698185989728	-6.12976028315154
			17.3763119891033	-6.12976028315154
			17.3828053792338	-6.12976028315154
			17.3892987693642	-6.12976028315154
			17.3957921594947	-6.12976028315154
			17.4022855496251	-6.12976028315154
			17.4087789397556	-6.12976028315154
			17.415272329886	-6.12976028315154
			17.4217657200165	-6.12976028315154
			17.428259110147	-6.12326689302108
			17.4347525002774	-6.12326689302108
			17.4412458904079	-6.12326689302108
			17.4477392805383	-6.12326689302108
			17.4542326706688	-6.12326689302108
			17.4607260607992	-6.12326689302108
			17.4672194509297	-6.12326689302108
			17.4737128410602	-6.12326689302108
			17.4802062311906	-6.12326689302108
			17.4866996213211	-6.12326689302108
			17.4931930114515	-6.12326689302108
			17.499686401582	-6.12326689302108
			17.5061797917124	-6.12326689302108
			17.5126731818429	-6.12326689302108
			17.5191665719734	-6.12326689302108
			17.5256599621038	-6.12326689302108
			17.5321533522343	-6.12326689302108
			17.5386467423647	-6.12326689302108
		</Outline2>
		<Outline3 type=matrix rownames=FALSE colnames=FALSE nrow=264 ncol=2 as.numeric=TRUE >
			17.5386467423647	-6.12326689302108
			17.5451401324952	-6.12326689302108
			17.5516335226256	-6.12326689302108
			17.5581269127561	-6.12326689302108
			17.5646203028866	-6.12326689302108
			17.571113693017	-6.12326689302108
			17.5776070831475	-6.12326689302108
			17.5841004732779	-6.12326689302108
			17.5905938634084	-6.12326689302108
			17.5970872535388	-6.12326689302108
			17.6035806436693	-6.12326689302108
			17.6100740337998	-6.12326689302108
			17.6165674239302	-6.12326689302108
			17.6230608140607	-6.12326689302108
			17.6295542041911	-6.12326689302108
			17.6360475943216	-6.12326689302108
			17.642540984452	-6.12326689302108
			17.6490343745825	-6.12326689302108
			17.655527764713	-6.12326689302108
			17.6620211548434	-6.12326689302108
			17.6685145449739	-6.12326689302108
			17.6750079351043	-6.12326689302108
			17.6815013252348	-6.12326689302108
			17.6879947153652	-6.12326689302108
			17.6944881054957	-6.12326689302108
			17.7009814956262	-6.12326689302108
			17.7074748857566	-6.12326689302108
			17.7139682758871	-6.12326689302108
			17.7204616660175	-6.12326689302108
			17.726955056148	-6.12326689302108
			17.7334484462784	-6.12326689302108
			17.7399418364089	-6.12326689302108
			17.7464352265394	-6.12326689302108
			17.7529286166698	-6.12326689302108
			17.7594220068003	-6.12326689302108
			17.7659153969307	-6.12326689302108
			17.7724087870612	-6.12326689302108
			17.7789021771916	-6.12326689302108
			17.7853955673221	-6.12326689302108
			17.7918889574526	-6.12326689302108
			17.798382347583	-6.12326689302108
			17.8048757377135	-6.12326689302108
			17.8113691278439	-6.12326689302108
			17.8178625179744	-6.12326689302108
			17.8243559081048	-6.12326689302108
			17.8308492982353	-6.12326689302108
			17.8373426883658	-6.12326689302108
			17.8438360784962	-6.12326689302108
			17.8503294686267	-6.12326689302108
			17.8568228587571	-6.12326689302108
			17.8633162488876	-6.12326689302108
			17.869809639018	-6.12326689302108
			17.8763030291485	-6.12326689302108
			17.882796419279	-6.12326689302108
			17.8892898094094	-6.12326689302108
			17.8957831995399	-6.12326689302108
			17.9022765896703	-6.12326689302108
			17.9087699798008	-6.12326689302108
			17.9152633699312	-6.12326689302108
			17.9217567600617	-6.12326689302108
			17.9282501501922	-6.12326689302108
			17.9347435403226	-6.12326689302108
			17.9412369304531	-6.12976028315154
			17.9477303205835	-6.12976028315154
			17.954223710714	-6.12976028315154
			17.9607171008444	-6.12976028315154
			17.9672104909749	-6.12976028315154
			17.9737038811054	-6.12976028315154
			17.9801972712358	-6.12976028315154
			17.9866906613663	-6.12976028315154
			17.9931840514967	-6.12976028315154
			17.9996774416272	-6.12976028315154
			18.0061708317576	-6.12976028315154
			18.0126642218881	-6.12976028315154
			18.0191576120186	-6.12976028315154
			18.025651002149	-6.136253673282
			18.0321443922795	-6.136253673282
			18.0386377824099	-6.136253673282
			18.0451311725404	-6.136253673282
			18.0516245626708	-6.136253673282
			18.0581179528013	-6.136253673282
			18.0646113429318	-6.136253673282
			18.0711047330622	-6.136253673282
			18.0775981231927	-6.136253673282
			18.0840915133231	-6.14274706341245
			18.0905849034536	-6.14274706341245
			18.097078293584	-6.14274706341245
			18.1035716837145	-6.14274706341245
			18.110065073845	-6.14274706341245
			18.1165584639754	-6.14274706341245
			18.1230518541059	-6.14274706341245
			18.1295452442363	-6.14924045354291
			18.1360386343668	-6.14924045354291
			18.1425320244972	-6.14924045354291
			18.1490254146277	-6.14924045354291
			18.1555188047582	-6.14924045354291
			18.1620121948886	-6.14924045354291
			18.1685055850191	-6.15573384367337
			18.1749989751495	-6.15573384367337
			18.18149236528	-6.15573384367337
			18.1879857554104	-6.15573384367337
			18.1944791455409	-6.15573384367337
			18.2009725356714	-6.16222723380382
			18.2074659258018	-6.16222723380382
			18.2139593159323	-6.16222723380382
			18.2204527060627	-6.16222723380382
			18.2269460961932	-6.16222723380382
			18.2334394863236	-6.16872062393428
			18.2399328764541	-6.16872062393428
			18.2464262665846	-6.16872062393428
			18.252919656715	-6.16872062393428
			18.2594130468455	-6.17521401406474
			18.2659064369759	-6.17521401406474
			18.2723998271064	-6.17521401406474
			18.2788932172368	-6.17521401406474
			18.2853866073673	-6.1817074041952
			18.2918799974978	-6.1817074041952
			18.2983733876282	-6.1817074041952
			18.3048667777587	-6.1817074041952
			18.3113601678891	-6.18820079432565
			18.3178535580196	-6.18820079432565
			18.32434694815	-6.18820079432565
			18.3308403382805	-6.18820079432565
			18.3308403382805	-6.19469418445611
			18.337333728411	-6.19469418445611
			18.3438271185414	-6.19469418445611
			18.3503205086719	-6.19469418445611
			18.3568138988023	-6.20118757458657
			18.3633072889328	-6.20118757458657
			18.3698006790632	-6.20118757458657
			18.3762940691937	-6.20118757458657
			18.3827874593242	-6.20768096471702
			18.3892808494546	-6.20768096471702
			18.3957742395851	-6.20768096471702
			18.4022676297155	-6.21417435484748
			18.408761019846	-6.21417435484748
			18.4152544099764	-6.21417435484748
			18.4217478001069	-6.21417435484748
			18.4217478001069	-6.22066774497794
			18.4282411902374	-6.22066774497794
			18.4347345803678	-6.22066774497794
			18.4412279704983	-6.22066774497794
			18.4477213606287	-6.2271611351084
			18.4542147507592	-6.2271611351084
			18.4607081408896	-6.2271611351084
			18.4672015310201	-6.23365452523885
			18.4736949211506	-6.23365452523885
			18.480188311281	-6.23365452523885
			18.4866817014115	-6.24014791536931
			18.4931750915419	-6.24014791536931
			18.4996684816724	-6.24014791536931
			18.5061618718028	-6.24664130549977
			18.5126552619333	-6.24664130549977
			18.5191486520638	-6.24664130549977
			18.5256420421942	-6.25313469563022
			18.5321354323247	-6.25313469563022
			18.5386288224551	-6.25313469563022
			18.5451222125856	-6.25962808576068
			18.551615602716	-6.25962808576068
			18.5581089928465	-6.26612147589114
			18.564602382977	-6.26612147589114
			18.5710957731074	-6.2726148660216
			18.5775891632379	-6.2726148660216
			18.5840825533683	-6.27910825615205
			18.5905759434988	-6.27910825615205
			18.5970693336292	-6.27910825615205
			18.6035627237597	-6.28560164628251
			18.6100561138902	-6.28560164628251
			18.6165495040206	-6.29209503641297
			18.6230428941511	-6.29209503641297
			18.6295362842815	-6.29858842654342
			18.636029674412	-6.29858842654342
			18.6425230645424	-6.30508181667388
			18.6490164546729	-6.31157520680434
			18.6555098448034	-6.31157520680434
			18.6620032349338	-6.3180685969348
			18.6684966250643	-6.3180685969348
			18.6749900151947	-6.32456198706525
			18.6814834053252	-6.32456198706525
			18.6879767954556	-6.33105537719571
			18.6944701855861	-6.33754876732617
			18.7009635757166	-6.33754876732617
			18.707456965847	-6.34404215745662
			18.7139503559775	-6.34404215745662
			18.7204437461079	-6.35053554758708
			18.7269371362384	-6.35702893771754
			18.7334305263688	-6.363522327848
			18.7399239164993	-6.37001571797845
			18.7464173066298	-6.37650910810891
			18.7529106967602	-6.38300249823937
			18.7594040868907	-6.38949588836982
			18.7658974770211	-6.39598927850028
			18.7723908671516	-6.40248266863074
			18.778884257282	-6.4089760587612
			18.7853776474125	-6.41546944889165
			18.7853776474125	-6.42196283902211
			18.791871037543	-6.42845622915257
			18.7983644276734	-6.43494961928302
			18.8048578178039	-6.44144300941348
			18.8048578178039	-6.44793639954394
			18.8113512079343	-6.4544297896744
			18.8178445980648	-6.46092317980485
			18.8178445980648	-6.46741656993531
			18.8243379881952	-6.47390996006577
			18.8243379881952	-6.48040335019622
			18.8243379881952	-6.48689674032668
			18.8308313783257	-6.48689674032668
			18.8308313783257	-6.49339013045714
			18.8308313783257	-6.49988352058759
			18.8373247684562	-6.49988352058759
			18.8373247684562	-6.50637691071805
			18.8373247684562	-6.51287030084851
			18.8373247684562	-6.51936369097897
			18.8438181585866	-6.52585708110942
			18.8438181585866	-6.53235047123988
			18.8438181585866	-6.53884386137034
			18.8438181585866	-6.5453372515008
			18.8503115487171	-6.55183064163125
			18.8503115487171	-6.55832403176171
			18.8503115487171	-6.56481742189217
			18.8503115487171	-6.57131081202262
			18.8503115487171	-6.57780420215308
			18.8503115487171	-6.58429759228354
			18.8503115487171	-6.59079098241399
			18.8568049388475	-6.59728437254445
			18.8568049388475	-6.60377776267491
			18.8568049388475	-6.61027115280537
			18.8568049388475	-6.61676454293582
			18.8568049388475	-6.62325793306628
			18.8568049388475	-6.62975132319674
			18.8568049388475	-6.6362447133272
			18.8568049388475	-6.64273810345765
			18.8568049388475	-6.64923149358811
			18.8568049388475	-6.65572488371857
			18.8568049388475	-6.66221827384902
			18.8568049388475	-6.66871166397948
			18.8503115487171	-6.67520505410994
			18.8503115487171	-6.6816984442404
			18.8503115487171	-6.68819183437085
			18.8503115487171	-6.69468522450131
			18.8438181585866	-6.70117861463177
			18.8438181585866	-6.70767200476222
			18.8438181585866	-6.71416539489268
			18.8373247684562	-6.72065878502314
			18.8373247684562	-6.72715217515359
			18.8373247684562	-6.73364556528405
			18.8373247684562	-6.74013895541451
			18.8308313783257	-6.74663234554497
			18.8308313783257	-6.75312573567542
			18.8308313783257	-6.75961912580588
			18.8243379881952	-6.76611251593634
			18.8243379881952	-6.7726059060668
			18.8243379881952	-6.77909929619725
			18.8243379881952	-6.78559268632771
			18.8178445980648	-6.79208607645817
			18.8178445980648	-6.79857946658862
			18.8178445980648	-6.80507285671908
			18.8178445980648	-6.81156624684954
			18.8113512079343	-6.81805963697999
			18.8113512079343	-6.82455302711045
			18.8113512079343	-6.83104641724091
			18.8048578178039	-6.83753980737137
			18.8048578178039	-6.84403319750182
			18.8048578178039	-6.85052658763228
		</Outline3>
		<Outline4 type=matrix rownames=FALSE colnames=FALSE nrow=232 ncol=2 as.numeric=TRUE >
			18.8048578178039	-6.85052658763228
			18.8048578178039	-6.85701997776274
			18.8048578178039	-6.8635133678932
			18.7983644276734	-6.87000675802365
			18.7983644276734	-6.87650014815411
			18.7983644276734	-6.88299353828457
			18.7983644276734	-6.88948692841502
			18.7983644276734	-6.89598031854548
			18.791871037543	-6.90247370867594
			18.791871037543	-6.90896709880639
			18.791871037543	-6.91546048893685
			18.791871037543	-6.92195387906731
			18.791871037543	-6.92844726919777
			18.791871037543	-6.93494065932822
			18.7853776474125	-6.94143404945868
			18.7853776474125	-6.94792743958914
			18.7853776474125	-6.9544208297196
			18.7853776474125	-6.96091421985005
			18.7853776474125	-6.96740760998051
			18.7853776474125	-6.97390100011097
			18.778884257282	-6.98039439024142
			18.778884257282	-6.98688778037188
			18.778884257282	-6.99338117050234
			18.778884257282	-6.99987456063279
			18.778884257282	-7.00636795076325
			18.778884257282	-7.01286134089371
			18.778884257282	-7.01935473102417
			18.7723908671516	-7.02584812115462
			18.7723908671516	-7.03234151128508
			18.7723908671516	-7.03883490141554
			18.7723908671516	-7.04532829154599
			18.7723908671516	-7.05182168167645
			18.7723908671516	-7.05831507180691
			18.7723908671516	-7.06480846193737
			18.7723908671516	-7.07130185206782
			18.7658974770211	-7.07779524219828
			18.7658974770211	-7.08428863232874
			18.7658974770211	-7.09078202245919
			18.7658974770211	-7.09727541258965
			18.7658974770211	-7.10376880272011
			18.7658974770211	-7.11026219285057
			18.7658974770211	-7.11675558298102
			18.7658974770211	-7.12324897311148
			18.7594040868907	-7.12974236324194
			18.7594040868907	-7.13623575337239
			18.7594040868907	-7.14272914350285
			18.7594040868907	-7.14922253363331
			18.7594040868907	-7.15571592376377
			18.7594040868907	-7.16220931389422
			18.7594040868907	-7.16870270402468
			18.7529106967602	-7.16870270402468
			18.7529106967602	-7.17519609415514
			18.7529106967602	-7.18168948428559
			18.7529106967602	-7.18818287441605
			18.7529106967602	-7.19467626454651
			18.7529106967602	-7.20116965467697
			18.7529106967602	-7.20766304480742
			18.7464173066298	-7.21415643493788
			18.7464173066298	-7.22064982506834
			18.7464173066298	-7.22714321519879
			18.7464173066298	-7.23363660532925
			18.7464173066298	-7.24012999545971
			18.7464173066298	-7.24662338559017
			18.7399239164993	-7.25311677572062
			18.7399239164993	-7.25961016585108
			18.7399239164993	-7.26610355598154
			18.7399239164993	-7.272596946112
			18.7399239164993	-7.27909033624245
			18.7399239164993	-7.28558372637291
			18.7334305263688	-7.28558372637291
			18.7334305263688	-7.29207711650337
			18.7334305263688	-7.29857050663382
			18.7334305263688	-7.30506389676428
			18.7334305263688	-7.31155728689474
			18.7334305263688	-7.31805067702519
			18.7269371362384	-7.32454406715565
			18.7269371362384	-7.33103745728611
			18.7269371362384	-7.33753084741657
			18.7269371362384	-7.34402423754702
			18.7269371362384	-7.35051762767748
			18.7269371362384	-7.35701101780794
			18.7204437461079	-7.36350440793839
			18.7204437461079	-7.36999779806885
			18.7204437461079	-7.37649118819931
			18.7204437461079	-7.38298457832977
			18.7204437461079	-7.38947796846022
			18.7204437461079	-7.39597135859068
			18.7139503559775	-7.40246474872114
			18.7139503559775	-7.40895813885159
			18.7139503559775	-7.41545152898205
			18.7139503559775	-7.42194491911251
			18.707456965847	-7.42843830924297
			18.707456965847	-7.43493169937342
			18.707456965847	-7.44142508950388
			18.7009635757166	-7.44791847963434
			18.7009635757166	-7.45441186976479
			18.6944701855861	-7.46090525989525
			18.6944701855861	-7.46739865002571
			18.6879767954556	-7.47389204015617
			18.6879767954556	-7.48038543028662
			18.6814834053252	-7.48687882041708
			18.6814834053252	-7.49337221054754
			18.6814834053252	-7.49986560067799
			18.6749900151947	-7.50635899080845
			18.6749900151947	-7.51285238093891
			18.6684966250643	-7.51934577106937
			18.6684966250643	-7.52583916119982
			18.6684966250643	-7.53233255133028
			18.6620032349338	-7.53882594146074
			18.6620032349338	-7.54531933159119
			18.6555098448034	-7.55181272172165
			18.6555098448034	-7.55830611185211
			18.6490164546729	-7.56479950198257
			18.6490164546729	-7.57129289211302
			18.6490164546729	-7.57778628224348
			18.6425230645424	-7.58427967237394
			18.636029674412	-7.59077306250439
			18.636029674412	-7.59726645263485
			18.6295362842815	-7.60375984276531
			18.6295362842815	-7.61025323289577
			18.6295362842815	-7.61674662302622
			18.6230428941511	-7.62324001315668
			18.6230428941511	-7.62973340328714
			18.6165495040206	-7.63622679341759
			18.6165495040206	-7.64272018354805
			18.6100561138902	-7.64921357367851
			18.6100561138902	-7.65570696380897
			18.6035627237597	-7.66220035393942
			18.6035627237597	-7.66869374406988
			18.6035627237597	-7.67518713420034
			18.5970693336292	-7.68168052433079
			18.5970693336292	-7.68817391446125
			18.5905759434988	-7.69466730459171
			18.5905759434988	-7.70116069472217
			18.5840825533683	-7.70116069472217
			18.5840825533683	-7.70765408485262
			18.5775891632379	-7.71414747498308
			18.5775891632379	-7.72064086511354
			18.5710957731074	-7.72064086511354
			18.5710957731074	-7.72713425524399
			18.564602382977	-7.73362764537445
			18.564602382977	-7.74012103550491
			18.5581089928465	-7.74661442563537
			18.551615602716	-7.74661442563537
			18.551615602716	-7.75310781576582
			18.5451222125856	-7.75960120589628
			18.5386288224551	-7.76609459602674
			18.5321354323247	-7.77258798615719
			18.5256420421942	-7.77908137628765
			18.5191486520638	-7.78557476641811
			18.5191486520638	-7.79206815654857
			18.5126552619333	-7.79856154667902
			18.5061618718028	-7.80505493680948
			18.4996684816724	-7.81154832693994
			18.4931750915419	-7.81804171707039
			18.4866817014115	-7.82453510720085
			18.480188311281	-7.82453510720085
			18.4736949211506	-7.83102849733131
			18.4672015310201	-7.83752188746177
			18.4607081408896	-7.84401527759222
			18.4542147507592	-7.85050866772268
			18.4477213606287	-7.85700205785314
			18.4412279704983	-7.86349544798359
			18.4347345803678	-7.86998883811405
			18.4282411902374	-7.87648222824451
			18.4217478001069	-7.88297561837497
			18.4152544099764	-7.88297561837497
			18.408761019846	-7.88946900850542
			18.4022676297155	-7.89596239863588
			18.3957742395851	-7.90245578876634
			18.3892808494546	-7.90894917889679
			18.3827874593242	-7.91544256902725
			18.3762940691937	-7.91544256902725
			18.3698006790632	-7.92193595915771
			18.3633072889328	-7.92193595915771
			18.3568138988023	-7.92842934928817
			18.3503205086719	-7.92842934928817
			18.3438271185414	-7.93492273941862
			18.337333728411	-7.93492273941862
			18.337333728411	-7.94141612954908
			18.3308403382805	-7.94141612954908
			18.32434694815	-7.94141612954908
			18.3178535580196	-7.94790951967954
			18.3113601678891	-7.94790951967954
			18.3113601678891	-7.95440290980999
			18.3048667777587	-7.95440290980999
			18.2983733876282	-7.95440290980999
			18.2918799974978	-7.96089629994045
			18.2853866073673	-7.96089629994045
			18.2788932172368	-7.96738969007091
			18.2723998271064	-7.96738969007091
			18.2659064369759	-7.96738969007091
			18.2594130468455	-7.97388308020137
			18.252919656715	-7.97388308020137
			18.2464262665846	-7.98037647033182
			18.2399328764541	-7.98037647033182
			18.2334394863236	-7.98686986046228
			18.2269460961932	-7.98686986046228
			18.2204527060627	-7.98686986046228
			18.2139593159323	-7.99336325059274
			18.2074659258018	-7.99336325059274
			18.2009725356714	-7.99985664072319
			18.1944791455409	-7.99985664072319
			18.1879857554104	-8.00635003085365
			18.18149236528	-8.00635003085365
			18.1749989751495	-8.00635003085365
			18.1685055850191	-8.00635003085365
			18.1685055850191	-8.01284342098411
			18.1620121948886	-8.01284342098411
			18.1555188047582	-8.01284342098411
			18.1490254146277	-8.01933681111456
			18.1425320244972	-8.01933681111456
			18.1360386343668	-8.01933681111456
			18.1295452442363	-8.02583020124502
			18.1230518541059	-8.02583020124502
			18.1165584639754	-8.02583020124502
			18.110065073845	-8.03232359137548
			18.1035716837145	-8.03232359137548
			18.097078293584	-8.03232359137548
			18.0905849034536	-8.03881698150594
			18.0840915133231	-8.03881698150594
			18.0775981231927	-8.03881698150594
			18.0711047330622	-8.04531037163639
			18.0646113429318	-8.04531037163639
			18.0581179528013	-8.04531037163639
			18.0516245626708	-8.05180376176685
			18.0451311725404	-8.05180376176685
			18.0386377824099	-8.05829715189731
			18.0321443922795	-8.05829715189731
			18.025651002149	-8.05829715189731
			18.0191576120186	-8.06479054202777
			18.0126642218881	-8.06479054202777
		</Outline4>
	</curves.scaled>
	<ruler.points type=matrix rownames=TRUE colnames=FALSE nrow=2 ncol=2 as.numeric=TRUE >
		Ruler point 1	3019	2187
		Ruler point 2	1481	2266
	</ruler.points>
</shapes>

