<shapes type=list>
	<ruler.pixel type=vector names=FALSE length=1 as.numeric=TRUE >308.233677588936</ruler.pixel>
	<ruler.interval type=vector names=FALSE length=1 as.numeric=TRUE >21</ruler.interval>
	<scaling.units type=vector names=FALSE length=1 as.numeric=FALSE >mm</scaling.units>
	<scaling type=vector names=FALSE length=1 as.numeric=TRUE >0.0681301282983291</scaling>
	<landmarks.pixel type=matrix rownames=TRUE colnames=FALSE nrow=4 ncol=2 as.numeric=TRUE >
		Labial	957	472
		Posterior	894	456
		Lingual	919	402
		Anterior	978	414
	</landmarks.pixel>
	<landmarks.scaled type=matrix rownames=TRUE colnames=FALSE nrow=4 ncol=2 as.numeric=TRUE >
		Labial	65.200532781501	-32.1574205568113
		Posterior	60.9083346987062	-31.0673385040381
		Lingual	62.6115879061645	-27.3883115759283
		Anterior	66.6312654757659	-28.2058731155083
	</landmarks.scaled>
	<curves.control type=list>
		<Outline1 type=matrix rownames=FALSE colnames=FALSE nrow=11 ncol=2 as.numeric=TRUE >
			957	472
			952	476
			946	480
			938	484
			928	486
			919	486
			912	483
			906	479
			902	473
			898	465
			894	456
		</Outline1>
		<Outline2 type=matrix rownames=FALSE colnames=FALSE nrow=11 ncol=2 as.numeric=TRUE >
			894	456
			885	428
			886	423
			886	418
			889	414
			895	410
			901	408
			907	407
			911	405
			915	403
			919	402
		</Outline2>
		<Outline3 type=matrix rownames=FALSE colnames=FALSE nrow=13 ncol=2 as.numeric=TRUE >
			919	402
			924	400
			930	399
			936	399
			940	399
			947	400
			951	399
			957	399
			963	401
			968	404
			972	407
			975	411
			978	414
		</Outline3>
		<Outline4 type=matrix rownames=FALSE colnames=FALSE nrow=19 ncol=2 as.numeric=TRUE >
			978	414
			981	416
			985	417
			988	421
			991	424
			994	427
			994	432
			994	438
			992	443
			988	446
			985	449
			983	453
			980	458
			976	462
			972	464
			968	465
			963	467
			960	469
			957	472
		</Outline4>
	</curves.control>
	<curves.pixel type=list>
		<Outline1 type=matrix rownames=FALSE colnames=FALSE nrow=80 ncol=2 as.numeric=TRUE >
			957	472
			956	472
			956	473
			955	473
			955	474
			954	474
			953	475
			952	476
			951	477
			950	477
			949	478
			948	479
			947	479
			946	480
			945	480
			944	481
			943	481
			942	482
			941	482
			940	483
			939	483
			938	483
			937	484
			936	484
			935	484
			934	485
			933	485
			932	485
			931	485
			930	486
			929	486
			928	486
			927	486
			926	486
			925	486
			924	486
			923	486
			922	486
			921	486
			921	485
			920	485
			919	485
			918	485
			917	485
			916	485
			916	484
			915	484
			914	484
			913	484
			913	483
			912	483
			911	482
			910	482
			909	481
			908	480
			907	479
			906	478
			905	477
			904	476
			903	475
			903	474
			902	473
			901	472
			901	471
			900	470
			900	469
			900	468
			899	468
			899	467
			899	466
			898	465
			898	464
			897	463
			897	462
			896	461
			896	460
			895	459
			895	458
			894	457
			894	456
		</Outline1>
		<Outline2 type=matrix rownames=FALSE colnames=FALSE nrow=75 ncol=2 as.numeric=TRUE >
			894	456
			894	455
			893	454
			893	453
			893	452
			892	451
			892	450
			892	449
			892	448
			891	448
			891	447
			891	446
			891	445
			890	444
			890	443
			890	442
			889	441
			889	440
			889	439
			889	438
			888	437
			888	436
			888	435
			888	434
			887	433
			887	432
			887	431
			887	430
			887	429
			886	429
			886	428
			886	427
			886	426
			886	425
			886	424
			886	423
			886	422
			886	421
			886	420
			887	419
			887	418
			887	417
			888	416
			888	415
			889	414
			890	413
			891	413
			892	412
			893	412
			894	411
			895	410
			896	410
			897	409
			898	409
			899	409
			900	408
			901	408
			902	408
			903	408
			904	407
			905	407
			906	407
			907	407
			908	406
			909	406
			910	405
			911	405
			912	405
			913	404
			914	404
			915	403
			916	403
			917	403
			918	402
			919	402
		</Outline2>
		<Outline3 type=matrix rownames=FALSE colnames=FALSE nrow=63 ncol=2 as.numeric=TRUE >
			919	402
			920	402
			921	401
			922	401
			923	401
			924	400
			925	400
			926	400
			927	400
			928	399
			929	399
			930	399
			931	399
			932	399
			933	399
			934	399
			935	399
			936	399
			937	399
			938	399
			939	399
			940	399
			941	399
			942	399
			943	399
			944	399
			945	399
			946	399
			947	399
			948	399
			949	399
			950	399
			951	399
			952	399
			953	399
			954	399
			955	399
			956	399
			957	400
			958	400
			959	400
			960	400
			961	400
			961	401
			962	401
			963	401
			964	402
			965	402
			966	403
			967	404
			968	404
			969	405
			970	406
			971	406
			972	407
			973	408
			973	409
			974	409
			975	410
			975	411
			976	412
			977	413
			978	414
		</Outline3>
		<Outline4 type=matrix rownames=FALSE colnames=FALSE nrow=76 ncol=2 as.numeric=TRUE >
			978	414
			979	414
			979	415
			980	415
			981	416
			982	416
			983	416
			984	417
			985	417
			986	418
			987	419
			987	420
			988	421
			989	422
			990	423
			991	424
			992	425
			993	426
			993	427
			993	428
			994	429
			994	430
			994	431
			994	432
			994	433
			994	434
			994	435
			994	436
			994	437
			993	438
			993	439
			993	440
			993	441
			992	442
			991	443
			990	444
			989	445
			988	446
			987	447
			986	448
			985	449
			984	450
			984	451
			984	452
			983	453
			982	454
			982	455
			981	456
			981	457
			980	457
			980	458
			979	459
			978	460
			977	461
			976	461
			975	462
			974	463
			973	464
			972	464
			971	464
			970	464
			970	465
			969	465
			968	465
			967	465
			967	466
			966	466
			965	466
			964	467
			963	467
			962	468
			961	468
			960	469
			959	470
			958	471
			957	472
		</Outline4>
	</curves.pixel>
	<curves.scaled type=list>
		<Outline1 type=matrix rownames=FALSE colnames=FALSE nrow=80 ncol=2 as.numeric=TRUE >
			65.200532781501	-32.1574205568113
			65.1324026532026	-32.1574205568113
			65.1324026532026	-32.2255506851097
			65.0642725249043	-32.2255506851097
			65.0642725249043	-32.293680813408
			64.996142396606	-32.293680813408
			64.9280122683076	-32.3618109417063
			64.8598821400093	-32.4299410700047
			64.791752011711	-32.498071198303
			64.7236218834126	-32.498071198303
			64.6554917551143	-32.5662013266013
			64.587361626816	-32.6343314548996
			64.5192314985177	-32.6343314548996
			64.4511013702193	-32.702461583198
			64.382971241921	-32.702461583198
			64.3148411136227	-32.7705917114963
			64.2467109853244	-32.7705917114963
			64.178580857026	-32.8387218397946
			64.1104507287277	-32.8387218397946
			64.0423206004294	-32.906851968093
			63.974190472131	-32.906851968093
			63.9060603438327	-32.906851968093
			63.8379302155344	-32.9749820963913
			63.769800087236	-32.9749820963913
			63.7016699589377	-32.9749820963913
			63.6335398306394	-33.0431122246896
			63.5654097023411	-33.0431122246896
			63.4972795740427	-33.0431122246896
			63.4291494457444	-33.0431122246896
			63.3610193174461	-33.111242352988
			63.2928891891477	-33.111242352988
			63.2247590608494	-33.111242352988
			63.1566289325511	-33.111242352988
			63.0884988042528	-33.111242352988
			63.0203686759544	-33.111242352988
			62.9522385476561	-33.111242352988
			62.8841084193578	-33.111242352988
			62.8159782910594	-33.111242352988
			62.7478481627611	-33.111242352988
			62.7478481627611	-33.0431122246896
			62.6797180344628	-33.0431122246896
			62.6115879061645	-33.0431122246896
			62.5434577778661	-33.0431122246896
			62.4753276495678	-33.0431122246896
			62.4071975212695	-33.0431122246896
			62.4071975212695	-32.9749820963913
			62.3390673929711	-32.9749820963913
			62.2709372646728	-32.9749820963913
			62.2028071363745	-32.9749820963913
			62.2028071363745	-32.906851968093
			62.1346770080761	-32.906851968093
			62.0665468797778	-32.8387218397946
			61.9984167514795	-32.8387218397946
			61.9302866231812	-32.7705917114963
			61.8621564948828	-32.702461583198
			61.7940263665845	-32.6343314548996
			61.7258962382862	-32.5662013266013
			61.6577661099878	-32.498071198303
			61.5896359816895	-32.4299410700047
			61.5215058533912	-32.3618109417063
			61.5215058533912	-32.293680813408
			61.4533757250929	-32.2255506851097
			61.3852455967945	-32.1574205568113
			61.3852455967945	-32.089290428513
			61.3171154684962	-32.0211603002147
			61.3171154684962	-31.9530301719164
			61.3171154684962	-31.884900043618
			61.2489853401979	-31.884900043618
			61.2489853401979	-31.8167699153197
			61.2489853401979	-31.7486397870214
			61.1808552118995	-31.680509658723
			61.1808552118995	-31.6123795304247
			61.1127250836012	-31.5442494021264
			61.1127250836012	-31.476119273828
			61.0445949553029	-31.4079891455297
			61.0445949553029	-31.3398590172314
			60.9764648270046	-31.2717288889331
			60.9764648270046	-31.2035987606347
			60.9083346987062	-31.1354686323364
			60.9083346987062	-31.0673385040381
		</Outline1>
		<Outline2 type=matrix rownames=FALSE colnames=FALSE nrow=75 ncol=2 as.numeric=TRUE >
			60.9083346987062	-31.0673385040381
			60.9083346987062	-30.9992083757397
			60.8402045704079	-30.9310782474414
			60.8402045704079	-30.8629481191431
			60.8402045704079	-30.7948179908448
			60.7720744421096	-30.7266878625464
			60.7720744421096	-30.6585577342481
			60.7720744421096	-30.5904276059498
			60.7720744421096	-30.5222974776514
			60.7039443138112	-30.5222974776514
			60.7039443138112	-30.4541673493531
			60.7039443138112	-30.3860372210548
			60.7039443138112	-30.3179070927565
			60.6358141855129	-30.2497769644581
			60.6358141855129	-30.1816468361598
			60.6358141855129	-30.1135167078615
			60.5676840572146	-30.0453865795631
			60.5676840572146	-29.9772564512648
			60.5676840572146	-29.9091263229665
			60.5676840572146	-29.8409961946682
			60.4995539289162	-29.7728660663698
			60.4995539289162	-29.7047359380715
			60.4995539289162	-29.6366058097732
			60.4995539289162	-29.5684756814748
			60.4314238006179	-29.5003455531765
			60.4314238006179	-29.4322154248782
			60.4314238006179	-29.3640852965798
			60.4314238006179	-29.2959551682815
			60.4314238006179	-29.2278250399832
			60.3632936723196	-29.2278250399832
			60.3632936723196	-29.1596949116849
			60.3632936723196	-29.0915647833865
			60.3632936723196	-29.0234346550882
			60.3632936723196	-28.9553045267899
			60.3632936723196	-28.8871743984915
			60.3632936723196	-28.8190442701932
			60.3632936723196	-28.7509141418949
			60.3632936723196	-28.6827840135966
			60.3632936723196	-28.6146538852982
			60.4314238006179	-28.5465237569999
			60.4314238006179	-28.4783936287016
			60.4314238006179	-28.4102635004032
			60.4995539289162	-28.3421333721049
			60.4995539289162	-28.2740032438066
			60.5676840572146	-28.2058731155083
			60.6358141855129	-28.1377429872099
			60.7039443138112	-28.1377429872099
			60.7720744421096	-28.0696128589116
			60.8402045704079	-28.0696128589116
			60.9083346987062	-28.0014827306133
			60.9764648270046	-27.9333526023149
			61.0445949553029	-27.9333526023149
			61.1127250836012	-27.8652224740166
			61.1808552118995	-27.8652224740166
			61.2489853401979	-27.8652224740166
			61.3171154684962	-27.7970923457183
			61.3852455967945	-27.7970923457183
			61.4533757250929	-27.7970923457183
			61.5215058533912	-27.7970923457183
			61.5896359816895	-27.7289622174199
			61.6577661099878	-27.7289622174199
			61.7258962382862	-27.7289622174199
			61.7940263665845	-27.7289622174199
			61.8621564948828	-27.6608320891216
			61.9302866231812	-27.6608320891216
			61.9984167514795	-27.5927019608233
			62.0665468797778	-27.5927019608233
			62.1346770080761	-27.5927019608233
			62.2028071363745	-27.524571832525
			62.2709372646728	-27.524571832525
			62.3390673929711	-27.4564417042266
			62.4071975212695	-27.4564417042266
			62.4753276495678	-27.4564417042266
			62.5434577778661	-27.3883115759283
			62.6115879061645	-27.3883115759283
		</Outline2>
		<Outline3 type=matrix rownames=FALSE colnames=FALSE nrow=63 ncol=2 as.numeric=TRUE >
			62.6115879061645	-27.3883115759283
			62.6797180344628	-27.3883115759283
			62.7478481627611	-27.32018144763
			62.8159782910594	-27.32018144763
			62.8841084193578	-27.32018144763
			62.9522385476561	-27.2520513193316
			63.0203686759544	-27.2520513193316
			63.0884988042528	-27.2520513193316
			63.1566289325511	-27.2520513193316
			63.2247590608494	-27.1839211910333
			63.2928891891477	-27.1839211910333
			63.3610193174461	-27.1839211910333
			63.4291494457444	-27.1839211910333
			63.4972795740427	-27.1839211910333
			63.5654097023411	-27.1839211910333
			63.6335398306394	-27.1839211910333
			63.7016699589377	-27.1839211910333
			63.769800087236	-27.1839211910333
			63.8379302155344	-27.1839211910333
			63.9060603438327	-27.1839211910333
			63.974190472131	-27.1839211910333
			64.0423206004294	-27.1839211910333
			64.1104507287277	-27.1839211910333
			64.178580857026	-27.1839211910333
			64.2467109853244	-27.1839211910333
			64.3148411136227	-27.1839211910333
			64.382971241921	-27.1839211910333
			64.4511013702193	-27.1839211910333
			64.5192314985177	-27.1839211910333
			64.587361626816	-27.1839211910333
			64.6554917551143	-27.1839211910333
			64.7236218834126	-27.1839211910333
			64.791752011711	-27.1839211910333
			64.8598821400093	-27.1839211910333
			64.9280122683076	-27.1839211910333
			64.996142396606	-27.1839211910333
			65.0642725249043	-27.1839211910333
			65.1324026532026	-27.1839211910333
			65.200532781501	-27.2520513193316
			65.2686629097993	-27.2520513193316
			65.3367930380976	-27.2520513193316
			65.4049231663959	-27.2520513193316
			65.4730532946943	-27.2520513193316
			65.4730532946943	-27.32018144763
			65.5411834229926	-27.32018144763
			65.6093135512909	-27.32018144763
			65.6774436795893	-27.3883115759283
			65.7455738078876	-27.3883115759283
			65.8137039361859	-27.4564417042266
			65.8818340644843	-27.524571832525
			65.9499641927826	-27.524571832525
			66.0180943210809	-27.5927019608233
			66.0862244493792	-27.6608320891216
			66.1543545776776	-27.6608320891216
			66.2224847059759	-27.7289622174199
			66.2906148342742	-27.7970923457183
			66.2906148342742	-27.8652224740166
			66.3587449625726	-27.8652224740166
			66.4268750908709	-27.9333526023149
			66.4268750908709	-28.0014827306133
			66.4950052191692	-28.0696128589116
			66.5631353474675	-28.1377429872099
			66.6312654757659	-28.2058731155083
		</Outline3>
		<Outline4 type=matrix rownames=FALSE colnames=FALSE nrow=76 ncol=2 as.numeric=TRUE >
			66.6312654757659	-28.2058731155083
			66.6993956040642	-28.2058731155083
			66.6993956040642	-28.2740032438066
			66.7675257323625	-28.2740032438066
			66.8356558606609	-28.3421333721049
			66.9037859889592	-28.3421333721049
			66.9719161172575	-28.3421333721049
			67.0400462455558	-28.4102635004032
			67.1081763738542	-28.4102635004032
			67.1763065021525	-28.4783936287016
			67.2444366304508	-28.5465237569999
			67.2444366304508	-28.6146538852982
			67.3125667587492	-28.6827840135966
			67.3806968870475	-28.7509141418949
			67.4488270153458	-28.8190442701932
			67.5169571436441	-28.8871743984915
			67.5850872719425	-28.9553045267899
			67.6532174002408	-29.0234346550882
			67.6532174002408	-29.0915647833865
			67.6532174002408	-29.1596949116849
			67.7213475285391	-29.2278250399832
			67.7213475285391	-29.2959551682815
			67.7213475285391	-29.3640852965798
			67.7213475285391	-29.4322154248782
			67.7213475285391	-29.5003455531765
			67.7213475285391	-29.5684756814748
			67.7213475285391	-29.6366058097732
			67.7213475285391	-29.7047359380715
			67.7213475285391	-29.7728660663698
			67.6532174002408	-29.8409961946682
			67.6532174002408	-29.9091263229665
			67.6532174002408	-29.9772564512648
			67.6532174002408	-30.0453865795631
			67.5850872719425	-30.1135167078615
			67.5169571436441	-30.1816468361598
			67.4488270153458	-30.2497769644581
			67.3806968870475	-30.3179070927565
			67.3125667587492	-30.3860372210548
			67.2444366304508	-30.4541673493531
			67.1763065021525	-30.5222974776514
			67.1081763738542	-30.5904276059498
			67.0400462455558	-30.6585577342481
			67.0400462455558	-30.7266878625464
			67.0400462455558	-30.7948179908448
			66.9719161172575	-30.8629481191431
			66.9037859889592	-30.9310782474414
			66.9037859889592	-30.9992083757397
			66.8356558606609	-31.0673385040381
			66.8356558606609	-31.1354686323364
			66.7675257323625	-31.1354686323364
			66.7675257323625	-31.2035987606347
			66.6993956040642	-31.2717288889331
			66.6312654757659	-31.3398590172314
			66.5631353474675	-31.4079891455297
			66.4950052191692	-31.4079891455297
			66.4268750908709	-31.476119273828
			66.3587449625726	-31.5442494021264
			66.2906148342742	-31.6123795304247
			66.2224847059759	-31.6123795304247
			66.1543545776776	-31.6123795304247
			66.0862244493792	-31.6123795304247
			66.0862244493792	-31.680509658723
			66.0180943210809	-31.680509658723
			65.9499641927826	-31.680509658723
			65.8818340644843	-31.680509658723
			65.8818340644843	-31.7486397870214
			65.8137039361859	-31.7486397870214
			65.7455738078876	-31.7486397870214
			65.6774436795893	-31.8167699153197
			65.6093135512909	-31.8167699153197
			65.5411834229926	-31.884900043618
			65.4730532946943	-31.884900043618
			65.4049231663959	-31.9530301719164
			65.3367930380976	-32.0211603002147
			65.2686629097993	-32.089290428513
			65.200532781501	-32.1574205568113
		</Outline4>
	</curves.scaled>
	<ruler.points type=matrix rownames=TRUE colnames=FALSE nrow=2 ncol=2 as.numeric=TRUE >
		Ruler point 2	662	942
		Ruler point 3	970	930
	</ruler.points>
</shapes>

